    -159.95         0.00000
    -159.79         0.00000
    -159.65         0.00000
    -159.49         0.00000
    -159.34         0.00000
    -159.20         0.00000
    -159.04         0.00000
    -158.90         0.00000
    -158.74         0.00000
    -158.59         0.00000
    -158.45         0.00000
    -158.29         0.00000
    -158.15         0.00000
    -157.99         0.00000
    -157.84         0.00000
    -157.70         0.00000
    -157.54         0.00000
    -157.40         0.00000
    -157.24         0.00000
    -157.09         0.00000
    -156.95         0.00000
    -156.79         0.00000
    -156.65         0.00000
    -156.49         0.00000
    -156.34         0.00000
    -156.20         0.00000
    -156.04         0.00000
    -155.90         0.00000
    -155.74         0.00000
    -155.59         0.00000
    -155.45         0.00000
    -155.29         0.00000
    -155.15         0.00000
    -154.99         0.00000
    -154.84         0.00000
    -154.70         0.00000
    -154.54         0.00000
    -154.40         0.00000
    -154.24         0.00000
    -154.09         0.00000
    -153.95         0.00000
    -153.79         0.00000
    -153.65         0.00000
    -153.49         0.00000
    -153.34         0.00000
    -153.20         0.00000
    -153.04         0.00000
    -152.90         0.00000
    -152.74         0.00000
    -152.59         0.00000
    -152.45         0.00000
    -152.29         0.00000
    -152.15         0.00000
    -151.99         0.00000
    -151.84         0.00000
    -151.70         0.00000
    -151.54         0.00000
    -151.40         0.00000
    -151.24         0.00000
    -151.09         0.00000
    -150.95         0.00000
    -150.79         0.00000
    -150.65         0.00000
    -150.49         0.00000
    -150.34         0.00000
    -150.20         0.00000
    -150.04         0.00000
    -149.90         0.00000
    -149.74         0.00000
    -149.59         0.00000
    -149.45         0.00000
    -149.29         0.00000
    -149.15         0.00000
    -148.99         0.00000
    -148.84         0.00000
    -148.70         0.00000
    -148.54         0.00000
    -148.40         0.00000
    -148.24         0.00000
    -148.09         0.00000
    -147.95         0.00000
    -147.79         0.00000
    -147.65         0.00000
    -147.49         0.00000
    -147.34         0.00000
    -147.20         0.00000
    -147.04         0.00000
    -146.90         0.00000
    -146.74         0.00000
    -146.59         0.00000
    -146.45         0.00000
    -146.29         0.00000
    -146.15         0.00000
    -145.99         0.00000
    -145.84         0.00000
    -145.70         0.00000
    -145.54         0.00000
    -145.40         0.00000
    -145.24         0.00000
    -145.09         0.00000
    -144.95         0.00000
    -144.79         0.00000
    -144.65         0.00000
    -144.49         0.00000
    -144.34         0.00000
    -144.20         0.00000
    -144.04         0.00000
    -143.90         0.00000
    -143.74         0.00000
    -143.59         0.00000
    -143.45         0.00000
    -143.29         0.00000
    -143.15         0.00000
    -142.99         0.00000
    -142.84         0.00000
    -142.70         0.00000
    -142.54         0.00000
    -142.40         0.00000
    -142.24         0.00000
    -142.09         0.00000
    -141.95         0.00000
    -141.79         0.00000
    -141.65         0.00000
    -141.49         0.00000
    -141.34         0.00000
    -141.20         0.00000
    -141.04         0.00000
    -140.90         0.00000
    -140.74         0.00000
    -140.59         0.00000
    -140.45         0.00000
    -140.29         0.00000
    -140.15         0.00000
    -139.99         0.00000
    -139.84         0.00000
    -139.70         0.00000
    -139.54         0.00000
    -139.40         0.00000
    -139.24         0.00000
    -139.09         0.00000
    -138.95         0.00000
    -138.79         0.00000
    -138.65         0.00000
    -138.49         0.00000
    -138.34         0.00000
    -138.20         0.00000
    -138.04         0.00000
    -137.90         0.00000
    -137.74         0.00000
    -137.59         0.00000
    -137.45         0.00000
    -137.29         0.00000
    -137.15         0.00000
    -136.99         0.00000
    -136.84         0.00000
    -136.70         0.00000
    -136.54         0.00000
    -136.40         0.00000
    -136.24         0.00000
    -136.09         0.00000
    -135.95         0.00000
    -135.79         0.00000
    -135.65         0.00000
    -135.49         0.00000
    -135.34         0.00000
    -135.20         0.00000
    -135.04         0.00000
    -134.90         0.00000
    -134.74         0.00000
    -134.59         0.00000
    -134.45         0.00000
    -134.29         0.00000
    -134.15         0.00000
    -133.99         0.00000
    -133.84         0.00000
    -133.70         0.00000
    -133.54         0.00000
    -133.40         0.00000
    -133.24         0.00000
    -133.09         0.00000
    -132.95         0.00000
    -132.79         0.00000
    -132.65         0.00000
    -132.49         0.00000
    -132.34         0.00000
    -132.20         0.00000
    -132.04         0.00000
    -131.90         0.00000
    -131.74         0.00000
    -131.59         0.00000
    -131.45         0.00000
    -131.29         0.00000
    -131.15         0.00000
    -130.99         0.00000
    -130.84         0.00000
    -130.70         0.00000
    -130.54         0.00000
    -130.40         0.00000
    -130.24         0.00000
    -130.09         0.00000
    -129.95         0.00000
    -129.79         0.00000
    -129.65         0.00000
    -129.49         0.00000
    -129.34         0.00000
    -129.20         0.00000
    -129.04         0.00000
    -128.90         0.00000
    -128.74         0.00000
    -128.59         0.00000
    -128.45         0.00000
    -128.29         0.00000
    -128.15         0.00000
    -127.99         0.00000
    -127.85         0.00000
    -127.69         0.00000
    -127.55         0.00000
    -127.39         0.00000
    -127.25         0.00000
    -127.10         0.00000
    -126.94         0.00000
    -126.80         0.00000
    -126.64         0.00000
    -126.50         0.00000
    -126.35         0.00000
    -126.19         0.00000
    -126.05         0.00000
    -125.89         0.00000
    -125.75         0.00000
    -125.60         0.00000
    -125.44         0.00000
    -125.30         0.00000
    -125.14         0.00000
    -125.00         0.00000
    -124.85         0.00000
    -124.69         0.00000
    -124.55         0.00000
    -124.39         0.00000
    -124.25         0.00000
    -124.10         0.00000
    -123.94         0.00000
    -123.80         0.00000
    -123.64         0.00000
    -123.50         0.00000
    -123.35         0.00000
    -123.19         0.00000
    -123.05         0.00000
    -122.89         0.00000
    -122.75         0.00000
    -122.60         0.00000
    -122.44         0.00000
    -122.30         0.00000
    -122.14         0.00000
    -122.00         0.00000
    -121.85         0.00000
    -121.69         0.00000
    -121.55         0.00000
    -121.39         0.00000
    -121.25         0.00000
    -121.10         0.00000
    -120.94         0.00000
    -120.80         0.00000
    -120.64         0.00000
    -120.50         0.00000
    -120.35         0.00000
    -120.19         0.00000
    -120.05         0.00000
    -119.89         0.00000
    -119.75         0.00000
    -119.60         0.00000
    -119.44         0.00000
    -119.30         0.00000
    -119.14         0.00000
    -119.00         0.00000
    -118.85         0.00000
    -118.69         0.00000
    -118.55         0.00000
    -118.39         0.00000
    -118.25         0.00000
    -118.10         0.00000
    -117.94         0.00000
    -117.80         0.00000
    -117.64         0.00000
    -117.50         0.00000
    -117.35         0.00000
    -117.19         0.00000
    -117.05         0.00000
    -116.89         0.00000
    -116.75         0.00000
    -116.60         0.00000
    -116.44         0.00000
    -116.30         0.00000
    -116.14         0.00000
    -116.00         0.00000
    -115.85         0.00000
    -115.69         0.00000
    -115.55         0.00000
    -115.39         0.00000
    -115.25         0.00000
    -115.10         0.00000
    -114.94         0.00000
    -114.80         0.00000
    -114.64         0.00000
    -114.50         0.00000
    -114.35         0.00000
    -114.19         0.00000
    -114.05         0.00000
    -113.89         0.00000
    -113.75         0.00000
    -113.60         0.00000
    -113.44         0.00000
    -113.30         0.00000
    -113.14         0.00000
    -113.00         0.00000
    -112.85         0.00000
    -112.69         0.00000
    -112.55         0.00000
    -112.39         0.00000
    -112.25         0.00000
    -112.10         0.00000
    -111.94         0.00000
    -111.80         0.00000
    -111.64         0.00000
    -111.50         0.00000
    -111.35         0.00000
    -111.19         0.00000
    -111.05         0.00000
    -110.89         0.00000
    -110.75         0.00000
    -110.60         0.00000
    -110.44         0.00000
    -110.30         0.00000
    -110.14         0.00000
    -110.00         0.00000
    -109.85         0.00000
    -109.69         0.00000
    -109.55         0.00000
    -109.39         0.00000
    -109.25         0.00000
    -109.10         0.00000
    -108.94         0.00000
    -108.80         0.00000
    -108.64         0.00000
    -108.50         0.00000
    -108.35         0.00000
    -108.19         0.00000
    -108.05         0.00000
    -107.89         0.00000
    -107.75         0.00000
    -107.60         0.00000
    -107.44         0.00000
    -107.30         0.00000
    -107.14         0.00000
    -107.00         0.00000
    -106.85         0.00000
    -106.69         0.00000
    -106.55         0.00000
    -106.39         0.00000
    -106.25         0.00000
    -106.10         0.00000
    -105.94         0.00000
    -105.80         0.00000
    -105.64         0.00000
    -105.50         0.00000
    -105.35         0.00000
    -105.19         0.00000
    -105.05         0.00000
    -104.89         0.00000
    -104.75         0.00000
    -104.60         0.00000
    -104.44         0.00000
    -104.30         0.00000
    -104.14         0.00000
    -104.00         0.00000
    -103.85         0.00000
    -103.69         0.00000
    -103.55         0.00000
    -103.39         0.00000
    -103.25         0.00000
    -103.10         0.00000
    -102.94         0.00000
    -102.80         0.00000
    -102.64         0.00000
    -102.50         0.00000
    -102.35         0.00000
    -102.19         0.00000
    -102.05         0.00000
    -101.89         0.00000
    -101.75         0.00000
    -101.60         0.00000
    -101.44         0.00000
    -101.30         0.00000
    -101.14         0.00000
    -101.00         0.00000
    -100.85         0.00000
    -100.69         0.00000
    -100.55         0.00000
    -100.39         0.00000
    -100.25         0.00000
    -100.10         0.00000
    -99.945         0.00000
    -99.795         0.00000
    -99.645         0.00000
    -99.495         0.00000
    -99.345         0.00000
    -99.195         0.00000
    -99.045         0.00000
    -98.895         0.00000
    -98.745         0.00000
    -98.595         0.00000
    -98.445         0.00000
    -98.295         0.00000
    -98.145         0.00000
    -97.995         0.00000
    -97.845         0.00000
    -97.695         0.00000
    -97.545         0.00000
    -97.395         0.00000
    -97.245         0.00000
    -97.095         0.00000
    -96.945         0.00000
    -96.795         0.00000
    -96.645         0.00000
    -96.495         0.00000
    -96.345         0.00000
    -96.195         0.00000
    -96.045         0.00000
    -95.895         0.00000
    -95.745         0.00000
    -95.595         0.00000
    -95.445         0.00000
    -95.295         0.00000
    -95.145         0.00000
    -94.995         0.00000
    -94.845         0.00000
    -94.695         0.00000
    -94.545         0.00000
    -94.395         0.00000
    -94.245         0.00000
    -94.095         0.00000
    -93.945         0.00000
    -93.795         0.00000
    -93.645         0.00000
    -93.495         0.00000
    -93.345         0.00000
    -93.195         0.00000
    -93.045         0.00000
    -92.895         0.00000
    -92.745         0.00000
    -92.595         0.00000
    -92.445         0.00000
    -92.295         0.00000
    -92.145         0.00000
    -91.995         0.00000
    -91.845         0.00000
    -91.695         0.00000
    -91.545         0.00000
    -91.395         0.00000
    -91.245         0.00000
    -91.095         0.00000
    -90.945         0.00000
    -90.795         0.00000
    -90.645         0.00000
    -90.495         0.00000
    -90.345         0.00000
    -90.195         0.00000
    -90.045         0.00000
    -89.895         0.00000
    -89.745         0.00000
    -89.595         0.00000
    -89.445         0.00000
    -89.295         0.00000
    -89.145         0.00000
    -88.995         0.00000
    -88.845         0.00000
    -88.695         0.00000
    -88.545         0.00000
    -88.395         0.00000
    -88.245         0.00000
    -88.095         0.00000
    -87.945         0.00000
    -87.795         0.00000
    -87.645         0.00000
    -87.495         0.00000
    -87.345         0.00000
    -87.195         0.00000
    -87.045         0.00000
    -86.895         0.00000
    -86.745         0.00000
    -86.595         0.00000
    -86.445         0.00000
    -86.295         0.00000
    -86.145         0.00000
    -85.995         0.00000
    -85.845         0.00000
    -85.695         0.00000
    -85.545         0.00000
    -85.395         0.00000
    -85.245         0.00000
    -85.095         0.00000
    -84.945         0.00000
    -84.795         0.00000
    -84.645         0.00000
    -84.495         0.00000
    -84.345         0.00000
    -84.195         0.00000
    -84.045         0.00000
    -83.895         0.00000
    -83.745         0.00000
    -83.595         0.00000
    -83.445         0.00000
    -83.295         0.00000
    -83.145         0.00000
    -82.995         0.00000
    -82.845         0.00000
    -82.695         0.00000
    -82.545         0.00000
    -82.395         0.00000
    -82.245         0.00000
    -82.095         0.00000
    -81.945         0.00000
    -81.795         0.00000
    -81.645         0.00000
    -81.495         0.00000
    -81.345         0.00000
    -81.195         0.00000
    -81.045         0.00000
    -80.895         0.00000
    -80.745         0.00000
    -80.595         0.00000
    -80.445         0.00000
    -80.295         0.00000
    -80.145         0.00000
    -79.995         0.00000
    -79.845         0.00000
    -79.695         0.00000
    -79.545         0.00000
    -79.395         0.00000
    -79.245         0.00000
    -79.095         0.00000
    -78.945         0.00000
    -78.795         0.00000
    -78.645         0.00000
    -78.495         0.00000
    -78.345         0.00000
    -78.195         0.00000
    -78.045         0.00000
    -77.895         0.00000
    -77.745         0.00000
    -77.595         0.00000
    -77.445         0.00000
    -77.295         0.00000
    -77.145         0.00000
    -76.995         0.00000
    -76.845         0.00000
    -76.695         0.00000
    -76.545         0.00000
    -76.395         0.00000
    -76.245         0.00000
    -76.095         0.00000
    -75.945         0.00000
    -75.795         0.00000
    -75.645         0.00000
    -75.495         0.00000
    -75.345         0.00000
    -75.195         0.00000
    -75.045         0.00000
    -74.895         0.00000
    -74.745         0.00000
    -74.595         0.00000
    -74.445         0.00000
    -74.295         0.00000
    -74.145         0.00000
    -73.995         0.00000
    -73.845         0.00000
    -73.695         0.00000
    -73.545         0.00000
    -73.395         0.00000
    -73.245         0.00000
    -73.095         0.00000
    -72.945         0.00000
    -72.795         0.00000
    -72.645         0.00000
    -72.495         0.00000
    -72.345         0.00000
    -72.195         0.00000
    -72.045         0.00000
    -71.895         0.00000
    -71.745         0.00000
    -71.595         0.00000
    -71.445         0.00000
    -71.295         0.00000
    -71.145         0.00000
    -70.995         0.00000
    -70.845         0.00000
    -70.695         0.00000
    -70.545         0.00000
    -70.395         0.00000
    -70.245         0.00000
    -70.095         0.00000
    -69.945         0.00000
    -69.795         0.00000
    -69.645         0.00000
    -69.495         0.00000
    -69.345         0.00000
    -69.195         0.00000
    -69.045         0.00000
    -68.895         0.00000
    -68.745         0.00000
    -68.595         0.00000
    -68.445         0.00000
    -68.295         0.00000
    -68.145         0.00000
    -67.995         0.00000
    -67.845         0.00000
    -67.695         0.00000
    -67.545         0.00000
    -67.395         0.00000
    -67.245         0.00000
    -67.095         0.00000
    -66.945         0.00000
    -66.795         0.00000
    -66.645         0.00000
    -66.495         0.00000
    -66.345         0.00000
    -66.195         0.00000
    -66.045         0.00000
    -65.895         0.00000
    -65.745         0.00000
    -65.595         0.00000
    -65.445         0.00000
    -65.295         0.00000
    -65.145         0.00000
    -64.995         0.00000
    -64.845         0.00000
    -64.695         0.00000
    -64.545         0.00000
    -64.395         0.00000
    -64.245         0.00000
    -64.095         0.00000
    -63.945         0.00000
    -63.795         0.00000
    -63.645         0.00000
    -63.495         0.00000
    -63.345         0.00000
    -63.195         0.00000
    -63.045         0.00000
    -62.895         0.00000
    -62.745         0.00000
    -62.595         0.00000
    -62.445         0.00000
    -62.295         0.00000
    -62.145         0.00000
    -61.995         0.00000
    -61.845         0.00000
    -61.695         0.00000
    -61.545         0.00000
    -61.395         0.00000
    -61.245         0.00000
    -61.095         0.00000
    -60.945         0.00000
    -60.795         0.00000
    -60.645         0.00000
    -60.495         0.00000
    -60.345         0.00000
    -60.195         0.00000
    -60.045         0.00000
    -59.895         0.00000
    -59.745         0.00000
    -59.595         0.00000
    -59.445         0.00000
    -59.295         0.00000
    -59.145         0.00000
    -58.995         0.00000
    -58.845         0.00000
    -58.695         0.00000
    -58.545         0.00000
    -58.395         0.00000
    -58.245         0.00000
    -58.095         0.00000
    -57.945         0.00000
    -57.795         0.00000
    -57.645         0.00000
    -57.495         0.00000
    -57.345         0.00000
    -57.195         0.00000
    -57.045         0.00000
    -56.895         0.00000
    -56.745         0.00000
    -56.595         0.00000
    -56.445         0.00000
    -56.295         0.00000
    -56.145         0.00000
    -55.995         0.00000
    -55.845         0.00000
    -55.695         0.00000
    -55.545         0.00000
    -55.395         0.00000
    -55.245         0.00000
    -55.095         0.00000
    -54.945         0.00000
    -54.795         0.00000
    -54.645         0.00000
    -54.495         0.00000
    -54.345         0.00000
    -54.195         0.00000
    -54.045         0.00000
    -53.895         0.00000
    -53.745         0.00000
    -53.595         0.00000
    -53.445         0.00000
    -53.295         0.00000
    -53.145         0.00000
    -52.995         0.00000
    -52.845         0.00000
    -52.695         0.00000
    -52.545         0.00000
    -52.395         0.00000
    -52.245         0.00000
    -52.095         0.00000
    -51.945         0.00000
    -51.795         0.00000
    -51.645         0.00000
    -51.495         0.00000
    -51.345         0.00000
    -51.195         0.00000
    -51.045         0.00000
    -50.895         0.00000
    -50.745         0.00000
    -50.595         0.00000
    -50.445         0.00000
    -50.295         0.00000
    -50.145         0.00000
    -49.995         0.00000
    -49.845         0.00000
    -49.695         0.00000
    -49.545         0.00000
    -49.395         0.00000
    -49.245         0.00000
    -49.095         0.00000
    -48.945         0.00000
    -48.795         0.00000
    -48.645         0.00000
    -48.495         0.00000
    -48.345         0.00000
    -48.195         0.00000
    -48.045         0.00000
    -47.895         0.00000
    -47.745         0.00000
    -47.595         0.00000
    -47.445         0.00000
    -47.295         0.00000
    -47.145         0.00000
    -46.995         0.00000
    -46.845         0.00000
    -46.695         0.00000
    -46.545         0.00000
    -46.395         0.00000
    -46.245         0.00000
    -46.095         0.00000
    -45.945         0.00000
    -45.795         0.00000
    -45.645         0.00000
    -45.495         0.00000
    -45.345         0.00000
    -45.195         0.00000
    -45.045         0.00000
    -44.895         0.00000
    -44.745         0.00000
    -44.595         0.00000
    -44.445         0.00000
    -44.295         0.00000
    -44.145         0.00000
    -43.995         0.00000
    -43.845         0.00000
    -43.695         0.00000
    -43.545         0.00000
    -43.395         0.00000
    -43.245         0.00000
    -43.095         0.00000
    -42.945         0.00000
    -42.795         0.00000
    -42.645         0.00000
    -42.495         0.00000
    -42.345         0.00000
    -42.195         0.00000
    -42.045         0.00000
    -41.895         0.00000
    -41.745         0.00000
    -41.595         0.00000
    -41.445         0.00000
    -41.295         0.00000
    -41.145         0.00000
    -40.995         0.00000
    -40.845         0.00000
    -40.695         0.00000
    -40.545         0.00000
    -40.395         0.00000
    -40.245         0.00000
    -40.095         0.00000
    -39.945         0.00000
    -39.795         0.00000
    -39.645         0.00000
    -39.495         0.00000
    -39.345         0.00000
    -39.195         0.00000
    -39.045         0.00000
    -38.895         0.00000
    -38.745         0.00000
    -38.595         0.00000
    -38.445         0.00000
    -38.295         0.00000
    -38.145         0.00000
    -37.995         0.00000
    -37.845         0.00000
    -37.695         0.00000
    -37.545         0.00000
    -37.395         0.00000
    -37.245         0.00000
    -37.095         0.00000
    -36.945         0.00000
    -36.795         0.00000
    -36.645         0.00000
    -36.495         0.00000
    -36.345         0.00000
    -36.195         0.00000
    -36.045         0.00000
    -35.895         0.00000
    -35.745         0.00000
    -35.595         0.00000
    -35.445         0.00000
    -35.295         0.00000
    -35.145         0.00000
    -34.995         0.00000
    -34.845         0.00000
    -34.695         0.00000
    -34.545         0.00000
    -34.395         0.00000
    -34.245         0.00000
    -34.095         0.00000
    -33.945         0.00000
    -33.795         0.00000
    -33.645         0.00000
    -33.495         0.00000
    -33.345         0.00000
    -33.195         0.00000
    -33.045         0.00000
    -32.895         0.00000
    -32.745         0.00000
    -32.595         0.00000
    -32.445         0.00000
    -32.295         0.00000
    -32.145         0.00000
    -31.995         0.00000
    -31.845         0.00000
    -31.695         0.00000
    -31.545         0.00000
    -31.395         0.00000
    -31.245         0.00000
    -31.095         0.00000
    -30.945         0.00000
    -30.795         0.00000
    -30.645         0.00000
    -30.495         0.00000
    -30.345         0.00000
    -30.195         0.00000
    -30.045         0.00000
    -29.895         0.00000
    -29.745         0.00000
    -29.595         0.00000
    -29.445         0.00000
    -29.295         0.00000
    -29.145         0.00000
    -28.995         0.00000
    -28.845         0.00000
    -28.695         0.00000
    -28.545         0.00000
    -28.395         0.00000
    -28.245         0.00000
    -28.095         0.00000
    -27.945         0.00000
    -27.795         0.00000
    -27.645         0.00000
    -27.495         0.00000
    -27.345         0.00000
    -27.195         0.00000
    -27.045         0.00000
    -26.895         0.00000
    -26.745         0.00000
    -26.595         0.00000
    -26.445         0.00000
    -26.295         0.00000
    -26.145         0.00000
    -25.995         0.00000
    -25.845         0.00000
    -25.695         0.00000
    -25.545         0.00000
    -25.395         0.00000
    -25.245         0.00000
    -25.095         0.00000
    -24.945         0.00000
    -24.795         0.00000
    -24.645         0.00000
    -24.495         0.00000
    -24.345         0.00000
    -24.195         0.00000
    -24.045         0.00000
    -23.895         0.00000
    -23.745         0.00000
    -23.595         0.00000
    -23.445         0.00000
    -23.295         0.00000
    -23.145         0.00000
    -22.995         0.00000
    -22.845         0.00000
    -22.695         0.00000
    -22.545         0.00000
    -22.395         0.00000
    -22.245         0.00000
    -22.095         0.00000
    -21.945         0.00000
    -21.795         0.00000
    -21.645         0.00000
    -21.495         0.00000
    -21.345         0.00000
    -21.195         0.00000
    -21.045         0.00000
    -20.895         0.00000
    -20.745         0.00000
    -20.595         0.00000
    -20.445         0.00000
    -20.295         0.00000
    -20.145         0.00000
    -19.995         0.00000
    -19.845         0.00000
    -19.695         0.00000
    -19.545         0.00000
    -19.395         0.00000
    -19.245         0.00000
    -19.095         0.00000
    -18.945         0.00000
    -18.795         0.00000
    -18.645         0.00000
    -18.495         0.00000
    -18.345         0.00000
    -18.195         0.00000
    -18.045         0.00000
    -17.895         0.00000
    -17.745         0.00000
    -17.595         0.00000
    -17.445         0.00000
    -17.295         0.00000
    -17.145         0.00000
    -16.995         0.00000
    -16.845         0.00000
    -16.695         0.00000
    -16.545         0.00000
    -16.395         0.00000
    -16.245         0.00000
    -16.095         0.00000
    -15.945         0.00000
    -15.795         0.00000
    -15.645         0.00000
    -15.495         0.00000
    -15.345         0.00000
    -15.195         0.00000
    -15.045        -0.00107
    -14.895        -0.00748
    -14.745        -0.02235
    -14.595        -0.06564
    -14.445        -0.12648
    -14.295        -0.20571
    -14.145        -0.32878
    -13.995        -0.47699
    -13.845        -0.66196
    -13.695        -0.87481
    -13.545        -1.10147
    -13.395        -1.33228
    -13.245        -1.58660
    -13.095        -1.81435
    -12.945        -2.06618
    -12.795        -2.30105
    -12.645        -2.57328
    -12.495        -2.86351
    -12.345        -3.16582
    -12.195        -3.48289
    -12.045        -3.78957
    -11.895        -4.14288
    -11.745        -4.44605
    -11.595        -4.77863
    -11.445        -5.14716
    -11.295        -5.48205
    -11.145        -5.82543
    -10.995        -6.24346
    -10.845        -6.60117
    -10.695        -6.97364
    -10.545        -7.32342
    -10.395        -7.66056
    -10.245        -7.98368
    -10.095        -8.30608
    -9.9450        -8.61876
    -9.7950        -8.93678
    -9.6450        -9.29228
    -9.4950        -9.61828
    -9.3450        -9.95597
    -9.1950       -10.30146
    -9.0450       -10.68298
    -8.8950       -11.02130
    -8.7450       -11.37602
    -8.5950       -11.78048
    -8.4450       -12.21373
    -8.2950       -12.69673
    -8.1450       -13.15873
    -7.9950       -13.66537
    -7.8450       -14.16870
    -7.6950       -14.68516
    -7.5450       -15.17305
    -7.3950       -15.74299
    -7.2450       -16.31341
    -7.0950       -16.85310
    -6.9450       -17.42236
    -6.7950       -17.98449
    -6.6450       -18.55930
    -6.4950       -19.12757
    -6.3450       -19.68799
    -6.1950       -20.26903
    -6.0450       -20.86887
    -5.8950       -21.48562
    -5.7450       -22.11277
    -5.5950       -22.74206
    -5.4450       -23.34377
    -5.2950       -23.93163
    -5.1450       -24.50752
    -4.9950       -25.08031
    -4.8450       -25.66541
    -4.6950       -26.23638
    -4.5450       -26.82698
    -4.3950       -27.41355
    -4.2450       -28.02904
    -4.0950       -28.66846
    -3.9450       -29.36670
    -3.7950       -30.09567
    -3.6450       -30.84983
    -3.4950       -31.62369
    -3.3450       -32.41888
    -3.1950       -33.25115
    -3.0450       -34.09695
    -2.8950       -35.00483
    -2.7450       -35.93462
    -2.5950       -36.94504
    -2.4450       -37.99426
    -2.2950       -39.11940
    -2.1450       -40.34042
    -1.9950       -41.66876
    -1.8450       -43.16140
    -1.6950       -44.84439
    -1.5450       -46.80774
    -1.3950       -49.14249
    -1.2450       -51.82299
    -1.0950       -54.86420
   -0.94500       -58.24343
   -0.79500       -61.85104
   -0.64500       -65.65789
   -0.49500       -69.69584
   -0.34500       -74.37347
   -0.22700       -76.22402
   -0.21300       -76.46181
   -0.20700       -76.70237
   -0.20100       -76.94416
   -0.19500       -77.19302
   -0.18900       -77.44841
   -0.18300       -77.70635
   -0.17700       -77.96761
   -0.17100       -78.23524
   -0.16500       -78.50641
   -0.15900       -78.78424
   -0.15300       -79.06932
   -0.14700       -79.35965
   -0.14100       -79.66063
   -0.13500       -79.96748
   -0.12900       -80.28580
   -0.12300       -80.60940
   -0.11700       -80.94247
   -0.11100       -81.28670
   -0.10500       -81.64448
   -0.99000E-01   -82.01582
   -0.93000E-01   -82.40246
   -0.87000E-01   -82.80497
   -0.81000E-01   -83.22795
   -0.75000E-01   -83.67637
   -0.69000E-01   -84.14731
   -0.63000E-01   -84.64944
   -0.57000E-01   -85.18952
   -0.51000E-01   -85.77510
   -0.45000E-01   -86.41566
   -0.39000E-01   -87.13336
   -0.33000E-01   -87.95760
   -0.27000E-01   -88.93306
   -0.21300E-01   -89.72031
   -0.19500E-01   -89.84668
   -0.18900E-01   -89.97682
   -0.18300E-01   -90.11057
   -0.17700E-01   -90.24811
   -0.17100E-01   -90.38918
   -0.16500E-01   -90.53553
   -0.15900E-01   -90.68638
   -0.15300E-01   -90.84281
   -0.14700E-01   -91.00466
   -0.14100E-01   -91.17254
   -0.13500E-01   -91.34685
   -0.12900E-01   -91.52812
   -0.12300E-01   -91.71826
   -0.11700E-01   -91.91599
   -0.11100E-01   -92.12441
   -0.10500E-01   -92.34401
   -0.99000E-02   -92.57571
   -0.93000E-02   -92.82152
   -0.87000E-02   -93.08533
   -0.81000E-02   -93.36938
   -0.75000E-02   -93.67714
   -0.69000E-02   -94.01171
   -0.63000E-02   -94.37597
   -0.57000E-02   -94.77449
   -0.51000E-02   -95.21183
   -0.45000E-02   -95.69389
   -0.39000E-02   -96.23025
   -0.33000E-02   -96.83380
   -0.27000E-02   -97.52408
   -0.21000E-02   -98.33426
   -0.15000E-02   -99.29006
   -0.90000E-03  -100.23970
   -0.30000E-03  -100.65446
    0.30000E-03  -100.24457
    0.90000E-03   -99.29298
    0.15000E-02   -98.33603
    0.21000E-02   -97.52751
    0.27000E-02   -96.83824
    0.33000E-02   -96.23569
    0.39000E-02   -95.70058
    0.45000E-02   -95.21910
    0.51000E-02   -94.78304
    0.57000E-02   -94.38604
    0.63000E-02   -94.02258
    0.69000E-02   -93.68949
    0.75000E-02   -93.38268
    0.81000E-02   -93.09910
    0.87000E-02   -92.83624
    0.93000E-02   -92.59084
    0.99000E-02   -92.36009
    0.10500E-01   -92.14204
    0.11100E-01   -91.93494
    0.11700E-01   -91.73716
    0.12300E-01   -91.54840
    0.12900E-01   -91.36794
    0.13500E-01   -91.19452
    0.14100E-01   -91.02826
    0.14700E-01   -90.86799
    0.15300E-01   -90.71286
    0.15900E-01   -90.56259
    0.16500E-01   -90.41830
    0.17100E-01   -90.27848
    0.17700E-01   -90.14242
    0.18300E-01   -90.01004
    0.18900E-01   -89.88192
    0.19500E-01   -89.75733
    0.21300E-01   -88.98536
    0.27000E-01   -88.04208
    0.33000E-01   -87.26504
    0.39000E-01   -86.60826
    0.45000E-01   -86.04172
    0.51000E-01   -85.54502
    0.57000E-01   -85.10262
    0.63000E-01   -84.70324
    0.69000E-01   -84.33839
    0.75000E-01   -84.00211
    0.81000E-01   -83.68928
    0.87000E-01   -83.39722
    0.93000E-01   -83.12284
    0.99000E-01   -82.86494
    0.10500       -82.62000
    0.11100       -82.38721
    0.11700       -82.16788
    0.12300       -81.95750
    0.12900       -81.75782
    0.13500       -81.56509
    0.14100       -81.38124
    0.14700       -81.20531
    0.15300       -81.03702
    0.15900       -80.87255
    0.16500       -80.71740
    0.17100       -80.56724
    0.17700       -80.42385
    0.18300       -80.28411
    0.18900       -80.15003
    0.19500       -80.02244
    0.20100       -79.89656
    0.20700       -79.77559
    0.21300       -79.65652
    0.22700       -78.78788
    0.34500       -76.95125
    0.49500       -75.69383
    0.64500       -74.68075
    0.79500       -73.80428
    0.94500       -73.02340
     1.0950       -72.31604
     1.2450       -71.65173
     1.3950       -71.03156
     1.5450       -70.45451
     1.6950       -69.92534
     1.8450       -69.43162
     1.9950       -68.95178
     2.1450       -68.53312
     2.2950       -68.13100
     2.4450       -67.77464
     2.5950       -67.41648
     2.7450       -67.10499
     2.8950       -66.80473
     3.0450       -66.52726
     3.1950       -66.28394
     3.3450       -66.02744
     3.4950       -65.81882
     3.6450       -65.61781
     3.7950       -65.43136
     3.9450       -65.26087
     4.0950       -65.10076
     4.2450       -64.93109
     4.3950       -64.78028
     4.5450       -64.63460
     4.6950       -64.49645
     4.8450       -64.37470
     4.9950       -64.25366
     5.1450       -64.14090
     5.2950       -64.02932
     5.4450       -63.92387
     5.5950       -63.82675
     5.7450       -63.72720
     5.8950       -63.63039
     6.0450       -63.53571
     6.1950       -63.44026
     6.3450       -63.34859
     6.4950       -63.25950
     6.6450       -63.17613
     6.7950       -63.09384
     6.9450       -63.01317
     7.0950       -62.93385
     7.2450       -62.85824
     7.3950       -62.78320
     7.5450       -62.70670
     7.6950       -62.63472
     7.8450       -62.56321
     7.9950       -62.49224
     8.1450       -62.42398
     8.2950       -62.35806
     8.4450       -62.29057
     8.5950       -62.22466
     8.7450       -62.15958
     8.8950       -62.09880
     9.0450       -62.03714
     9.1950       -61.97648
     9.3450       -61.91823
     9.4950       -61.85996
     9.6450       -61.80228
     9.7950       -61.74544
     9.9450       -61.68896
     10.095       -61.63414
     10.245       -61.58184
     10.395       -61.52745
     10.545       -61.47469
     10.695       -61.42368
     10.845       -61.37167
     10.995       -61.32045
     11.145       -61.27024
     11.295       -61.22120
     11.445       -61.17250
     11.595       -61.12490
     11.745       -61.07626
     11.895       -61.03006
     12.045       -60.98376
     12.195       -60.93697
     12.345       -60.89140
     12.495       -60.84711
     12.645       -60.80087
     12.795       -60.75623
     12.945       -60.71356
     13.095       -60.67063
     13.245       -60.63025
     13.395       -60.58675
     13.545       -60.54538
     13.695       -60.50381
     13.845       -60.46265
     13.995       -60.42151
     14.145       -60.38300
     14.295       -60.34414
     14.445       -60.30509
     14.595       -60.26576
     14.745       -60.22661
     14.895       -60.19044
     15.045       -60.15379
     15.195       -60.11733
     15.345       -60.08011
     15.495       -60.04432
     15.645       -60.00843
     15.795       -59.97295
     15.945       -59.93815
     16.095       -59.90313
     16.245       -59.86743
     16.395       -59.83423
     16.545       -59.80111
     16.695       -59.76852
     16.845       -59.73558
     16.995       -59.70313
     17.145       -59.67033
     17.295       -59.63847
     17.445       -59.60638
     17.595       -59.57489
     17.745       -59.54155
     17.895       -59.51086
     18.045       -59.47918
     18.195       -59.44801
     18.345       -59.41610
     18.495       -59.38752
     18.645       -59.35741
     18.795       -59.32682
     18.945       -59.29485
     19.095       -59.26555
     19.245       -59.23735
     19.395       -59.20836
     19.545       -59.17947
     19.695       -59.15153
     19.845       -59.12370
     19.995       -59.09578
     20.145       -59.06867
     20.295       -59.04085
     20.445       -59.01354
     20.595       -58.98635
     20.745       -58.95945
     20.895       -58.93217
     21.045       -58.90543
     21.195       -58.87967
     21.345       -58.85298
     21.495       -58.82810
     21.645       -58.80146
     21.795       -58.77554
     21.945       -58.74960
     22.095       -58.72510
     22.245       -58.70017
     22.395       -58.67496
     22.545       -58.65098
     22.695       -58.62647
     22.845       -58.60174
     22.995       -58.57632
     23.145       -58.55160
     23.295       -58.52773
     23.445       -58.50540
     23.595       -58.48130
     23.745       -58.45836
     23.895       -58.43536
     24.045       -58.41227
     24.195       -58.38999
     24.345       -58.36687
     24.495       -58.34387
     24.645       -58.32221
     24.795       -58.30033
     24.945       -58.27775
     25.095       -58.25537
     25.245       -58.23279
     25.395       -58.21072
     25.545       -58.18829
     25.695       -58.16728
     25.845       -58.14607
     25.995       -58.12471
     26.145       -58.10278
     26.295       -58.08022
     26.445       -58.05896
     26.595       -58.03767
     26.745       -58.01753
     26.895       -57.99697
     27.045       -57.97637
     27.195       -57.95650
     27.345       -57.93610
     27.495       -57.91586
     27.645       -57.89527
     27.795       -57.87502
     27.945       -57.85540
     28.095       -57.83468
     28.245       -57.81507
     28.395       -57.79644
     28.545       -57.77673
     28.695       -57.75714
     28.845       -57.73789
     28.995       -57.71930
     29.145       -57.69982
     29.295       -57.68098
     29.445       -57.66215
     29.595       -57.64269
     29.745       -57.62434
     29.895       -57.60622
     30.045       -57.58773
     30.195       -57.56920
     30.345       -57.55018
     30.495       -57.53179
     30.645       -57.51365
     30.795       -57.49563
     30.945       -57.47733
     31.095       -57.46069
     31.245       -57.44387
     31.395       -57.42625
     31.545       -57.40904
     31.695       -57.39125
     31.845       -57.37408
     31.995       -57.35677
     32.145       -57.33944
     32.295       -57.32227
     32.445       -57.30500
     32.595       -57.28828
     32.745       -57.27190
     32.895       -57.25514
     33.045       -57.23780
     33.195       -57.22121
     33.345       -57.20390
     33.495       -57.18687
     33.645       -57.17081
     33.795       -57.15421
     33.945       -57.13795
     34.095       -57.12001
     34.245       -57.10397
     34.395       -57.08843
     34.545       -57.07278
     34.695       -57.05683
     34.845       -57.04107
     34.995       -57.02511
     35.145       -57.00945
     35.295       -56.99391
     35.445       -56.97878
     35.595       -56.96389
     35.745       -56.94746
     35.895       -56.93198
     36.045       -56.91673
     36.195       -56.90162
     36.345       -56.88664
     36.495       -56.87228
     36.645       -56.85720
     36.795       -56.84251
     36.945       -56.82764
     37.095       -56.81261
     37.245       -56.79716
     37.395       -56.78156
     37.545       -56.76723
     37.695       -56.75212
     37.845       -56.73690
     37.995       -56.72297
     38.145       -56.70835
     38.295       -56.69478
     38.445       -56.68078
     38.595       -56.66624
     38.745       -56.65177
     38.895       -56.63831
     39.045       -56.62477
     39.195       -56.61088
     39.345       -56.59741
     39.495       -56.58301
     39.645       -56.56895
     39.795       -56.55483
     39.945       -56.54034
     40.095       -56.52669
     40.245       -56.51300
     40.395       -56.49939
     40.545       -56.48571
     40.695       -56.47295
     40.845       -56.45932
     40.995       -56.44566
     41.145       -56.43250
     41.295       -56.41914
     41.445       -56.40577
     41.595       -56.39316
     41.745       -56.37968
     41.895       -56.36642
     42.045       -56.35273
     42.195       -56.33995
     42.345       -56.32778
     42.495       -56.31518
     42.645       -56.30198
     42.795       -56.28906
     42.945       -56.27640
     43.095       -56.26378
     43.245       -56.24997
     43.395       -56.23669
     43.545       -56.22387
     43.695       -56.21077
     43.845       -56.19824
     43.995       -56.18599
     44.145       -56.17340
     44.295       -56.16060
     44.445       -56.14921
     44.595       -56.13636
     44.745       -56.12372
     44.895       -56.11161
     45.045       -56.09949
     45.195       -56.08740
     45.345       -56.07552
     45.495       -56.06320
     45.645       -56.05146
     45.795       -56.03980
     45.945       -56.02783
     46.095       -56.01565
     46.245       -56.00421
     46.395       -55.99241
     46.545       -55.98098
     46.695       -55.96927
     46.845       -55.95754
     46.995       -55.94565
     47.145       -55.93367
     47.295       -55.92201
     47.445       -55.91069
     47.595       -55.89970
     47.745       -55.88804
     47.895       -55.87645
     48.045       -55.86477
     48.195       -55.85344
     48.345       -55.84258
     48.495       -55.83138
     48.645       -55.82009
     48.795       -55.80890
     48.945       -55.79703
     49.095       -55.78466
     49.245       -55.77335
     49.395       -55.76196
     49.545       -55.75167
     49.695       -55.74076
     49.845       -55.72910
     49.995       -55.71805
     50.145       -55.70651
     50.295       -55.69519
     50.445       -55.68475
     50.595       -55.67443
     50.745       -55.66350
     50.895       -55.65274
     51.045       -55.64135
     51.195       -55.63059
     51.345       -55.62005
     51.495       -55.60938
     51.645       -55.59877
     51.795       -55.58852
     51.945       -55.57773
     52.095       -55.56760
     52.245       -55.55727
     52.395       -55.54756
     52.545       -55.53728
     52.695       -55.52761
     52.845       -55.51734
     52.995       -55.50687
     53.145       -55.49658
     53.295       -55.48683
     53.445       -55.47676
     53.595       -55.46668
     53.745       -55.45674
     53.895       -55.44626
     54.045       -55.43610
     54.195       -55.42615
     54.345       -55.41643
     54.495       -55.40640
     54.645       -55.39641
     54.795       -55.38680
     54.945       -55.37733
     55.095       -55.36815
     59.433       -54.59146
     80.646       -53.44296
     111.21       -52.31456
     153.36       -51.20907
     211.49       -50.12789
     291.64       -49.08065
     402.18       -48.05783
     554.60       -47.05935
     764.80       -46.08761
     1054.7       -45.13878
     1454.4       -44.21213
     2005.6       -43.31464
     2765.8       -42.43928
     3814.0       -41.59228
     5259.5       -40.76965
     7252.9       -39.96575
     10002.       -39.18538
     13793.       -38.42847
     19020.       -37.70028
     26229.       -36.99395
     36170.       -36.31078
     49878.       -35.65256
     68782.       -35.01502
     94851.       -34.40803
    0.13080E+06   -33.82598
    0.18038E+06   -33.26700
    0.24874E+06   -32.73705
    0.34301E+06   -32.22882
    0.47302E+06   -31.74584
    0.65229E+06   -31.28506
    0.89952E+06   -30.84721
    0.12404E+07   -30.42653
    0.17106E+07   -30.02430
    0.23589E+07   -29.64477
    0.32529E+07   -29.28002
    0.44858E+07   -28.93405
    0.61860E+07   -28.60886
    0.85305E+07   -28.29500
    0.11764E+08   -27.99567
    0.16222E+08   -27.71136
    0.22370E+08   -27.43745
    0.30849E+08   -27.17894
    0.42541E+08   -26.93484
    0.58664E+08   -26.70448
    0.80898E+08   -26.48960
    0.11156E+09   -26.28983
    0.15384E+09   -26.10446
    0.21215E+09   -25.93043
    0.29255E+09   -25.76699
    0.40343E+09   -25.61431
    0.55633E+09   -25.47203
    0.76719E+09   -25.34330
    0.10580E+10   -25.22480
    0.14589E+10   -25.11622
    0.20119E+10   -25.01651
    0.27744E+10   -24.92330
    0.38259E+10   -24.83854
    0.52760E+10   -24.76054
    0.72756E+10   -24.68722
    0.10033E+11   -24.61970
    0.13836E+11   -24.55843
    0.19079E+11   -24.50095
    0.26311E+11   -24.44808
    0.36283E+11   -24.39973
    0.50034E+11   -24.35490
    0.68997E+11   -24.31344
    0.10000E+12   -23.81651
