    -159.95         0.00000
    -159.79         0.00000
    -159.65         0.00000
    -159.49         0.00000
    -159.34         0.00000
    -159.20         0.00000
    -159.04         0.00000
    -158.90         0.00000
    -158.74         0.00000
    -158.59         0.00000
    -158.45         0.00000
    -158.29         0.00000
    -158.15         0.00000
    -157.99         0.00000
    -157.84         0.00000
    -157.70         0.00000
    -157.54         0.00000
    -157.40         0.00000
    -157.24         0.00000
    -157.09         0.00000
    -156.95         0.00000
    -156.79         0.00000
    -156.65         0.00000
    -156.49         0.00000
    -156.34         0.00000
    -156.20         0.00000
    -156.04         0.00000
    -155.90         0.00000
    -155.74         0.00000
    -155.59         0.00000
    -155.45         0.00000
    -155.29         0.00000
    -155.15         0.00000
    -154.99         0.00000
    -154.84         0.00000
    -154.70         0.00000
    -154.54         0.00000
    -154.40         0.00000
    -154.24         0.00000
    -154.09         0.00000
    -153.95         0.00000
    -153.79         0.00000
    -153.65         0.00000
    -153.49         0.00000
    -153.34         0.00000
    -153.20         0.00000
    -153.04         0.00000
    -152.90         0.00000
    -152.74         0.00000
    -152.59         0.00000
    -152.45         0.00000
    -152.29         0.00000
    -152.15         0.00000
    -151.99         0.00000
    -151.84         0.00000
    -151.70         0.00000
    -151.54         0.00000
    -151.40         0.00000
    -151.24         0.00000
    -151.09         0.00000
    -150.95         0.00000
    -150.79         0.00000
    -150.65         0.00000
    -150.49         0.00000
    -150.34         0.00000
    -150.20         0.00000
    -150.04         0.00000
    -149.90         0.00000
    -149.74         0.00000
    -149.59         0.00000
    -149.45         0.00000
    -149.29         0.00000
    -149.15         0.00000
    -148.99         0.00000
    -148.84         0.00000
    -148.70         0.00000
    -148.54         0.00000
    -148.40         0.00000
    -148.24         0.00000
    -148.09         0.00000
    -147.95         0.00000
    -147.79         0.00000
    -147.65         0.00000
    -147.49         0.00000
    -147.34         0.00000
    -147.20         0.00000
    -147.04         0.00000
    -146.90         0.00000
    -146.74         0.00000
    -146.59         0.00000
    -146.45         0.00000
    -146.29         0.00000
    -146.15         0.00000
    -145.99         0.00000
    -145.84         0.00000
    -145.70         0.00000
    -145.54         0.00000
    -145.40         0.00000
    -145.24         0.00000
    -145.09         0.00000
    -144.95         0.00000
    -144.79         0.00000
    -144.65         0.00000
    -144.49         0.00000
    -144.34         0.00000
    -144.20         0.00000
    -144.04         0.00000
    -143.90         0.00000
    -143.74         0.00000
    -143.59         0.00000
    -143.45         0.00000
    -143.29         0.00000
    -143.15         0.00000
    -142.99         0.00000
    -142.84         0.00000
    -142.70         0.00000
    -142.54         0.00000
    -142.40         0.00000
    -142.24         0.00000
    -142.09         0.00000
    -141.95         0.00000
    -141.79         0.00000
    -141.65         0.00000
    -141.49         0.00000
    -141.34         0.00000
    -141.20         0.00000
    -141.04         0.00000
    -140.90         0.00000
    -140.74         0.00000
    -140.59         0.00000
    -140.45         0.00000
    -140.29         0.00000
    -140.15         0.00000
    -139.99         0.00000
    -139.84         0.00000
    -139.70         0.00000
    -139.54         0.00000
    -139.40         0.00000
    -139.24         0.00000
    -139.09         0.00000
    -138.95         0.00000
    -138.79         0.00000
    -138.65         0.00000
    -138.49         0.00000
    -138.34         0.00000
    -138.20         0.00000
    -138.04         0.00000
    -137.90         0.00000
    -137.74         0.00000
    -137.59         0.00000
    -137.45         0.00000
    -137.29         0.00000
    -137.15         0.00000
    -136.99         0.00000
    -136.84         0.00000
    -136.70         0.00000
    -136.54         0.00000
    -136.40         0.00000
    -136.24         0.00000
    -136.09         0.00000
    -135.95         0.00000
    -135.79         0.00000
    -135.65         0.00000
    -135.49         0.00000
    -135.34         0.00000
    -135.20         0.00000
    -135.04         0.00000
    -134.90         0.00000
    -134.74         0.00000
    -134.59         0.00000
    -134.45         0.00000
    -134.29         0.00000
    -134.15         0.00000
    -133.99         0.00000
    -133.84         0.00000
    -133.70         0.00000
    -133.54         0.00000
    -133.40         0.00000
    -133.24         0.00000
    -133.09         0.00000
    -132.95         0.00000
    -132.79         0.00000
    -132.65         0.00000
    -132.49         0.00000
    -132.34         0.00000
    -132.20         0.00000
    -132.04         0.00000
    -131.90         0.00000
    -131.74         0.00000
    -131.59         0.00000
    -131.45         0.00000
    -131.29         0.00000
    -131.15         0.00000
    -130.99         0.00000
    -130.84         0.00000
    -130.70         0.00000
    -130.54         0.00000
    -130.40         0.00000
    -130.24         0.00000
    -130.09         0.00000
    -129.95         0.00000
    -129.79         0.00000
    -129.65         0.00000
    -129.49         0.00000
    -129.34         0.00000
    -129.20         0.00000
    -129.04         0.00000
    -128.90         0.00000
    -128.74         0.00000
    -128.59         0.00000
    -128.45         0.00000
    -128.29         0.00000
    -128.15         0.00000
    -127.99         0.00000
    -127.85         0.00000
    -127.69         0.00000
    -127.55         0.00000
    -127.39         0.00000
    -127.25         0.00000
    -127.10         0.00000
    -126.94         0.00000
    -126.80         0.00000
    -126.64         0.00000
    -126.50         0.00000
    -126.35         0.00000
    -126.19         0.00000
    -126.05         0.00000
    -125.89         0.00000
    -125.75         0.00000
    -125.60         0.00000
    -125.44         0.00000
    -125.30         0.00000
    -125.14         0.00000
    -125.00         0.00000
    -124.85         0.00000
    -124.69         0.00000
    -124.55         0.00000
    -124.39         0.00000
    -124.25         0.00000
    -124.10         0.00000
    -123.94         0.00000
    -123.80         0.00000
    -123.64         0.00000
    -123.50         0.00000
    -123.35         0.00000
    -123.19         0.00000
    -123.05         0.00000
    -122.89         0.00000
    -122.75         0.00000
    -122.60         0.00000
    -122.44         0.00000
    -122.30         0.00000
    -122.14         0.00000
    -122.00         0.00000
    -121.85         0.00000
    -121.69         0.00000
    -121.55         0.00000
    -121.39         0.00000
    -121.25         0.00000
    -121.10         0.00000
    -120.94         0.00000
    -120.80         0.00000
    -120.64         0.00000
    -120.50         0.00000
    -120.35         0.00000
    -120.19         0.00000
    -120.05         0.00000
    -119.89         0.00000
    -119.75         0.00000
    -119.60         0.00000
    -119.44         0.00000
    -119.30         0.00000
    -119.14         0.00000
    -119.00         0.00000
    -118.85         0.00000
    -118.69         0.00000
    -118.55         0.00000
    -118.39         0.00000
    -118.25         0.00000
    -118.10         0.00000
    -117.94         0.00000
    -117.80         0.00000
    -117.64         0.00000
    -117.50         0.00000
    -117.35         0.00000
    -117.19         0.00000
    -117.05         0.00000
    -116.89         0.00000
    -116.75         0.00000
    -116.60         0.00000
    -116.44         0.00000
    -116.30         0.00000
    -116.14         0.00000
    -116.00         0.00000
    -115.85         0.00000
    -115.69         0.00000
    -115.55         0.00000
    -115.39         0.00000
    -115.25         0.00000
    -115.10         0.00000
    -114.94         0.00000
    -114.80         0.00000
    -114.64         0.00000
    -114.50         0.00000
    -114.35         0.00000
    -114.19         0.00000
    -114.05         0.00000
    -113.89         0.00000
    -113.75         0.00000
    -113.60         0.00000
    -113.44         0.00000
    -113.30         0.00000
    -113.14         0.00000
    -113.00         0.00000
    -112.85         0.00000
    -112.69         0.00000
    -112.55         0.00000
    -112.39         0.00000
    -112.25         0.00000
    -112.10         0.00000
    -111.94         0.00000
    -111.80         0.00000
    -111.64         0.00000
    -111.50         0.00000
    -111.35         0.00000
    -111.19         0.00000
    -111.05         0.00000
    -110.89         0.00000
    -110.75         0.00000
    -110.60         0.00000
    -110.44         0.00000
    -110.30         0.00000
    -110.14         0.00000
    -110.00         0.00000
    -109.85         0.00000
    -109.69         0.00000
    -109.55         0.00000
    -109.39         0.00000
    -109.25         0.00000
    -109.10         0.00000
    -108.94         0.00000
    -108.80         0.00000
    -108.64         0.00000
    -108.50         0.00000
    -108.35         0.00000
    -108.19         0.00000
    -108.05         0.00000
    -107.89         0.00000
    -107.75         0.00000
    -107.60         0.00000
    -107.44         0.00000
    -107.30         0.00000
    -107.14         0.00000
    -107.00         0.00000
    -106.85         0.00000
    -106.69         0.00000
    -106.55         0.00000
    -106.39         0.00000
    -106.25         0.00000
    -106.10         0.00000
    -105.94         0.00000
    -105.80         0.00000
    -105.64         0.00000
    -105.50         0.00000
    -105.35         0.00000
    -105.19         0.00000
    -105.05         0.00000
    -104.89         0.00000
    -104.75         0.00000
    -104.60         0.00000
    -104.44         0.00000
    -104.30         0.00000
    -104.14         0.00000
    -104.00         0.00000
    -103.85         0.00000
    -103.69         0.00000
    -103.55         0.00000
    -103.39         0.00000
    -103.25         0.00000
    -103.10         0.00000
    -102.94         0.00000
    -102.80         0.00000
    -102.64         0.00000
    -102.50         0.00000
    -102.35         0.00000
    -102.19         0.00000
    -102.05         0.00000
    -101.89         0.00000
    -101.75         0.00000
    -101.60         0.00000
    -101.44         0.00000
    -101.30         0.00000
    -101.14         0.00000
    -101.00         0.00000
    -100.85         0.00000
    -100.69         0.00000
    -100.55         0.00000
    -100.39         0.00000
    -100.25         0.00000
    -100.10         0.00000
    -99.945         0.00000
    -99.795         0.00000
    -99.645         0.00000
    -99.495         0.00000
    -99.345         0.00000
    -99.195         0.00000
    -99.045         0.00000
    -98.895         0.00000
    -98.745         0.00000
    -98.595         0.00000
    -98.445         0.00000
    -98.295         0.00000
    -98.145         0.00000
    -97.995         0.00000
    -97.845         0.00000
    -97.695         0.00000
    -97.545         0.00000
    -97.395         0.00000
    -97.245         0.00000
    -97.095         0.00000
    -96.945         0.00000
    -96.795         0.00000
    -96.645         0.00000
    -96.495         0.00000
    -96.345         0.00000
    -96.195         0.00000
    -96.045         0.00000
    -95.895         0.00000
    -95.745         0.00000
    -95.595         0.00000
    -95.445         0.00000
    -95.295         0.00000
    -95.145         0.00000
    -94.995         0.00000
    -94.845         0.00000
    -94.695         0.00000
    -94.545         0.00000
    -94.395         0.00000
    -94.245         0.00000
    -94.095         0.00000
    -93.945         0.00000
    -93.795         0.00000
    -93.645         0.00000
    -93.495         0.00000
    -93.345         0.00000
    -93.195         0.00000
    -93.045         0.00000
    -92.895         0.00000
    -92.745         0.00000
    -92.595         0.00000
    -92.445         0.00000
    -92.295         0.00000
    -92.145         0.00000
    -91.995         0.00000
    -91.845         0.00000
    -91.695         0.00000
    -91.545         0.00000
    -91.395         0.00000
    -91.245         0.00000
    -91.095         0.00000
    -90.945         0.00000
    -90.795         0.00000
    -90.645         0.00000
    -90.495         0.00000
    -90.345         0.00000
    -90.195         0.00000
    -90.045         0.00000
    -89.895         0.00000
    -89.745         0.00000
    -89.595         0.00000
    -89.445         0.00000
    -89.295         0.00000
    -89.145         0.00000
    -88.995         0.00000
    -88.845         0.00000
    -88.695         0.00000
    -88.545         0.00000
    -88.395         0.00000
    -88.245         0.00000
    -88.095         0.00000
    -87.945         0.00000
    -87.795         0.00000
    -87.645         0.00000
    -87.495         0.00000
    -87.345         0.00000
    -87.195         0.00000
    -87.045         0.00000
    -86.895         0.00000
    -86.745         0.00000
    -86.595         0.00000
    -86.445         0.00000
    -86.295         0.00000
    -86.145         0.00000
    -85.995         0.00000
    -85.845         0.00000
    -85.695         0.00000
    -85.545         0.00000
    -85.395         0.00000
    -85.245         0.00000
    -85.095         0.00000
    -84.945         0.00000
    -84.795         0.00000
    -84.645         0.00000
    -84.495         0.00000
    -84.345         0.00000
    -84.195         0.00000
    -84.045         0.00000
    -83.895         0.00000
    -83.745         0.00000
    -83.595         0.00000
    -83.445         0.00000
    -83.295         0.00000
    -83.145         0.00000
    -82.995         0.00000
    -82.845         0.00000
    -82.695         0.00000
    -82.545         0.00000
    -82.395         0.00000
    -82.245         0.00000
    -82.095         0.00000
    -81.945         0.00000
    -81.795         0.00000
    -81.645         0.00000
    -81.495         0.00000
    -81.345         0.00000
    -81.195         0.00000
    -81.045         0.00000
    -80.895         0.00000
    -80.745         0.00000
    -80.595         0.00000
    -80.445         0.00000
    -80.295         0.00000
    -80.145         0.00000
    -79.995         0.00000
    -79.845         0.00000
    -79.695         0.00000
    -79.545         0.00000
    -79.395         0.00000
    -79.245         0.00000
    -79.095         0.00000
    -78.945         0.00000
    -78.795         0.00000
    -78.645         0.00000
    -78.495         0.00000
    -78.345         0.00000
    -78.195         0.00000
    -78.045         0.00000
    -77.895         0.00000
    -77.745         0.00000
    -77.595         0.00000
    -77.445         0.00000
    -77.295         0.00000
    -77.145         0.00000
    -76.995         0.00000
    -76.845         0.00000
    -76.695         0.00000
    -76.545         0.00000
    -76.395         0.00000
    -76.245         0.00000
    -76.095         0.00000
    -75.945         0.00000
    -75.795         0.00000
    -75.645         0.00000
    -75.495         0.00000
    -75.345         0.00000
    -75.195         0.00000
    -75.045         0.00000
    -74.895         0.00000
    -74.745         0.00000
    -74.595         0.00000
    -74.445         0.00000
    -74.295         0.00000
    -74.145         0.00000
    -73.995         0.00000
    -73.845         0.00000
    -73.695         0.00000
    -73.545         0.00000
    -73.395         0.00000
    -73.245         0.00000
    -73.095         0.00000
    -72.945         0.00000
    -72.795         0.00000
    -72.645         0.00000
    -72.495         0.00000
    -72.345         0.00000
    -72.195         0.00000
    -72.045         0.00000
    -71.895         0.00000
    -71.745         0.00000
    -71.595         0.00000
    -71.445         0.00000
    -71.295         0.00000
    -71.145         0.00000
    -70.995         0.00000
    -70.845         0.00000
    -70.695         0.00000
    -70.545         0.00000
    -70.395         0.00000
    -70.245         0.00000
    -70.095         0.00000
    -69.945         0.00000
    -69.795         0.00000
    -69.645         0.00000
    -69.495         0.00000
    -69.345         0.00000
    -69.195         0.00000
    -69.045         0.00000
    -68.895         0.00000
    -68.745         0.00000
    -68.595         0.00000
    -68.445         0.00000
    -68.295         0.00000
    -68.145         0.00000
    -67.995         0.00000
    -67.845         0.00000
    -67.695         0.00000
    -67.545         0.00000
    -67.395         0.00000
    -67.245         0.00000
    -67.095         0.00000
    -66.945         0.00000
    -66.795         0.00000
    -66.645         0.00000
    -66.495         0.00000
    -66.345         0.00000
    -66.195         0.00000
    -66.045         0.00000
    -65.895         0.00000
    -65.745         0.00000
    -65.595         0.00000
    -65.445         0.00000
    -65.295         0.00000
    -65.145         0.00000
    -64.995         0.00000
    -64.845         0.00000
    -64.695         0.00000
    -64.545         0.00000
    -64.395         0.00000
    -64.245         0.00000
    -64.095         0.00000
    -63.945         0.00000
    -63.795         0.00000
    -63.645         0.00000
    -63.495         0.00000
    -63.345         0.00000
    -63.195         0.00000
    -63.045         0.00000
    -62.895         0.00000
    -62.745         0.00000
    -62.595         0.00000
    -62.445         0.00000
    -62.295         0.00000
    -62.145         0.00000
    -61.995         0.00000
    -61.845         0.00000
    -61.695         0.00000
    -61.545         0.00000
    -61.395         0.00000
    -61.245         0.00000
    -61.095         0.00000
    -60.945         0.00000
    -60.795         0.00000
    -60.645         0.00000
    -60.495         0.00000
    -60.345         0.00000
    -60.195         0.00000
    -60.045         0.00000
    -59.895         0.00000
    -59.745         0.00000
    -59.595         0.00000
    -59.445         0.00000
    -59.295         0.00000
    -59.145         0.00000
    -58.995         0.00000
    -58.845         0.00000
    -58.695         0.00000
    -58.545         0.00000
    -58.395         0.00000
    -58.245         0.00000
    -58.095         0.00000
    -57.945         0.00000
    -57.795         0.00000
    -57.645         0.00000
    -57.495         0.00000
    -57.345         0.00000
    -57.195         0.00000
    -57.045         0.00000
    -56.895         0.00000
    -56.745         0.00000
    -56.595         0.00000
    -56.445         0.00000
    -56.295         0.00000
    -56.145         0.00000
    -55.995         0.00000
    -55.845         0.00000
    -55.695         0.00000
    -55.545         0.00000
    -55.395         0.00000
    -55.245         0.00000
    -55.095         0.00000
    -54.945         0.00000
    -54.795         0.00000
    -54.645         0.00000
    -54.495         0.00000
    -54.345         0.00000
    -54.195         0.00000
    -54.045         0.00000
    -53.895         0.00000
    -53.745         0.00000
    -53.595         0.00000
    -53.445         0.00000
    -53.295         0.00000
    -53.145         0.00000
    -52.995         0.00000
    -52.845         0.00000
    -52.695         0.00000
    -52.545         0.00000
    -52.395         0.00000
    -52.245         0.00000
    -52.095         0.00000
    -51.945         0.00000
    -51.795         0.00000
    -51.645         0.00000
    -51.495         0.00000
    -51.345         0.00000
    -51.195         0.00000
    -51.045         0.00000
    -50.895         0.00000
    -50.745         0.00000
    -50.595         0.00000
    -50.445         0.00000
    -50.295         0.00000
    -50.145         0.00000
    -49.995         0.00000
    -49.845         0.00000
    -49.695         0.00000
    -49.545         0.00000
    -49.395         0.00000
    -49.245         0.00000
    -49.095         0.00000
    -48.945         0.00000
    -48.795         0.00000
    -48.645         0.00000
    -48.495         0.00000
    -48.345         0.00000
    -48.195         0.00000
    -48.045         0.00000
    -47.895         0.00000
    -47.745         0.00000
    -47.595         0.00000
    -47.445         0.00000
    -47.295         0.00000
    -47.145         0.00000
    -46.995         0.00000
    -46.845         0.00000
    -46.695         0.00000
    -46.545         0.00000
    -46.395         0.00000
    -46.245         0.00000
    -46.095         0.00000
    -45.945         0.00000
    -45.795         0.00000
    -45.645         0.00000
    -45.495         0.00000
    -45.345         0.00000
    -45.195         0.00000
    -45.045         0.00000
    -44.895         0.00000
    -44.745         0.00000
    -44.595         0.00000
    -44.445         0.00000
    -44.295         0.00000
    -44.145         0.00000
    -43.995         0.00000
    -43.845         0.00000
    -43.695         0.00000
    -43.545         0.00000
    -43.395         0.00000
    -43.245         0.00000
    -43.095         0.00000
    -42.945         0.00000
    -42.795         0.00000
    -42.645         0.00000
    -42.495         0.00000
    -42.345         0.00000
    -42.195         0.00000
    -42.045         0.00000
    -41.895         0.00000
    -41.745         0.00000
    -41.595         0.00000
    -41.445         0.00000
    -41.295         0.00000
    -41.145         0.00000
    -40.995         0.00000
    -40.845         0.00000
    -40.695         0.00000
    -40.545         0.00000
    -40.395         0.00000
    -40.245         0.00000
    -40.095         0.00000
    -39.945         0.00000
    -39.795         0.00000
    -39.645         0.00000
    -39.495         0.00000
    -39.345         0.00000
    -39.195         0.00000
    -39.045         0.00000
    -38.895         0.00000
    -38.745         0.00000
    -38.595         0.00000
    -38.445         0.00000
    -38.295         0.00000
    -38.145         0.00000
    -37.995         0.00000
    -37.845         0.00000
    -37.695         0.00000
    -37.545         0.00000
    -37.395         0.00000
    -37.245         0.00000
    -37.095         0.00000
    -36.945         0.00000
    -36.795         0.00000
    -36.645         0.00000
    -36.495         0.00000
    -36.345         0.00000
    -36.195         0.00000
    -36.045         0.00000
    -35.895         0.00000
    -35.745         0.00000
    -35.595         0.00000
    -35.445         0.00000
    -35.295         0.00000
    -35.145         0.00000
    -34.995         0.00000
    -34.845         0.00000
    -34.695         0.00000
    -34.545         0.00000
    -34.395         0.00000
    -34.245         0.00000
    -34.095         0.00000
    -33.945         0.00000
    -33.795         0.00000
    -33.645         0.00000
    -33.495         0.00000
    -33.345         0.00000
    -33.195         0.00000
    -33.045         0.00000
    -32.895         0.00000
    -32.745         0.00000
    -32.595         0.00000
    -32.445         0.00000
    -32.295         0.00000
    -32.145         0.00000
    -31.995         0.00000
    -31.845         0.00000
    -31.695         0.00000
    -31.545         0.00000
    -31.395         0.00000
    -31.245         0.00000
    -31.095         0.00000
    -30.945         0.00000
    -30.795         0.00000
    -30.645         0.00000
    -30.495         0.00000
    -30.345         0.00000
    -30.195         0.00000
    -30.045         0.00000
    -29.895         0.00000
    -29.745         0.00000
    -29.595         0.00000
    -29.445         0.00000
    -29.295         0.00000
    -29.145         0.00000
    -28.995         0.00000
    -28.845         0.00000
    -28.695         0.00000
    -28.545         0.00000
    -28.395         0.00000
    -28.245         0.00000
    -28.095         0.00000
    -27.945         0.00000
    -27.795         0.00000
    -27.645         0.00000
    -27.495         0.00000
    -27.345         0.00000
    -27.195         0.00000
    -27.045         0.00000
    -26.895         0.00000
    -26.745         0.00000
    -26.595         0.00000
    -26.445         0.00000
    -26.295         0.00000
    -26.145         0.00000
    -25.995         0.00000
    -25.845         0.00000
    -25.695         0.00000
    -25.545         0.00000
    -25.395         0.00000
    -25.245         0.00000
    -25.095         0.00000
    -24.945         0.00000
    -24.795         0.00000
    -24.645         0.00000
    -24.495         0.00000
    -24.345         0.00000
    -24.195         0.00000
    -24.045         0.00000
    -23.895         0.00000
    -23.745         0.00000
    -23.595         0.00000
    -23.445         0.00000
    -23.295         0.00000
    -23.145         0.00000
    -22.995         0.00000
    -22.845         0.00000
    -22.695         0.00000
    -22.545         0.00000
    -22.395         0.00000
    -22.245         0.00000
    -22.095         0.00000
    -21.945         0.00000
    -21.795         0.00000
    -21.645         0.00000
    -21.495         0.00000
    -21.345         0.00000
    -21.195         0.00000
    -21.045         0.00000
    -20.895         0.00000
    -20.745         0.00000
    -20.595         0.00000
    -20.445         0.00000
    -20.295         0.00000
    -20.145         0.00000
    -19.995         0.00000
    -19.845         0.00000
    -19.695         0.00000
    -19.545         0.00000
    -19.395         0.00000
    -19.245         0.00000
    -19.095         0.00000
    -18.945         0.00000
    -18.795         0.00000
    -18.645         0.00000
    -18.495         0.00000
    -18.345         0.00000
    -18.195         0.00000
    -18.045         0.00000
    -17.895         0.00000
    -17.745         0.00000
    -17.595         0.00000
    -17.445         0.00000
    -17.295         0.00000
    -17.145         0.00000
    -16.995         0.00000
    -16.845         0.00000
    -16.695         0.00000
    -16.545         0.00000
    -16.395         0.00000
    -16.245         0.00000
    -16.095         0.00000
    -15.945         0.00000
    -15.795        -0.00233
    -15.645        -0.00870
    -15.495        -0.04929
    -15.345        -0.14842
    -15.195        -0.27245
    -15.045        -0.50303
    -14.895        -0.79604
    -14.745        -1.24529
    -14.595        -1.72065
    -14.445        -2.29060
    -14.295        -3.02546
    -14.145        -3.84799
    -13.995        -4.78912
    -13.845        -5.84121
    -13.695        -7.01797
    -13.545        -8.22004
    -13.395        -9.52109
    -13.245       -10.86408
    -13.095       -12.24081
    -12.945       -13.69432
    -12.795       -15.20259
    -12.645       -16.72934
    -12.495       -18.30120
    -12.345       -19.90327
    -12.195       -21.49404
    -12.045       -23.10619
    -11.895       -24.79019
    -11.745       -26.42022
    -11.595       -27.98070
    -11.445       -29.61112
    -11.295       -31.25711
    -11.145       -32.92718
    -10.995       -34.53270
    -10.845       -36.22491
    -10.695       -37.95310
    -10.545       -39.74018
    -10.395       -41.56734
    -10.245       -43.41947
    -10.095       -45.35600
    -9.9450       -47.29126
    -9.7950       -49.31554
    -9.6450       -51.33542
    -9.4950       -53.36452
    -9.3450       -55.36468
    -9.1950       -57.40107
    -9.0450       -59.48444
    -8.8950       -61.58296
    -8.7450       -63.66411
    -8.5950       -65.78603
    -8.4450       -67.99718
    -8.2950       -70.16452
    -8.1450       -72.30337
    -7.9950       -74.55519
    -7.8450       -76.78441
    -7.6950       -79.03142
    -7.5450       -81.30473
    -7.3950       -83.58738
    -7.2450       -85.90191
    -7.0950       -88.20681
    -6.9450       -90.54139
    -6.7950       -92.85990
    -6.6450       -95.09967
    -6.4950       -97.40918
    -6.3450       -99.67872
    -6.1950      -101.95949
    -6.0450      -104.24913
    -5.8950      -106.57457
    -5.7450      -108.90914
    -5.5950      -111.18099
    -5.4450      -113.47443
    -5.2950      -115.78255
    -5.1450      -118.12804
    -4.9950      -120.53635
    -4.8450      -122.93554
    -4.6950      -125.35094
    -4.5450      -127.83821
    -4.3950      -130.32490
    -4.2450      -132.94766
    -4.0950      -135.62696
    -3.9450      -138.43914
    -3.7950      -141.31766
    -3.6450      -144.31258
    -3.4950      -147.42144
    -3.3450      -150.64333
    -3.1950      -153.96920
    -3.0450      -157.42287
    -2.8950      -161.07260
    -2.7450      -164.90780
    -2.5950      -168.95903
    -2.4450      -173.24365
    -2.2950      -177.85788
    -2.1450      -182.86813
    -1.9950      -188.40489
    -1.8450      -194.66187
    -1.6950      -201.86445
    -1.5450      -210.11507
    -1.3950      -219.41967
    -1.2450      -229.65603
    -1.0950      -240.78603
   -0.94500      -252.46215
   -0.79500      -264.61850
   -0.64500      -277.35403
   -0.49500      -291.17581
   -0.34500      -307.62967
   -0.22700      -314.04149
   -0.21300      -314.85073
   -0.20700      -315.67350
   -0.20100      -316.50405
   -0.19500      -317.35056
   -0.18900      -318.20597
   -0.18300      -319.07946
   -0.17700      -319.97181
   -0.17100      -320.87400
   -0.16500      -321.79764
   -0.15900      -322.74058
   -0.15300      -323.70566
   -0.14700      -324.68806
   -0.14100      -325.69419
   -0.13500      -326.72605
   -0.12900      -327.78759
   -0.12300      -328.87871
   -0.11700      -330.00390
   -0.11100      -331.17203
   -0.10500      -332.37701
   -0.99000E-01  -333.63112
   -0.93000E-01  -334.93708
   -0.87000E-01  -336.30484
   -0.81000E-01  -337.74297
   -0.75000E-01  -339.26742
   -0.69000E-01  -340.89330
   -0.63000E-01  -342.63875
   -0.57000E-01  -344.54030
   -0.51000E-01  -346.64195
   -0.45000E-01  -349.01377
   -0.39000E-01  -351.72175
   -0.33000E-01  -354.86880
   -0.27000E-01  -358.61009
   -0.21300E-01  -361.63067
   -0.19500E-01  -362.11484
   -0.18900E-01  -362.61117
   -0.18300E-01  -363.12021
   -0.17700E-01  -363.64422
   -0.17100E-01  -364.18303
   -0.16500E-01  -364.73706
   -0.15900E-01  -365.30890
   -0.15300E-01  -365.89998
   -0.14700E-01  -366.50840
   -0.14100E-01  -367.13708
   -0.13500E-01  -367.78751
   -0.12900E-01  -368.45912
   -0.12300E-01  -369.15540
   -0.11700E-01  -369.87458
   -0.11100E-01  -370.61798
   -0.10500E-01  -371.38543
   -0.99000E-02  -372.17766
   -0.93000E-02  -372.99498
   -0.87000E-02  -373.83638
   -0.81000E-02  -374.70078
   -0.75000E-02  -375.58647
   -0.69000E-02  -376.49127
   -0.63000E-02  -377.41046
   -0.57000E-02  -378.33635
   -0.51000E-02  -379.25872
   -0.45000E-02  -380.16205
   -0.39000E-02  -381.03076
   -0.33000E-02  -381.84768
   -0.27000E-02  -382.59084
   -0.21000E-02  -383.21880
   -0.15000E-02  -383.69407
   -0.90000E-03  -383.99001
   -0.30000E-03  -384.09027
    0.30000E-03  -383.99002
    0.90000E-03  -383.69424
    0.15000E-02  -383.21864
    0.21000E-02  -382.59014
    0.27000E-02  -381.84787
    0.33000E-02  -381.03208
    0.39000E-02  -380.16866
    0.45000E-02  -379.27671
    0.51000E-02  -378.37422
    0.57000E-02  -377.47416
    0.63000E-02  -376.58032
    0.69000E-02  -375.70291
    0.75000E-02  -374.84090
    0.81000E-02  -373.99469
    0.87000E-02  -373.16779
    0.93000E-02  -372.36288
    0.99000E-02  -371.57902
    0.10500E-01  -370.81936
    0.11100E-01  -370.08253
    0.11700E-01  -369.36848
    0.12300E-01  -368.67611
    0.12900E-01  -368.00840
    0.13500E-01  -367.36331
    0.14100E-01  -366.73883
    0.14700E-01  -366.13469
    0.15300E-01  -365.54848
    0.15900E-01  -364.97978
    0.16500E-01  -364.42953
    0.17100E-01  -363.89430
    0.17700E-01  -363.37420
    0.18300E-01  -362.86727
    0.18900E-01  -362.37493
    0.19500E-01  -361.89458
    0.21300E-01  -358.89868
    0.27000E-01  -355.20545
    0.33000E-01  -352.11850
    0.39000E-01  -349.47912
    0.45000E-01  -347.19329
    0.51000E-01  -345.18290
    0.57000E-01  -343.38457
    0.63000E-01  -341.75570
    0.69000E-01  -340.26214
    0.75000E-01  -338.87953
    0.81000E-01  -337.59952
    0.87000E-01  -336.39765
    0.93000E-01  -335.26388
    0.99000E-01  -334.19932
    0.10500      -333.19567
    0.11100      -332.23816
    0.11700      -331.32744
    0.12300      -330.46039
    0.12900      -329.63414
    0.13500      -328.83576
    0.14100      -328.07354
    0.14700      -327.33822
    0.15300      -326.63713
    0.15900      -325.95928
    0.16500      -325.30294
    0.17100      -324.66942
    0.17700      -324.05663
    0.18300      -323.46794
    0.18900      -322.89328
    0.19500      -322.33612
    0.20100      -321.79514
    0.20700      -321.26833
    0.21300      -320.76282
    0.22700      -317.03745
    0.34500      -309.43261
    0.49500      -304.55762
    0.64500      -300.82171
    0.79500      -297.67900
    0.94500      -294.91504
     1.0950      -292.46501
     1.2450      -290.20174
     1.3950      -288.13540
     1.5450      -286.22255
     1.6950      -284.44235
     1.8450      -282.78581
     1.9950      -281.26136
     2.1450      -279.83707
     2.2950      -278.51132
     2.4450      -277.28473
     2.5950      -276.16873
     2.7450      -275.11817
     2.8950      -274.13890
     3.0450      -273.26787
     3.1950      -272.45918
     3.3450      -271.69626
     3.4950      -270.96743
     3.6450      -270.29405
     3.7950      -269.62661
     3.9450      -269.03717
     4.0950      -268.47406
     4.2450      -267.96484
     4.3950      -267.47975
     4.5450      -267.00369
     4.6950      -266.55558
     4.8450      -266.12285
     4.9950      -265.70210
     5.1450      -265.31360
     5.2950      -264.93074
     5.4450      -264.54516
     5.5950      -264.17780
     5.7450      -263.81173
     5.8950      -263.46916
     6.0450      -263.12326
     6.1950      -262.79589
     6.3450      -262.46827
     6.4950      -262.14697
     6.6450      -261.84890
     6.7950      -261.54686
     6.9450      -261.25867
     7.0950      -260.97481
     7.2450      -260.68987
     7.3950      -260.40319
     7.5450      -260.13182
     7.6950      -259.86897
     7.8450      -259.60392
     7.9950      -259.35133
     8.1450      -259.09545
     8.2950      -258.85536
     8.4450      -258.61334
     8.5950      -258.37437
     8.7450      -258.14157
     8.8950      -257.91504
     9.0450      -257.68714
     9.1950      -257.46375
     9.3450      -257.24723
     9.4950      -257.03898
     9.6450      -256.82123
     9.7950      -256.60973
     9.9450      -256.39797
     10.095      -256.18903
     10.245      -255.99099
     10.395      -255.79588
     10.545      -255.60110
     10.695      -255.40312
     10.845      -255.21059
     10.995      -255.01601
     11.145      -254.83373
     11.295      -254.64555
     11.445      -254.45984
     11.595      -254.27462
     11.745      -254.09405
     11.895      -253.91436
     12.045      -253.74003
     12.195      -253.56522
     12.345      -253.40591
     12.495      -253.23863
     12.645      -253.07581
     12.795      -252.91268
     12.945      -252.75190
     13.095      -252.58956
     13.245      -252.43574
     13.395      -252.28262
     13.545      -252.13213
     13.695      -251.97718
     13.845      -251.82562
     13.995      -251.67945
     14.145      -251.53152
     14.295      -251.38557
     14.445      -251.23929
     14.595      -251.09080
     14.745      -250.95002
     14.895      -250.80601
     15.045      -250.66841
     15.195      -250.53149
     15.345      -250.39588
     15.495      -250.26291
     15.645      -250.12251
     15.795      -249.99223
     15.945      -249.85861
     16.095      -249.73386
     16.245      -249.60414
     16.395      -249.47332
     16.545      -249.34531
     16.695      -249.21448
     16.845      -249.08629
     16.995      -248.96304
     17.145      -248.84191
     17.295      -248.72428
     17.445      -248.60594
     17.595      -248.48343
     17.745      -248.36834
     17.895      -248.25250
     18.045      -248.13462
     18.195      -248.01477
     18.345      -247.89875
     18.495      -247.78673
     18.645      -247.67521
     18.795      -247.56265
     18.945      -247.44935
     19.095      -247.33676
     19.245      -247.22692
     19.395      -247.11622
     19.545      -247.00656
     19.695      -246.90212
     19.845      -246.80045
     19.995      -246.68909
     20.145      -246.58502
     20.295      -246.47727
     20.445      -246.37709
     20.595      -246.27466
     20.745      -246.17333
     20.895      -246.07055
     21.045      -245.97102
     21.195      -245.87402
     21.345      -245.77737
     21.495      -245.67965
     21.645      -245.58057
     21.795      -245.48479
     21.945      -245.38717
     22.095      -245.29400
     22.245      -245.19680
     22.395      -245.10423
     22.545      -245.00803
     22.695      -244.91260
     22.845      -244.81798
     22.995      -244.72287
     23.145      -244.63062
     23.295      -244.53974
     23.445      -244.44870
     23.595      -244.35971
     23.745      -244.27230
     23.895      -244.18069
     24.045      -244.08939
     24.195      -244.00151
     24.345      -243.91498
     24.495      -243.82940
     24.645      -243.74190
     24.795      -243.65689
     24.945      -243.56821
     25.095      -243.48020
     25.245      -243.39740
     25.395      -243.31252
     25.545      -243.22734
     25.695      -243.14521
     25.845      -243.06540
     25.995      -242.98166
     26.145      -242.89739
     26.295      -242.81647
     26.445      -242.73402
     26.595      -242.65210
     26.745      -242.57009
     26.895      -242.48797
     27.045      -242.41001
     27.195      -242.33821
     27.345      -242.26320
     27.495      -242.18600
     27.645      -242.10905
     27.795      -242.03303
     27.945      -241.95809
     28.095      -241.88846
     28.245      -241.81721
     28.395      -241.74465
     28.545      -241.66840
     28.695      -241.59324
     28.845      -241.51535
     28.995      -241.44042
     29.145      -241.36662
     29.295      -241.29691
     29.445      -241.22108
     29.595      -241.14899
     29.745      -241.07826
     29.895      -241.00075
     30.045      -240.92845
     30.195      -240.85643
     30.345      -240.78681
     30.495      -240.71629
     30.645      -240.64507
     30.795      -240.57279
     30.945      -240.50521
     31.095      -240.43668
     31.245      -240.36812
     31.395      -240.30264
     31.545      -240.23456
     31.695      -240.16604
     31.845      -240.09657
     31.995      -240.02926
     32.145      -239.96254
     32.295      -239.89597
     32.445      -239.83246
     32.595      -239.76405
     32.745      -239.69982
     32.895      -239.63377
     33.045      -239.56492
     33.195      -239.50188
     33.345      -239.43718
     33.495      -239.37492
     33.645      -239.30828
     33.795      -239.24449
     33.945      -239.17843
     34.095      -239.11831
     34.245      -239.05657
     34.395      -238.99511
     34.545      -238.93275
     34.695      -238.87050
     34.845      -238.80772
     34.995      -238.74580
     35.145      -238.68456
     35.295      -238.62478
     35.445      -238.56238
     35.595      -238.50171
     35.745      -238.44129
     35.895      -238.37956
     36.045      -238.31873
     36.195      -238.26171
     36.345      -238.20154
     36.495      -238.14012
     36.645      -238.08172
     36.795      -238.02491
     36.945      -237.97021
     37.095      -237.91320
     37.245      -237.85557
     37.395      -237.79674
     37.545      -237.73940
     37.695      -237.68560
     37.845      -237.62707
     37.995      -237.57228
     38.145      -237.51470
     38.295      -237.45918
     38.445      -237.40387
     38.595      -237.34858
     38.745      -237.29366
     38.895      -237.23858
     39.045      -237.18407
     39.195      -237.12744
     39.345      -237.07152
     39.495      -237.01746
     39.645      -236.96378
     39.795      -236.91405
     39.945      -236.86124
     40.095      -236.81109
     40.245      -236.75564
     40.395      -236.70266
     40.545      -236.65031
     40.695      -236.59640
     40.845      -236.54599
     40.995      -236.49333
     41.145      -236.43978
     41.295      -236.38827
     41.445      -236.33587
     41.595      -236.28455
     41.745      -236.23282
     41.895      -236.18102
     42.045      -236.12987
     42.195      -236.07944
     42.345      -236.03227
     42.495      -235.98157
     42.645      -235.93401
     42.795      -235.88452
     42.945      -235.83653
     43.095      -235.78772
     43.245      -235.73638
     43.395      -235.68448
     43.545      -235.63799
     43.695      -235.58663
     43.845      -235.53717
     43.995      -235.48862
     44.145      -235.44047
     44.295      -235.39431
     44.445      -235.34614
     44.595      -235.29576
     44.745      -235.24766
     44.895      -235.19840
     45.045      -235.15183
     45.195      -235.10549
     45.345      -235.05720
     45.495      -235.00753
     45.645      -234.96321
     45.795      -234.91740
     45.945      -234.87147
     46.095      -234.82410
     46.245      -234.77892
     46.395      -234.73268
     46.545      -234.68495
     46.695      -234.64092
     46.845      -234.59740
     46.995      -234.55072
     47.145      -234.50655
     47.295      -234.46081
     47.445      -234.41601
     47.595      -234.37001
     47.745      -234.32554
     47.895      -234.27928
     48.045      -234.23415
     48.195      -234.18789
     48.345      -234.14409
     48.495      -234.09784
     48.645      -234.05532
     48.795      -234.00957
     48.945      -233.96669
     49.095      -233.92496
     49.245      -233.88084
     49.395      -233.83719
     49.545      -233.79410
     49.695      -233.75026
     49.845      -233.70962
     49.995      -233.66902
     50.145      -233.62577
     50.295      -233.58227
     50.445      -233.54134
     50.595      -233.49673
     50.745      -233.45433
     50.895      -233.41266
     51.045      -233.37045
     51.195      -233.32818
     51.345      -233.28513
     51.495      -233.24575
     51.645      -233.20553
     51.795      -233.16520
     51.945      -233.12494
     52.095      -233.08370
     52.245      -233.04564
     52.395      -233.00335
     52.545      -232.96300
     52.695      -232.92208
     52.845      -232.88205
     52.995      -232.84134
     53.145      -232.80170
     53.295      -232.76229
     53.445      -232.72136
     53.595      -232.68602
     53.745      -232.64514
     53.895      -232.60709
     54.045      -232.56680
     54.195      -232.52846
     54.345      -232.49095
     54.495      -232.44984
     54.645      -232.40986
     54.795      -232.36913
     54.945      -232.32979
     55.095      -232.28738
     59.433      -229.23222
     80.646      -224.67673
     111.21      -220.13729
     153.36      -215.63310
     211.49      -211.17997
     291.64      -206.79319
     402.18      -202.46923
     554.60      -198.18079
     764.80      -193.98069
     1054.7      -189.85806
     1454.4      -185.84243
     2005.6      -181.90626
     2765.8      -178.08278
     3814.0      -174.33614
     5259.5      -170.67824
     7252.9      -167.12141
     10002.      -163.66461
     13793.      -160.29560
     19020.      -157.02575
     26229.      -153.86466
     36170.      -150.80928
     49878.      -147.87674
     68782.      -145.05853
     94851.      -142.36342
    0.13080E+06  -139.77538
    0.18038E+06  -137.29802
    0.24874E+06  -134.93659
    0.34301E+06  -132.69107
    0.47302E+06  -130.54159
    0.65229E+06  -128.49299
    0.89952E+06  -126.53598
    0.12404E+07  -124.67220
    0.17106E+07  -122.89239
    0.23589E+07  -121.19938
    0.32529E+07  -119.59241
    0.44858E+07  -118.04716
    0.61860E+07  -116.57209
    0.85305E+07  -115.17540
    0.11764E+08  -113.83964
    0.16222E+08  -112.56331
    0.22370E+08  -111.35777
    0.30849E+08  -110.20990
    0.42541E+08  -109.11920
    0.58664E+08  -108.10254
    0.80898E+08  -107.16250
    0.11156E+09  -106.28600
    0.15384E+09  -105.46174
    0.21215E+09  -104.69428
    0.29255E+09  -103.97636
    0.40343E+09  -103.30327
    0.55633E+09  -102.67485
    0.76719E+09  -102.10627
    0.10580E+10  -101.58376
    0.14589E+10  -101.10499
    0.20119E+10  -100.66402
    0.27744E+10  -100.25607
    0.38259E+10   -99.88068
    0.52760E+10   -99.53385
    0.72756E+10   -99.21242
    0.10033E+11   -98.91703
    0.13836E+11   -98.64502
    0.19079E+11   -98.39244
    0.26311E+11   -98.16150
    0.36283E+11   -97.94921
    0.50034E+11   -97.75518
    0.68997E+11   -97.57309
    0.10000E+12   -95.39594
