    -159.95         0.00000
    -159.79         0.00000
    -159.65         0.00000
    -159.49         0.00000
    -159.34         0.00000
    -159.20         0.00000
    -159.04         0.00000
    -158.90         0.00000
    -158.74         0.00000
    -158.59         0.00000
    -158.45         0.00000
    -158.29         0.00000
    -158.15         0.00000
    -157.99         0.00000
    -157.84         0.00000
    -157.70         0.00000
    -157.54         0.00000
    -157.40         0.00000
    -157.24         0.00000
    -157.09         0.00000
    -156.95         0.00000
    -156.79         0.00000
    -156.65         0.00000
    -156.49         0.00000
    -156.34         0.00000
    -156.20         0.00000
    -156.04         0.00000
    -155.90         0.00000
    -155.74         0.00000
    -155.59         0.00000
    -155.45         0.00000
    -155.29         0.00000
    -155.15         0.00000
    -154.99         0.00000
    -154.84         0.00000
    -154.70         0.00000
    -154.54         0.00000
    -154.40         0.00000
    -154.24         0.00000
    -154.09         0.00000
    -153.95         0.00000
    -153.79         0.00000
    -153.65         0.00000
    -153.49         0.00000
    -153.34         0.00000
    -153.20         0.00000
    -153.04         0.00000
    -152.90         0.00000
    -152.74         0.00000
    -152.59         0.00000
    -152.45         0.00000
    -152.29         0.00000
    -152.15         0.00000
    -151.99         0.00000
    -151.84         0.00000
    -151.70         0.00000
    -151.54         0.00000
    -151.40         0.00000
    -151.24         0.00000
    -151.09         0.00000
    -150.95         0.00000
    -150.79         0.00000
    -150.65         0.00000
    -150.49         0.00000
    -150.34         0.00000
    -150.20         0.00000
    -150.04         0.00000
    -149.90         0.00000
    -149.74         0.00000
    -149.59         0.00000
    -149.45         0.00000
    -149.29         0.00000
    -149.15         0.00000
    -148.99         0.00000
    -148.84         0.00000
    -148.70         0.00000
    -148.54         0.00000
    -148.40         0.00000
    -148.24         0.00000
    -148.09         0.00000
    -147.95         0.00000
    -147.79         0.00000
    -147.65         0.00000
    -147.49         0.00000
    -147.34         0.00000
    -147.20         0.00000
    -147.04         0.00000
    -146.90         0.00000
    -146.74         0.00000
    -146.59         0.00000
    -146.45         0.00000
    -146.29         0.00000
    -146.15         0.00000
    -145.99         0.00000
    -145.84         0.00000
    -145.70         0.00000
    -145.54         0.00000
    -145.40         0.00000
    -145.24         0.00000
    -145.09         0.00000
    -144.95         0.00000
    -144.79         0.00000
    -144.65         0.00000
    -144.49         0.00000
    -144.34         0.00000
    -144.20         0.00000
    -144.04         0.00000
    -143.90         0.00000
    -143.74         0.00000
    -143.59         0.00000
    -143.45         0.00000
    -143.29         0.00000
    -143.15         0.00000
    -142.99         0.00000
    -142.84         0.00000
    -142.70         0.00000
    -142.54         0.00000
    -142.40         0.00000
    -142.24         0.00000
    -142.09         0.00000
    -141.95         0.00000
    -141.79         0.00000
    -141.65         0.00000
    -141.49         0.00000
    -141.34         0.00000
    -141.20         0.00000
    -141.04         0.00000
    -140.90         0.00000
    -140.74         0.00000
    -140.59         0.00000
    -140.45         0.00000
    -140.29         0.00000
    -140.15         0.00000
    -139.99         0.00000
    -139.84         0.00000
    -139.70         0.00000
    -139.54         0.00000
    -139.40         0.00000
    -139.24         0.00000
    -139.09         0.00000
    -138.95         0.00000
    -138.79         0.00000
    -138.65         0.00000
    -138.49         0.00000
    -138.34         0.00000
    -138.20         0.00000
    -138.04         0.00000
    -137.90         0.00000
    -137.74         0.00000
    -137.59         0.00000
    -137.45         0.00000
    -137.29         0.00000
    -137.15         0.00000
    -136.99         0.00000
    -136.84         0.00000
    -136.70         0.00000
    -136.54         0.00000
    -136.40         0.00000
    -136.24         0.00000
    -136.09         0.00000
    -135.95         0.00000
    -135.79         0.00000
    -135.65         0.00000
    -135.49         0.00000
    -135.34         0.00000
    -135.20         0.00000
    -135.04         0.00000
    -134.90         0.00000
    -134.74         0.00000
    -134.59         0.00000
    -134.45         0.00000
    -134.29         0.00000
    -134.15         0.00000
    -133.99         0.00000
    -133.84         0.00000
    -133.70         0.00000
    -133.54         0.00000
    -133.40         0.00000
    -133.24         0.00000
    -133.09         0.00000
    -132.95         0.00000
    -132.79         0.00000
    -132.65         0.00000
    -132.49         0.00000
    -132.34         0.00000
    -132.20         0.00000
    -132.04         0.00000
    -131.90         0.00000
    -131.74         0.00000
    -131.59         0.00000
    -131.45         0.00000
    -131.29         0.00000
    -131.15         0.00000
    -130.99         0.00000
    -130.84         0.00000
    -130.70         0.00000
    -130.54         0.00000
    -130.40         0.00000
    -130.24         0.00000
    -130.09         0.00000
    -129.95         0.00000
    -129.79         0.00000
    -129.65         0.00000
    -129.49         0.00000
    -129.34         0.00000
    -129.20         0.00000
    -129.04         0.00000
    -128.90         0.00000
    -128.74         0.00000
    -128.59         0.00000
    -128.45         0.00000
    -128.29         0.00000
    -128.15         0.00000
    -127.99         0.00000
    -127.85         0.00000
    -127.69         0.00000
    -127.55         0.00000
    -127.39         0.00000
    -127.25         0.00000
    -127.10         0.00000
    -126.94         0.00000
    -126.80         0.00000
    -126.64         0.00000
    -126.50         0.00000
    -126.35         0.00000
    -126.19         0.00000
    -126.05         0.00000
    -125.89         0.00000
    -125.75         0.00000
    -125.60         0.00000
    -125.44         0.00000
    -125.30         0.00000
    -125.14         0.00000
    -125.00         0.00000
    -124.85         0.00000
    -124.69         0.00000
    -124.55         0.00000
    -124.39         0.00000
    -124.25         0.00000
    -124.10         0.00000
    -123.94         0.00000
    -123.80         0.00000
    -123.64         0.00000
    -123.50         0.00000
    -123.35         0.00000
    -123.19         0.00000
    -123.05         0.00000
    -122.89         0.00000
    -122.75         0.00000
    -122.60         0.00000
    -122.44         0.00000
    -122.30         0.00000
    -122.14         0.00000
    -122.00         0.00000
    -121.85         0.00000
    -121.69         0.00000
    -121.55         0.00000
    -121.39         0.00000
    -121.25         0.00000
    -121.10         0.00000
    -120.94         0.00000
    -120.80         0.00000
    -120.64         0.00000
    -120.50         0.00000
    -120.35         0.00000
    -120.19         0.00000
    -120.05         0.00000
    -119.89         0.00000
    -119.75         0.00000
    -119.60         0.00000
    -119.44         0.00000
    -119.30         0.00000
    -119.14         0.00000
    -119.00         0.00000
    -118.85         0.00000
    -118.69         0.00000
    -118.55         0.00000
    -118.39         0.00000
    -118.25         0.00000
    -118.10         0.00000
    -117.94         0.00000
    -117.80         0.00000
    -117.64         0.00000
    -117.50         0.00000
    -117.35         0.00000
    -117.19         0.00000
    -117.05         0.00000
    -116.89         0.00000
    -116.75         0.00000
    -116.60         0.00000
    -116.44         0.00000
    -116.30         0.00000
    -116.14         0.00000
    -116.00         0.00000
    -115.85         0.00000
    -115.69         0.00000
    -115.55         0.00000
    -115.39         0.00000
    -115.25         0.00000
    -115.10         0.00000
    -114.94         0.00000
    -114.80         0.00000
    -114.64         0.00000
    -114.50         0.00000
    -114.35         0.00000
    -114.19         0.00000
    -114.05         0.00000
    -113.89         0.00000
    -113.75         0.00000
    -113.60         0.00000
    -113.44         0.00000
    -113.30         0.00000
    -113.14         0.00000
    -113.00         0.00000
    -112.85         0.00000
    -112.69         0.00000
    -112.55         0.00000
    -112.39         0.00000
    -112.25         0.00000
    -112.10         0.00000
    -111.94         0.00000
    -111.80         0.00000
    -111.64         0.00000
    -111.50         0.00000
    -111.35         0.00000
    -111.19         0.00000
    -111.05         0.00000
    -110.89         0.00000
    -110.75         0.00000
    -110.60         0.00000
    -110.44         0.00000
    -110.30         0.00000
    -110.14         0.00000
    -110.00         0.00000
    -109.85         0.00000
    -109.69         0.00000
    -109.55         0.00000
    -109.39         0.00000
    -109.25         0.00000
    -109.10         0.00000
    -108.94         0.00000
    -108.80         0.00000
    -108.64         0.00000
    -108.50         0.00000
    -108.35         0.00000
    -108.19         0.00000
    -108.05         0.00000
    -107.89         0.00000
    -107.75         0.00000
    -107.60         0.00000
    -107.44         0.00000
    -107.30         0.00000
    -107.14         0.00000
    -107.00         0.00000
    -106.85         0.00000
    -106.69         0.00000
    -106.55         0.00000
    -106.39         0.00000
    -106.25         0.00000
    -106.10         0.00000
    -105.94         0.00000
    -105.80         0.00000
    -105.64         0.00000
    -105.50         0.00000
    -105.35         0.00000
    -105.19         0.00000
    -105.05         0.00000
    -104.89         0.00000
    -104.75         0.00000
    -104.60         0.00000
    -104.44         0.00000
    -104.30         0.00000
    -104.14         0.00000
    -104.00         0.00000
    -103.85         0.00000
    -103.69         0.00000
    -103.55         0.00000
    -103.39         0.00000
    -103.25         0.00000
    -103.10         0.00000
    -102.94         0.00000
    -102.80         0.00000
    -102.64         0.00000
    -102.50         0.00000
    -102.35         0.00000
    -102.19         0.00000
    -102.05         0.00000
    -101.89         0.00000
    -101.75         0.00000
    -101.60         0.00000
    -101.44         0.00000
    -101.30         0.00000
    -101.14         0.00000
    -101.00         0.00000
    -100.85         0.00000
    -100.69         0.00000
    -100.55         0.00000
    -100.39         0.00000
    -100.25         0.00000
    -100.10         0.00000
    -99.945         0.00000
    -99.795         0.00000
    -99.645         0.00000
    -99.495         0.00000
    -99.345         0.00000
    -99.195         0.00000
    -99.045         0.00000
    -98.895         0.00000
    -98.745         0.00000
    -98.595         0.00000
    -98.445         0.00000
    -98.295         0.00000
    -98.145         0.00000
    -97.995         0.00000
    -97.845         0.00000
    -97.695         0.00000
    -97.545         0.00000
    -97.395         0.00000
    -97.245         0.00000
    -97.095         0.00000
    -96.945         0.00000
    -96.795         0.00000
    -96.645         0.00000
    -96.495         0.00000
    -96.345         0.00000
    -96.195         0.00000
    -96.045         0.00000
    -95.895         0.00000
    -95.745         0.00000
    -95.595         0.00000
    -95.445         0.00000
    -95.295         0.00000
    -95.145         0.00000
    -94.995         0.00000
    -94.845         0.00000
    -94.695         0.00000
    -94.545         0.00000
    -94.395         0.00000
    -94.245         0.00000
    -94.095         0.00000
    -93.945         0.00000
    -93.795         0.00000
    -93.645         0.00000
    -93.495         0.00000
    -93.345         0.00000
    -93.195         0.00000
    -93.045         0.00000
    -92.895         0.00000
    -92.745         0.00000
    -92.595         0.00000
    -92.445         0.00000
    -92.295         0.00000
    -92.145         0.00000
    -91.995         0.00000
    -91.845         0.00000
    -91.695         0.00000
    -91.545         0.00000
    -91.395         0.00000
    -91.245         0.00000
    -91.095         0.00000
    -90.945         0.00000
    -90.795         0.00000
    -90.645         0.00000
    -90.495         0.00000
    -90.345         0.00000
    -90.195         0.00000
    -90.045         0.00000
    -89.895         0.00000
    -89.745         0.00000
    -89.595         0.00000
    -89.445         0.00000
    -89.295         0.00000
    -89.145         0.00000
    -88.995         0.00000
    -88.845         0.00000
    -88.695         0.00000
    -88.545         0.00000
    -88.395         0.00000
    -88.245         0.00000
    -88.095         0.00000
    -87.945         0.00000
    -87.795         0.00000
    -87.645         0.00000
    -87.495         0.00000
    -87.345         0.00000
    -87.195         0.00000
    -87.045         0.00000
    -86.895         0.00000
    -86.745         0.00000
    -86.595         0.00000
    -86.445         0.00000
    -86.295         0.00000
    -86.145         0.00000
    -85.995         0.00000
    -85.845         0.00000
    -85.695         0.00000
    -85.545         0.00000
    -85.395         0.00000
    -85.245         0.00000
    -85.095         0.00000
    -84.945         0.00000
    -84.795         0.00000
    -84.645         0.00000
    -84.495         0.00000
    -84.345         0.00000
    -84.195         0.00000
    -84.045         0.00000
    -83.895         0.00000
    -83.745         0.00000
    -83.595         0.00000
    -83.445         0.00000
    -83.295         0.00000
    -83.145         0.00000
    -82.995         0.00000
    -82.845         0.00000
    -82.695         0.00000
    -82.545         0.00000
    -82.395         0.00000
    -82.245         0.00000
    -82.095         0.00000
    -81.945         0.00000
    -81.795         0.00000
    -81.645         0.00000
    -81.495         0.00000
    -81.345         0.00000
    -81.195         0.00000
    -81.045         0.00000
    -80.895         0.00000
    -80.745         0.00000
    -80.595         0.00000
    -80.445         0.00000
    -80.295         0.00000
    -80.145         0.00000
    -79.995         0.00000
    -79.845         0.00000
    -79.695         0.00000
    -79.545         0.00000
    -79.395         0.00000
    -79.245         0.00000
    -79.095         0.00000
    -78.945         0.00000
    -78.795         0.00000
    -78.645         0.00000
    -78.495         0.00000
    -78.345         0.00000
    -78.195         0.00000
    -78.045         0.00000
    -77.895         0.00000
    -77.745         0.00000
    -77.595         0.00000
    -77.445         0.00000
    -77.295         0.00000
    -77.145         0.00000
    -76.995         0.00000
    -76.845         0.00000
    -76.695         0.00000
    -76.545         0.00000
    -76.395         0.00000
    -76.245         0.00000
    -76.095         0.00000
    -75.945         0.00000
    -75.795         0.00000
    -75.645         0.00000
    -75.495         0.00000
    -75.345         0.00000
    -75.195         0.00000
    -75.045         0.00000
    -74.895         0.00000
    -74.745         0.00000
    -74.595         0.00000
    -74.445         0.00000
    -74.295         0.00000
    -74.145         0.00000
    -73.995         0.00000
    -73.845         0.00000
    -73.695         0.00000
    -73.545         0.00000
    -73.395         0.00000
    -73.245         0.00000
    -73.095         0.00000
    -72.945         0.00000
    -72.795         0.00000
    -72.645         0.00000
    -72.495         0.00000
    -72.345         0.00000
    -72.195         0.00000
    -72.045         0.00000
    -71.895         0.00000
    -71.745         0.00000
    -71.595         0.00000
    -71.445         0.00000
    -71.295         0.00000
    -71.145         0.00000
    -70.995         0.00000
    -70.845         0.00000
    -70.695         0.00000
    -70.545         0.00000
    -70.395         0.00000
    -70.245         0.00000
    -70.095         0.00000
    -69.945         0.00000
    -69.795         0.00000
    -69.645         0.00000
    -69.495         0.00000
    -69.345         0.00000
    -69.195         0.00000
    -69.045         0.00000
    -68.895         0.00000
    -68.745         0.00000
    -68.595         0.00000
    -68.445         0.00000
    -68.295         0.00000
    -68.145         0.00000
    -67.995         0.00000
    -67.845         0.00000
    -67.695         0.00000
    -67.545         0.00000
    -67.395         0.00000
    -67.245         0.00000
    -67.095         0.00000
    -66.945         0.00000
    -66.795         0.00000
    -66.645         0.00000
    -66.495         0.00000
    -66.345         0.00000
    -66.195         0.00000
    -66.045         0.00000
    -65.895         0.00000
    -65.745         0.00000
    -65.595         0.00000
    -65.445         0.00000
    -65.295         0.00000
    -65.145         0.00000
    -64.995         0.00000
    -64.845         0.00000
    -64.695         0.00000
    -64.545         0.00000
    -64.395         0.00000
    -64.245         0.00000
    -64.095         0.00000
    -63.945         0.00000
    -63.795         0.00000
    -63.645         0.00000
    -63.495         0.00000
    -63.345         0.00000
    -63.195         0.00000
    -63.045         0.00000
    -62.895         0.00000
    -62.745         0.00000
    -62.595         0.00000
    -62.445         0.00000
    -62.295         0.00000
    -62.145         0.00000
    -61.995         0.00000
    -61.845         0.00000
    -61.695         0.00000
    -61.545         0.00000
    -61.395         0.00000
    -61.245         0.00000
    -61.095         0.00000
    -60.945         0.00000
    -60.795         0.00000
    -60.645         0.00000
    -60.495         0.00000
    -60.345         0.00000
    -60.195         0.00000
    -60.045         0.00000
    -59.895         0.00000
    -59.745         0.00000
    -59.595         0.00000
    -59.445         0.00000
    -59.295         0.00000
    -59.145         0.00000
    -58.995         0.00000
    -58.845         0.00000
    -58.695         0.00000
    -58.545         0.00000
    -58.395         0.00000
    -58.245         0.00000
    -58.095         0.00000
    -57.945         0.00000
    -57.795         0.00000
    -57.645         0.00000
    -57.495         0.00000
    -57.345         0.00000
    -57.195         0.00000
    -57.045         0.00000
    -56.895         0.00000
    -56.745         0.00000
    -56.595         0.00000
    -56.445         0.00000
    -56.295         0.00000
    -56.145         0.00000
    -55.995         0.00000
    -55.845         0.00000
    -55.695         0.00000
    -55.545         0.00000
    -55.395         0.00000
    -55.245         0.00000
    -55.095         0.00000
    -54.945         0.00000
    -54.795         0.00000
    -54.645         0.00000
    -54.495         0.00000
    -54.345         0.00000
    -54.195         0.00000
    -54.045         0.00000
    -53.895         0.00000
    -53.745         0.00000
    -53.595         0.00000
    -53.445         0.00000
    -53.295         0.00000
    -53.145         0.00000
    -52.995         0.00000
    -52.845         0.00000
    -52.695         0.00000
    -52.545         0.00000
    -52.395         0.00000
    -52.245         0.00000
    -52.095         0.00000
    -51.945         0.00000
    -51.795         0.00000
    -51.645         0.00000
    -51.495         0.00000
    -51.345         0.00000
    -51.195         0.00000
    -51.045         0.00000
    -50.895         0.00000
    -50.745         0.00000
    -50.595         0.00000
    -50.445         0.00000
    -50.295         0.00000
    -50.145         0.00000
    -49.995         0.00000
    -49.845         0.00000
    -49.695         0.00000
    -49.545         0.00000
    -49.395         0.00000
    -49.245         0.00000
    -49.095         0.00000
    -48.945         0.00000
    -48.795         0.00000
    -48.645         0.00000
    -48.495         0.00000
    -48.345         0.00000
    -48.195         0.00000
    -48.045         0.00000
    -47.895         0.00000
    -47.745         0.00000
    -47.595         0.00000
    -47.445         0.00000
    -47.295         0.00000
    -47.145         0.00000
    -46.995         0.00000
    -46.845         0.00000
    -46.695         0.00000
    -46.545         0.00000
    -46.395         0.00000
    -46.245         0.00000
    -46.095         0.00000
    -45.945         0.00000
    -45.795         0.00000
    -45.645         0.00000
    -45.495         0.00000
    -45.345         0.00000
    -45.195         0.00000
    -45.045         0.00000
    -44.895         0.00000
    -44.745         0.00000
    -44.595         0.00000
    -44.445         0.00000
    -44.295         0.00000
    -44.145         0.00000
    -43.995         0.00000
    -43.845         0.00000
    -43.695         0.00000
    -43.545         0.00000
    -43.395         0.00000
    -43.245         0.00000
    -43.095         0.00000
    -42.945         0.00000
    -42.795         0.00000
    -42.645         0.00000
    -42.495         0.00000
    -42.345         0.00000
    -42.195         0.00000
    -42.045         0.00000
    -41.895         0.00000
    -41.745         0.00000
    -41.595         0.00000
    -41.445         0.00000
    -41.295         0.00000
    -41.145         0.00000
    -40.995         0.00000
    -40.845         0.00000
    -40.695         0.00000
    -40.545         0.00000
    -40.395         0.00000
    -40.245         0.00000
    -40.095         0.00000
    -39.945         0.00000
    -39.795         0.00000
    -39.645         0.00000
    -39.495         0.00000
    -39.345         0.00000
    -39.195         0.00000
    -39.045         0.00000
    -38.895         0.00000
    -38.745         0.00000
    -38.595         0.00000
    -38.445         0.00000
    -38.295         0.00000
    -38.145         0.00000
    -37.995         0.00000
    -37.845         0.00000
    -37.695         0.00000
    -37.545         0.00000
    -37.395         0.00000
    -37.245         0.00000
    -37.095         0.00000
    -36.945         0.00000
    -36.795         0.00000
    -36.645         0.00000
    -36.495         0.00000
    -36.345         0.00000
    -36.195         0.00000
    -36.045         0.00000
    -35.895         0.00000
    -35.745         0.00000
    -35.595         0.00000
    -35.445         0.00000
    -35.295         0.00000
    -35.145         0.00000
    -34.995         0.00000
    -34.845         0.00000
    -34.695         0.00000
    -34.545         0.00000
    -34.395         0.00000
    -34.245         0.00000
    -34.095         0.00000
    -33.945         0.00000
    -33.795         0.00000
    -33.645         0.00000
    -33.495         0.00000
    -33.345         0.00000
    -33.195         0.00000
    -33.045         0.00000
    -32.895         0.00000
    -32.745         0.00000
    -32.595         0.00000
    -32.445         0.00000
    -32.295         0.00000
    -32.145         0.00000
    -31.995         0.00000
    -31.845         0.00000
    -31.695         0.00000
    -31.545         0.00000
    -31.395         0.00000
    -31.245         0.00000
    -31.095         0.00000
    -30.945         0.00000
    -30.795         0.00000
    -30.645         0.00000
    -30.495         0.00000
    -30.345         0.00000
    -30.195         0.00000
    -30.045         0.00000
    -29.895         0.00000
    -29.745         0.00000
    -29.595         0.00000
    -29.445         0.00000
    -29.295         0.00000
    -29.145         0.00000
    -28.995         0.00000
    -28.845         0.00000
    -28.695         0.00000
    -28.545         0.00000
    -28.395         0.00000
    -28.245         0.00000
    -28.095         0.00000
    -27.945         0.00000
    -27.795         0.00000
    -27.645         0.00000
    -27.495         0.00000
    -27.345         0.00000
    -27.195         0.00000
    -27.045         0.00000
    -26.895         0.00000
    -26.745         0.00000
    -26.595         0.00000
    -26.445         0.00000
    -26.295         0.00000
    -26.145         0.00000
    -25.995         0.00000
    -25.845         0.00000
    -25.695         0.00000
    -25.545         0.00000
    -25.395         0.00000
    -25.245         0.00000
    -25.095         0.00000
    -24.945         0.00000
    -24.795         0.00000
    -24.645         0.00000
    -24.495         0.00000
    -24.345         0.00000
    -24.195         0.00000
    -24.045         0.00000
    -23.895         0.00000
    -23.745         0.00000
    -23.595         0.00000
    -23.445         0.00000
    -23.295         0.00000
    -23.145         0.00000
    -22.995         0.00000
    -22.845         0.00000
    -22.695         0.00000
    -22.545         0.00000
    -22.395         0.00000
    -22.245         0.00000
    -22.095         0.00000
    -21.945         0.00000
    -21.795         0.00000
    -21.645         0.00000
    -21.495         0.00000
    -21.345         0.00000
    -21.195         0.00000
    -21.045         0.00000
    -20.895         0.00000
    -20.745         0.00000
    -20.595         0.00000
    -20.445         0.00000
    -20.295         0.00000
    -20.145         0.00000
    -19.995         0.00000
    -19.845         0.00000
    -19.695         0.00000
    -19.545         0.00000
    -19.395         0.00000
    -19.245         0.00000
    -19.095         0.00000
    -18.945         0.00000
    -18.795         0.00000
    -18.645         0.00000
    -18.495         0.00000
    -18.345         0.00000
    -18.195         0.00000
    -18.045         0.00000
    -17.895         0.00000
    -17.745         0.00000
    -17.595         0.00000
    -17.445         0.00000
    -17.295         0.00000
    -17.145         0.00000
    -16.995         0.00000
    -16.845         0.00000
    -16.695         0.00000
    -16.545         0.00000
    -16.395         0.00000
    -16.245         0.00000
    -16.095         0.00000
    -15.945        -0.00113
    -15.795        -0.00676
    -15.645        -0.02580
    -15.495        -0.06817
    -15.345        -0.12880
    -15.195        -0.23803
    -15.045        -0.37609
    -14.895        -0.51328
    -14.745        -0.67693
    -14.595        -0.85020
    -14.445        -1.07386
    -14.295        -1.32634
    -14.145        -1.61822
    -13.995        -1.96956
    -13.845        -2.32037
    -13.695        -2.67199
    -13.545        -3.03429
    -13.395        -3.37113
    -13.245        -3.72972
    -13.095        -4.09466
    -12.945        -4.41643
    -12.795        -4.71919
    -12.645        -5.02390
    -12.495        -5.29704
    -12.345        -5.54771
    -12.195        -5.78330
    -12.045        -5.97828
    -11.895        -6.13988
    -11.745        -6.31992
    -11.595        -6.47115
    -11.445        -6.61006
    -11.295        -6.74650
    -11.145        -6.86526
    -10.995        -6.98885
    -10.845        -7.06672
    -10.695        -7.15644
    -10.545        -7.23585
    -10.395        -7.31844
    -10.245        -7.37381
    -10.095        -7.44536
    -9.9450        -7.50848
    -9.7950        -7.56385
    -9.6450        -7.63892
    -9.4950        -7.69972
    -9.3450        -7.77465
    -9.1950        -7.85439
    -9.0450        -7.92989
    -8.8950        -8.01676
    -8.7450        -8.11854
    -8.5950        -8.23753
    -8.4450        -8.36217
    -8.2950        -8.50793
    -8.1450        -8.67810
    -7.9950        -8.84615
    -7.8450        -9.03111
    -7.6950        -9.22727
    -7.5450        -9.44113
    -7.3950        -9.66493
    -7.2450        -9.94071
    -7.0950       -10.20351
    -6.9450       -10.48873
    -6.7950       -10.79918
    -6.6450       -11.10671
    -6.4950       -11.46240
    -6.3450       -11.82492
    -6.1950       -12.27272
    -6.0450       -12.71532
    -5.8950       -13.19811
    -5.7450       -13.69817
    -5.5950       -14.20818
    -5.4450       -14.74504
    -5.2950       -15.26534
    -5.1450       -15.78956
    -4.9950       -16.33664
    -4.8450       -16.85259
    -4.6950       -17.40773
    -4.5450       -17.93584
    -4.3950       -18.48370
    -4.2450       -19.04423
    -4.0950       -19.59458
    -3.9450       -20.14053
    -3.7950       -20.68526
    -3.6450       -21.26968
    -3.4950       -21.87030
    -3.3450       -22.51204
    -3.1950       -23.14358
    -3.0450       -23.82798
    -2.8950       -24.55372
    -2.7450       -25.28548
    -2.5950       -26.07153
    -2.4450       -26.91756
    -2.2950       -27.80523
    -2.1450       -28.75469
    -1.9950       -29.83096
    -1.8450       -31.04367
    -1.6950       -32.48073
    -1.5450       -34.16900
    -1.3950       -36.21072
    -1.2450       -38.61310
    -1.0950       -41.34567
   -0.94500       -44.33885
   -0.79500       -47.53923
   -0.64500       -50.95908
   -0.49500       -54.74411
   -0.34500       -59.46969
   -0.22700       -61.42605
   -0.21300       -61.67786
   -0.20700       -61.93428
   -0.20100       -62.19928
   -0.19500       -62.47093
   -0.18900       -62.74302
   -0.18300       -63.02336
   -0.17700       -63.30918
   -0.17100       -63.60312
   -0.16500       -63.90416
   -0.15900       -64.21353
   -0.15300       -64.53177
   -0.14700       -64.85809
   -0.14100       -65.19434
   -0.13500       -65.54261
   -0.12900       -65.90321
   -0.12300       -66.27590
   -0.11700       -66.66061
   -0.11100       -67.06321
   -0.10500       -67.48626
   -0.99000E-01   -67.92772
   -0.93000E-01   -68.38979
   -0.87000E-01   -68.87724
   -0.81000E-01   -69.38975
   -0.75000E-01   -69.93544
   -0.69000E-01   -70.52288
   -0.63000E-01   -71.15379
   -0.57000E-01   -71.84224
   -0.51000E-01   -72.60228
   -0.45000E-01   -73.45294
   -0.39000E-01   -74.42716
   -0.33000E-01   -75.56696
   -0.27000E-01   -76.95812
   -0.21300E-01   -78.12035
   -0.19500E-01   -78.31094
   -0.18900E-01   -78.50669
   -0.18300E-01   -78.70899
   -0.17700E-01   -78.91833
   -0.17100E-01   -79.13503
   -0.16500E-01   -79.35958
   -0.15900E-01   -79.59279
   -0.15300E-01   -79.83545
   -0.14700E-01   -80.08833
   -0.14100E-01   -80.35279
   -0.13500E-01   -80.62976
   -0.12900E-01   -80.92049
   -0.12300E-01   -81.22662
   -0.11700E-01   -81.55153
   -0.11100E-01   -81.89682
   -0.10500E-01   -82.26556
   -0.99000E-02   -82.65970
   -0.93000E-02   -83.08198
   -0.87000E-02   -83.53419
   -0.81000E-02   -84.02092
   -0.75000E-02   -84.54520
   -0.69000E-02   -85.11070
   -0.63000E-02   -85.71947
   -0.57000E-02   -86.37644
   -0.51000E-02   -87.08508
   -0.45000E-02   -87.85146
   -0.39000E-02   -88.68367
   -0.33000E-02   -89.59875
   -0.27000E-02   -90.59863
   -0.21000E-02   -91.63087
   -0.15000E-02   -92.58087
   -0.90000E-03   -93.25624
   -0.30000E-03   -93.52519
    0.30000E-03   -93.32666
    0.90000E-03   -92.68662
    0.15000E-02   -91.74145
    0.21000E-02   -90.71000
    0.27000E-02   -89.71133
    0.33000E-02   -88.79688
    0.39000E-02   -87.96558
    0.45000E-02   -87.20010
    0.51000E-02   -86.49201
    0.57000E-02   -85.83613
    0.63000E-02   -85.22771
    0.69000E-02   -84.66268
    0.75000E-02   -84.13822
    0.81000E-02   -83.65258
    0.87000E-02   -83.19988
    0.93000E-02   -82.77905
    0.99000E-02   -82.38580
    0.10500E-01   -82.01874
    0.11100E-01   -81.67360
    0.11700E-01   -81.34995
    0.12300E-01   -81.04429
    0.12900E-01   -80.75460
    0.13500E-01   -80.47905
    0.14100E-01   -80.21573
    0.14700E-01   -79.96372
    0.15300E-01   -79.72312
    0.15900E-01   -79.49063
    0.16500E-01   -79.26698
    0.17100E-01   -79.05169
    0.17700E-01   -78.84353
    0.18300E-01   -78.64170
    0.18900E-01   -78.44652
    0.19500E-01   -78.25811
    0.21300E-01   -77.10313
    0.27000E-01   -75.72533
    0.33000E-01   -74.60291
    0.39000E-01   -73.65422
    0.45000E-01   -72.82779
    0.51000E-01   -72.09954
    0.57000E-01   -71.44504
    0.63000E-01   -70.85353
    0.69000E-01   -70.31207
    0.75000E-01   -69.81537
    0.81000E-01   -69.35612
    0.87000E-01   -68.92832
    0.93000E-01   -68.52906
    0.99000E-01   -68.15322
    0.10500       -67.79920
    0.11100       -67.46522
    0.11700       -67.14892
    0.12300       -66.85067
    0.12900       -66.56638
    0.13500       -66.29290
    0.14100       -66.03391
    0.14700       -65.78580
    0.15300       -65.54775
    0.15900       -65.31839
    0.16500       -65.09740
    0.17100       -64.88701
    0.17700       -64.68350
    0.18300       -64.48648
    0.18900       -64.29632
    0.19500       -64.11616
    0.20100       -63.94137
    0.20700       -63.77196
    0.21300       -63.60956
    0.22700       -62.43045
    0.34500       -60.13038
    0.49500       -58.68956
    0.64500       -57.60467
    0.79500       -56.71016
    0.94500       -55.94139
     1.0950       -55.25540
     1.2450       -54.64338
     1.3950       -54.08032
     1.5450       -53.56361
     1.6950       -53.08413
     1.8450       -52.65917
     1.9950       -52.26158
     2.1450       -51.89773
     2.2950       -51.55514
     2.4450       -51.23465
     2.5950       -50.97147
     2.7450       -50.70639
     2.8950       -50.47418
     3.0450       -50.26115
     3.1950       -50.07230
     3.3450       -49.89493
     3.4950       -49.72740
     3.6450       -49.56767
     3.7950       -49.43048
     3.9450       -49.30149
     4.0950       -49.18761
     4.2450       -49.07497
     4.3950       -48.95566
     4.5450       -48.85124
     4.6950       -48.74661
     4.8450       -48.65677
     4.9950       -48.56431
     5.1450       -48.47653
     5.2950       -48.39676
     5.4450       -48.31473
     5.5950       -48.23623
     5.7450       -48.15675
     5.8950       -48.07872
     6.0450       -48.00292
     6.1950       -47.93208
     6.3450       -47.86390
     6.4950       -47.79417
     6.6450       -47.72442
     6.7950       -47.65728
     6.9450       -47.59573
     7.0950       -47.53371
     7.2450       -47.47129
     7.3950       -47.41099
     7.5450       -47.35418
     7.6950       -47.29775
     7.8450       -47.24479
     7.9950       -47.18621
     8.1450       -47.13271
     8.2950       -47.08041
     8.4450       -47.03001
     8.5950       -46.98043
     8.7450       -46.93177
     8.8950       -46.88444
     9.0450       -46.83704
     9.1950       -46.78912
     9.3450       -46.74105
     9.4950       -46.69485
     9.6450       -46.64897
     9.7950       -46.60280
     9.9450       -46.55742
     10.095       -46.51205
     10.245       -46.47046
     10.395       -46.42861
     10.545       -46.38673
     10.695       -46.34432
     10.845       -46.30256
     10.995       -46.26152
     11.145       -46.22357
     11.295       -46.18566
     11.445       -46.14571
     11.595       -46.10990
     11.745       -46.07110
     11.895       -46.03391
     12.045       -45.99673
     12.195       -45.96160
     12.345       -45.92415
     12.495       -45.88871
     12.645       -45.85413
     12.795       -45.82040
     12.945       -45.78560
     13.095       -45.75082
     13.245       -45.71673
     13.395       -45.68360
     13.545       -45.64691
     13.695       -45.61543
     13.845       -45.58340
     13.995       -45.54973
     14.145       -45.51781
     14.295       -45.48521
     14.445       -45.45653
     14.595       -45.42444
     14.745       -45.39391
     14.895       -45.36334
     15.045       -45.33521
     15.195       -45.30724
     15.345       -45.27848
     15.495       -45.24935
     15.645       -45.22038
     15.795       -45.19280
     15.945       -45.16533
     16.095       -45.13786
     16.245       -45.11024
     16.395       -45.08368
     16.545       -45.05483
     16.695       -45.02736
     16.845       -45.00212
     16.995       -44.97592
     17.145       -44.95010
     17.295       -44.92481
     17.445       -44.89996
     17.595       -44.87458
     17.745       -44.85075
     17.895       -44.82548
     18.045       -44.80123
     18.195       -44.77695
     18.345       -44.75322
     18.495       -44.73012
     18.645       -44.70608
     18.795       -44.68386
     18.945       -44.66171
     19.095       -44.63864
     19.245       -44.61573
     19.395       -44.59311
     19.545       -44.57031
     19.695       -44.54786
     19.845       -44.52516
     19.995       -44.50416
     20.145       -44.47963
     20.295       -44.45743
     20.445       -44.43586
     20.595       -44.41258
     20.745       -44.39168
     20.895       -44.37112
     21.045       -44.35019
     21.195       -44.32999
     21.345       -44.30938
     21.495       -44.28884
     21.645       -44.26955
     21.795       -44.25017
     21.945       -44.23049
     22.095       -44.21112
     22.245       -44.19099
     22.395       -44.17129
     22.545       -44.15108
     22.695       -44.13259
     22.845       -44.11473
     22.995       -44.09494
     23.145       -44.07540
     23.295       -44.05624
     23.445       -44.03874
     23.595       -44.01993
     23.745       -44.00191
     23.895       -43.98401
     24.045       -43.96649
     24.195       -43.94721
     24.345       -43.92922
     24.495       -43.91225
     24.645       -43.89401
     24.795       -43.87644
     24.945       -43.85761
     25.095       -43.84097
     25.245       -43.82412
     25.395       -43.80713
     25.545       -43.79020
     25.695       -43.77231
     25.845       -43.75577
     25.995       -43.73938
     26.145       -43.72325
     26.295       -43.70788
     26.445       -43.69198
     26.595       -43.67501
     26.745       -43.65701
     26.895       -43.64054
     27.045       -43.62418
     27.195       -43.60866
     27.345       -43.59255
     27.495       -43.57713
     27.645       -43.56162
     27.795       -43.54628
     27.945       -43.53051
     28.095       -43.51456
     28.245       -43.49843
     28.395       -43.48229
     28.545       -43.46685
     28.695       -43.45254
     28.845       -43.43778
     28.995       -43.42280
     29.145       -43.40747
     29.295       -43.39249
     29.445       -43.37811
     29.595       -43.36272
     29.745       -43.34760
     29.895       -43.33296
     30.045       -43.31832
     30.195       -43.30362
     30.345       -43.28973
     30.495       -43.27576
     30.645       -43.26124
     30.795       -43.24714
     30.945       -43.23372
     31.095       -43.22047
     31.245       -43.20753
     31.395       -43.19434
     31.545       -43.17993
     31.695       -43.16512
     31.845       -43.15046
     31.995       -43.13696
     32.145       -43.12407
     32.295       -43.11112
     32.445       -43.09829
     32.595       -43.08432
     32.745       -43.07002
     32.895       -43.05725
     33.045       -43.04345
     33.195       -43.02924
     33.345       -43.01613
     33.495       -43.00327
     33.645       -42.99019
     33.795       -42.97753
     33.945       -42.96515
     34.095       -42.95269
     34.245       -42.94032
     34.395       -42.92786
     34.545       -42.91520
     34.695       -42.90287
     34.845       -42.88920
     34.995       -42.87642
     35.145       -42.86449
     35.295       -42.85273
     35.445       -42.83949
     35.595       -42.82776
     35.745       -42.81649
     35.895       -42.80473
     36.045       -42.79323
     36.195       -42.78096
     36.345       -42.76903
     36.495       -42.75743
     36.645       -42.74579
     36.795       -42.73354
     36.945       -42.72094
     37.095       -42.70981
     37.245       -42.69946
     37.395       -42.68891
     37.545       -42.67706
     37.695       -42.66515
     37.845       -42.65433
     37.995       -42.64334
     38.145       -42.63185
     38.295       -42.62059
     38.445       -42.60793
     38.595       -42.59684
     38.745       -42.58605
     38.895       -42.57534
     39.045       -42.56474
     39.195       -42.55390
     39.345       -42.54186
     39.495       -42.53090
     39.645       -42.52047
     39.795       -42.50960
     39.945       -42.49939
     40.095       -42.48866
     40.245       -42.47815
     40.395       -42.46686
     40.545       -42.45645
     40.695       -42.44469
     40.845       -42.43455
     40.995       -42.42443
     41.145       -42.41437
     41.295       -42.40437
     41.445       -42.39441
     41.595       -42.38367
     41.745       -42.37273
     41.895       -42.36360
     42.045       -42.35369
     42.195       -42.34372
     42.345       -42.33367
     42.495       -42.32322
     42.645       -42.31311
     42.795       -42.30400
     42.945       -42.29376
     43.095       -42.28404
     43.245       -42.27512
     43.395       -42.26497
     43.545       -42.25522
     43.695       -42.24526
     43.845       -42.23500
     43.995       -42.22566
     44.145       -42.21593
     44.295       -42.20683
     44.445       -42.19740
     44.595       -42.18772
     44.745       -42.17861
     44.895       -42.16849
     45.045       -42.15890
     45.195       -42.14848
     45.345       -42.13907
     45.495       -42.12995
     45.645       -42.12103
     45.795       -42.11194
     45.945       -42.10204
     46.095       -42.09281
     46.245       -42.08195
     46.395       -42.07339
     46.545       -42.06426
     46.695       -42.05533
     46.845       -42.04650
     46.995       -42.03715
     47.145       -42.02857
     47.295       -42.02008
     47.445       -42.01188
     47.595       -42.00320
     47.745       -41.99402
     47.895       -41.98483
     48.045       -41.97660
     48.195       -41.96765
     48.345       -41.95878
     48.495       -41.95043
     48.645       -41.94235
     48.795       -41.93371
     48.945       -41.92421
     49.095       -41.91544
     49.245       -41.90635
     49.395       -41.89800
     49.545       -41.88950
     49.695       -41.88165
     49.845       -41.87302
     49.995       -41.86452
     50.145       -41.85604
     50.295       -41.84777
     50.445       -41.83998
     50.595       -41.83203
     50.745       -41.82323
     50.895       -41.81532
     51.045       -41.80687
     51.195       -41.79881
     51.345       -41.79085
     51.495       -41.78236
     51.645       -41.77413
     51.795       -41.76562
     51.945       -41.75785
     52.095       -41.75006
     52.245       -41.74255
     52.395       -41.73473
     52.545       -41.72617
     52.695       -41.71776
     52.845       -41.70999
     52.995       -41.70160
     53.145       -41.69348
     53.295       -41.68551
     53.445       -41.67661
     53.595       -41.66838
     53.745       -41.66057
     53.895       -41.65274
     54.045       -41.64441
     54.195       -41.63684
     54.345       -41.62895
     54.495       -41.62142
     54.645       -41.61297
     54.795       -41.60524
     54.945       -41.59803
     55.095       -41.59083
     59.433       -40.98122
     80.646       -40.09256
     111.21       -39.22291
     153.36       -38.37052
     211.49       -37.53772
     291.64       -36.72475
     402.18       -35.94169
     554.60       -35.17727
     764.80       -34.42866
     1054.7       -33.70173
     1454.4       -32.99582
     2005.6       -32.30866
     2765.8       -31.64389
     3814.0       -30.99222
     5259.5       -30.36336
     7252.9       -29.75455
     10002.       -29.16470
     13793.       -28.58864
     19020.       -28.02952
     26229.       -27.48488
     36170.       -26.96278
     49878.       -26.45531
     68782.       -25.97239
     94851.       -25.51229
    0.13080E+06   -25.06766
    0.18038E+06   -24.64217
    0.24874E+06   -24.23835
    0.34301E+06   -23.85128
    0.47302E+06   -23.48259
    0.65229E+06   -23.13143
    0.89952E+06   -22.79727
    0.12404E+07   -22.47818
    0.17106E+07   -22.17319
    0.23589E+07   -21.88383
    0.32529E+07   -21.60675
    0.44858E+07   -21.34366
    0.61860E+07   -21.09385
    0.85305E+07   -20.85451
    0.11764E+08   -20.62887
    0.16222E+08   -20.41283
    0.22370E+08   -20.20587
    0.30849E+08   -20.00890
    0.42541E+08   -19.82163
    0.58664E+08   -19.64783
    0.80898E+08   -19.48737
    0.11156E+09   -19.33722
    0.15384E+09   -19.19869
    0.21215E+09   -19.06664
    0.29255E+09   -18.94376
    0.40343E+09   -18.82890
    0.55633E+09   -18.71902
    0.76719E+09   -18.62084
    0.10580E+10   -18.53319
    0.14589E+10   -18.45151
    0.20119E+10   -18.37513
    0.27744E+10   -18.30606
    0.38259E+10   -18.24260
    0.52760E+10   -18.18313
    0.72756E+10   -18.12815
    0.10033E+11   -18.07805
    0.13836E+11   -18.03084
    0.19079E+11   -17.98734
    0.26311E+11   -17.94767
    0.36283E+11   -17.91143
    0.50034E+11   -17.87691
    0.68997E+11   -17.84494
    0.10000E+12   -17.47237
