    -159.95         0.00000
    -159.79         0.00000
    -159.65         0.00000
    -159.49         0.00000
    -159.34         0.00000
    -159.20         0.00000
    -159.04         0.00000
    -158.90         0.00000
    -158.74         0.00000
    -158.59         0.00000
    -158.45         0.00000
    -158.29         0.00000
    -158.15         0.00000
    -157.99         0.00000
    -157.84         0.00000
    -157.70         0.00000
    -157.54         0.00000
    -157.40         0.00000
    -157.24         0.00000
    -157.09         0.00000
    -156.95         0.00000
    -156.79         0.00000
    -156.65         0.00000
    -156.49         0.00000
    -156.34         0.00000
    -156.20         0.00000
    -156.04         0.00000
    -155.90         0.00000
    -155.74         0.00000
    -155.59         0.00000
    -155.45         0.00000
    -155.29         0.00000
    -155.15         0.00000
    -154.99         0.00000
    -154.84         0.00000
    -154.70         0.00000
    -154.54         0.00000
    -154.40         0.00000
    -154.24         0.00000
    -154.09         0.00000
    -153.95         0.00000
    -153.79         0.00000
    -153.65         0.00000
    -153.49         0.00000
    -153.34         0.00000
    -153.20         0.00000
    -153.04         0.00000
    -152.90         0.00000
    -152.74         0.00000
    -152.59         0.00000
    -152.45         0.00000
    -152.29         0.00000
    -152.15         0.00000
    -151.99         0.00000
    -151.84         0.00000
    -151.70         0.00000
    -151.54         0.00000
    -151.40         0.00000
    -151.24         0.00000
    -151.09         0.00000
    -150.95         0.00000
    -150.79         0.00000
    -150.65         0.00000
    -150.49         0.00000
    -150.34         0.00000
    -150.20         0.00000
    -150.04         0.00000
    -149.90         0.00000
    -149.74         0.00000
    -149.59         0.00000
    -149.45         0.00000
    -149.29         0.00000
    -149.15         0.00000
    -148.99         0.00000
    -148.84         0.00000
    -148.70         0.00000
    -148.54         0.00000
    -148.40         0.00000
    -148.24         0.00000
    -148.09         0.00000
    -147.95         0.00000
    -147.79         0.00000
    -147.65         0.00000
    -147.49         0.00000
    -147.34         0.00000
    -147.20         0.00000
    -147.04         0.00000
    -146.90         0.00000
    -146.74         0.00000
    -146.59         0.00000
    -146.45         0.00000
    -146.29         0.00000
    -146.15         0.00000
    -145.99         0.00000
    -145.84         0.00000
    -145.70         0.00000
    -145.54         0.00000
    -145.40         0.00000
    -145.24         0.00000
    -145.09         0.00000
    -144.95         0.00000
    -144.79         0.00000
    -144.65         0.00000
    -144.49         0.00000
    -144.34         0.00000
    -144.20         0.00000
    -144.04         0.00000
    -143.90         0.00000
    -143.74         0.00000
    -143.59         0.00000
    -143.45         0.00000
    -143.29         0.00000
    -143.15         0.00000
    -142.99         0.00000
    -142.84         0.00000
    -142.70         0.00000
    -142.54         0.00000
    -142.40         0.00000
    -142.24         0.00000
    -142.09         0.00000
    -141.95         0.00000
    -141.79         0.00000
    -141.65         0.00000
    -141.49         0.00000
    -141.34         0.00000
    -141.20         0.00000
    -141.04         0.00000
    -140.90         0.00000
    -140.74         0.00000
    -140.59         0.00000
    -140.45         0.00000
    -140.29         0.00000
    -140.15         0.00000
    -139.99         0.00000
    -139.84         0.00000
    -139.70         0.00000
    -139.54         0.00000
    -139.40         0.00000
    -139.24         0.00000
    -139.09         0.00000
    -138.95         0.00000
    -138.79         0.00000
    -138.65         0.00000
    -138.49         0.00000
    -138.34         0.00000
    -138.20         0.00000
    -138.04         0.00000
    -137.90         0.00000
    -137.74         0.00000
    -137.59         0.00000
    -137.45         0.00000
    -137.29         0.00000
    -137.15         0.00000
    -136.99         0.00000
    -136.84         0.00000
    -136.70         0.00000
    -136.54         0.00000
    -136.40         0.00000
    -136.24         0.00000
    -136.09         0.00000
    -135.95         0.00000
    -135.79         0.00000
    -135.65         0.00000
    -135.49         0.00000
    -135.34         0.00000
    -135.20         0.00000
    -135.04         0.00000
    -134.90         0.00000
    -134.74         0.00000
    -134.59         0.00000
    -134.45         0.00000
    -134.29         0.00000
    -134.15         0.00000
    -133.99         0.00000
    -133.84         0.00000
    -133.70         0.00000
    -133.54         0.00000
    -133.40         0.00000
    -133.24         0.00000
    -133.09         0.00000
    -132.95         0.00000
    -132.79         0.00000
    -132.65         0.00000
    -132.49         0.00000
    -132.34         0.00000
    -132.20         0.00000
    -132.04         0.00000
    -131.90         0.00000
    -131.74         0.00000
    -131.59         0.00000
    -131.45         0.00000
    -131.29         0.00000
    -131.15         0.00000
    -130.99         0.00000
    -130.84         0.00000
    -130.70         0.00000
    -130.54         0.00000
    -130.40         0.00000
    -130.24         0.00000
    -130.09         0.00000
    -129.95         0.00000
    -129.79         0.00000
    -129.65         0.00000
    -129.49         0.00000
    -129.34         0.00000
    -129.20         0.00000
    -129.04         0.00000
    -128.90         0.00000
    -128.74         0.00000
    -128.59         0.00000
    -128.45         0.00000
    -128.29         0.00000
    -128.15         0.00000
    -127.99         0.00000
    -127.85         0.00000
    -127.69         0.00000
    -127.55         0.00000
    -127.39         0.00000
    -127.25         0.00000
    -127.10         0.00000
    -126.94         0.00000
    -126.80         0.00000
    -126.64         0.00000
    -126.50         0.00000
    -126.35         0.00000
    -126.19         0.00000
    -126.05         0.00000
    -125.89         0.00000
    -125.75         0.00000
    -125.60         0.00000
    -125.44         0.00000
    -125.30         0.00000
    -125.14         0.00000
    -125.00         0.00000
    -124.85         0.00000
    -124.69         0.00000
    -124.55         0.00000
    -124.39         0.00000
    -124.25         0.00000
    -124.10         0.00000
    -123.94         0.00000
    -123.80         0.00000
    -123.64         0.00000
    -123.50         0.00000
    -123.35         0.00000
    -123.19         0.00000
    -123.05         0.00000
    -122.89         0.00000
    -122.75         0.00000
    -122.60         0.00000
    -122.44         0.00000
    -122.30         0.00000
    -122.14         0.00000
    -122.00         0.00000
    -121.85         0.00000
    -121.69         0.00000
    -121.55         0.00000
    -121.39         0.00000
    -121.25         0.00000
    -121.10         0.00000
    -120.94         0.00000
    -120.80         0.00000
    -120.64         0.00000
    -120.50         0.00000
    -120.35         0.00000
    -120.19         0.00000
    -120.05         0.00000
    -119.89         0.00000
    -119.75         0.00000
    -119.60         0.00000
    -119.44         0.00000
    -119.30         0.00000
    -119.14         0.00000
    -119.00         0.00000
    -118.85         0.00000
    -118.69         0.00000
    -118.55         0.00000
    -118.39         0.00000
    -118.25         0.00000
    -118.10         0.00000
    -117.94         0.00000
    -117.80         0.00000
    -117.64         0.00000
    -117.50         0.00000
    -117.35         0.00000
    -117.19         0.00000
    -117.05         0.00000
    -116.89         0.00000
    -116.75         0.00000
    -116.60         0.00000
    -116.44         0.00000
    -116.30         0.00000
    -116.14         0.00000
    -116.00         0.00000
    -115.85         0.00000
    -115.69         0.00000
    -115.55         0.00000
    -115.39         0.00000
    -115.25         0.00000
    -115.10         0.00000
    -114.94         0.00000
    -114.80         0.00000
    -114.64         0.00000
    -114.50         0.00000
    -114.35         0.00000
    -114.19         0.00000
    -114.05         0.00000
    -113.89         0.00000
    -113.75         0.00000
    -113.60         0.00000
    -113.44         0.00000
    -113.30         0.00000
    -113.14         0.00000
    -113.00         0.00000
    -112.85         0.00000
    -112.69         0.00000
    -112.55         0.00000
    -112.39         0.00000
    -112.25         0.00000
    -112.10         0.00000
    -111.94         0.00000
    -111.80         0.00000
    -111.64         0.00000
    -111.50         0.00000
    -111.35         0.00000
    -111.19         0.00000
    -111.05         0.00000
    -110.89         0.00000
    -110.75         0.00000
    -110.60         0.00000
    -110.44         0.00000
    -110.30         0.00000
    -110.14         0.00000
    -110.00         0.00000
    -109.85         0.00000
    -109.69         0.00000
    -109.55         0.00000
    -109.39         0.00000
    -109.25         0.00000
    -109.10         0.00000
    -108.94         0.00000
    -108.80         0.00000
    -108.64         0.00000
    -108.50         0.00000
    -108.35         0.00000
    -108.19         0.00000
    -108.05         0.00000
    -107.89         0.00000
    -107.75         0.00000
    -107.60         0.00000
    -107.44         0.00000
    -107.30         0.00000
    -107.14         0.00000
    -107.00         0.00000
    -106.85         0.00000
    -106.69         0.00000
    -106.55         0.00000
    -106.39         0.00000
    -106.25         0.00000
    -106.10         0.00000
    -105.94         0.00000
    -105.80         0.00000
    -105.64         0.00000
    -105.50         0.00000
    -105.35         0.00000
    -105.19         0.00000
    -105.05         0.00000
    -104.89         0.00000
    -104.75         0.00000
    -104.60         0.00000
    -104.44         0.00000
    -104.30         0.00000
    -104.14         0.00000
    -104.00         0.00000
    -103.85         0.00000
    -103.69         0.00000
    -103.55         0.00000
    -103.39         0.00000
    -103.25         0.00000
    -103.10         0.00000
    -102.94         0.00000
    -102.80         0.00000
    -102.64         0.00000
    -102.50         0.00000
    -102.35         0.00000
    -102.19         0.00000
    -102.05         0.00000
    -101.89         0.00000
    -101.75         0.00000
    -101.60         0.00000
    -101.44         0.00000
    -101.30         0.00000
    -101.14         0.00000
    -101.00         0.00000
    -100.85         0.00000
    -100.69         0.00000
    -100.55         0.00000
    -100.39         0.00000
    -100.25         0.00000
    -100.10         0.00000
    -99.945         0.00000
    -99.795         0.00000
    -99.645         0.00000
    -99.495         0.00000
    -99.345         0.00000
    -99.195         0.00000
    -99.045         0.00000
    -98.895         0.00000
    -98.745         0.00000
    -98.595         0.00000
    -98.445         0.00000
    -98.295         0.00000
    -98.145         0.00000
    -97.995         0.00000
    -97.845         0.00000
    -97.695         0.00000
    -97.545         0.00000
    -97.395         0.00000
    -97.245         0.00000
    -97.095         0.00000
    -96.945         0.00000
    -96.795         0.00000
    -96.645         0.00000
    -96.495         0.00000
    -96.345         0.00000
    -96.195         0.00000
    -96.045         0.00000
    -95.895         0.00000
    -95.745         0.00000
    -95.595         0.00000
    -95.445         0.00000
    -95.295         0.00000
    -95.145         0.00000
    -94.995         0.00000
    -94.845         0.00000
    -94.695         0.00000
    -94.545         0.00000
    -94.395         0.00000
    -94.245         0.00000
    -94.095         0.00000
    -93.945         0.00000
    -93.795         0.00000
    -93.645         0.00000
    -93.495         0.00000
    -93.345         0.00000
    -93.195         0.00000
    -93.045         0.00000
    -92.895         0.00000
    -92.745         0.00000
    -92.595         0.00000
    -92.445         0.00000
    -92.295         0.00000
    -92.145         0.00000
    -91.995         0.00000
    -91.845         0.00000
    -91.695         0.00000
    -91.545         0.00000
    -91.395         0.00000
    -91.245         0.00000
    -91.095         0.00000
    -90.945         0.00000
    -90.795         0.00000
    -90.645         0.00000
    -90.495         0.00000
    -90.345         0.00000
    -90.195         0.00000
    -90.045         0.00000
    -89.895         0.00000
    -89.745         0.00000
    -89.595         0.00000
    -89.445         0.00000
    -89.295         0.00000
    -89.145         0.00000
    -88.995         0.00000
    -88.845         0.00000
    -88.695         0.00000
    -88.545         0.00000
    -88.395         0.00000
    -88.245         0.00000
    -88.095         0.00000
    -87.945         0.00000
    -87.795         0.00000
    -87.645         0.00000
    -87.495         0.00000
    -87.345         0.00000
    -87.195         0.00000
    -87.045         0.00000
    -86.895         0.00000
    -86.745         0.00000
    -86.595         0.00000
    -86.445         0.00000
    -86.295         0.00000
    -86.145         0.00000
    -85.995         0.00000
    -85.845         0.00000
    -85.695         0.00000
    -85.545         0.00000
    -85.395         0.00000
    -85.245         0.00000
    -85.095         0.00000
    -84.945         0.00000
    -84.795         0.00000
    -84.645         0.00000
    -84.495         0.00000
    -84.345         0.00000
    -84.195         0.00000
    -84.045         0.00000
    -83.895         0.00000
    -83.745         0.00000
    -83.595         0.00000
    -83.445         0.00000
    -83.295         0.00000
    -83.145         0.00000
    -82.995         0.00000
    -82.845         0.00000
    -82.695         0.00000
    -82.545         0.00000
    -82.395         0.00000
    -82.245         0.00000
    -82.095         0.00000
    -81.945         0.00000
    -81.795         0.00000
    -81.645         0.00000
    -81.495         0.00000
    -81.345         0.00000
    -81.195         0.00000
    -81.045         0.00000
    -80.895         0.00000
    -80.745         0.00000
    -80.595         0.00000
    -80.445         0.00000
    -80.295         0.00000
    -80.145         0.00000
    -79.995         0.00000
    -79.845         0.00000
    -79.695         0.00000
    -79.545         0.00000
    -79.395         0.00000
    -79.245         0.00000
    -79.095         0.00000
    -78.945         0.00000
    -78.795         0.00000
    -78.645         0.00000
    -78.495         0.00000
    -78.345         0.00000
    -78.195         0.00000
    -78.045         0.00000
    -77.895         0.00000
    -77.745         0.00000
    -77.595         0.00000
    -77.445         0.00000
    -77.295         0.00000
    -77.145         0.00000
    -76.995         0.00000
    -76.845         0.00000
    -76.695         0.00000
    -76.545         0.00000
    -76.395         0.00000
    -76.245         0.00000
    -76.095         0.00000
    -75.945         0.00000
    -75.795         0.00000
    -75.645         0.00000
    -75.495         0.00000
    -75.345         0.00000
    -75.195         0.00000
    -75.045         0.00000
    -74.895         0.00000
    -74.745         0.00000
    -74.595         0.00000
    -74.445         0.00000
    -74.295         0.00000
    -74.145         0.00000
    -73.995         0.00000
    -73.845         0.00000
    -73.695         0.00000
    -73.545         0.00000
    -73.395         0.00000
    -73.245         0.00000
    -73.095         0.00000
    -72.945         0.00000
    -72.795         0.00000
    -72.645         0.00000
    -72.495         0.00000
    -72.345         0.00000
    -72.195         0.00000
    -72.045         0.00000
    -71.895         0.00000
    -71.745         0.00000
    -71.595         0.00000
    -71.445         0.00000
    -71.295         0.00000
    -71.145         0.00000
    -70.995         0.00000
    -70.845         0.00000
    -70.695         0.00000
    -70.545         0.00000
    -70.395         0.00000
    -70.245         0.00000
    -70.095         0.00000
    -69.945         0.00000
    -69.795         0.00000
    -69.645         0.00000
    -69.495         0.00000
    -69.345         0.00000
    -69.195         0.00000
    -69.045         0.00000
    -68.895         0.00000
    -68.745         0.00000
    -68.595         0.00000
    -68.445         0.00000
    -68.295         0.00000
    -68.145         0.00000
    -67.995         0.00000
    -67.845         0.00000
    -67.695         0.00000
    -67.545         0.00000
    -67.395         0.00000
    -67.245         0.00000
    -67.095         0.00000
    -66.945         0.00000
    -66.795         0.00000
    -66.645         0.00000
    -66.495         0.00000
    -66.345         0.00000
    -66.195         0.00000
    -66.045         0.00000
    -65.895         0.00000
    -65.745         0.00000
    -65.595         0.00000
    -65.445         0.00000
    -65.295         0.00000
    -65.145         0.00000
    -64.995         0.00000
    -64.845         0.00000
    -64.695         0.00000
    -64.545         0.00000
    -64.395         0.00000
    -64.245         0.00000
    -64.095         0.00000
    -63.945         0.00000
    -63.795         0.00000
    -63.645         0.00000
    -63.495         0.00000
    -63.345         0.00000
    -63.195         0.00000
    -63.045         0.00000
    -62.895         0.00000
    -62.745         0.00000
    -62.595         0.00000
    -62.445         0.00000
    -62.295         0.00000
    -62.145         0.00000
    -61.995         0.00000
    -61.845         0.00000
    -61.695         0.00000
    -61.545         0.00000
    -61.395         0.00000
    -61.245         0.00000
    -61.095         0.00000
    -60.945         0.00000
    -60.795         0.00000
    -60.645         0.00000
    -60.495         0.00000
    -60.345         0.00000
    -60.195         0.00000
    -60.045         0.00000
    -59.895         0.00000
    -59.745         0.00000
    -59.595         0.00000
    -59.445         0.00000
    -59.295         0.00000
    -59.145         0.00000
    -58.995         0.00000
    -58.845         0.00000
    -58.695         0.00000
    -58.545         0.00000
    -58.395         0.00000
    -58.245         0.00000
    -58.095         0.00000
    -57.945         0.00000
    -57.795         0.00000
    -57.645         0.00000
    -57.495         0.00000
    -57.345         0.00000
    -57.195         0.00000
    -57.045         0.00000
    -56.895         0.00000
    -56.745         0.00000
    -56.595         0.00000
    -56.445         0.00000
    -56.295         0.00000
    -56.145         0.00000
    -55.995         0.00000
    -55.845         0.00000
    -55.695         0.00000
    -55.545         0.00000
    -55.395         0.00000
    -55.245         0.00000
    -55.095         0.00000
    -54.945         0.00000
    -54.795         0.00000
    -54.645         0.00000
    -54.495         0.00000
    -54.345         0.00000
    -54.195         0.00000
    -54.045         0.00000
    -53.895         0.00000
    -53.745         0.00000
    -53.595         0.00000
    -53.445         0.00000
    -53.295         0.00000
    -53.145         0.00000
    -52.995         0.00000
    -52.845         0.00000
    -52.695         0.00000
    -52.545         0.00000
    -52.395         0.00000
    -52.245         0.00000
    -52.095         0.00000
    -51.945         0.00000
    -51.795         0.00000
    -51.645         0.00000
    -51.495         0.00000
    -51.345         0.00000
    -51.195         0.00000
    -51.045         0.00000
    -50.895         0.00000
    -50.745         0.00000
    -50.595         0.00000
    -50.445         0.00000
    -50.295         0.00000
    -50.145         0.00000
    -49.995         0.00000
    -49.845         0.00000
    -49.695         0.00000
    -49.545         0.00000
    -49.395         0.00000
    -49.245         0.00000
    -49.095         0.00000
    -48.945         0.00000
    -48.795         0.00000
    -48.645         0.00000
    -48.495         0.00000
    -48.345         0.00000
    -48.195         0.00000
    -48.045         0.00000
    -47.895         0.00000
    -47.745         0.00000
    -47.595         0.00000
    -47.445         0.00000
    -47.295         0.00000
    -47.145         0.00000
    -46.995         0.00000
    -46.845         0.00000
    -46.695         0.00000
    -46.545         0.00000
    -46.395         0.00000
    -46.245         0.00000
    -46.095         0.00000
    -45.945         0.00000
    -45.795         0.00000
    -45.645         0.00000
    -45.495         0.00000
    -45.345         0.00000
    -45.195         0.00000
    -45.045         0.00000
    -44.895         0.00000
    -44.745         0.00000
    -44.595         0.00000
    -44.445         0.00000
    -44.295         0.00000
    -44.145         0.00000
    -43.995         0.00000
    -43.845         0.00000
    -43.695         0.00000
    -43.545         0.00000
    -43.395         0.00000
    -43.245         0.00000
    -43.095         0.00000
    -42.945         0.00000
    -42.795         0.00000
    -42.645         0.00000
    -42.495         0.00000
    -42.345         0.00000
    -42.195         0.00000
    -42.045         0.00000
    -41.895         0.00000
    -41.745         0.00000
    -41.595         0.00000
    -41.445         0.00000
    -41.295         0.00000
    -41.145         0.00000
    -40.995         0.00000
    -40.845         0.00000
    -40.695         0.00000
    -40.545         0.00000
    -40.395         0.00000
    -40.245         0.00000
    -40.095         0.00000
    -39.945         0.00000
    -39.795         0.00000
    -39.645         0.00000
    -39.495         0.00000
    -39.345         0.00000
    -39.195         0.00000
    -39.045         0.00000
    -38.895         0.00000
    -38.745         0.00000
    -38.595         0.00000
    -38.445         0.00000
    -38.295         0.00000
    -38.145         0.00000
    -37.995         0.00000
    -37.845         0.00000
    -37.695         0.00000
    -37.545         0.00000
    -37.395         0.00000
    -37.245         0.00000
    -37.095         0.00000
    -36.945         0.00000
    -36.795         0.00000
    -36.645         0.00000
    -36.495         0.00000
    -36.345         0.00000
    -36.195         0.00000
    -36.045         0.00000
    -35.895         0.00000
    -35.745         0.00000
    -35.595         0.00000
    -35.445         0.00000
    -35.295         0.00000
    -35.145         0.00000
    -34.995         0.00000
    -34.845         0.00000
    -34.695         0.00000
    -34.545         0.00000
    -34.395         0.00000
    -34.245         0.00000
    -34.095         0.00000
    -33.945         0.00000
    -33.795         0.00000
    -33.645         0.00000
    -33.495         0.00000
    -33.345         0.00000
    -33.195         0.00000
    -33.045         0.00000
    -32.895         0.00000
    -32.745         0.00000
    -32.595         0.00000
    -32.445         0.00000
    -32.295         0.00000
    -32.145         0.00000
    -31.995         0.00000
    -31.845         0.00000
    -31.695         0.00000
    -31.545         0.00000
    -31.395         0.00000
    -31.245         0.00000
    -31.095         0.00000
    -30.945         0.00000
    -30.795         0.00000
    -30.645         0.00000
    -30.495         0.00000
    -30.345         0.00000
    -30.195         0.00000
    -30.045         0.00000
    -29.895         0.00000
    -29.745         0.00000
    -29.595         0.00000
    -29.445         0.00000
    -29.295         0.00000
    -29.145         0.00000
    -28.995         0.00000
    -28.845         0.00000
    -28.695         0.00000
    -28.545         0.00000
    -28.395         0.00000
    -28.245         0.00000
    -28.095         0.00000
    -27.945         0.00000
    -27.795         0.00000
    -27.645         0.00000
    -27.495         0.00000
    -27.345         0.00000
    -27.195         0.00000
    -27.045         0.00000
    -26.895         0.00000
    -26.745         0.00000
    -26.595         0.00000
    -26.445         0.00000
    -26.295         0.00000
    -26.145         0.00000
    -25.995         0.00000
    -25.845         0.00000
    -25.695         0.00000
    -25.545         0.00000
    -25.395         0.00000
    -25.245         0.00000
    -25.095         0.00000
    -24.945         0.00000
    -24.795         0.00000
    -24.645         0.00000
    -24.495         0.00000
    -24.345         0.00000
    -24.195         0.00000
    -24.045         0.00000
    -23.895         0.00000
    -23.745         0.00000
    -23.595         0.00000
    -23.445         0.00000
    -23.295         0.00000
    -23.145         0.00000
    -22.995         0.00000
    -22.845         0.00000
    -22.695         0.00000
    -22.545         0.00000
    -22.395         0.00000
    -22.245         0.00000
    -22.095         0.00000
    -21.945         0.00000
    -21.795         0.00000
    -21.645         0.00000
    -21.495         0.00000
    -21.345         0.00000
    -21.195         0.00000
    -21.045         0.00000
    -20.895         0.00000
    -20.745         0.00000
    -20.595         0.00000
    -20.445         0.00000
    -20.295         0.00000
    -20.145         0.00000
    -19.995         0.00000
    -19.845         0.00000
    -19.695         0.00000
    -19.545         0.00000
    -19.395         0.00000
    -19.245         0.00000
    -19.095         0.00000
    -18.945         0.00000
    -18.795         0.00000
    -18.645         0.00000
    -18.495         0.00000
    -18.345         0.00000
    -18.195         0.00000
    -18.045         0.00000
    -17.895         0.00000
    -17.745         0.00000
    -17.595         0.00000
    -17.445         0.00000
    -17.295         0.00000
    -17.145         0.00000
    -16.995         0.00000
    -16.845         0.00000
    -16.695         0.00000
    -16.545         0.00000
    -16.395         0.00000
    -16.245         0.00000
    -16.095        -0.01605
    -15.945        -0.08680
    -15.795        -0.23056
    -15.645        -0.44669
    -15.495        -0.66086
    -15.345        -0.94272
    -15.195        -1.27946
    -15.045        -1.61505
    -14.895        -1.95946
    -14.745        -2.29432
    -14.595        -2.58236
    -14.445        -2.88871
    -14.295        -3.20092
    -14.145        -3.46943
    -13.995        -3.72276
    -13.845        -3.94693
    -13.695        -4.13854
    -13.545        -4.29852
    -13.395        -4.44402
    -13.245        -4.60420
    -13.095        -4.72598
    -12.945        -4.81650
    -12.795        -4.91416
    -12.645        -4.98649
    -12.495        -5.05766
    -12.345        -5.11908
    -12.195        -5.19028
    -12.045        -5.27017
    -11.895        -5.38641
    -11.745        -5.51216
    -11.595        -5.65564
    -11.445        -5.83086
    -11.295        -6.01818
    -11.145        -6.25933
    -10.995        -6.55163
    -10.845        -6.87184
    -10.695        -7.24624
    -10.545        -7.65350
    -10.395        -8.02443
    -10.245        -8.42734
    -10.095        -8.82024
    -9.9450        -9.20522
    -9.7950        -9.59293
    -9.6450        -9.97471
    -9.4950       -10.35419
    -9.3450       -10.78108
    -9.1950       -11.16362
    -9.0450       -11.59687
    -8.8950       -12.01749
    -8.7450       -12.45666
    -8.5950       -12.94506
    -8.4450       -13.44264
    -8.2950       -13.97405
    -8.1450       -14.51965
    -7.9950       -15.06858
    -7.8450       -15.63568
    -7.6950       -16.22619
    -7.5450       -16.79602
    -7.3950       -17.39029
    -7.2450       -17.99065
    -7.0950       -18.63165
    -6.9450       -19.33704
    -6.7950       -20.07266
    -6.6450       -20.88771
    -6.4950       -21.75018
    -6.3450       -22.63606
    -6.1950       -23.58433
    -6.0450       -24.47941
    -5.8950       -25.43597
    -5.7450       -26.43321
    -5.5950       -27.43780
    -5.4450       -28.46594
    -5.2950       -29.50296
    -5.1450       -30.56931
    -4.9950       -31.57587
    -4.8450       -32.60937
    -4.6950       -33.62718
    -4.5450       -34.66459
    -4.3950       -35.67267
    -4.2450       -36.67223
    -4.0950       -37.68770
    -3.9450       -38.69109
    -3.7950       -39.72635
    -3.6450       -40.80992
    -3.4950       -41.88117
    -3.3450       -43.02520
    -3.1950       -44.18752
    -3.0450       -45.39794
    -2.8950       -46.70198
    -2.7450       -48.08952
    -2.5950       -49.60980
    -2.4450       -51.28564
    -2.2950       -53.19910
    -2.1450       -55.37788
    -1.9950       -57.88701
    -1.8450       -60.86809
    -1.6950       -64.20934
    -1.5450       -67.95676
    -1.3950       -72.05818
    -1.2450       -76.54219
    -1.0950       -81.26594
   -0.94500       -86.26370
   -0.79500       -91.49886
   -0.64500       -97.14824
   -0.49500      -103.59347
   -0.34500      -111.75545
   -0.22700      -115.10836
   -0.21300      -115.53837
   -0.20700      -115.97865
   -0.20100      -116.42626
   -0.19500      -116.88406
   -0.18900      -117.35128
   -0.18300      -117.82730
   -0.17700      -118.31426
   -0.17100      -118.81469
   -0.16500      -119.32989
   -0.15900      -119.85647
   -0.15300      -120.40025
   -0.14700      -120.95870
   -0.14100      -121.53570
   -0.13500      -122.13029
   -0.12900      -122.74714
   -0.12300      -123.38686
   -0.11700      -124.05722
   -0.11100      -124.74658
   -0.10500      -125.47145
   -0.99000E-01  -126.22967
   -0.93000E-01  -127.02708
   -0.87000E-01  -127.87190
   -0.81000E-01  -128.77065
   -0.75000E-01  -129.73029
   -0.69000E-01  -130.76323
   -0.63000E-01  -131.88044
   -0.57000E-01  -133.10664
   -0.51000E-01  -134.46603
   -0.45000E-01  -135.99792
   -0.39000E-01  -137.75633
   -0.33000E-01  -139.83282
   -0.27000E-01  -142.39517
   -0.21300E-01  -144.59586
   -0.19500E-01  -144.96209
   -0.18900E-01  -145.34031
   -0.18300E-01  -145.73225
   -0.17700E-01  -146.13687
   -0.17100E-01  -146.55680
   -0.16500E-01  -146.99226
   -0.15900E-01  -147.44263
   -0.15300E-01  -147.91185
   -0.14700E-01  -148.39619
   -0.14100E-01  -148.90073
   -0.13500E-01  -149.42450
   -0.12900E-01  -149.96920
   -0.12300E-01  -150.53681
   -0.11700E-01  -151.12848
   -0.11100E-01  -151.74577
   -0.10500E-01  -152.39038
   -0.99000E-02  -153.06112
   -0.93000E-02  -153.76091
   -0.87000E-02  -154.49094
   -0.81000E-02  -155.25060
   -0.75000E-02  -156.04243
   -0.69000E-02  -156.86928
   -0.63000E-02  -157.73754
   -0.57000E-02  -158.65662
   -0.51000E-02  -159.62427
   -0.45000E-02  -160.63258
   -0.39000E-02  -161.65934
   -0.33000E-02  -162.67825
   -0.27000E-02  -163.62734
   -0.21000E-02  -164.43512
   -0.15000E-02  -165.05087
   -0.90000E-03  -165.43808
   -0.30000E-03  -165.57465
    0.30000E-03  -165.45349
    0.90000E-03  -165.08015
    0.15000E-02  -164.47371
    0.21000E-02  -163.67215
    0.27000E-02  -162.72487
    0.33000E-02  -161.70596
    0.39000E-02  -160.67822
    0.45000E-02  -159.67067
    0.51000E-02  -158.70317
    0.57000E-02  -157.78589
    0.63000E-02  -156.91783
    0.69000E-02  -156.09060
    0.75000E-02  -155.29854
    0.81000E-02  -154.54005
    0.87000E-02  -153.81308
    0.93000E-02  -153.11488
    0.99000E-02  -152.44446
    0.10500E-01  -151.80201
    0.11100E-01  -151.18536
    0.11700E-01  -150.59467
    0.12300E-01  -150.02833
    0.12900E-01  -149.48418
    0.13500E-01  -148.96217
    0.14100E-01  -148.46052
    0.14700E-01  -147.97699
    0.15300E-01  -147.51166
    0.15900E-01  -147.06152
    0.16500E-01  -146.62804
    0.17100E-01  -146.21074
    0.17700E-01  -145.80634
    0.18300E-01  -145.41646
    0.18900E-01  -145.03990
    0.19500E-01  -144.67636
    0.21300E-01  -142.48765
    0.27000E-01  -139.94373
    0.33000E-01  -137.88962
    0.39000E-01  -136.15348
    0.45000E-01  -134.64590
    0.51000E-01  -133.31135
    0.57000E-01  -132.11349
    0.63000E-01  -131.02468
    0.69000E-01  -130.02745
    0.75000E-01  -129.11000
    0.81000E-01  -128.25561
    0.87000E-01  -127.45834
    0.93000E-01  -126.70938
    0.99000E-01  -126.00723
    0.10500      -125.34445
    0.11100      -124.71582
    0.11700      -124.11941
    0.12300      -123.55242
    0.12900      -123.01135
    0.13500      -122.49563
    0.14100      -122.00020
    0.14700      -121.52524
    0.15300      -121.06528
    0.15900      -120.62599
    0.16500      -120.20436
    0.17100      -119.79329
    0.17700      -119.40173
    0.18300      -119.02181
    0.18900      -118.65395
    0.19500      -118.29661
    0.20100      -117.95241
    0.20700      -117.61655
    0.21300      -117.28992
    0.22700      -114.90137
    0.34500      -110.06054
    0.49500      -107.14176
    0.64500      -105.12556
    0.79500      -103.61268
    0.94500      -102.38113
     1.0950      -101.30304
     1.2450      -100.34434
     1.3950       -99.47959
     1.5450       -98.69439
     1.6950       -97.98513
     1.8450       -97.35615
     1.9950       -96.78385
     2.1450       -96.25491
     2.2950       -95.77699
     2.4450       -95.35337
     2.5950       -94.95604
     2.7450       -94.62026
     2.8950       -94.29172
     3.0450       -93.99518
     3.1950       -93.73727
     3.3450       -93.47946
     3.4950       -93.24834
     3.6450       -93.02500
     3.7950       -92.81490
     3.9450       -92.62286
     4.0950       -92.44017
     4.2450       -92.24481
     4.3950       -92.06427
     4.5450       -91.90248
     4.6950       -91.73757
     4.8450       -91.58964
     4.9950       -91.44809
     5.1450       -91.29649
     5.2950       -91.15509
     5.4450       -91.02194
     5.5950       -90.89114
     5.7450       -90.76003
     5.8950       -90.63707
     6.0450       -90.50957
     6.1950       -90.39329
     6.3450       -90.27015
     6.4950       -90.15423
     6.6450       -90.03611
     6.7950       -89.92530
     6.9450       -89.81583
     7.0950       -89.71002
     7.2450       -89.60515
     7.3950       -89.50277
     7.5450       -89.40024
     7.6950       -89.30092
     7.8450       -89.20585
     7.9950       -89.11059
     8.1450       -89.01501
     8.2950       -88.92306
     8.4450       -88.83517
     8.5950       -88.74714
     8.7450       -88.65844
     8.8950       -88.57043
     9.0450       -88.48469
     9.1950       -88.40114
     9.3450       -88.31905
     9.4950       -88.23902
     9.6450       -88.15706
     9.7950       -88.07940
     9.9450       -88.00557
     10.095       -87.92587
     10.245       -87.85003
     10.395       -87.77570
     10.545       -87.69728
     10.695       -87.62091
     10.845       -87.55166
     10.995       -87.48294
     11.145       -87.41361
     11.295       -87.34852
     11.445       -87.28411
     11.595       -87.21508
     11.745       -87.15181
     11.895       -87.08643
     12.045       -87.01946
     12.195       -86.95714
     12.345       -86.89318
     12.495       -86.83076
     12.645       -86.77235
     12.795       -86.71244
     12.945       -86.64871
     13.095       -86.59066
     13.245       -86.52903
     13.395       -86.46901
     13.545       -86.41410
     13.695       -86.35435
     13.845       -86.29904
     13.995       -86.24315
     14.145       -86.18835
     14.295       -86.13356
     14.445       -86.07968
     14.595       -86.02643
     14.745       -85.97420
     14.895       -85.91800
     15.045       -85.86726
     15.195       -85.81720
     15.345       -85.76553
     15.495       -85.71206
     15.645       -85.66030
     15.795       -85.61164
     15.945       -85.55850
     16.095       -85.51067
     16.245       -85.46403
     16.395       -85.41593
     16.545       -85.36720
     16.695       -85.32206
     16.845       -85.27725
     16.995       -85.23165
     17.145       -85.18641
     17.295       -85.14191
     17.445       -85.09826
     17.595       -85.05310
     17.745       -85.00782
     17.895       -84.96566
     18.045       -84.92398
     18.195       -84.88115
     18.345       -84.83767
     18.495       -84.79403
     18.645       -84.75272
     18.795       -84.71215
     18.945       -84.67247
     19.095       -84.62989
     19.245       -84.58921
     19.395       -84.55149
     19.545       -84.51110
     19.695       -84.46986
     19.845       -84.43060
     19.995       -84.39252
     20.145       -84.35491
     20.295       -84.31755
     20.445       -84.28088
     20.595       -84.24373
     20.745       -84.20743
     20.895       -84.16908
     21.045       -84.13225
     21.195       -84.09526
     21.345       -84.05797
     21.495       -84.02063
     21.645       -83.98531
     21.795       -83.94805
     21.945       -83.91018
     22.095       -83.87376
     22.245       -83.83924
     22.395       -83.80563
     22.545       -83.76936
     22.695       -83.73500
     22.845       -83.70170
     22.995       -83.66664
     23.145       -83.63119
     23.295       -83.59785
     23.445       -83.56509
     23.595       -83.53256
     23.745       -83.50117
     23.895       -83.46719
     24.045       -83.43439
     24.195       -83.39926
     24.345       -83.36854
     24.495       -83.33414
     24.645       -83.30263
     24.795       -83.26997
     24.945       -83.23828
     25.095       -83.20713
     25.245       -83.17538
     25.395       -83.14579
     25.545       -83.11178
     25.695       -83.07995
     25.845       -83.04804
     25.995       -83.01855
     26.145       -82.98922
     26.295       -82.95976
     26.445       -82.92837
     26.595       -82.89860
     26.745       -82.86960
     26.895       -82.83921
     27.045       -82.80929
     27.195       -82.77909
     27.345       -82.75059
     27.495       -82.72019
     27.645       -82.69178
     27.795       -82.66269
     27.945       -82.63554
     28.095       -82.60831
     28.245       -82.57762
     28.395       -82.55067
     28.545       -82.52486
     28.695       -82.49719
     28.845       -82.47018
     28.995       -82.44424
     29.145       -82.41800
     29.295       -82.39098
     29.445       -82.36330
     29.595       -82.33296
     29.745       -82.30570
     29.895       -82.27753
     30.045       -82.25231
     30.195       -82.22537
     30.345       -82.19943
     30.495       -82.17478
     30.645       -82.15059
     30.795       -82.12480
     30.945       -82.09926
     31.095       -82.07422
     31.245       -82.04765
     31.395       -82.02131
     31.545       -81.99614
     31.695       -81.97202
     31.845       -81.94723
     31.995       -81.92359
     32.145       -81.89986
     32.295       -81.87382
     32.445       -81.84833
     32.595       -81.82491
     32.745       -81.80228
     32.895       -81.77744
     33.045       -81.75413
     33.195       -81.72813
     33.345       -81.70435
     33.495       -81.68126
     33.645       -81.65596
     33.795       -81.63158
     33.945       -81.60752
     34.095       -81.58299
     34.245       -81.56049
     34.395       -81.53834
     34.545       -81.51527
     34.695       -81.49328
     34.845       -81.46985
     34.995       -81.44671
     35.145       -81.42432
     35.295       -81.40135
     35.445       -81.37811
     35.595       -81.35556
     35.745       -81.33366
     35.895       -81.31189
     36.045       -81.29014
     36.195       -81.26910
     36.345       -81.24700
     36.495       -81.22570
     36.645       -81.20395
     36.795       -81.18229
     36.945       -81.16075
     37.095       -81.13923
     37.245       -81.11886
     37.395       -81.09754
     37.545       -81.07664
     37.695       -81.05611
     37.845       -81.03576
     37.995       -81.01325
     38.145       -80.99318
     38.295       -80.97255
     38.445       -80.95195
     38.595       -80.93186
     38.745       -80.90950
     38.895       -80.88958
     39.045       -80.86900
     39.195       -80.84907
     39.345       -80.82987
     39.495       -80.80878
     39.645       -80.78935
     39.795       -80.76944
     39.945       -80.75001
     40.095       -80.72995
     40.245       -80.70980
     40.395       -80.68855
     40.545       -80.66839
     40.695       -80.64921
     40.845       -80.62924
     40.995       -80.60931
     41.145       -80.58997
     41.295       -80.57031
     41.445       -80.55086
     41.595       -80.53114
     41.745       -80.51022
     41.895       -80.49231
     42.045       -80.47313
     42.195       -80.45487
     42.345       -80.43510
     42.495       -80.41680
     42.645       -80.39753
     42.795       -80.37866
     42.945       -80.35871
     43.095       -80.33945
     43.245       -80.32149
     43.395       -80.30353
     43.545       -80.28539
     43.695       -80.26757
     43.845       -80.24773
     43.995       -80.22874
     44.145       -80.20833
     44.295       -80.19085
     44.445       -80.17335
     44.595       -80.15503
     44.745       -80.13828
     44.895       -80.12086
     45.045       -80.10310
     45.195       -80.08655
     45.345       -80.06810
     45.495       -80.05043
     45.645       -80.03211
     45.795       -80.01349
     45.945       -79.99644
     46.095       -79.97912
     46.245       -79.96186
     46.395       -79.94523
     46.545       -79.92720
     46.695       -79.91071
     46.845       -79.89484
     46.995       -79.87860
     47.145       -79.85997
     47.295       -79.84273
     47.445       -79.82462
     47.595       -79.80514
     47.745       -79.78843
     47.895       -79.77230
     48.045       -79.75541
     48.195       -79.73998
     48.345       -79.72328
     48.495       -79.70800
     48.645       -79.69114
     48.795       -79.67461
     48.945       -79.65679
     49.095       -79.64054
     49.245       -79.62444
     49.395       -79.60858
     49.545       -79.59282
     49.695       -79.57663
     49.845       -79.56013
     49.995       -79.54443
     50.145       -79.52810
     50.295       -79.51238
     50.445       -79.49675
     50.595       -79.48104
     50.745       -79.46625
     50.895       -79.45082
     51.045       -79.43542
     51.195       -79.41999
     51.345       -79.40501
     51.495       -79.38784
     51.645       -79.37169
     51.795       -79.35651
     51.945       -79.34088
     52.095       -79.32578
     52.245       -79.31118
     52.395       -79.29485
     52.545       -79.28074
     52.695       -79.26534
     52.845       -79.24988
     52.995       -79.23444
     53.145       -79.21984
     53.295       -79.20535
     53.445       -79.18819
     53.595       -79.17316
     53.745       -79.15877
     53.895       -79.14263
     54.045       -79.12767
     54.195       -79.11143
     54.345       -79.09595
     54.495       -79.08172
     54.645       -79.06719
     54.795       -79.05194
     54.945       -79.03843
     55.095       -79.02486
     59.433       -77.88428
     80.646       -76.17950
     111.21       -74.48844
     153.36       -72.79189
     211.49       -71.11071
     291.64       -69.42421
     402.18       -67.73820
     554.60       -66.07755
     764.80       -64.43064
     1054.7       -62.78351
     1454.4       -61.14967
     2005.6       -59.52535
     2765.8       -57.91569
     3814.0       -56.32933
     5259.5       -54.76627
     7252.9       -53.24400
     10002.       -51.75766
     13793.       -50.31482
     19020.       -48.90307
     26229.       -47.55078
     36170.       -46.24392
     49878.       -44.99447
     68782.       -43.79698
     94851.       -42.64922
    0.13080E+06   -41.55384
    0.18038E+06   -40.50865
    0.24874E+06   -39.51352
    0.34301E+06   -38.56510
    0.47302E+06   -37.66036
    0.65229E+06   -36.79518
    0.89952E+06   -35.96663
    0.12404E+07   -35.17838
    0.17106E+07   -34.42349
    0.23589E+07   -33.70800
    0.32529E+07   -33.02822
    0.44858E+07   -32.38084
    0.61860E+07   -31.76311
    0.85305E+07   -31.17588
    0.11764E+08   -30.61544
    0.16222E+08   -30.07964
    0.22370E+08   -29.56723
    0.30849E+08   -29.08744
    0.42541E+08   -28.63030
    0.58664E+08   -28.19932
    0.80898E+08   -27.79709
    0.11156E+09   -27.42705
    0.15384E+09   -27.07746
    0.21215E+09   -26.75340
    0.29255E+09   -26.44839
    0.40343E+09   -26.16230
    0.55633E+09   -25.89526
    0.76719E+09   -25.65785
    0.10580E+10   -25.43995
    0.14589E+10   -25.23784
    0.20119E+10   -25.05041
    0.27744E+10   -24.87992
    0.38259E+10   -24.72166
    0.52760E+10   -24.57813
    0.72756E+10   -24.44445
    0.10033E+11   -24.31912
    0.13836E+11   -24.20364
    0.19079E+11   -24.09770
    0.26311E+11   -23.99873
    0.36283E+11   -23.90842
    0.50034E+11   -23.82446
    0.68997E+11   -23.74730
    0.10000E+12   -22.82724
