    -159.95         0.00000
    -159.79         0.00000
    -159.65         0.00000
    -159.49         0.00000
    -159.34         0.00000
    -159.20         0.00000
    -159.04         0.00000
    -158.90         0.00000
    -158.74         0.00000
    -158.59         0.00000
    -158.45         0.00000
    -158.29         0.00000
    -158.15         0.00000
    -157.99         0.00000
    -157.84         0.00000
    -157.70         0.00000
    -157.54         0.00000
    -157.40         0.00000
    -157.24         0.00000
    -157.09         0.00000
    -156.95         0.00000
    -156.79         0.00000
    -156.65         0.00000
    -156.49         0.00000
    -156.34         0.00000
    -156.20         0.00000
    -156.04         0.00000
    -155.90         0.00000
    -155.74         0.00000
    -155.59         0.00000
    -155.45         0.00000
    -155.29         0.00000
    -155.15         0.00000
    -154.99         0.00000
    -154.84         0.00000
    -154.70         0.00000
    -154.54         0.00000
    -154.40         0.00000
    -154.24         0.00000
    -154.09         0.00000
    -153.95         0.00000
    -153.79         0.00000
    -153.65         0.00000
    -153.49         0.00000
    -153.34         0.00000
    -153.20         0.00000
    -153.04         0.00000
    -152.90         0.00000
    -152.74         0.00000
    -152.59         0.00000
    -152.45         0.00000
    -152.29         0.00000
    -152.15         0.00000
    -151.99         0.00000
    -151.84         0.00000
    -151.70         0.00000
    -151.54         0.00000
    -151.40         0.00000
    -151.24         0.00000
    -151.09         0.00000
    -150.95         0.00000
    -150.79         0.00000
    -150.65         0.00000
    -150.49         0.00000
    -150.34         0.00000
    -150.20         0.00000
    -150.04         0.00000
    -149.90         0.00000
    -149.74         0.00000
    -149.59         0.00000
    -149.45         0.00000
    -149.29         0.00000
    -149.15         0.00000
    -148.99         0.00000
    -148.84         0.00000
    -148.70         0.00000
    -148.54         0.00000
    -148.40         0.00000
    -148.24         0.00000
    -148.09         0.00000
    -147.95         0.00000
    -147.79         0.00000
    -147.65         0.00000
    -147.49         0.00000
    -147.34         0.00000
    -147.20         0.00000
    -147.04         0.00000
    -146.90         0.00000
    -146.74         0.00000
    -146.59         0.00000
    -146.45         0.00000
    -146.29         0.00000
    -146.15         0.00000
    -145.99         0.00000
    -145.84         0.00000
    -145.70         0.00000
    -145.54         0.00000
    -145.40         0.00000
    -145.24         0.00000
    -145.09         0.00000
    -144.95         0.00000
    -144.79         0.00000
    -144.65         0.00000
    -144.49         0.00000
    -144.34         0.00000
    -144.20         0.00000
    -144.04         0.00000
    -143.90         0.00000
    -143.74         0.00000
    -143.59         0.00000
    -143.45         0.00000
    -143.29         0.00000
    -143.15         0.00000
    -142.99         0.00000
    -142.84         0.00000
    -142.70         0.00000
    -142.54         0.00000
    -142.40         0.00000
    -142.24         0.00000
    -142.09         0.00000
    -141.95         0.00000
    -141.79         0.00000
    -141.65         0.00000
    -141.49         0.00000
    -141.34         0.00000
    -141.20         0.00000
    -141.04         0.00000
    -140.90         0.00000
    -140.74         0.00000
    -140.59         0.00000
    -140.45         0.00000
    -140.29         0.00000
    -140.15         0.00000
    -139.99         0.00000
    -139.84         0.00000
    -139.70         0.00000
    -139.54         0.00000
    -139.40         0.00000
    -139.24         0.00000
    -139.09         0.00000
    -138.95         0.00000
    -138.79         0.00000
    -138.65         0.00000
    -138.49         0.00000
    -138.34         0.00000
    -138.20         0.00000
    -138.04         0.00000
    -137.90         0.00000
    -137.74         0.00000
    -137.59         0.00000
    -137.45         0.00000
    -137.29         0.00000
    -137.15         0.00000
    -136.99         0.00000
    -136.84         0.00000
    -136.70         0.00000
    -136.54         0.00000
    -136.40         0.00000
    -136.24         0.00000
    -136.09         0.00000
    -135.95         0.00000
    -135.79         0.00000
    -135.65         0.00000
    -135.49         0.00000
    -135.34         0.00000
    -135.20         0.00000
    -135.04         0.00000
    -134.90         0.00000
    -134.74         0.00000
    -134.59         0.00000
    -134.45         0.00000
    -134.29         0.00000
    -134.15         0.00000
    -133.99         0.00000
    -133.84         0.00000
    -133.70         0.00000
    -133.54         0.00000
    -133.40         0.00000
    -133.24         0.00000
    -133.09         0.00000
    -132.95         0.00000
    -132.79         0.00000
    -132.65         0.00000
    -132.49         0.00000
    -132.34         0.00000
    -132.20         0.00000
    -132.04         0.00000
    -131.90         0.00000
    -131.74         0.00000
    -131.59         0.00000
    -131.45         0.00000
    -131.29         0.00000
    -131.15         0.00000
    -130.99         0.00000
    -130.84         0.00000
    -130.70         0.00000
    -130.54         0.00000
    -130.40         0.00000
    -130.24         0.00000
    -130.09         0.00000
    -129.95         0.00000
    -129.79         0.00000
    -129.65         0.00000
    -129.49         0.00000
    -129.34         0.00000
    -129.20         0.00000
    -129.04         0.00000
    -128.90         0.00000
    -128.74         0.00000
    -128.59         0.00000
    -128.45         0.00000
    -128.29         0.00000
    -128.15         0.00000
    -127.99         0.00000
    -127.85         0.00000
    -127.69         0.00000
    -127.55         0.00000
    -127.39         0.00000
    -127.25         0.00000
    -127.10         0.00000
    -126.94         0.00000
    -126.80         0.00000
    -126.64         0.00000
    -126.50         0.00000
    -126.35         0.00000
    -126.19         0.00000
    -126.05         0.00000
    -125.89         0.00000
    -125.75         0.00000
    -125.60         0.00000
    -125.44         0.00000
    -125.30         0.00000
    -125.14         0.00000
    -125.00         0.00000
    -124.85         0.00000
    -124.69         0.00000
    -124.55         0.00000
    -124.39         0.00000
    -124.25         0.00000
    -124.10         0.00000
    -123.94         0.00000
    -123.80         0.00000
    -123.64         0.00000
    -123.50         0.00000
    -123.35         0.00000
    -123.19         0.00000
    -123.05         0.00000
    -122.89         0.00000
    -122.75         0.00000
    -122.60         0.00000
    -122.44         0.00000
    -122.30         0.00000
    -122.14         0.00000
    -122.00         0.00000
    -121.85         0.00000
    -121.69         0.00000
    -121.55         0.00000
    -121.39         0.00000
    -121.25         0.00000
    -121.10         0.00000
    -120.94         0.00000
    -120.80         0.00000
    -120.64         0.00000
    -120.50         0.00000
    -120.35         0.00000
    -120.19         0.00000
    -120.05         0.00000
    -119.89         0.00000
    -119.75         0.00000
    -119.60         0.00000
    -119.44         0.00000
    -119.30         0.00000
    -119.14         0.00000
    -119.00         0.00000
    -118.85         0.00000
    -118.69         0.00000
    -118.55         0.00000
    -118.39         0.00000
    -118.25         0.00000
    -118.10         0.00000
    -117.94         0.00000
    -117.80         0.00000
    -117.64         0.00000
    -117.50         0.00000
    -117.35         0.00000
    -117.19         0.00000
    -117.05         0.00000
    -116.89         0.00000
    -116.75         0.00000
    -116.60         0.00000
    -116.44         0.00000
    -116.30         0.00000
    -116.14         0.00000
    -116.00         0.00000
    -115.85         0.00000
    -115.69         0.00000
    -115.55         0.00000
    -115.39         0.00000
    -115.25         0.00000
    -115.10         0.00000
    -114.94         0.00000
    -114.80         0.00000
    -114.64         0.00000
    -114.50         0.00000
    -114.35         0.00000
    -114.19         0.00000
    -114.05         0.00000
    -113.89         0.00000
    -113.75         0.00000
    -113.60         0.00000
    -113.44         0.00000
    -113.30         0.00000
    -113.14         0.00000
    -113.00         0.00000
    -112.85         0.00000
    -112.69         0.00000
    -112.55         0.00000
    -112.39         0.00000
    -112.25         0.00000
    -112.10         0.00000
    -111.94         0.00000
    -111.80         0.00000
    -111.64         0.00000
    -111.50         0.00000
    -111.35         0.00000
    -111.19         0.00000
    -111.05         0.00000
    -110.89         0.00000
    -110.75         0.00000
    -110.60         0.00000
    -110.44         0.00000
    -110.30         0.00000
    -110.14         0.00000
    -110.00         0.00000
    -109.85         0.00000
    -109.69         0.00000
    -109.55         0.00000
    -109.39         0.00000
    -109.25         0.00000
    -109.10         0.00000
    -108.94         0.00000
    -108.80         0.00000
    -108.64         0.00000
    -108.50         0.00000
    -108.35         0.00000
    -108.19         0.00000
    -108.05         0.00000
    -107.89         0.00000
    -107.75         0.00000
    -107.60         0.00000
    -107.44         0.00000
    -107.30         0.00000
    -107.14         0.00000
    -107.00         0.00000
    -106.85         0.00000
    -106.69         0.00000
    -106.55         0.00000
    -106.39         0.00000
    -106.25         0.00000
    -106.10         0.00000
    -105.94         0.00000
    -105.80         0.00000
    -105.64         0.00000
    -105.50         0.00000
    -105.35         0.00000
    -105.19         0.00000
    -105.05         0.00000
    -104.89         0.00000
    -104.75         0.00000
    -104.60         0.00000
    -104.44         0.00000
    -104.30         0.00000
    -104.14         0.00000
    -104.00         0.00000
    -103.85         0.00000
    -103.69         0.00000
    -103.55         0.00000
    -103.39         0.00000
    -103.25         0.00000
    -103.10         0.00000
    -102.94         0.00000
    -102.80         0.00000
    -102.64         0.00000
    -102.50         0.00000
    -102.35         0.00000
    -102.19         0.00000
    -102.05         0.00000
    -101.89         0.00000
    -101.75         0.00000
    -101.60         0.00000
    -101.44         0.00000
    -101.30         0.00000
    -101.14         0.00000
    -101.00         0.00000
    -100.85         0.00000
    -100.69         0.00000
    -100.55         0.00000
    -100.39         0.00000
    -100.25         0.00000
    -100.10         0.00000
    -99.945         0.00000
    -99.795         0.00000
    -99.645         0.00000
    -99.495         0.00000
    -99.345         0.00000
    -99.195         0.00000
    -99.045         0.00000
    -98.895         0.00000
    -98.745         0.00000
    -98.595         0.00000
    -98.445         0.00000
    -98.295         0.00000
    -98.145         0.00000
    -97.995         0.00000
    -97.845         0.00000
    -97.695         0.00000
    -97.545         0.00000
    -97.395         0.00000
    -97.245         0.00000
    -97.095         0.00000
    -96.945         0.00000
    -96.795         0.00000
    -96.645         0.00000
    -96.495         0.00000
    -96.345         0.00000
    -96.195         0.00000
    -96.045         0.00000
    -95.895         0.00000
    -95.745         0.00000
    -95.595         0.00000
    -95.445         0.00000
    -95.295         0.00000
    -95.145         0.00000
    -94.995         0.00000
    -94.845         0.00000
    -94.695         0.00000
    -94.545         0.00000
    -94.395         0.00000
    -94.245         0.00000
    -94.095         0.00000
    -93.945         0.00000
    -93.795         0.00000
    -93.645         0.00000
    -93.495         0.00000
    -93.345         0.00000
    -93.195         0.00000
    -93.045         0.00000
    -92.895         0.00000
    -92.745         0.00000
    -92.595         0.00000
    -92.445         0.00000
    -92.295         0.00000
    -92.145         0.00000
    -91.995         0.00000
    -91.845         0.00000
    -91.695         0.00000
    -91.545         0.00000
    -91.395         0.00000
    -91.245         0.00000
    -91.095         0.00000
    -90.945         0.00000
    -90.795         0.00000
    -90.645         0.00000
    -90.495         0.00000
    -90.345         0.00000
    -90.195         0.00000
    -90.045         0.00000
    -89.895         0.00000
    -89.745         0.00000
    -89.595         0.00000
    -89.445         0.00000
    -89.295         0.00000
    -89.145         0.00000
    -88.995         0.00000
    -88.845         0.00000
    -88.695         0.00000
    -88.545         0.00000
    -88.395         0.00000
    -88.245         0.00000
    -88.095         0.00000
    -87.945         0.00000
    -87.795         0.00000
    -87.645         0.00000
    -87.495         0.00000
    -87.345         0.00000
    -87.195         0.00000
    -87.045         0.00000
    -86.895         0.00000
    -86.745         0.00000
    -86.595         0.00000
    -86.445         0.00000
    -86.295         0.00000
    -86.145         0.00000
    -85.995         0.00000
    -85.845         0.00000
    -85.695         0.00000
    -85.545         0.00000
    -85.395         0.00000
    -85.245         0.00000
    -85.095         0.00000
    -84.945         0.00000
    -84.795         0.00000
    -84.645         0.00000
    -84.495         0.00000
    -84.345         0.00000
    -84.195         0.00000
    -84.045         0.00000
    -83.895         0.00000
    -83.745         0.00000
    -83.595         0.00000
    -83.445         0.00000
    -83.295         0.00000
    -83.145         0.00000
    -82.995         0.00000
    -82.845         0.00000
    -82.695         0.00000
    -82.545         0.00000
    -82.395         0.00000
    -82.245         0.00000
    -82.095         0.00000
    -81.945         0.00000
    -81.795         0.00000
    -81.645         0.00000
    -81.495         0.00000
    -81.345         0.00000
    -81.195         0.00000
    -81.045         0.00000
    -80.895         0.00000
    -80.745         0.00000
    -80.595         0.00000
    -80.445         0.00000
    -80.295         0.00000
    -80.145         0.00000
    -79.995         0.00000
    -79.845         0.00000
    -79.695         0.00000
    -79.545         0.00000
    -79.395         0.00000
    -79.245         0.00000
    -79.095         0.00000
    -78.945         0.00000
    -78.795         0.00000
    -78.645         0.00000
    -78.495         0.00000
    -78.345         0.00000
    -78.195         0.00000
    -78.045         0.00000
    -77.895         0.00000
    -77.745         0.00000
    -77.595         0.00000
    -77.445         0.00000
    -77.295         0.00000
    -77.145         0.00000
    -76.995         0.00000
    -76.845         0.00000
    -76.695         0.00000
    -76.545         0.00000
    -76.395         0.00000
    -76.245         0.00000
    -76.095         0.00000
    -75.945         0.00000
    -75.795         0.00000
    -75.645         0.00000
    -75.495         0.00000
    -75.345         0.00000
    -75.195         0.00000
    -75.045         0.00000
    -74.895         0.00000
    -74.745         0.00000
    -74.595         0.00000
    -74.445         0.00000
    -74.295         0.00000
    -74.145         0.00000
    -73.995         0.00000
    -73.845         0.00000
    -73.695         0.00000
    -73.545         0.00000
    -73.395         0.00000
    -73.245         0.00000
    -73.095         0.00000
    -72.945         0.00000
    -72.795         0.00000
    -72.645         0.00000
    -72.495         0.00000
    -72.345         0.00000
    -72.195         0.00000
    -72.045         0.00000
    -71.895         0.00000
    -71.745         0.00000
    -71.595         0.00000
    -71.445         0.00000
    -71.295         0.00000
    -71.145         0.00000
    -70.995         0.00000
    -70.845         0.00000
    -70.695         0.00000
    -70.545         0.00000
    -70.395         0.00000
    -70.245         0.00000
    -70.095         0.00000
    -69.945         0.00000
    -69.795         0.00000
    -69.645         0.00000
    -69.495         0.00000
    -69.345         0.00000
    -69.195         0.00000
    -69.045         0.00000
    -68.895         0.00000
    -68.745         0.00000
    -68.595         0.00000
    -68.445         0.00000
    -68.295         0.00000
    -68.145         0.00000
    -67.995         0.00000
    -67.845         0.00000
    -67.695         0.00000
    -67.545         0.00000
    -67.395         0.00000
    -67.245         0.00000
    -67.095         0.00000
    -66.945         0.00000
    -66.795         0.00000
    -66.645         0.00000
    -66.495         0.00000
    -66.345         0.00000
    -66.195         0.00000
    -66.045         0.00000
    -65.895         0.00000
    -65.745         0.00000
    -65.595         0.00000
    -65.445         0.00000
    -65.295         0.00000
    -65.145         0.00000
    -64.995         0.00000
    -64.845         0.00000
    -64.695         0.00000
    -64.545         0.00000
    -64.395         0.00000
    -64.245         0.00000
    -64.095         0.00000
    -63.945         0.00000
    -63.795         0.00000
    -63.645         0.00000
    -63.495         0.00000
    -63.345         0.00000
    -63.195         0.00000
    -63.045         0.00000
    -62.895         0.00000
    -62.745         0.00000
    -62.595         0.00000
    -62.445         0.00000
    -62.295         0.00000
    -62.145         0.00000
    -61.995         0.00000
    -61.845         0.00000
    -61.695         0.00000
    -61.545         0.00000
    -61.395         0.00000
    -61.245         0.00000
    -61.095         0.00000
    -60.945         0.00000
    -60.795         0.00000
    -60.645         0.00000
    -60.495         0.00000
    -60.345         0.00000
    -60.195         0.00000
    -60.045         0.00000
    -59.895         0.00000
    -59.745         0.00000
    -59.595         0.00000
    -59.445         0.00000
    -59.295         0.00000
    -59.145         0.00000
    -58.995         0.00000
    -58.845         0.00000
    -58.695         0.00000
    -58.545         0.00000
    -58.395         0.00000
    -58.245         0.00000
    -58.095         0.00000
    -57.945         0.00000
    -57.795         0.00000
    -57.645         0.00000
    -57.495         0.00000
    -57.345         0.00000
    -57.195         0.00000
    -57.045         0.00000
    -56.895         0.00000
    -56.745         0.00000
    -56.595         0.00000
    -56.445         0.00000
    -56.295         0.00000
    -56.145         0.00000
    -55.995         0.00000
    -55.845         0.00000
    -55.695         0.00000
    -55.545         0.00000
    -55.395         0.00000
    -55.245         0.00000
    -55.095         0.00000
    -54.945         0.00000
    -54.795         0.00000
    -54.645         0.00000
    -54.495         0.00000
    -54.345         0.00000
    -54.195         0.00000
    -54.045         0.00000
    -53.895         0.00000
    -53.745         0.00000
    -53.595         0.00000
    -53.445         0.00000
    -53.295         0.00000
    -53.145         0.00000
    -52.995         0.00000
    -52.845         0.00000
    -52.695         0.00000
    -52.545         0.00000
    -52.395         0.00000
    -52.245         0.00000
    -52.095         0.00000
    -51.945         0.00000
    -51.795         0.00000
    -51.645         0.00000
    -51.495         0.00000
    -51.345         0.00000
    -51.195         0.00000
    -51.045         0.00000
    -50.895         0.00000
    -50.745         0.00000
    -50.595         0.00000
    -50.445         0.00000
    -50.295         0.00000
    -50.145         0.00000
    -49.995         0.00000
    -49.845         0.00000
    -49.695         0.00000
    -49.545         0.00000
    -49.395         0.00000
    -49.245         0.00000
    -49.095         0.00000
    -48.945         0.00000
    -48.795         0.00000
    -48.645         0.00000
    -48.495         0.00000
    -48.345         0.00000
    -48.195         0.00000
    -48.045         0.00000
    -47.895         0.00000
    -47.745         0.00000
    -47.595         0.00000
    -47.445         0.00000
    -47.295         0.00000
    -47.145         0.00000
    -46.995         0.00000
    -46.845         0.00000
    -46.695         0.00000
    -46.545         0.00000
    -46.395         0.00000
    -46.245         0.00000
    -46.095         0.00000
    -45.945         0.00000
    -45.795         0.00000
    -45.645         0.00000
    -45.495         0.00000
    -45.345         0.00000
    -45.195         0.00000
    -45.045         0.00000
    -44.895         0.00000
    -44.745         0.00000
    -44.595         0.00000
    -44.445         0.00000
    -44.295         0.00000
    -44.145         0.00000
    -43.995         0.00000
    -43.845         0.00000
    -43.695         0.00000
    -43.545         0.00000
    -43.395         0.00000
    -43.245         0.00000
    -43.095         0.00000
    -42.945         0.00000
    -42.795         0.00000
    -42.645         0.00000
    -42.495         0.00000
    -42.345         0.00000
    -42.195         0.00000
    -42.045         0.00000
    -41.895         0.00000
    -41.745         0.00000
    -41.595         0.00000
    -41.445         0.00000
    -41.295         0.00000
    -41.145         0.00000
    -40.995         0.00000
    -40.845         0.00000
    -40.695         0.00000
    -40.545         0.00000
    -40.395         0.00000
    -40.245         0.00000
    -40.095         0.00000
    -39.945         0.00000
    -39.795         0.00000
    -39.645         0.00000
    -39.495         0.00000
    -39.345         0.00000
    -39.195         0.00000
    -39.045         0.00000
    -38.895         0.00000
    -38.745         0.00000
    -38.595         0.00000
    -38.445         0.00000
    -38.295         0.00000
    -38.145         0.00000
    -37.995         0.00000
    -37.845         0.00000
    -37.695         0.00000
    -37.545         0.00000
    -37.395         0.00000
    -37.245         0.00000
    -37.095         0.00000
    -36.945         0.00000
    -36.795         0.00000
    -36.645         0.00000
    -36.495         0.00000
    -36.345         0.00000
    -36.195         0.00000
    -36.045         0.00000
    -35.895         0.00000
    -35.745         0.00000
    -35.595         0.00000
    -35.445         0.00000
    -35.295         0.00000
    -35.145         0.00000
    -34.995         0.00000
    -34.845         0.00000
    -34.695         0.00000
    -34.545         0.00000
    -34.395         0.00000
    -34.245         0.00000
    -34.095         0.00000
    -33.945         0.00000
    -33.795         0.00000
    -33.645         0.00000
    -33.495         0.00000
    -33.345         0.00000
    -33.195         0.00000
    -33.045         0.00000
    -32.895         0.00000
    -32.745         0.00000
    -32.595         0.00000
    -32.445         0.00000
    -32.295         0.00000
    -32.145         0.00000
    -31.995         0.00000
    -31.845         0.00000
    -31.695         0.00000
    -31.545         0.00000
    -31.395         0.00000
    -31.245         0.00000
    -31.095         0.00000
    -30.945         0.00000
    -30.795         0.00000
    -30.645         0.00000
    -30.495         0.00000
    -30.345         0.00000
    -30.195         0.00000
    -30.045         0.00000
    -29.895         0.00000
    -29.745         0.00000
    -29.595         0.00000
    -29.445         0.00000
    -29.295         0.00000
    -29.145         0.00000
    -28.995         0.00000
    -28.845         0.00000
    -28.695         0.00000
    -28.545         0.00000
    -28.395         0.00000
    -28.245         0.00000
    -28.095         0.00000
    -27.945         0.00000
    -27.795         0.00000
    -27.645         0.00000
    -27.495         0.00000
    -27.345         0.00000
    -27.195         0.00000
    -27.045         0.00000
    -26.895         0.00000
    -26.745         0.00000
    -26.595         0.00000
    -26.445         0.00000
    -26.295         0.00000
    -26.145         0.00000
    -25.995         0.00000
    -25.845         0.00000
    -25.695         0.00000
    -25.545         0.00000
    -25.395         0.00000
    -25.245         0.00000
    -25.095         0.00000
    -24.945         0.00000
    -24.795         0.00000
    -24.645         0.00000
    -24.495         0.00000
    -24.345         0.00000
    -24.195         0.00000
    -24.045         0.00000
    -23.895         0.00000
    -23.745         0.00000
    -23.595         0.00000
    -23.445         0.00000
    -23.295         0.00000
    -23.145         0.00000
    -22.995         0.00000
    -22.845         0.00000
    -22.695         0.00000
    -22.545         0.00000
    -22.395         0.00000
    -22.245         0.00000
    -22.095         0.00000
    -21.945         0.00000
    -21.795         0.00000
    -21.645         0.00000
    -21.495         0.00000
    -21.345         0.00000
    -21.195         0.00000
    -21.045         0.00000
    -20.895         0.00000
    -20.745         0.00000
    -20.595         0.00000
    -20.445         0.00000
    -20.295         0.00000
    -20.145         0.00000
    -19.995         0.00000
    -19.845         0.00000
    -19.695         0.00000
    -19.545         0.00000
    -19.395         0.00000
    -19.245         0.00000
    -19.095         0.00000
    -18.945         0.00000
    -18.795         0.00000
    -18.645         0.00000
    -18.495         0.00000
    -18.345         0.00000
    -18.195         0.00000
    -18.045         0.00000
    -17.895         0.00000
    -17.745         0.00000
    -17.595         0.00000
    -17.445         0.00000
    -17.295         0.00000
    -17.145         0.00000
    -16.995         0.00000
    -16.845         0.00000
    -16.695         0.00000
    -16.545         0.00000
    -16.395         0.00000
    -16.245        -0.00575
    -16.095        -0.03548
    -15.945        -0.12318
    -15.795        -0.24862
    -15.645        -0.44603
    -15.495        -0.66432
    -15.345        -0.95853
    -15.195        -1.26919
    -15.045        -1.63390
    -14.895        -1.96194
    -14.745        -2.27492
    -14.595        -2.59174
    -14.445        -2.92673
    -14.295        -3.21553
    -14.145        -3.49219
    -13.995        -3.76362
    -13.845        -3.98057
    -13.695        -4.16011
    -13.545        -4.33456
    -13.395        -4.48206
    -13.245        -4.60390
    -13.095        -4.72359
    -12.945        -4.84062
    -12.795        -4.93009
    -12.645        -4.98480
    -12.495        -5.03448
    -12.345        -5.11220
    -12.195        -5.17543
    -12.045        -5.25635
    -11.895        -5.33428
    -11.745        -5.45445
    -11.595        -5.58969
    -11.445        -5.77296
    -11.295        -5.96209
    -11.145        -6.24215
    -10.995        -6.55036
    -10.845        -6.86170
    -10.695        -7.27942
    -10.545        -7.68822
    -10.395        -8.08740
    -10.245        -8.47569
    -10.095        -8.89071
    -9.9450        -9.30194
    -9.7950        -9.69192
    -9.6450       -10.07658
    -9.4950       -10.45890
    -9.3450       -10.85747
    -9.1950       -11.27660
    -9.0450       -11.68363
    -8.8950       -12.09648
    -8.7450       -12.55304
    -8.5950       -13.04213
    -8.4450       -13.51880
    -8.2950       -14.01372
    -8.1450       -14.55542
    -7.9950       -15.09523
    -7.8450       -15.64830
    -7.6950       -16.20351
    -7.5450       -16.78264
    -7.3950       -17.42486
    -7.2450       -18.01494
    -7.0950       -18.68935
    -6.9450       -19.39188
    -6.7950       -20.14494
    -6.6450       -20.92150
    -6.4950       -21.78888
    -6.3450       -22.68268
    -6.1950       -23.57111
    -6.0450       -24.48102
    -5.8950       -25.45633
    -5.7450       -26.43960
    -5.5950       -27.41306
    -5.4450       -28.42004
    -5.2950       -29.43143
    -5.1450       -30.45960
    -4.9950       -31.51208
    -4.8450       -32.54306
    -4.6950       -33.59681
    -4.5450       -34.63944
    -4.3950       -35.64514
    -4.2450       -36.64101
    -4.0950       -37.63778
    -3.9450       -38.64861
    -3.7950       -39.70166
    -3.6450       -40.77597
    -3.4950       -41.88387
    -3.3450       -43.00394
    -3.1950       -44.16123
    -3.0450       -45.36387
    -2.8950       -46.65726
    -2.7450       -48.06276
    -2.5950       -49.58215
    -2.4450       -51.28639
    -2.2950       -53.20510
    -2.1450       -55.42303
    -1.9950       -57.97073
    -1.8450       -60.93048
    -1.6950       -64.33040
    -1.5450       -68.09400
    -1.3950       -72.22198
    -1.2450       -76.68554
    -1.0950       -81.43186
   -0.94500       -86.39899
   -0.79500       -91.61797
   -0.64500       -97.25095
   -0.49500      -103.69254
   -0.34500      -111.83792
   -0.22700      -115.18602
   -0.21300      -115.61776
   -0.20700      -116.05638
   -0.20100      -116.49937
   -0.19500      -116.95777
   -0.18900      -117.42580
   -0.18300      -117.90370
   -0.17700      -118.39304
   -0.17100      -118.89552
   -0.16500      -119.40693
   -0.15900      -119.93582
   -0.15300      -120.47835
   -0.14700      -121.03509
   -0.14100      -121.61304
   -0.13500      -122.20840
   -0.12900      -122.82439
   -0.12300      -123.46457
   -0.11700      -124.12961
   -0.11100      -124.82450
   -0.10500      -125.54949
   -0.99000E-01  -126.30844
   -0.93000E-01  -127.10441
   -0.87000E-01  -127.94907
   -0.81000E-01  -128.84204
   -0.75000E-01  -129.80424
   -0.69000E-01  -130.83703
   -0.63000E-01  -131.95457
   -0.57000E-01  -133.17791
   -0.51000E-01  -134.53181
   -0.45000E-01  -136.05946
   -0.39000E-01  -137.81339
   -0.33000E-01  -139.88569
   -0.27000E-01  -142.43775
   -0.21300E-01  -144.63755
   -0.19500E-01  -145.00335
   -0.18900E-01  -145.38160
   -0.18300E-01  -145.77329
   -0.17700E-01  -146.17877
   -0.17100E-01  -146.59806
   -0.16500E-01  -147.03340
   -0.15900E-01  -147.48415
   -0.15300E-01  -147.95027
   -0.14700E-01  -148.43444
   -0.14100E-01  -148.93651
   -0.13500E-01  -149.45972
   -0.12900E-01  -150.00431
   -0.12300E-01  -150.57133
   -0.11700E-01  -151.16267
   -0.11100E-01  -151.77920
   -0.10500E-01  -152.42237
   -0.99000E-02  -153.09254
   -0.93000E-02  -153.79095
   -0.87000E-02  -154.52011
   -0.81000E-02  -155.27925
   -0.75000E-02  -156.07108
   -0.69000E-02  -156.89784
   -0.63000E-02  -157.76617
   -0.57000E-02  -158.68428
   -0.51000E-02  -159.65281
   -0.45000E-02  -160.66229
   -0.39000E-02  -161.69040
   -0.33000E-02  -162.71034
   -0.27000E-02  -163.65987
   -0.21000E-02  -164.46848
   -0.15000E-02  -165.08430
   -0.90000E-03  -165.47140
   -0.30000E-03  -165.60815
    0.30000E-03  -165.48706
    0.90000E-03  -165.11397
    0.15000E-02  -164.50862
    0.21000E-02  -163.70666
    0.27000E-02  -162.75929
    0.33000E-02  -161.74188
    0.39000E-02  -160.71537
    0.45000E-02  -159.70919
    0.51000E-02  -158.74197
    0.57000E-02  -157.82395
    0.63000E-02  -156.95625
    0.69000E-02  -156.13016
    0.75000E-02  -155.33925
    0.81000E-02  -154.57959
    0.87000E-02  -153.85121
    0.93000E-02  -153.15240
    0.99000E-02  -152.48169
    0.10500E-01  -151.83945
    0.11100E-01  -151.22184
    0.11700E-01  -150.63000
    0.12300E-01  -150.06295
    0.12900E-01  -149.51831
    0.13500E-01  -148.99397
    0.14100E-01  -148.49149
    0.14700E-01  -148.00628
    0.15300E-01  -147.53902
    0.15900E-01  -147.08996
    0.16500E-01  -146.65647
    0.17100E-01  -146.23724
    0.17700E-01  -145.83244
    0.18300E-01  -145.44103
    0.18900E-01  -145.06449
    0.19500E-01  -144.70007
    0.21300E-01  -142.50670
    0.27000E-01  -139.96379
    0.33000E-01  -137.90754
    0.39000E-01  -136.16803
    0.45000E-01  -134.65746
    0.51000E-01  -133.32223
    0.57000E-01  -132.12306
    0.63000E-01  -131.03512
    0.69000E-01  -130.03640
    0.75000E-01  -129.11580
    0.81000E-01  -128.26448
    0.87000E-01  -127.46336
    0.93000E-01  -126.71456
    0.99000E-01  -126.01229
    0.10500      -125.34891
    0.11100      -124.72119
    0.11700      -124.12399
    0.12300      -123.55305
    0.12900      -123.00940
    0.13500      -122.48986
    0.14100      -121.99313
    0.14700      -121.51819
    0.15300      -121.05832
    0.15900      -120.62024
    0.16500      -120.19726
    0.17100      -119.79167
    0.17700      -119.39713
    0.18300      -119.01706
    0.18900      -118.64767
    0.19500      -118.29261
    0.20100      -117.94589
    0.20700      -117.61004
    0.21300      -117.28495
    0.22700      -114.88515
    0.34500      -110.04127
    0.49500      -107.13164
    0.64500      -105.12678
    0.79500      -103.62873
    0.94500      -102.39301
     1.0950      -101.33534
     1.2450      -100.37854
     1.3950       -99.52276
     1.5450       -98.74782
     1.6950       -98.02892
     1.8450       -97.38004
     1.9950       -96.80075
     2.1450       -96.26152
     2.2950       -95.78421
     2.4450       -95.37442
     2.5950       -94.99193
     2.7450       -94.64605
     2.8950       -94.32180
     3.0450       -94.03104
     3.1950       -93.75855
     3.3450       -93.51507
     3.4950       -93.28594
     3.6450       -93.06536
     3.7950       -92.84758
     3.9450       -92.64028
     4.0950       -92.45710
     4.2450       -92.26943
     4.3950       -92.09286
     4.5450       -91.93181
     4.6950       -91.77328
     4.8450       -91.62346
     4.9950       -91.48169
     5.1450       -91.33443
     5.2950       -91.19418
     5.4450       -91.05871
     5.5950       -90.92644
     5.7450       -90.79442
     5.8950       -90.67248
     6.0450       -90.54635
     6.1950       -90.42993
     6.3450       -90.30707
     6.4950       -90.18946
     6.6450       -90.07146
     6.7950       -89.96063
     6.9450       -89.84909
     7.0950       -89.74363
     7.2450       -89.63886
     7.3950       -89.53663
     7.5450       -89.43427
     7.6950       -89.33479
     7.8450       -89.23998
     7.9950       -89.14458
     8.1450       -89.04525
     8.2950       -88.95337
     8.4450       -88.86510
     8.5950       -88.77726
     8.7450       -88.69270
     8.8950       -88.60487
     9.0450       -88.51949
     9.1950       -88.43571
     9.3450       -88.35345
     9.4950       -88.27353
     9.6450       -88.19151
     9.7950       -88.11378
     9.9450       -88.03994
     10.095       -87.96006
     10.245       -87.88449
     10.395       -87.81032
     10.545       -87.73201
     10.695       -87.65549
     10.845       -87.58613
     10.995       -87.51763
     11.145       -87.44843
     11.295       -87.38321
     11.445       -87.31893
     11.595       -87.24984
     11.745       -87.18649
     11.895       -87.12088
     12.045       -87.05388
     12.195       -86.99173
     12.345       -86.92801
     12.495       -86.86580
     12.645       -86.80749
     12.795       -86.74758
     12.945       -86.68407
     13.095       -86.62607
     13.245       -86.56422
     13.395       -86.50425
     13.545       -86.44929
     13.695       -86.38947
     13.845       -86.33408
     13.995       -86.27817
     14.145       -86.22339
     14.295       -86.16858
     14.445       -86.11462
     14.595       -86.06135
     14.745       -86.00898
     14.895       -85.95304
     15.045       -85.90234
     15.195       -85.85241
     15.345       -85.80082
     15.495       -85.74757
     15.645       -85.69572
     15.795       -85.64712
     15.945       -85.59389
     16.095       -85.54624
     16.245       -85.49949
     16.395       -85.45161
     16.545       -85.40301
     16.695       -85.35792
     16.845       -85.31307
     16.995       -85.26757
     17.145       -85.22227
     17.295       -85.17772
     17.445       -85.13407
     17.595       -85.08889
     17.745       -85.04348
     17.895       -85.00120
     18.045       -84.95941
     18.195       -84.91670
     18.345       -84.87312
     18.495       -84.82939
     18.645       -84.78806
     18.795       -84.74752
     18.945       -84.70799
     19.095       -84.66548
     19.245       -84.62481
     19.395       -84.58702
     19.545       -84.54653
     19.695       -84.50535
     19.845       -84.46600
     19.995       -84.42789
     20.145       -84.39032
     20.295       -84.35300
     20.445       -84.31632
     20.595       -84.27919
     20.745       -84.24295
     20.895       -84.20456
     21.045       -84.16770
     21.195       -84.13068
     21.345       -84.09345
     21.495       -84.05599
     21.645       -84.02069
     21.795       -83.98342
     21.945       -83.94550
     22.095       -83.90917
     22.245       -83.87472
     22.395       -83.84125
     22.545       -83.80487
     22.695       -83.77048
     22.845       -83.73721
     22.995       -83.70218
     23.145       -83.66663
     23.295       -83.63340
     23.445       -83.60071
     23.595       -83.56811
     23.745       -83.53671
     23.895       -83.50278
     24.045       -83.47004
     24.195       -83.43493
     24.345       -83.40416
     24.495       -83.36986
     24.645       -83.33836
     24.795       -83.30567
     24.945       -83.27409
     25.095       -83.24287
     25.245       -83.21129
     25.395       -83.18178
     25.545       -83.14779
     25.695       -83.11609
     25.845       -83.08414
     25.995       -83.05466
     26.145       -83.02537
     26.295       -82.99600
     26.445       -82.96449
     26.595       -82.93485
     26.745       -82.90576
     26.895       -82.87532
     27.045       -82.84525
     27.195       -82.81504
     27.345       -82.78655
     27.495       -82.75625
     27.645       -82.72783
     27.795       -82.69863
     27.945       -82.67143
     28.095       -82.64419
     28.245       -82.61370
     28.395       -82.58672
     28.545       -82.56093
     28.695       -82.53337
     28.845       -82.50632
     28.995       -82.48034
     29.145       -82.45405
     29.295       -82.42718
     29.445       -82.39955
     29.595       -82.36920
     29.745       -82.34187
     29.895       -82.31367
     30.045       -82.28848
     30.195       -82.26132
     30.345       -82.23532
     30.495       -82.21067
     30.645       -82.18648
     30.795       -82.16070
     30.945       -82.13515
     31.095       -82.11006
     31.245       -82.08359
     31.395       -82.05724
     31.545       -82.03206
     31.695       -82.00797
     31.845       -81.98319
     31.995       -81.95956
     32.145       -81.93587
     32.295       -81.90983
     32.445       -81.88427
     32.595       -81.86089
     32.745       -81.83827
     32.895       -81.81343
     33.045       -81.79014
     33.195       -81.76404
     33.345       -81.74034
     33.495       -81.71733
     33.645       -81.69210
     33.795       -81.66785
     33.945       -81.64387
     34.095       -81.61937
     34.245       -81.59690
     34.395       -81.57478
     34.545       -81.55169
     34.695       -81.52973
     34.845       -81.50628
     34.995       -81.48319
     35.145       -81.46087
     35.295       -81.43785
     35.445       -81.41457
     35.595       -81.39193
     35.745       -81.37013
     35.895       -81.34842
     36.045       -81.32664
     36.195       -81.30561
     36.345       -81.28355
     36.495       -81.26223
     36.645       -81.24042
     36.795       -81.21885
     36.945       -81.19741
     37.095       -81.17595
     37.245       -81.15562
     37.395       -81.13435
     37.545       -81.11349
     37.695       -81.09300
     37.845       -81.07263
     37.995       -81.05014
     38.145       -81.03005
     38.295       -81.00941
     38.445       -80.98889
     38.595       -80.96880
     38.745       -80.94646
     38.895       -80.92656
     39.045       -80.90599
     39.195       -80.88600
     39.345       -80.86681
     39.495       -80.84559
     39.645       -80.82615
     39.795       -80.80626
     39.945       -80.78670
     40.095       -80.76666
     40.245       -80.74645
     40.395       -80.72519
     40.545       -80.70493
     40.695       -80.68569
     40.845       -80.66567
     40.995       -80.64571
     41.145       -80.62633
     41.295       -80.60676
     41.445       -80.58722
     41.595       -80.56751
     41.745       -80.54660
     41.895       -80.52866
     42.045       -80.50937
     42.195       -80.49110
     42.345       -80.47142
     42.495       -80.45315
     42.645       -80.43398
     42.795       -80.41516
     42.945       -80.39523
     43.095       -80.37609
     43.245       -80.35813
     43.395       -80.34021
     43.545       -80.32209
     43.695       -80.30430
     43.845       -80.28439
     43.995       -80.26542
     44.145       -80.24505
     44.295       -80.22760
     44.445       -80.21008
     44.595       -80.19167
     44.745       -80.17489
     44.895       -80.15745
     45.045       -80.13970
     45.195       -80.12315
     45.345       -80.10466
     45.495       -80.08692
     45.645       -80.06865
     45.795       -80.05006
     45.945       -80.03302
     46.095       -80.01573
     46.245       -79.99840
     46.395       -79.98183
     46.545       -79.96381
     46.695       -79.94734
     46.845       -79.93145
     46.995       -79.91521
     47.145       -79.89656
     47.295       -79.87927
     47.445       -79.86122
     47.595       -79.84181
     47.745       -79.82514
     47.895       -79.80901
     48.045       -79.79207
     48.195       -79.77666
     48.345       -79.75998
     48.495       -79.74472
     48.645       -79.72785
     48.795       -79.71129
     48.945       -79.69343
     49.095       -79.67717
     49.245       -79.66109
     49.395       -79.64519
     49.545       -79.62948
     49.695       -79.61332
     49.845       -79.59688
     49.995       -79.58118
     50.145       -79.56488
     50.295       -79.54923
     50.445       -79.53364
     50.595       -79.51792
     50.745       -79.50312
     50.895       -79.48775
     51.045       -79.47235
     51.195       -79.45689
     51.345       -79.44189
     51.495       -79.42479
     51.645       -79.40871
     51.795       -79.39357
     51.945       -79.37787
     52.095       -79.36276
     52.245       -79.34820
     52.395       -79.33185
     52.545       -79.31770
     52.695       -79.30225
     52.845       -79.28670
     52.995       -79.27132
     53.145       -79.25674
     53.295       -79.24225
     53.445       -79.22511
     53.595       -79.21005
     53.745       -79.19566
     53.895       -79.17963
     54.045       -79.16465
     54.195       -79.14834
     54.345       -79.13293
     54.495       -79.11872
     54.645       -79.10427
     54.795       -79.08896
     54.945       -79.07550
     55.095       -79.06197
     59.433       -77.92153
     80.646       -76.21631
     111.21       -74.52594
     153.36       -72.82994
     211.49       -71.14923
     291.64       -69.46443
     402.18       -67.77849
     554.60       -66.11825
     764.80       -64.47167
     1054.7       -62.82550
     1454.4       -61.19200
     2005.6       -59.56723
     2765.8       -57.95784
     3814.0       -56.37128
     5259.5       -54.80836
     7252.9       -53.28674
     10002.       -51.80100
     13793.       -50.35809
     19020.       -48.94671
     26229.       -47.59500
     36170.       -46.28824
     49878.       -45.03883
     68782.       -43.84183
     94851.       -42.69397
    0.13080E+06   -41.59864
    0.18038E+06   -40.55338
    0.24874E+06   -39.55846
    0.34301E+06   -38.61027
    0.47302E+06   -37.70550
    0.65229E+06   -36.84059
    0.89952E+06   -36.01204
    0.12404E+07   -35.22385
    0.17106E+07   -34.46928
    0.23589E+07   -33.75410
    0.32529E+07   -33.07435
    0.44858E+07   -32.42720
    0.61860E+07   -31.80931
    0.85305E+07   -31.22239
    0.11764E+08   -30.66183
    0.16222E+08   -30.12651
    0.22370E+08   -29.61414
    0.30849E+08   -29.13430
    0.42541E+08   -28.67733
    0.58664E+08   -28.24639
    0.80898E+08   -27.84416
    0.11156E+09   -27.47434
    0.15384E+09   -27.12531
    0.21215E+09   -26.80143
    0.29255E+09   -26.49636
    0.40343E+09   -26.21047
    0.55633E+09   -25.94345
    0.76719E+09   -25.70620
    0.10580E+10   -25.48835
    0.14589E+10   -25.28634
    0.20119E+10   -25.09904
    0.27744E+10   -24.92852
    0.38259E+10   -24.77020
    0.52760E+10   -24.62665
    0.72756E+10   -24.49300
    0.10033E+11   -24.36774
    0.13836E+11   -24.25226
    0.19079E+11   -24.14630
    0.26311E+11   -24.04732
    0.36283E+11   -23.95703
    0.50034E+11   -23.87299
    0.68997E+11   -23.79577
    0.10000E+12   -22.87559
