    -159.95         0.00000
    -159.79         0.00000
    -159.65         0.00000
    -159.49         0.00000
    -159.34         0.00000
    -159.20         0.00000
    -159.04         0.00000
    -158.90         0.00000
    -158.74         0.00000
    -158.59         0.00000
    -158.45         0.00000
    -158.29         0.00000
    -158.15         0.00000
    -157.99         0.00000
    -157.84         0.00000
    -157.70         0.00000
    -157.54         0.00000
    -157.40         0.00000
    -157.24         0.00000
    -157.09         0.00000
    -156.95         0.00000
    -156.79         0.00000
    -156.65         0.00000
    -156.49         0.00000
    -156.34         0.00000
    -156.20         0.00000
    -156.04         0.00000
    -155.90         0.00000
    -155.74         0.00000
    -155.59         0.00000
    -155.45         0.00000
    -155.29         0.00000
    -155.15         0.00000
    -154.99         0.00000
    -154.84         0.00000
    -154.70         0.00000
    -154.54         0.00000
    -154.40         0.00000
    -154.24         0.00000
    -154.09         0.00000
    -153.95         0.00000
    -153.79         0.00000
    -153.65         0.00000
    -153.49         0.00000
    -153.34         0.00000
    -153.20         0.00000
    -153.04         0.00000
    -152.90         0.00000
    -152.74         0.00000
    -152.59         0.00000
    -152.45         0.00000
    -152.29         0.00000
    -152.15         0.00000
    -151.99         0.00000
    -151.84         0.00000
    -151.70         0.00000
    -151.54         0.00000
    -151.40         0.00000
    -151.24         0.00000
    -151.09         0.00000
    -150.95         0.00000
    -150.79         0.00000
    -150.65         0.00000
    -150.49         0.00000
    -150.34         0.00000
    -150.20         0.00000
    -150.04         0.00000
    -149.90         0.00000
    -149.74         0.00000
    -149.59         0.00000
    -149.45         0.00000
    -149.29         0.00000
    -149.15         0.00000
    -148.99         0.00000
    -148.84         0.00000
    -148.70         0.00000
    -148.54         0.00000
    -148.40         0.00000
    -148.24         0.00000
    -148.09         0.00000
    -147.95         0.00000
    -147.79         0.00000
    -147.65         0.00000
    -147.49         0.00000
    -147.34         0.00000
    -147.20         0.00000
    -147.04         0.00000
    -146.90         0.00000
    -146.74         0.00000
    -146.59         0.00000
    -146.45         0.00000
    -146.29         0.00000
    -146.15         0.00000
    -145.99         0.00000
    -145.84         0.00000
    -145.70         0.00000
    -145.54         0.00000
    -145.40         0.00000
    -145.24         0.00000
    -145.09         0.00000
    -144.95         0.00000
    -144.79         0.00000
    -144.65         0.00000
    -144.49         0.00000
    -144.34         0.00000
    -144.20         0.00000
    -144.04         0.00000
    -143.90         0.00000
    -143.74         0.00000
    -143.59         0.00000
    -143.45         0.00000
    -143.29         0.00000
    -143.15         0.00000
    -142.99         0.00000
    -142.84         0.00000
    -142.70         0.00000
    -142.54         0.00000
    -142.40         0.00000
    -142.24         0.00000
    -142.09         0.00000
    -141.95         0.00000
    -141.79         0.00000
    -141.65         0.00000
    -141.49         0.00000
    -141.34         0.00000
    -141.20         0.00000
    -141.04         0.00000
    -140.90         0.00000
    -140.74         0.00000
    -140.59         0.00000
    -140.45         0.00000
    -140.29         0.00000
    -140.15         0.00000
    -139.99         0.00000
    -139.84         0.00000
    -139.70         0.00000
    -139.54         0.00000
    -139.40         0.00000
    -139.24         0.00000
    -139.09         0.00000
    -138.95         0.00000
    -138.79         0.00000
    -138.65         0.00000
    -138.49         0.00000
    -138.34         0.00000
    -138.20         0.00000
    -138.04         0.00000
    -137.90         0.00000
    -137.74         0.00000
    -137.59         0.00000
    -137.45         0.00000
    -137.29         0.00000
    -137.15         0.00000
    -136.99         0.00000
    -136.84         0.00000
    -136.70         0.00000
    -136.54         0.00000
    -136.40         0.00000
    -136.24         0.00000
    -136.09         0.00000
    -135.95         0.00000
    -135.79         0.00000
    -135.65         0.00000
    -135.49         0.00000
    -135.34         0.00000
    -135.20         0.00000
    -135.04         0.00000
    -134.90         0.00000
    -134.74         0.00000
    -134.59         0.00000
    -134.45         0.00000
    -134.29         0.00000
    -134.15         0.00000
    -133.99         0.00000
    -133.84         0.00000
    -133.70         0.00000
    -133.54         0.00000
    -133.40         0.00000
    -133.24         0.00000
    -133.09         0.00000
    -132.95         0.00000
    -132.79         0.00000
    -132.65         0.00000
    -132.49         0.00000
    -132.34         0.00000
    -132.20         0.00000
    -132.04         0.00000
    -131.90         0.00000
    -131.74         0.00000
    -131.59         0.00000
    -131.45         0.00000
    -131.29         0.00000
    -131.15         0.00000
    -130.99         0.00000
    -130.84         0.00000
    -130.70         0.00000
    -130.54         0.00000
    -130.40         0.00000
    -130.24         0.00000
    -130.09         0.00000
    -129.95         0.00000
    -129.79         0.00000
    -129.65         0.00000
    -129.49         0.00000
    -129.34         0.00000
    -129.20         0.00000
    -129.04         0.00000
    -128.90         0.00000
    -128.74         0.00000
    -128.59         0.00000
    -128.45         0.00000
    -128.29         0.00000
    -128.15         0.00000
    -127.99         0.00000
    -127.85         0.00000
    -127.69         0.00000
    -127.55         0.00000
    -127.39         0.00000
    -127.25         0.00000
    -127.10         0.00000
    -126.94         0.00000
    -126.80         0.00000
    -126.64         0.00000
    -126.50         0.00000
    -126.35         0.00000
    -126.19         0.00000
    -126.05         0.00000
    -125.89         0.00000
    -125.75         0.00000
    -125.60         0.00000
    -125.44         0.00000
    -125.30         0.00000
    -125.14         0.00000
    -125.00         0.00000
    -124.85         0.00000
    -124.69         0.00000
    -124.55         0.00000
    -124.39         0.00000
    -124.25         0.00000
    -124.10         0.00000
    -123.94         0.00000
    -123.80         0.00000
    -123.64         0.00000
    -123.50         0.00000
    -123.35         0.00000
    -123.19         0.00000
    -123.05         0.00000
    -122.89         0.00000
    -122.75         0.00000
    -122.60         0.00000
    -122.44         0.00000
    -122.30         0.00000
    -122.14         0.00000
    -122.00         0.00000
    -121.85         0.00000
    -121.69         0.00000
    -121.55         0.00000
    -121.39         0.00000
    -121.25         0.00000
    -121.10         0.00000
    -120.94         0.00000
    -120.80         0.00000
    -120.64         0.00000
    -120.50         0.00000
    -120.35         0.00000
    -120.19         0.00000
    -120.05         0.00000
    -119.89         0.00000
    -119.75         0.00000
    -119.60         0.00000
    -119.44         0.00000
    -119.30         0.00000
    -119.14         0.00000
    -119.00         0.00000
    -118.85         0.00000
    -118.69         0.00000
    -118.55         0.00000
    -118.39         0.00000
    -118.25         0.00000
    -118.10         0.00000
    -117.94         0.00000
    -117.80         0.00000
    -117.64         0.00000
    -117.50         0.00000
    -117.35         0.00000
    -117.19         0.00000
    -117.05         0.00000
    -116.89         0.00000
    -116.75         0.00000
    -116.60         0.00000
    -116.44         0.00000
    -116.30         0.00000
    -116.14         0.00000
    -116.00         0.00000
    -115.85         0.00000
    -115.69         0.00000
    -115.55         0.00000
    -115.39         0.00000
    -115.25         0.00000
    -115.10         0.00000
    -114.94         0.00000
    -114.80         0.00000
    -114.64         0.00000
    -114.50         0.00000
    -114.35         0.00000
    -114.19         0.00000
    -114.05         0.00000
    -113.89         0.00000
    -113.75         0.00000
    -113.60         0.00000
    -113.44         0.00000
    -113.30         0.00000
    -113.14         0.00000
    -113.00         0.00000
    -112.85         0.00000
    -112.69         0.00000
    -112.55         0.00000
    -112.39         0.00000
    -112.25         0.00000
    -112.10         0.00000
    -111.94         0.00000
    -111.80         0.00000
    -111.64         0.00000
    -111.50         0.00000
    -111.35         0.00000
    -111.19         0.00000
    -111.05         0.00000
    -110.89         0.00000
    -110.75         0.00000
    -110.60         0.00000
    -110.44         0.00000
    -110.30         0.00000
    -110.14         0.00000
    -110.00         0.00000
    -109.85         0.00000
    -109.69         0.00000
    -109.55         0.00000
    -109.39         0.00000
    -109.25         0.00000
    -109.10         0.00000
    -108.94         0.00000
    -108.80         0.00000
    -108.64         0.00000
    -108.50         0.00000
    -108.35         0.00000
    -108.19         0.00000
    -108.05         0.00000
    -107.89         0.00000
    -107.75         0.00000
    -107.60         0.00000
    -107.44         0.00000
    -107.30         0.00000
    -107.14         0.00000
    -107.00         0.00000
    -106.85         0.00000
    -106.69         0.00000
    -106.55         0.00000
    -106.39         0.00000
    -106.25         0.00000
    -106.10         0.00000
    -105.94         0.00000
    -105.80         0.00000
    -105.64         0.00000
    -105.50         0.00000
    -105.35         0.00000
    -105.19         0.00000
    -105.05         0.00000
    -104.89         0.00000
    -104.75         0.00000
    -104.60         0.00000
    -104.44         0.00000
    -104.30         0.00000
    -104.14         0.00000
    -104.00         0.00000
    -103.85         0.00000
    -103.69         0.00000
    -103.55         0.00000
    -103.39         0.00000
    -103.25         0.00000
    -103.10         0.00000
    -102.94         0.00000
    -102.80         0.00000
    -102.64         0.00000
    -102.50         0.00000
    -102.35         0.00000
    -102.19         0.00000
    -102.05         0.00000
    -101.89         0.00000
    -101.75         0.00000
    -101.60         0.00000
    -101.44         0.00000
    -101.30         0.00000
    -101.14         0.00000
    -101.00         0.00000
    -100.85         0.00000
    -100.69         0.00000
    -100.55         0.00000
    -100.39         0.00000
    -100.25         0.00000
    -100.10         0.00000
    -99.945         0.00000
    -99.795         0.00000
    -99.645         0.00000
    -99.495         0.00000
    -99.345         0.00000
    -99.195         0.00000
    -99.045         0.00000
    -98.895         0.00000
    -98.745         0.00000
    -98.595         0.00000
    -98.445         0.00000
    -98.295         0.00000
    -98.145         0.00000
    -97.995         0.00000
    -97.845         0.00000
    -97.695         0.00000
    -97.545         0.00000
    -97.395         0.00000
    -97.245         0.00000
    -97.095         0.00000
    -96.945         0.00000
    -96.795         0.00000
    -96.645         0.00000
    -96.495         0.00000
    -96.345         0.00000
    -96.195         0.00000
    -96.045         0.00000
    -95.895         0.00000
    -95.745         0.00000
    -95.595         0.00000
    -95.445         0.00000
    -95.295         0.00000
    -95.145         0.00000
    -94.995         0.00000
    -94.845         0.00000
    -94.695         0.00000
    -94.545         0.00000
    -94.395         0.00000
    -94.245         0.00000
    -94.095         0.00000
    -93.945         0.00000
    -93.795         0.00000
    -93.645         0.00000
    -93.495         0.00000
    -93.345         0.00000
    -93.195         0.00000
    -93.045         0.00000
    -92.895         0.00000
    -92.745         0.00000
    -92.595         0.00000
    -92.445         0.00000
    -92.295         0.00000
    -92.145         0.00000
    -91.995         0.00000
    -91.845         0.00000
    -91.695         0.00000
    -91.545         0.00000
    -91.395         0.00000
    -91.245         0.00000
    -91.095         0.00000
    -90.945         0.00000
    -90.795         0.00000
    -90.645         0.00000
    -90.495         0.00000
    -90.345         0.00000
    -90.195         0.00000
    -90.045         0.00000
    -89.895         0.00000
    -89.745         0.00000
    -89.595         0.00000
    -89.445         0.00000
    -89.295         0.00000
    -89.145         0.00000
    -88.995         0.00000
    -88.845         0.00000
    -88.695         0.00000
    -88.545         0.00000
    -88.395         0.00000
    -88.245         0.00000
    -88.095         0.00000
    -87.945         0.00000
    -87.795         0.00000
    -87.645         0.00000
    -87.495         0.00000
    -87.345         0.00000
    -87.195         0.00000
    -87.045         0.00000
    -86.895         0.00000
    -86.745         0.00000
    -86.595         0.00000
    -86.445         0.00000
    -86.295         0.00000
    -86.145         0.00000
    -85.995         0.00000
    -85.845         0.00000
    -85.695         0.00000
    -85.545         0.00000
    -85.395         0.00000
    -85.245         0.00000
    -85.095         0.00000
    -84.945         0.00000
    -84.795         0.00000
    -84.645         0.00000
    -84.495         0.00000
    -84.345         0.00000
    -84.195         0.00000
    -84.045         0.00000
    -83.895         0.00000
    -83.745         0.00000
    -83.595         0.00000
    -83.445         0.00000
    -83.295         0.00000
    -83.145         0.00000
    -82.995         0.00000
    -82.845         0.00000
    -82.695         0.00000
    -82.545         0.00000
    -82.395         0.00000
    -82.245         0.00000
    -82.095         0.00000
    -81.945         0.00000
    -81.795         0.00000
    -81.645         0.00000
    -81.495         0.00000
    -81.345         0.00000
    -81.195         0.00000
    -81.045         0.00000
    -80.895         0.00000
    -80.745         0.00000
    -80.595         0.00000
    -80.445         0.00000
    -80.295         0.00000
    -80.145         0.00000
    -79.995         0.00000
    -79.845         0.00000
    -79.695         0.00000
    -79.545         0.00000
    -79.395         0.00000
    -79.245         0.00000
    -79.095         0.00000
    -78.945         0.00000
    -78.795         0.00000
    -78.645         0.00000
    -78.495         0.00000
    -78.345         0.00000
    -78.195         0.00000
    -78.045         0.00000
    -77.895         0.00000
    -77.745         0.00000
    -77.595         0.00000
    -77.445         0.00000
    -77.295         0.00000
    -77.145         0.00000
    -76.995         0.00000
    -76.845         0.00000
    -76.695         0.00000
    -76.545         0.00000
    -76.395         0.00000
    -76.245         0.00000
    -76.095         0.00000
    -75.945         0.00000
    -75.795         0.00000
    -75.645         0.00000
    -75.495         0.00000
    -75.345         0.00000
    -75.195         0.00000
    -75.045         0.00000
    -74.895         0.00000
    -74.745         0.00000
    -74.595         0.00000
    -74.445         0.00000
    -74.295         0.00000
    -74.145         0.00000
    -73.995         0.00000
    -73.845         0.00000
    -73.695         0.00000
    -73.545         0.00000
    -73.395         0.00000
    -73.245         0.00000
    -73.095         0.00000
    -72.945         0.00000
    -72.795         0.00000
    -72.645         0.00000
    -72.495         0.00000
    -72.345         0.00000
    -72.195         0.00000
    -72.045         0.00000
    -71.895         0.00000
    -71.745         0.00000
    -71.595         0.00000
    -71.445         0.00000
    -71.295         0.00000
    -71.145         0.00000
    -70.995         0.00000
    -70.845         0.00000
    -70.695         0.00000
    -70.545         0.00000
    -70.395         0.00000
    -70.245         0.00000
    -70.095         0.00000
    -69.945         0.00000
    -69.795         0.00000
    -69.645         0.00000
    -69.495         0.00000
    -69.345         0.00000
    -69.195         0.00000
    -69.045         0.00000
    -68.895         0.00000
    -68.745         0.00000
    -68.595         0.00000
    -68.445         0.00000
    -68.295         0.00000
    -68.145         0.00000
    -67.995         0.00000
    -67.845         0.00000
    -67.695         0.00000
    -67.545         0.00000
    -67.395         0.00000
    -67.245         0.00000
    -67.095         0.00000
    -66.945         0.00000
    -66.795         0.00000
    -66.645         0.00000
    -66.495         0.00000
    -66.345         0.00000
    -66.195         0.00000
    -66.045         0.00000
    -65.895         0.00000
    -65.745         0.00000
    -65.595         0.00000
    -65.445         0.00000
    -65.295         0.00000
    -65.145         0.00000
    -64.995         0.00000
    -64.845         0.00000
    -64.695         0.00000
    -64.545         0.00000
    -64.395         0.00000
    -64.245         0.00000
    -64.095         0.00000
    -63.945         0.00000
    -63.795         0.00000
    -63.645         0.00000
    -63.495         0.00000
    -63.345         0.00000
    -63.195         0.00000
    -63.045         0.00000
    -62.895         0.00000
    -62.745         0.00000
    -62.595         0.00000
    -62.445         0.00000
    -62.295         0.00000
    -62.145         0.00000
    -61.995         0.00000
    -61.845         0.00000
    -61.695         0.00000
    -61.545         0.00000
    -61.395         0.00000
    -61.245         0.00000
    -61.095         0.00000
    -60.945         0.00000
    -60.795         0.00000
    -60.645         0.00000
    -60.495         0.00000
    -60.345         0.00000
    -60.195         0.00000
    -60.045         0.00000
    -59.895         0.00000
    -59.745         0.00000
    -59.595         0.00000
    -59.445         0.00000
    -59.295         0.00000
    -59.145         0.00000
    -58.995         0.00000
    -58.845         0.00000
    -58.695         0.00000
    -58.545         0.00000
    -58.395         0.00000
    -58.245         0.00000
    -58.095         0.00000
    -57.945         0.00000
    -57.795         0.00000
    -57.645         0.00000
    -57.495         0.00000
    -57.345         0.00000
    -57.195         0.00000
    -57.045         0.00000
    -56.895         0.00000
    -56.745         0.00000
    -56.595         0.00000
    -56.445         0.00000
    -56.295         0.00000
    -56.145         0.00000
    -55.995         0.00000
    -55.845         0.00000
    -55.695         0.00000
    -55.545         0.00000
    -55.395         0.00000
    -55.245         0.00000
    -55.095         0.00000
    -54.945         0.00000
    -54.795         0.00000
    -54.645         0.00000
    -54.495         0.00000
    -54.345         0.00000
    -54.195         0.00000
    -54.045         0.00000
    -53.895         0.00000
    -53.745         0.00000
    -53.595         0.00000
    -53.445         0.00000
    -53.295         0.00000
    -53.145         0.00000
    -52.995         0.00000
    -52.845         0.00000
    -52.695         0.00000
    -52.545         0.00000
    -52.395         0.00000
    -52.245         0.00000
    -52.095         0.00000
    -51.945         0.00000
    -51.795         0.00000
    -51.645         0.00000
    -51.495         0.00000
    -51.345         0.00000
    -51.195         0.00000
    -51.045         0.00000
    -50.895         0.00000
    -50.745         0.00000
    -50.595         0.00000
    -50.445         0.00000
    -50.295         0.00000
    -50.145         0.00000
    -49.995         0.00000
    -49.845         0.00000
    -49.695         0.00000
    -49.545         0.00000
    -49.395         0.00000
    -49.245         0.00000
    -49.095         0.00000
    -48.945         0.00000
    -48.795         0.00000
    -48.645         0.00000
    -48.495         0.00000
    -48.345         0.00000
    -48.195         0.00000
    -48.045         0.00000
    -47.895         0.00000
    -47.745         0.00000
    -47.595         0.00000
    -47.445         0.00000
    -47.295         0.00000
    -47.145         0.00000
    -46.995         0.00000
    -46.845         0.00000
    -46.695         0.00000
    -46.545         0.00000
    -46.395         0.00000
    -46.245         0.00000
    -46.095         0.00000
    -45.945         0.00000
    -45.795         0.00000
    -45.645         0.00000
    -45.495         0.00000
    -45.345         0.00000
    -45.195         0.00000
    -45.045         0.00000
    -44.895         0.00000
    -44.745         0.00000
    -44.595         0.00000
    -44.445         0.00000
    -44.295         0.00000
    -44.145         0.00000
    -43.995         0.00000
    -43.845         0.00000
    -43.695         0.00000
    -43.545         0.00000
    -43.395         0.00000
    -43.245         0.00000
    -43.095         0.00000
    -42.945         0.00000
    -42.795         0.00000
    -42.645         0.00000
    -42.495         0.00000
    -42.345         0.00000
    -42.195         0.00000
    -42.045         0.00000
    -41.895         0.00000
    -41.745         0.00000
    -41.595         0.00000
    -41.445         0.00000
    -41.295         0.00000
    -41.145         0.00000
    -40.995         0.00000
    -40.845         0.00000
    -40.695         0.00000
    -40.545         0.00000
    -40.395         0.00000
    -40.245         0.00000
    -40.095         0.00000
    -39.945         0.00000
    -39.795         0.00000
    -39.645         0.00000
    -39.495         0.00000
    -39.345         0.00000
    -39.195         0.00000
    -39.045         0.00000
    -38.895         0.00000
    -38.745         0.00000
    -38.595         0.00000
    -38.445         0.00000
    -38.295         0.00000
    -38.145         0.00000
    -37.995         0.00000
    -37.845         0.00000
    -37.695         0.00000
    -37.545         0.00000
    -37.395         0.00000
    -37.245         0.00000
    -37.095         0.00000
    -36.945         0.00000
    -36.795         0.00000
    -36.645         0.00000
    -36.495         0.00000
    -36.345         0.00000
    -36.195         0.00000
    -36.045         0.00000
    -35.895         0.00000
    -35.745         0.00000
    -35.595         0.00000
    -35.445         0.00000
    -35.295         0.00000
    -35.145         0.00000
    -34.995         0.00000
    -34.845         0.00000
    -34.695         0.00000
    -34.545         0.00000
    -34.395         0.00000
    -34.245         0.00000
    -34.095         0.00000
    -33.945         0.00000
    -33.795         0.00000
    -33.645         0.00000
    -33.495         0.00000
    -33.345         0.00000
    -33.195         0.00000
    -33.045         0.00000
    -32.895         0.00000
    -32.745         0.00000
    -32.595         0.00000
    -32.445         0.00000
    -32.295         0.00000
    -32.145         0.00000
    -31.995         0.00000
    -31.845         0.00000
    -31.695         0.00000
    -31.545         0.00000
    -31.395         0.00000
    -31.245         0.00000
    -31.095         0.00000
    -30.945         0.00000
    -30.795         0.00000
    -30.645         0.00000
    -30.495         0.00000
    -30.345         0.00000
    -30.195         0.00000
    -30.045         0.00000
    -29.895         0.00000
    -29.745         0.00000
    -29.595         0.00000
    -29.445         0.00000
    -29.295         0.00000
    -29.145         0.00000
    -28.995         0.00000
    -28.845         0.00000
    -28.695         0.00000
    -28.545         0.00000
    -28.395         0.00000
    -28.245         0.00000
    -28.095         0.00000
    -27.945         0.00000
    -27.795         0.00000
    -27.645         0.00000
    -27.495         0.00000
    -27.345         0.00000
    -27.195         0.00000
    -27.045         0.00000
    -26.895         0.00000
    -26.745         0.00000
    -26.595         0.00000
    -26.445         0.00000
    -26.295         0.00000
    -26.145         0.00000
    -25.995         0.00000
    -25.845         0.00000
    -25.695         0.00000
    -25.545         0.00000
    -25.395         0.00000
    -25.245         0.00000
    -25.095         0.00000
    -24.945         0.00000
    -24.795         0.00000
    -24.645         0.00000
    -24.495         0.00000
    -24.345         0.00000
    -24.195         0.00000
    -24.045         0.00000
    -23.895         0.00000
    -23.745         0.00000
    -23.595         0.00000
    -23.445         0.00000
    -23.295         0.00000
    -23.145         0.00000
    -22.995         0.00000
    -22.845         0.00000
    -22.695         0.00000
    -22.545         0.00000
    -22.395         0.00000
    -22.245         0.00000
    -22.095         0.00000
    -21.945         0.00000
    -21.795         0.00000
    -21.645         0.00000
    -21.495         0.00000
    -21.345         0.00000
    -21.195         0.00000
    -21.045         0.00000
    -20.895         0.00000
    -20.745         0.00000
    -20.595         0.00000
    -20.445         0.00000
    -20.295         0.00000
    -20.145         0.00000
    -19.995         0.00000
    -19.845         0.00000
    -19.695         0.00000
    -19.545         0.00000
    -19.395         0.00000
    -19.245         0.00000
    -19.095         0.00000
    -18.945         0.00000
    -18.795         0.00000
    -18.645         0.00000
    -18.495         0.00000
    -18.345         0.00000
    -18.195         0.00000
    -18.045         0.00000
    -17.895         0.00000
    -17.745         0.00000
    -17.595         0.00000
    -17.445         0.00000
    -17.295         0.00000
    -17.145         0.00000
    -16.995         0.00000
    -16.845         0.00000
    -16.695         0.00000
    -16.545         0.00000
    -16.395         0.00000
    -16.245        -0.00230
    -16.095        -0.02749
    -15.945        -0.09709
    -15.795        -0.22475
    -15.645        -0.42627
    -15.495        -0.67408
    -15.345        -0.94761
    -15.195        -1.31138
    -15.045        -1.67402
    -14.895        -2.02666
    -14.745        -2.34759
    -14.595        -2.65450
    -14.445        -2.99668
    -14.295        -3.29871
    -14.145        -3.56517
    -13.995        -3.80536
    -13.845        -3.98818
    -13.695        -4.18376
    -13.545        -4.36645
    -13.395        -4.52107
    -13.245        -4.65019
    -13.095        -4.75845
    -12.945        -4.85311
    -12.795        -4.94670
    -12.645        -5.00661
    -12.495        -5.08180
    -12.345        -5.14221
    -12.195        -5.20243
    -12.045        -5.28135
    -11.895        -5.38620
    -11.745        -5.49035
    -11.595        -5.64117
    -11.445        -5.79376
    -11.295        -5.98377
    -11.145        -6.24099
    -10.995        -6.52740
    -10.845        -6.85742
    -10.695        -7.22212
    -10.545        -7.61997
    -10.395        -8.02922
    -10.245        -8.41209
    -10.095        -8.81869
    -9.9450        -9.22546
    -9.7950        -9.62821
    -9.6450       -10.05278
    -9.4950       -10.46444
    -9.3450       -10.89277
    -9.1950       -11.32686
    -9.0450       -11.75654
    -8.8950       -12.21559
    -8.7450       -12.71827
    -8.5950       -13.20873
    -8.4450       -13.71233
    -8.2950       -14.24836
    -8.1450       -14.77500
    -7.9950       -15.33035
    -7.8450       -15.87705
    -7.6950       -16.46306
    -7.5450       -17.05331
    -7.3950       -17.68828
    -7.2450       -18.30311
    -7.0950       -18.96818
    -6.9450       -19.64597
    -6.7950       -20.37415
    -6.6450       -21.14850
    -6.4950       -21.98207
    -6.3450       -22.87262
    -6.1950       -23.75956
    -6.0450       -24.65217
    -5.8950       -25.55460
    -5.7450       -26.48176
    -5.5950       -27.46079
    -5.4450       -28.39685
    -5.2950       -29.40155
    -5.1450       -30.44601
    -4.9950       -31.42624
    -4.8450       -32.42911
    -4.6950       -33.42126
    -4.5450       -34.42044
    -4.3950       -35.44278
    -4.2450       -36.39582
    -4.0950       -37.38712
    -3.9450       -38.39230
    -3.7950       -39.41899
    -3.6450       -40.48206
    -3.4950       -41.53508
    -3.3450       -42.64808
    -3.1950       -43.80486
    -3.0450       -45.05359
    -2.8950       -46.37147
    -2.7450       -47.79280
    -2.5950       -49.32802
    -2.4450       -51.02468
    -2.2950       -52.94711
    -2.1450       -55.16158
    -1.9950       -57.71440
    -1.8450       -60.70320
    -1.6950       -64.08065
    -1.5450       -67.85185
    -1.3950       -71.99245
    -1.2450       -76.44431
    -1.0950       -81.16897
   -0.94500       -86.15444
   -0.79500       -91.37678
   -0.64500       -97.02999
   -0.49500      -103.46349
   -0.34500      -111.64090
   -0.22700      -114.99831
   -0.21300      -115.42901
   -0.20700      -115.86828
   -0.20100      -116.31317
   -0.19500      -116.77063
   -0.18900      -117.23785
   -0.18300      -117.71544
   -0.17700      -118.20477
   -0.17100      -118.70740
   -0.16500      -119.22614
   -0.15900      -119.75346
   -0.15300      -120.29597
   -0.14700      -120.85476
   -0.14100      -121.43103
   -0.13500      -122.02909
   -0.12900      -122.64264
   -0.12300      -123.28374
   -0.11700      -123.95155
   -0.11100      -124.64487
   -0.10500      -125.36976
   -0.99000E-01  -126.12988
   -0.93000E-01  -126.92691
   -0.87000E-01  -127.77090
   -0.81000E-01  -128.66832
   -0.75000E-01  -129.62813
   -0.69000E-01  -130.66054
   -0.63000E-01  -131.77878
   -0.57000E-01  -133.00288
   -0.51000E-01  -134.36140
   -0.45000E-01  -135.88608
   -0.39000E-01  -137.64130
   -0.33000E-01  -139.71862
   -0.27000E-01  -142.28191
   -0.21300E-01  -144.48388
   -0.19500E-01  -144.85074
   -0.18900E-01  -145.22991
   -0.18300E-01  -145.62190
   -0.17700E-01  -146.02798
   -0.17100E-01  -146.44896
   -0.16500E-01  -146.88392
   -0.15900E-01  -147.33565
   -0.15300E-01  -147.80349
   -0.14700E-01  -148.28963
   -0.14100E-01  -148.79333
   -0.13500E-01  -149.31894
   -0.12900E-01  -149.86459
   -0.12300E-01  -150.43304
   -0.11700E-01  -151.02595
   -0.11100E-01  -151.64380
   -0.10500E-01  -152.28875
   -0.99000E-02  -152.96017
   -0.93000E-02  -153.66057
   -0.87000E-02  -154.39023
   -0.81000E-02  -155.15020
   -0.75000E-02  -155.94290
   -0.69000E-02  -156.77000
   -0.63000E-02  -157.63941
   -0.57000E-02  -158.55753
   -0.51000E-02  -159.52529
   -0.45000E-02  -160.53337
   -0.39000E-02  -161.56127
   -0.33000E-02  -162.58026
   -0.27000E-02  -163.52949
   -0.21000E-02  -164.33729
   -0.15000E-02  -164.95291
   -0.90000E-03  -165.34001
   -0.30000E-03  -165.47681
    0.30000E-03  -165.35521
    0.90000E-03  -164.98167
    0.15000E-02  -164.37598
    0.21000E-02  -163.57283
    0.27000E-02  -162.62501
    0.33000E-02  -161.60562
    0.39000E-02  -160.57931
    0.45000E-02  -159.57251
    0.51000E-02  -158.60616
    0.57000E-02  -157.68864
    0.63000E-02  -156.82151
    0.69000E-02  -155.99641
    0.75000E-02  -155.20621
    0.81000E-02  -154.44871
    0.87000E-02  -153.72092
    0.93000E-02  -153.02290
    0.99000E-02  -152.35339
    0.10500E-01  -151.71058
    0.11100E-01  -151.09618
    0.11700E-01  -150.50569
    0.12300E-01  -149.93914
    0.12900E-01  -149.39589
    0.13500E-01  -148.87484
    0.14100E-01  -148.37263
    0.14700E-01  -147.89022
    0.15300E-01  -147.42454
    0.15900E-01  -146.97607
    0.16500E-01  -146.54371
    0.17100E-01  -146.12569
    0.17700E-01  -145.72171
    0.18300E-01  -145.33174
    0.18900E-01  -144.95473
    0.19500E-01  -144.59059
    0.21300E-01  -142.39995
    0.27000E-01  -139.85955
    0.33000E-01  -137.80143
    0.39000E-01  -136.06527
    0.45000E-01  -134.55770
    0.51000E-01  -133.22151
    0.57000E-01  -132.02499
    0.63000E-01  -130.93687
    0.69000E-01  -129.94121
    0.75000E-01  -129.02260
    0.81000E-01  -128.16338
    0.87000E-01  -127.36826
    0.93000E-01  -126.62044
    0.99000E-01  -125.91789
    0.10500      -125.25665
    0.11100      -124.62537
    0.11700      -124.02855
    0.12300      -123.46259
    0.12900      -122.92433
    0.13500      -122.40317
    0.14100      -121.90710
    0.14700      -121.43100
    0.15300      -120.97431
    0.15900      -120.53548
    0.16500      -120.11156
    0.17100      -119.70258
    0.17700      -119.30685
    0.18300      -118.92652
    0.18900      -118.56096
    0.19500      -118.20253
    0.20100      -117.85675
    0.20700      -117.51969
    0.21300      -117.19930
    0.22700      -114.80979
    0.34500      -109.97668
    0.49500      -107.07159
    0.64500      -105.05328
    0.79500      -103.55778
    0.94500      -102.31759
     1.0950      -101.25412
     1.2450      -100.29307
     1.3950       -99.43952
     1.5450       -98.65674
     1.6950       -97.93397
     1.8450       -97.28361
     1.9950       -96.68826
     2.1450       -96.15524
     2.2950       -95.68307
     2.4450       -95.28032
     2.5950       -94.88842
     2.7450       -94.52246
     2.8950       -94.22079
     3.0450       -93.91164
     3.1950       -93.63369
     3.3450       -93.38501
     3.4950       -93.14955
     3.6450       -92.92587
     3.7950       -92.70489
     3.9450       -92.50857
     4.0950       -92.30950
     4.2450       -92.12471
     4.3950       -91.94234
     4.5450       -91.78253
     4.6950       -91.62156
     4.8450       -91.47188
     4.9950       -91.33026
     5.1450       -91.18224
     5.2950       -91.04099
     5.4450       -90.90707
     5.5950       -90.77624
     5.7450       -90.64370
     5.8950       -90.52214
     6.0450       -90.39568
     6.1950       -90.27956
     6.3450       -90.15647
     6.4950       -90.04046
     6.6450       -89.92286
     6.7950       -89.81174
     6.9450       -89.70193
     7.0950       -89.59625
     7.2450       -89.49178
     7.3950       -89.38954
     7.5450       -89.28705
     7.6950       -89.18789
     7.8450       -89.09283
     7.9950       -88.99744
     8.1450       -88.90123
     8.2950       -88.80919
     8.4450       -88.72106
     8.5950       -88.63318
     8.7450       -88.54852
     8.8950       -88.46025
     9.0450       -88.37478
     9.1950       -88.29111
     9.3450       -88.20860
     9.4950       -88.12875
     9.6450       -88.04665
     9.7950       -87.96899
     9.9450       -87.89523
     10.095       -87.81551
     10.245       -87.73975
     10.395       -87.66543
     10.545       -87.58727
     10.695       -87.51058
     10.845       -87.44130
     10.995       -87.37281
     11.145       -87.30367
     11.295       -87.23868
     11.445       -87.17441
     11.595       -87.10534
     11.745       -87.04196
     11.895       -86.97635
     12.045       -86.90917
     12.195       -86.84684
     12.345       -86.78287
     12.495       -86.72057
     12.645       -86.66216
     12.795       -86.60210
     12.945       -86.53877
     13.095       -86.48076
     13.245       -86.41883
     13.395       -86.35876
     13.545       -86.30389
     13.695       -86.24415
     13.845       -86.18882
     13.995       -86.13301
     14.145       -86.07828
     14.295       -86.02353
     14.445       -85.96976
     14.595       -85.91651
     14.745       -85.86425
     14.895       -85.80804
     15.045       -85.75742
     15.195       -85.70742
     15.345       -85.65563
     15.495       -85.60221
     15.645       -85.55015
     15.795       -85.50153
     15.945       -85.44827
     16.095       -85.40056
     16.245       -85.35387
     16.395       -85.30570
     16.545       -85.25697
     16.695       -85.21188
     16.845       -85.16723
     16.995       -85.12161
     17.145       -85.07633
     17.295       -85.03179
     17.445       -84.98803
     17.595       -84.94281
     17.745       -84.89721
     17.895       -84.85499
     18.045       -84.81334
     18.195       -84.77058
     18.345       -84.72698
     18.495       -84.68341
     18.645       -84.64213
     18.795       -84.60156
     18.945       -84.56194
     19.095       -84.51927
     19.245       -84.47868
     19.395       -84.44097
     19.545       -84.40063
     19.695       -84.35932
     19.845       -84.32006
     19.995       -84.28195
     20.145       -84.24438
     20.295       -84.20696
     20.445       -84.17044
     20.595       -84.13318
     20.745       -84.09679
     20.895       -84.05848
     21.045       -84.02165
     21.195       -83.98468
     21.345       -83.94746
     21.495       -83.91004
     21.645       -83.87485
     21.795       -83.83759
     21.945       -83.79969
     22.095       -83.76334
     22.245       -83.72890
     22.395       -83.69529
     22.545       -83.65882
     22.695       -83.62446
     22.845       -83.59116
     22.995       -83.55612
     23.145       -83.52068
     23.295       -83.48747
     23.445       -83.45485
     23.595       -83.42231
     23.745       -83.39093
     23.895       -83.35695
     24.045       -83.32405
     24.195       -83.28904
     24.345       -83.25834
     24.495       -83.22406
     24.645       -83.19259
     24.795       -83.15985
     24.945       -83.12813
     25.095       -83.09692
     25.245       -83.06535
     25.395       -83.03584
     25.545       -83.00152
     25.695       -82.96971
     25.845       -82.93747
     25.995       -82.90797
     26.145       -82.87870
     26.295       -82.84936
     26.445       -82.81792
     26.595       -82.78813
     26.745       -82.75903
     26.895       -82.72835
     27.045       -82.69853
     27.195       -82.66832
     27.345       -82.63982
     27.495       -82.60950
     27.645       -82.58113
     27.795       -82.55201
     27.945       -82.52487
     28.095       -82.49767
     28.245       -82.46707
     28.395       -82.44016
     28.545       -82.41434
     28.695       -82.38664
     28.845       -82.35962
     28.995       -82.33369
     29.145       -82.30742
     29.295       -82.28053
     29.445       -82.25278
     29.595       -82.22224
     29.745       -82.19491
     29.895       -82.16671
     30.045       -82.14155
     30.195       -82.11459
     30.345       -82.08860
     30.495       -82.06398
     30.645       -82.03980
     30.795       -82.01403
     30.945       -81.98842
     31.095       -81.96329
     31.245       -81.93678
     31.395       -81.91034
     31.545       -81.88516
     31.695       -81.86110
     31.845       -81.83633
     31.995       -81.81275
     32.145       -81.78904
     32.295       -81.76297
     32.445       -81.73738
     32.595       -81.71402
     32.745       -81.69143
     32.895       -81.66661
     33.045       -81.64335
     33.195       -81.61706
     33.345       -81.59326
     33.495       -81.57017
     33.645       -81.54485
     33.795       -81.52057
     33.945       -81.49659
     34.095       -81.47185
     34.245       -81.44940
     34.395       -81.42728
     34.545       -81.40418
     34.695       -81.38219
     34.845       -81.35867
     34.995       -81.33561
     35.145       -81.31324
     35.295       -81.29027
     35.445       -81.26703
     35.595       -81.24438
     35.745       -81.22256
     35.895       -81.20082
     36.045       -81.17907
     36.195       -81.15809
     36.345       -81.13590
     36.495       -81.11462
     36.645       -81.09286
     36.795       -81.07119
     36.945       -81.04956
     37.095       -81.02809
     37.245       -81.00774
     37.395       -80.98649
     37.545       -80.96564
     37.695       -80.94515
     37.845       -80.92486
     37.995       -80.90237
     38.145       -80.88237
     38.295       -80.86175
     38.445       -80.84120
     38.595       -80.82109
     38.745       -80.79863
     38.895       -80.77874
     39.045       -80.75819
     39.195       -80.73823
     39.345       -80.71903
     39.495       -80.69787
     39.645       -80.67846
     39.795       -80.65854
     39.945       -80.63916
     40.095       -80.61907
     40.245       -80.59890
     40.395       -80.57761
     40.545       -80.55748
     40.695       -80.53828
     40.845       -80.51829
     40.995       -80.49836
     41.145       -80.47898
     41.295       -80.45939
     41.445       -80.43986
     41.595       -80.42015
     41.745       -80.39905
     41.895       -80.38117
     42.045       -80.36203
     42.195       -80.34377
     42.345       -80.32396
     42.495       -80.30562
     42.645       -80.28625
     42.795       -80.26733
     42.945       -80.24734
     43.095       -80.22806
     43.245       -80.21012
     43.395       -80.19222
     43.545       -80.17410
     43.695       -80.15631
     43.845       -80.13651
     43.995       -80.11749
     44.145       -80.09708
     44.295       -80.07963
     44.445       -80.06215
     44.595       -80.04380
     44.745       -80.02706
     44.895       -80.00962
     45.045       -79.99186
     45.195       -79.97534
     45.345       -79.95685
     45.495       -79.93927
     45.645       -79.92097
     45.795       -79.90239
     45.945       -79.88533
     46.095       -79.86798
     46.245       -79.85067
     46.395       -79.83407
     46.545       -79.81599
     46.695       -79.79950
     46.845       -79.78362
     46.995       -79.76739
     47.145       -79.74856
     47.295       -79.73130
     47.445       -79.71322
     47.595       -79.69387
     47.745       -79.67721
     47.895       -79.66108
     48.045       -79.64415
     48.195       -79.62872
     48.345       -79.61193
     48.495       -79.59667
     48.645       -79.57981
     48.795       -79.56325
     48.945       -79.54525
     49.095       -79.52901
     49.245       -79.51296
     49.395       -79.49704
     49.545       -79.48129
     49.695       -79.46513
     49.845       -79.44867
     49.995       -79.43300
     50.145       -79.41668
     50.295       -79.40088
     50.445       -79.38520
     50.595       -79.36945
     50.745       -79.35467
     50.895       -79.33924
     51.045       -79.32389
     51.195       -79.30844
     51.345       -79.29344
     51.495       -79.27634
     51.645       -79.26013
     51.795       -79.24495
     51.945       -79.22930
     52.095       -79.21421
     52.245       -79.19961
     52.395       -79.18326
     52.545       -79.16914
     52.695       -79.15380
     52.845       -79.13835
     52.995       -79.12291
     53.145       -79.10835
     53.295       -79.09385
     53.445       -79.07643
     53.595       -79.06138
     53.745       -79.04699
     53.895       -79.03084
     54.045       -79.01585
     54.195       -78.99960
     54.345       -78.98416
     54.495       -78.96997
     54.645       -78.95546
     54.795       -78.94015
     54.945       -78.92665
     55.095       -78.91309
     59.433       -77.77261
     80.646       -76.06767
     111.21       -74.37631
     153.36       -72.67953
     211.49       -70.99855
     291.64       -69.31238
     402.18       -67.62632
     554.60       -65.96607
     764.80       -64.31934
     1054.7       -62.67318
     1454.4       -61.03955
     2005.6       -59.41524
     2765.8       -57.80576
     3814.0       -56.21930
     5259.5       -54.65602
     7252.9       -53.13338
     10002.       -51.64789
     13793.       -50.20475
     19020.       -48.79306
     26229.       -47.44110
     36170.       -46.13421
     49878.       -44.88459
     68782.       -43.68740
     94851.       -42.53962
    0.13080E+06   -41.44393
    0.18038E+06   -40.39873
    0.24874E+06   -39.40356
    0.34301E+06   -38.45548
    0.47302E+06   -37.55082
    0.65229E+06   -36.68602
    0.89952E+06   -35.85777
    0.12404E+07   -35.06975
    0.17106E+07   -34.31497
    0.23589E+07   -33.59921
    0.32529E+07   -32.91949
    0.44858E+07   -32.27228
    0.61860E+07   -31.65437
    0.85305E+07   -31.06726
    0.11764E+08   -30.50673
    0.16222E+08   -29.97066
    0.22370E+08   -29.45819
    0.30849E+08   -28.97839
    0.42541E+08   -28.52152
    0.58664E+08   -28.09032
    0.80898E+08   -27.68798
    0.11156E+09   -27.31781
    0.15384E+09   -26.96809
    0.21215E+09   -26.64421
    0.29255E+09   -26.33915
    0.40343E+09   -26.05314
    0.55633E+09   -25.78619
    0.76719E+09   -25.54882
    0.10580E+10   -25.33103
    0.14589E+10   -25.12879
    0.20119E+10   -24.94129
    0.27744E+10   -24.77089
    0.38259E+10   -24.61232
    0.52760E+10   -24.46883
    0.72756E+10   -24.33518
    0.10033E+11   -24.20983
    0.13836E+11   -24.09437
    0.19079E+11   -23.98836
    0.26311E+11   -23.88945
    0.36283E+11   -23.79919
    0.50034E+11   -23.71520
    0.68997E+11   -23.63802
    0.10000E+12   -22.71743
