    -159.95         0.00000
    -159.79         0.00000
    -159.65         0.00000
    -159.49         0.00000
    -159.34         0.00000
    -159.20         0.00000
    -159.04         0.00000
    -158.90         0.00000
    -158.74         0.00000
    -158.59         0.00000
    -158.45         0.00000
    -158.29         0.00000
    -158.15         0.00000
    -157.99         0.00000
    -157.84         0.00000
    -157.70         0.00000
    -157.54         0.00000
    -157.40         0.00000
    -157.24         0.00000
    -157.09         0.00000
    -156.95         0.00000
    -156.79         0.00000
    -156.65         0.00000
    -156.49         0.00000
    -156.34         0.00000
    -156.20         0.00000
    -156.04         0.00000
    -155.90         0.00000
    -155.74         0.00000
    -155.59         0.00000
    -155.45         0.00000
    -155.29         0.00000
    -155.15         0.00000
    -154.99         0.00000
    -154.84         0.00000
    -154.70         0.00000
    -154.54         0.00000
    -154.40         0.00000
    -154.24         0.00000
    -154.09         0.00000
    -153.95         0.00000
    -153.79         0.00000
    -153.65         0.00000
    -153.49         0.00000
    -153.34         0.00000
    -153.20         0.00000
    -153.04         0.00000
    -152.90         0.00000
    -152.74         0.00000
    -152.59         0.00000
    -152.45         0.00000
    -152.29         0.00000
    -152.15         0.00000
    -151.99         0.00000
    -151.84         0.00000
    -151.70         0.00000
    -151.54         0.00000
    -151.40         0.00000
    -151.24         0.00000
    -151.09         0.00000
    -150.95         0.00000
    -150.79         0.00000
    -150.65         0.00000
    -150.49         0.00000
    -150.34         0.00000
    -150.20         0.00000
    -150.04         0.00000
    -149.90         0.00000
    -149.74         0.00000
    -149.59         0.00000
    -149.45         0.00000
    -149.29         0.00000
    -149.15         0.00000
    -148.99         0.00000
    -148.84         0.00000
    -148.70         0.00000
    -148.54         0.00000
    -148.40         0.00000
    -148.24         0.00000
    -148.09         0.00000
    -147.95         0.00000
    -147.79         0.00000
    -147.65         0.00000
    -147.49         0.00000
    -147.34         0.00000
    -147.20         0.00000
    -147.04         0.00000
    -146.90         0.00000
    -146.74         0.00000
    -146.59         0.00000
    -146.45         0.00000
    -146.29         0.00000
    -146.15         0.00000
    -145.99         0.00000
    -145.84         0.00000
    -145.70         0.00000
    -145.54         0.00000
    -145.40         0.00000
    -145.24         0.00000
    -145.09         0.00000
    -144.95         0.00000
    -144.79         0.00000
    -144.65         0.00000
    -144.49         0.00000
    -144.34         0.00000
    -144.20         0.00000
    -144.04         0.00000
    -143.90         0.00000
    -143.74         0.00000
    -143.59         0.00000
    -143.45         0.00000
    -143.29         0.00000
    -143.15         0.00000
    -142.99         0.00000
    -142.84         0.00000
    -142.70         0.00000
    -142.54         0.00000
    -142.40         0.00000
    -142.24         0.00000
    -142.09         0.00000
    -141.95         0.00000
    -141.79         0.00000
    -141.65         0.00000
    -141.49         0.00000
    -141.34         0.00000
    -141.20         0.00000
    -141.04         0.00000
    -140.90         0.00000
    -140.74         0.00000
    -140.59         0.00000
    -140.45         0.00000
    -140.29         0.00000
    -140.15         0.00000
    -139.99         0.00000
    -139.84         0.00000
    -139.70         0.00000
    -139.54         0.00000
    -139.40         0.00000
    -139.24         0.00000
    -139.09         0.00000
    -138.95         0.00000
    -138.79         0.00000
    -138.65         0.00000
    -138.49         0.00000
    -138.34         0.00000
    -138.20         0.00000
    -138.04         0.00000
    -137.90         0.00000
    -137.74         0.00000
    -137.59         0.00000
    -137.45         0.00000
    -137.29         0.00000
    -137.15         0.00000
    -136.99         0.00000
    -136.84         0.00000
    -136.70         0.00000
    -136.54         0.00000
    -136.40         0.00000
    -136.24         0.00000
    -136.09         0.00000
    -135.95         0.00000
    -135.79         0.00000
    -135.65         0.00000
    -135.49         0.00000
    -135.34         0.00000
    -135.20         0.00000
    -135.04         0.00000
    -134.90         0.00000
    -134.74         0.00000
    -134.59         0.00000
    -134.45         0.00000
    -134.29         0.00000
    -134.15         0.00000
    -133.99         0.00000
    -133.84         0.00000
    -133.70         0.00000
    -133.54         0.00000
    -133.40         0.00000
    -133.24         0.00000
    -133.09         0.00000
    -132.95         0.00000
    -132.79         0.00000
    -132.65         0.00000
    -132.49         0.00000
    -132.34         0.00000
    -132.20         0.00000
    -132.04         0.00000
    -131.90         0.00000
    -131.74         0.00000
    -131.59         0.00000
    -131.45         0.00000
    -131.29         0.00000
    -131.15         0.00000
    -130.99         0.00000
    -130.84         0.00000
    -130.70         0.00000
    -130.54         0.00000
    -130.40         0.00000
    -130.24         0.00000
    -130.09         0.00000
    -129.95         0.00000
    -129.79         0.00000
    -129.65         0.00000
    -129.49         0.00000
    -129.34         0.00000
    -129.20         0.00000
    -129.04         0.00000
    -128.90         0.00000
    -128.74         0.00000
    -128.59         0.00000
    -128.45         0.00000
    -128.29         0.00000
    -128.15         0.00000
    -127.99         0.00000
    -127.85         0.00000
    -127.69         0.00000
    -127.55         0.00000
    -127.39         0.00000
    -127.25         0.00000
    -127.10         0.00000
    -126.94         0.00000
    -126.80         0.00000
    -126.64         0.00000
    -126.50         0.00000
    -126.35         0.00000
    -126.19         0.00000
    -126.05         0.00000
    -125.89         0.00000
    -125.75         0.00000
    -125.60         0.00000
    -125.44         0.00000
    -125.30         0.00000
    -125.14         0.00000
    -125.00         0.00000
    -124.85         0.00000
    -124.69         0.00000
    -124.55         0.00000
    -124.39         0.00000
    -124.25         0.00000
    -124.10         0.00000
    -123.94         0.00000
    -123.80         0.00000
    -123.64         0.00000
    -123.50         0.00000
    -123.35         0.00000
    -123.19         0.00000
    -123.05         0.00000
    -122.89         0.00000
    -122.75         0.00000
    -122.60         0.00000
    -122.44         0.00000
    -122.30         0.00000
    -122.14         0.00000
    -122.00         0.00000
    -121.85         0.00000
    -121.69         0.00000
    -121.55         0.00000
    -121.39         0.00000
    -121.25         0.00000
    -121.10         0.00000
    -120.94         0.00000
    -120.80         0.00000
    -120.64         0.00000
    -120.50         0.00000
    -120.35         0.00000
    -120.19         0.00000
    -120.05         0.00000
    -119.89         0.00000
    -119.75         0.00000
    -119.60         0.00000
    -119.44         0.00000
    -119.30         0.00000
    -119.14         0.00000
    -119.00         0.00000
    -118.85         0.00000
    -118.69         0.00000
    -118.55         0.00000
    -118.39         0.00000
    -118.25         0.00000
    -118.10         0.00000
    -117.94         0.00000
    -117.80         0.00000
    -117.64         0.00000
    -117.50         0.00000
    -117.35         0.00000
    -117.19         0.00000
    -117.05         0.00000
    -116.89         0.00000
    -116.75         0.00000
    -116.60         0.00000
    -116.44         0.00000
    -116.30         0.00000
    -116.14         0.00000
    -116.00         0.00000
    -115.85         0.00000
    -115.69         0.00000
    -115.55         0.00000
    -115.39         0.00000
    -115.25         0.00000
    -115.10         0.00000
    -114.94         0.00000
    -114.80         0.00000
    -114.64         0.00000
    -114.50         0.00000
    -114.35         0.00000
    -114.19         0.00000
    -114.05         0.00000
    -113.89         0.00000
    -113.75         0.00000
    -113.60         0.00000
    -113.44         0.00000
    -113.30         0.00000
    -113.14         0.00000
    -113.00         0.00000
    -112.85         0.00000
    -112.69         0.00000
    -112.55         0.00000
    -112.39         0.00000
    -112.25         0.00000
    -112.10         0.00000
    -111.94         0.00000
    -111.80         0.00000
    -111.64         0.00000
    -111.50         0.00000
    -111.35         0.00000
    -111.19         0.00000
    -111.05         0.00000
    -110.89         0.00000
    -110.75         0.00000
    -110.60         0.00000
    -110.44         0.00000
    -110.30         0.00000
    -110.14         0.00000
    -110.00         0.00000
    -109.85         0.00000
    -109.69         0.00000
    -109.55         0.00000
    -109.39         0.00000
    -109.25         0.00000
    -109.10         0.00000
    -108.94         0.00000
    -108.80         0.00000
    -108.64         0.00000
    -108.50         0.00000
    -108.35         0.00000
    -108.19         0.00000
    -108.05         0.00000
    -107.89         0.00000
    -107.75         0.00000
    -107.60         0.00000
    -107.44         0.00000
    -107.30         0.00000
    -107.14         0.00000
    -107.00         0.00000
    -106.85         0.00000
    -106.69         0.00000
    -106.55         0.00000
    -106.39         0.00000
    -106.25         0.00000
    -106.10         0.00000
    -105.94         0.00000
    -105.80         0.00000
    -105.64         0.00000
    -105.50         0.00000
    -105.35         0.00000
    -105.19         0.00000
    -105.05         0.00000
    -104.89         0.00000
    -104.75         0.00000
    -104.60         0.00000
    -104.44         0.00000
    -104.30         0.00000
    -104.14         0.00000
    -104.00         0.00000
    -103.85         0.00000
    -103.69         0.00000
    -103.55         0.00000
    -103.39         0.00000
    -103.25         0.00000
    -103.10         0.00000
    -102.94         0.00000
    -102.80         0.00000
    -102.64         0.00000
    -102.50         0.00000
    -102.35         0.00000
    -102.19         0.00000
    -102.05         0.00000
    -101.89         0.00000
    -101.75         0.00000
    -101.60         0.00000
    -101.44         0.00000
    -101.30         0.00000
    -101.14         0.00000
    -101.00         0.00000
    -100.85         0.00000
    -100.69         0.00000
    -100.55         0.00000
    -100.39         0.00000
    -100.25         0.00000
    -100.10         0.00000
    -99.945         0.00000
    -99.795         0.00000
    -99.645         0.00000
    -99.495         0.00000
    -99.345         0.00000
    -99.195         0.00000
    -99.045         0.00000
    -98.895         0.00000
    -98.745         0.00000
    -98.595         0.00000
    -98.445         0.00000
    -98.295         0.00000
    -98.145         0.00000
    -97.995         0.00000
    -97.845         0.00000
    -97.695         0.00000
    -97.545         0.00000
    -97.395         0.00000
    -97.245         0.00000
    -97.095         0.00000
    -96.945         0.00000
    -96.795         0.00000
    -96.645         0.00000
    -96.495         0.00000
    -96.345         0.00000
    -96.195         0.00000
    -96.045         0.00000
    -95.895         0.00000
    -95.745         0.00000
    -95.595         0.00000
    -95.445         0.00000
    -95.295         0.00000
    -95.145         0.00000
    -94.995         0.00000
    -94.845         0.00000
    -94.695         0.00000
    -94.545         0.00000
    -94.395         0.00000
    -94.245         0.00000
    -94.095         0.00000
    -93.945         0.00000
    -93.795         0.00000
    -93.645         0.00000
    -93.495         0.00000
    -93.345         0.00000
    -93.195         0.00000
    -93.045         0.00000
    -92.895         0.00000
    -92.745         0.00000
    -92.595         0.00000
    -92.445         0.00000
    -92.295         0.00000
    -92.145         0.00000
    -91.995         0.00000
    -91.845         0.00000
    -91.695         0.00000
    -91.545         0.00000
    -91.395         0.00000
    -91.245         0.00000
    -91.095         0.00000
    -90.945         0.00000
    -90.795         0.00000
    -90.645         0.00000
    -90.495         0.00000
    -90.345         0.00000
    -90.195         0.00000
    -90.045         0.00000
    -89.895         0.00000
    -89.745         0.00000
    -89.595         0.00000
    -89.445         0.00000
    -89.295         0.00000
    -89.145         0.00000
    -88.995         0.00000
    -88.845         0.00000
    -88.695         0.00000
    -88.545         0.00000
    -88.395         0.00000
    -88.245         0.00000
    -88.095         0.00000
    -87.945         0.00000
    -87.795         0.00000
    -87.645         0.00000
    -87.495         0.00000
    -87.345         0.00000
    -87.195         0.00000
    -87.045         0.00000
    -86.895         0.00000
    -86.745         0.00000
    -86.595         0.00000
    -86.445         0.00000
    -86.295         0.00000
    -86.145         0.00000
    -85.995         0.00000
    -85.845         0.00000
    -85.695         0.00000
    -85.545         0.00000
    -85.395         0.00000
    -85.245         0.00000
    -85.095         0.00000
    -84.945         0.00000
    -84.795         0.00000
    -84.645         0.00000
    -84.495         0.00000
    -84.345         0.00000
    -84.195         0.00000
    -84.045         0.00000
    -83.895         0.00000
    -83.745         0.00000
    -83.595         0.00000
    -83.445         0.00000
    -83.295         0.00000
    -83.145         0.00000
    -82.995         0.00000
    -82.845         0.00000
    -82.695         0.00000
    -82.545         0.00000
    -82.395         0.00000
    -82.245         0.00000
    -82.095         0.00000
    -81.945         0.00000
    -81.795         0.00000
    -81.645         0.00000
    -81.495         0.00000
    -81.345         0.00000
    -81.195         0.00000
    -81.045         0.00000
    -80.895         0.00000
    -80.745         0.00000
    -80.595         0.00000
    -80.445         0.00000
    -80.295         0.00000
    -80.145         0.00000
    -79.995         0.00000
    -79.845         0.00000
    -79.695         0.00000
    -79.545         0.00000
    -79.395         0.00000
    -79.245         0.00000
    -79.095         0.00000
    -78.945         0.00000
    -78.795         0.00000
    -78.645         0.00000
    -78.495         0.00000
    -78.345         0.00000
    -78.195         0.00000
    -78.045         0.00000
    -77.895         0.00000
    -77.745         0.00000
    -77.595         0.00000
    -77.445         0.00000
    -77.295         0.00000
    -77.145         0.00000
    -76.995         0.00000
    -76.845         0.00000
    -76.695         0.00000
    -76.545         0.00000
    -76.395         0.00000
    -76.245         0.00000
    -76.095         0.00000
    -75.945         0.00000
    -75.795         0.00000
    -75.645         0.00000
    -75.495         0.00000
    -75.345         0.00000
    -75.195         0.00000
    -75.045         0.00000
    -74.895         0.00000
    -74.745         0.00000
    -74.595         0.00000
    -74.445         0.00000
    -74.295         0.00000
    -74.145         0.00000
    -73.995         0.00000
    -73.845         0.00000
    -73.695         0.00000
    -73.545         0.00000
    -73.395         0.00000
    -73.245         0.00000
    -73.095         0.00000
    -72.945         0.00000
    -72.795         0.00000
    -72.645         0.00000
    -72.495         0.00000
    -72.345         0.00000
    -72.195         0.00000
    -72.045         0.00000
    -71.895         0.00000
    -71.745         0.00000
    -71.595         0.00000
    -71.445         0.00000
    -71.295         0.00000
    -71.145         0.00000
    -70.995         0.00000
    -70.845         0.00000
    -70.695         0.00000
    -70.545         0.00000
    -70.395         0.00000
    -70.245         0.00000
    -70.095         0.00000
    -69.945         0.00000
    -69.795         0.00000
    -69.645         0.00000
    -69.495         0.00000
    -69.345         0.00000
    -69.195         0.00000
    -69.045         0.00000
    -68.895         0.00000
    -68.745         0.00000
    -68.595         0.00000
    -68.445         0.00000
    -68.295         0.00000
    -68.145         0.00000
    -67.995         0.00000
    -67.845         0.00000
    -67.695         0.00000
    -67.545         0.00000
    -67.395         0.00000
    -67.245         0.00000
    -67.095         0.00000
    -66.945         0.00000
    -66.795         0.00000
    -66.645         0.00000
    -66.495         0.00000
    -66.345         0.00000
    -66.195         0.00000
    -66.045         0.00000
    -65.895         0.00000
    -65.745         0.00000
    -65.595         0.00000
    -65.445         0.00000
    -65.295         0.00000
    -65.145         0.00000
    -64.995         0.00000
    -64.845         0.00000
    -64.695         0.00000
    -64.545         0.00000
    -64.395         0.00000
    -64.245         0.00000
    -64.095         0.00000
    -63.945         0.00000
    -63.795         0.00000
    -63.645         0.00000
    -63.495         0.00000
    -63.345         0.00000
    -63.195         0.00000
    -63.045         0.00000
    -62.895         0.00000
    -62.745         0.00000
    -62.595         0.00000
    -62.445         0.00000
    -62.295         0.00000
    -62.145         0.00000
    -61.995         0.00000
    -61.845         0.00000
    -61.695         0.00000
    -61.545         0.00000
    -61.395         0.00000
    -61.245         0.00000
    -61.095         0.00000
    -60.945         0.00000
    -60.795         0.00000
    -60.645         0.00000
    -60.495         0.00000
    -60.345         0.00000
    -60.195         0.00000
    -60.045         0.00000
    -59.895         0.00000
    -59.745         0.00000
    -59.595         0.00000
    -59.445         0.00000
    -59.295         0.00000
    -59.145         0.00000
    -58.995         0.00000
    -58.845         0.00000
    -58.695         0.00000
    -58.545         0.00000
    -58.395         0.00000
    -58.245         0.00000
    -58.095         0.00000
    -57.945         0.00000
    -57.795         0.00000
    -57.645         0.00000
    -57.495         0.00000
    -57.345         0.00000
    -57.195         0.00000
    -57.045         0.00000
    -56.895         0.00000
    -56.745         0.00000
    -56.595         0.00000
    -56.445         0.00000
    -56.295         0.00000
    -56.145         0.00000
    -55.995         0.00000
    -55.845         0.00000
    -55.695         0.00000
    -55.545         0.00000
    -55.395         0.00000
    -55.245         0.00000
    -55.095         0.00000
    -54.945         0.00000
    -54.795         0.00000
    -54.645         0.00000
    -54.495         0.00000
    -54.345         0.00000
    -54.195         0.00000
    -54.045         0.00000
    -53.895         0.00000
    -53.745         0.00000
    -53.595         0.00000
    -53.445         0.00000
    -53.295         0.00000
    -53.145         0.00000
    -52.995         0.00000
    -52.845         0.00000
    -52.695         0.00000
    -52.545         0.00000
    -52.395         0.00000
    -52.245         0.00000
    -52.095         0.00000
    -51.945         0.00000
    -51.795         0.00000
    -51.645         0.00000
    -51.495         0.00000
    -51.345         0.00000
    -51.195         0.00000
    -51.045         0.00000
    -50.895         0.00000
    -50.745         0.00000
    -50.595         0.00000
    -50.445         0.00000
    -50.295         0.00000
    -50.145         0.00000
    -49.995         0.00000
    -49.845         0.00000
    -49.695         0.00000
    -49.545         0.00000
    -49.395         0.00000
    -49.245         0.00000
    -49.095         0.00000
    -48.945         0.00000
    -48.795         0.00000
    -48.645         0.00000
    -48.495         0.00000
    -48.345         0.00000
    -48.195         0.00000
    -48.045         0.00000
    -47.895         0.00000
    -47.745         0.00000
    -47.595         0.00000
    -47.445         0.00000
    -47.295         0.00000
    -47.145         0.00000
    -46.995         0.00000
    -46.845         0.00000
    -46.695         0.00000
    -46.545         0.00000
    -46.395         0.00000
    -46.245         0.00000
    -46.095         0.00000
    -45.945         0.00000
    -45.795         0.00000
    -45.645         0.00000
    -45.495         0.00000
    -45.345         0.00000
    -45.195         0.00000
    -45.045         0.00000
    -44.895         0.00000
    -44.745         0.00000
    -44.595         0.00000
    -44.445         0.00000
    -44.295         0.00000
    -44.145         0.00000
    -43.995         0.00000
    -43.845         0.00000
    -43.695         0.00000
    -43.545         0.00000
    -43.395         0.00000
    -43.245         0.00000
    -43.095         0.00000
    -42.945         0.00000
    -42.795         0.00000
    -42.645         0.00000
    -42.495         0.00000
    -42.345         0.00000
    -42.195         0.00000
    -42.045         0.00000
    -41.895         0.00000
    -41.745         0.00000
    -41.595         0.00000
    -41.445         0.00000
    -41.295         0.00000
    -41.145         0.00000
    -40.995         0.00000
    -40.845         0.00000
    -40.695         0.00000
    -40.545         0.00000
    -40.395         0.00000
    -40.245         0.00000
    -40.095         0.00000
    -39.945         0.00000
    -39.795         0.00000
    -39.645         0.00000
    -39.495         0.00000
    -39.345         0.00000
    -39.195         0.00000
    -39.045         0.00000
    -38.895         0.00000
    -38.745         0.00000
    -38.595         0.00000
    -38.445         0.00000
    -38.295         0.00000
    -38.145         0.00000
    -37.995         0.00000
    -37.845         0.00000
    -37.695         0.00000
    -37.545         0.00000
    -37.395         0.00000
    -37.245         0.00000
    -37.095         0.00000
    -36.945         0.00000
    -36.795         0.00000
    -36.645         0.00000
    -36.495         0.00000
    -36.345         0.00000
    -36.195         0.00000
    -36.045         0.00000
    -35.895         0.00000
    -35.745         0.00000
    -35.595         0.00000
    -35.445         0.00000
    -35.295         0.00000
    -35.145         0.00000
    -34.995         0.00000
    -34.845         0.00000
    -34.695         0.00000
    -34.545         0.00000
    -34.395         0.00000
    -34.245         0.00000
    -34.095         0.00000
    -33.945         0.00000
    -33.795         0.00000
    -33.645         0.00000
    -33.495         0.00000
    -33.345         0.00000
    -33.195         0.00000
    -33.045         0.00000
    -32.895         0.00000
    -32.745         0.00000
    -32.595         0.00000
    -32.445         0.00000
    -32.295         0.00000
    -32.145         0.00000
    -31.995         0.00000
    -31.845         0.00000
    -31.695         0.00000
    -31.545         0.00000
    -31.395         0.00000
    -31.245         0.00000
    -31.095         0.00000
    -30.945         0.00000
    -30.795         0.00000
    -30.645         0.00000
    -30.495         0.00000
    -30.345         0.00000
    -30.195         0.00000
    -30.045         0.00000
    -29.895         0.00000
    -29.745         0.00000
    -29.595         0.00000
    -29.445         0.00000
    -29.295         0.00000
    -29.145         0.00000
    -28.995         0.00000
    -28.845         0.00000
    -28.695         0.00000
    -28.545         0.00000
    -28.395         0.00000
    -28.245         0.00000
    -28.095         0.00000
    -27.945         0.00000
    -27.795         0.00000
    -27.645         0.00000
    -27.495         0.00000
    -27.345         0.00000
    -27.195         0.00000
    -27.045         0.00000
    -26.895         0.00000
    -26.745         0.00000
    -26.595         0.00000
    -26.445         0.00000
    -26.295         0.00000
    -26.145         0.00000
    -25.995         0.00000
    -25.845         0.00000
    -25.695         0.00000
    -25.545         0.00000
    -25.395         0.00000
    -25.245         0.00000
    -25.095         0.00000
    -24.945         0.00000
    -24.795         0.00000
    -24.645         0.00000
    -24.495         0.00000
    -24.345         0.00000
    -24.195         0.00000
    -24.045         0.00000
    -23.895         0.00000
    -23.745         0.00000
    -23.595         0.00000
    -23.445         0.00000
    -23.295         0.00000
    -23.145         0.00000
    -22.995         0.00000
    -22.845         0.00000
    -22.695         0.00000
    -22.545         0.00000
    -22.395         0.00000
    -22.245         0.00000
    -22.095         0.00000
    -21.945         0.00000
    -21.795         0.00000
    -21.645         0.00000
    -21.495         0.00000
    -21.345         0.00000
    -21.195         0.00000
    -21.045         0.00000
    -20.895         0.00000
    -20.745         0.00000
    -20.595         0.00000
    -20.445         0.00000
    -20.295         0.00000
    -20.145         0.00000
    -19.995         0.00000
    -19.845         0.00000
    -19.695         0.00000
    -19.545         0.00000
    -19.395         0.00000
    -19.245         0.00000
    -19.095         0.00000
    -18.945         0.00000
    -18.795         0.00000
    -18.645         0.00000
    -18.495         0.00000
    -18.345         0.00000
    -18.195         0.00000
    -18.045         0.00000
    -17.895         0.00000
    -17.745         0.00000
    -17.595         0.00000
    -17.445         0.00000
    -17.295         0.00000
    -17.145         0.00000
    -16.995         0.00000
    -16.845         0.00000
    -16.695         0.00000
    -16.545         0.00000
    -16.395         0.00000
    -16.245        -0.00115
    -16.095        -0.02408
    -15.945        -0.09368
    -15.795        -0.24072
    -15.645        -0.44130
    -15.495        -0.68501
    -15.345        -0.96893
    -15.195        -1.30047
    -15.045        -1.63602
    -14.895        -1.98548
    -14.745        -2.32238
    -14.595        -2.65399
    -14.445        -2.96137
    -14.295        -3.26238
    -14.145        -3.54002
    -13.995        -3.75889
    -13.845        -3.99741
    -13.695        -4.18096
    -13.545        -4.36984
    -13.395        -4.51731
    -13.245        -4.64437
    -13.095        -4.76822
    -12.945        -4.85877
    -12.795        -4.94418
    -12.645        -5.01444
    -12.495        -5.07442
    -12.345        -5.12447
    -12.195        -5.17761
    -12.045        -5.26745
    -11.895        -5.37135
    -11.745        -5.48961
    -11.595        -5.61561
    -11.445        -5.76820
    -11.295        -5.93788
    -11.145        -6.17732
    -10.995        -6.47127
    -10.845        -6.79886
    -10.695        -7.17733
    -10.545        -7.55309
    -10.395        -7.94285
    -10.245        -8.34118
    -10.095        -8.73481
    -9.9450        -9.16026
    -9.7950        -9.55548
    -9.6450        -9.96383
    -9.4950       -10.35421
    -9.3450       -10.75280
    -9.1950       -11.19108
    -9.0450       -11.60375
    -8.8950       -12.05726
    -8.7450       -12.51308
    -8.5950       -13.00281
    -8.4450       -13.50169
    -8.2950       -14.06343
    -8.1450       -14.59397
    -7.9950       -15.10529
    -7.8450       -15.65326
    -7.6950       -16.20856
    -7.5450       -16.79447
    -7.3950       -17.41850
    -7.2450       -18.03924
    -7.0950       -18.71715
    -6.9450       -19.41623
    -6.7950       -20.18842
    -6.6450       -20.98205
    -6.4950       -21.80198
    -6.3450       -22.69894
    -6.1950       -23.58225
    -6.0450       -24.50174
    -5.8950       -25.41414
    -5.7450       -26.37522
    -5.5950       -27.37560
    -5.4450       -28.38212
    -5.2950       -29.40020
    -5.1450       -30.44030
    -4.9950       -31.44555
    -4.8450       -32.46529
    -4.6950       -33.50930
    -4.5450       -34.52688
    -4.3950       -35.52710
    -4.2450       -36.52937
    -4.0950       -37.52949
    -3.9450       -38.50329
    -3.7950       -39.49933
    -3.6450       -40.56676
    -3.4950       -41.62841
    -3.3450       -42.76534
    -3.1950       -43.92618
    -3.0450       -45.13719
    -2.8950       -46.47677
    -2.7450       -47.90784
    -2.5950       -49.43694
    -2.4450       -51.14543
    -2.2950       -53.06851
    -2.1450       -55.28881
    -1.9950       -57.85446
    -1.8450       -60.79206
    -1.6950       -64.13018
    -1.5450       -67.89444
    -1.3950       -72.05574
    -1.2450       -76.51062
    -1.0950       -81.27111
   -0.94500       -86.24106
   -0.79500       -91.46254
   -0.64500       -97.08090
   -0.49500      -103.52683
   -0.34500      -111.68864
   -0.22700      -115.03741
   -0.21300      -115.46719
   -0.20700      -115.90689
   -0.20100      -116.35436
   -0.19500      -116.81033
   -0.18900      -117.27637
   -0.18300      -117.75345
   -0.17700      -118.24556
   -0.17100      -118.75546
   -0.16500      -119.27009
   -0.15900      -119.80225
   -0.15300      -120.34621
   -0.14700      -120.90576
   -0.14100      -121.48341
   -0.13500      -122.08059
   -0.12900      -122.69612
   -0.12300      -123.33404
   -0.11700      -123.99877
   -0.11100      -124.69226
   -0.10500      -125.41572
   -0.99000E-01  -126.17175
   -0.93000E-01  -126.97046
   -0.87000E-01  -127.81132
   -0.81000E-01  -128.70748
   -0.75000E-01  -129.66720
   -0.69000E-01  -130.69590
   -0.63000E-01  -131.81770
   -0.57000E-01  -133.04323
   -0.51000E-01  -134.40136
   -0.45000E-01  -135.93147
   -0.39000E-01  -137.68385
   -0.33000E-01  -139.75498
   -0.27000E-01  -142.31505
   -0.21300E-01  -144.51549
   -0.19500E-01  -144.88172
   -0.18900E-01  -145.26035
   -0.18300E-01  -145.65153
   -0.17700E-01  -146.05692
   -0.17100E-01  -146.47707
   -0.16500E-01  -146.91216
   -0.15900E-01  -147.36352
   -0.15300E-01  -147.83117
   -0.14700E-01  -148.31767
   -0.14100E-01  -148.82211
   -0.13500E-01  -149.34610
   -0.12900E-01  -149.89039
   -0.12300E-01  -150.45962
   -0.11700E-01  -151.05302
   -0.11100E-01  -151.67075
   -0.10500E-01  -152.31508
   -0.99000E-02  -152.98699
   -0.93000E-02  -153.68749
   -0.87000E-02  -154.41632
   -0.81000E-02  -155.17556
   -0.75000E-02  -155.96795
   -0.69000E-02  -156.79518
   -0.63000E-02  -157.66425
   -0.57000E-02  -158.58279
   -0.51000E-02  -159.55063
   -0.45000E-02  -160.55886
   -0.39000E-02  -161.58646
   -0.33000E-02  -162.60621
   -0.27000E-02  -163.55529
   -0.21000E-02  -164.36282
   -0.15000E-02  -164.97848
   -0.90000E-03  -165.36568
   -0.30000E-03  -165.50239
    0.30000E-03  -165.38110
    0.90000E-03  -165.00721
    0.15000E-02  -164.40101
    0.21000E-02  -163.59803
    0.27000E-02  -162.65098
    0.33000E-02  -161.63213
    0.39000E-02  -160.60562
    0.45000E-02  -159.59907
    0.51000E-02  -158.63283
    0.57000E-02  -157.71617
    0.63000E-02  -156.84798
    0.69000E-02  -156.02155
    0.75000E-02  -155.23070
    0.81000E-02  -154.47202
    0.87000E-02  -153.74286
    0.93000E-02  -153.04459
    0.99000E-02  -152.37417
    0.10500E-01  -151.73214
    0.11100E-01  -151.11555
    0.11700E-01  -150.52382
    0.12300E-01  -149.95670
    0.12900E-01  -149.41349
    0.13500E-01  -148.89203
    0.14100E-01  -148.38919
    0.14700E-01  -147.90472
    0.15300E-01  -147.43917
    0.15900E-01  -146.98975
    0.16500E-01  -146.55703
    0.17100E-01  -146.13985
    0.17700E-01  -145.73586
    0.18300E-01  -145.34660
    0.18900E-01  -144.96940
    0.19500E-01  -144.60491
    0.21300E-01  -142.41829
    0.27000E-01  -139.87794
    0.33000E-01  -137.81968
    0.39000E-01  -136.08411
    0.45000E-01  -134.57254
    0.51000E-01  -133.23768
    0.57000E-01  -132.03640
    0.63000E-01  -130.94764
    0.69000E-01  -129.94981
    0.75000E-01  -129.03158
    0.81000E-01  -128.17556
    0.87000E-01  -127.37743
    0.93000E-01  -126.62634
    0.99000E-01  -125.92283
    0.10500      -125.25948
    0.11100      -124.63102
    0.11700      -124.03506
    0.12300      -123.46685
    0.12900      -122.92097
    0.13500      -122.40470
    0.14100      -121.90547
    0.14700      -121.43121
    0.15300      -120.97474
    0.15900      -120.53513
    0.16500      -120.11604
    0.17100      -119.70610
    0.17700      -119.31121
    0.18300      -118.92715
    0.18900      -118.55554
    0.19500      -118.20213
    0.20100      -117.85381
    0.20700      -117.51852
    0.21300      -117.19548
    0.22700      -114.79969
    0.34500      -109.97932
    0.49500      -107.06255
    0.64500      -105.05765
    0.79500      -103.56042
    0.94500      -102.32631
     1.0950      -101.24339
     1.2450      -100.29268
     1.3950       -99.42823
     1.5450       -98.65076
     1.6950       -97.94315
     1.8450       -97.30819
     1.9950       -96.73010
     2.1450       -96.19920
     2.2950       -95.70477
     2.4450       -95.26989
     2.5950       -94.87675
     2.7450       -94.52336
     2.8950       -94.20193
     3.0450       -93.89223
     3.1950       -93.62713
     3.3450       -93.36268
     3.4950       -93.12631
     3.6450       -92.91237
     3.7950       -92.69673
     3.9450       -92.50135
     4.0950       -92.31985
     4.2450       -92.13285
     4.3950       -91.95098
     4.5450       -91.78773
     4.6950       -91.62913
     4.8450       -91.47840
     4.9950       -91.33558
     5.1450       -91.18787
     5.2950       -91.04833
     5.4450       -90.91280
     5.5950       -90.78224
     5.7450       -90.65070
     5.8950       -90.52899
     6.0450       -90.40263
     6.1950       -90.28501
     6.3450       -90.16034
     6.4950       -90.04463
     6.6450       -89.92494
     6.7950       -89.81423
     6.9450       -89.70446
     7.0950       -89.59868
     7.2450       -89.49401
     7.3950       -89.39170
     7.5450       -89.28917
     7.6950       -89.18997
     7.8450       -89.09506
     7.9950       -88.99980
     8.1450       -88.90381
     8.2950       -88.81193
     8.4450       -88.72376
     8.5950       -88.63590
     8.7450       -88.55151
     8.8950       -88.46343
     9.0450       -88.37797
     9.1950       -88.29446
     9.3450       -88.21215
     9.4950       -88.13217
     9.6450       -88.05013
     9.7950       -87.97242
     9.9450       -87.89858
     10.095       -87.81861
     10.245       -87.74275
     10.395       -87.66853
     10.545       -87.59035
     10.695       -87.51358
     10.845       -87.44447
     10.995       -87.37588
     11.145       -87.30675
     11.295       -87.24161
     11.445       -87.17726
     11.595       -87.10812
     11.745       -87.04496
     11.895       -86.97957
     12.045       -86.91263
     12.195       -86.85039
     12.345       -86.78661
     12.495       -86.72423
     12.645       -86.66592
     12.795       -86.60608
     12.945       -86.54254
     13.095       -86.48443
     13.245       -86.42254
     13.395       -86.36265
     13.545       -86.30777
     13.695       -86.24793
     13.845       -86.19270
     13.995       -86.13680
     14.145       -86.08202
     14.295       -86.02727
     14.445       -85.97349
     14.595       -85.92023
     14.745       -85.86790
     14.895       -85.81161
     15.045       -85.76097
     15.195       -85.71095
     15.345       -85.65932
     15.495       -85.60594
     15.645       -85.55387
     15.795       -85.50525
     15.945       -85.45203
     16.095       -85.40427
     16.245       -85.35770
     16.395       -85.30972
     16.545       -85.26096
     16.695       -85.21592
     16.845       -85.17118
     16.995       -85.12563
     17.145       -85.08041
     17.295       -85.03584
     17.445       -84.99214
     17.595       -84.94701
     17.745       -84.90141
     17.895       -84.85931
     18.045       -84.81755
     18.195       -84.77474
     18.345       -84.73132
     18.495       -84.68766
     18.645       -84.64643
     18.795       -84.60590
     18.945       -84.56628
     19.095       -84.52373
     19.245       -84.48301
     19.395       -84.44528
     19.545       -84.40487
     19.695       -84.36367
     19.845       -84.32448
     19.995       -84.28646
     20.145       -84.24887
     20.295       -84.21150
     20.445       -84.17495
     20.595       -84.13771
     20.745       -84.10151
     20.895       -84.06317
     21.045       -84.02641
     21.195       -83.98951
     21.345       -83.95232
     21.495       -83.91496
     21.645       -83.87970
     21.795       -83.84232
     21.945       -83.80445
     22.095       -83.76818
     22.245       -83.73367
     22.395       -83.70011
     22.545       -83.66378
     22.695       -83.62951
     22.845       -83.59623
     22.995       -83.56123
     23.145       -83.52576
     23.295       -83.49252
     23.445       -83.45979
     23.595       -83.42716
     23.745       -83.39580
     23.895       -83.36183
     24.045       -83.32902
     24.195       -83.29388
     24.345       -83.26323
     24.495       -83.22894
     24.645       -83.19754
     24.795       -83.16485
     24.945       -83.13318
     25.095       -83.10196
     25.245       -83.07039
     25.395       -83.04082
     25.545       -83.00656
     25.695       -82.97475
     25.845       -82.94258
     25.995       -82.91309
     26.145       -82.88381
     26.295       -82.85444
     26.445       -82.82299
     26.595       -82.79329
     26.745       -82.76416
     26.895       -82.73356
     27.045       -82.70371
     27.195       -82.67342
     27.345       -82.64497
     27.495       -82.61476
     27.645       -82.58642
     27.795       -82.55728
     27.945       -82.53019
     28.095       -82.50299
     28.245       -82.47250
     28.395       -82.44562
     28.545       -82.41980
     28.695       -82.39213
     28.845       -82.36519
     28.995       -82.33919
     29.145       -82.31293
     29.295       -82.28603
     29.445       -82.25838
     29.595       -82.22780
     29.745       -82.20055
     29.895       -82.17244
     30.045       -82.14722
     30.195       -82.12031
     30.345       -82.09438
     30.495       -82.06983
     30.645       -82.04566
     30.795       -82.01991
     30.945       -81.99438
     31.095       -81.96933
     31.245       -81.94276
     31.395       -81.91645
     31.545       -81.89126
     31.695       -81.86719
     31.845       -81.84246
     31.995       -81.81888
     32.145       -81.79515
     32.295       -81.76900
     32.445       -81.74350
     32.595       -81.72009
     32.745       -81.69746
     32.895       -81.67255
     33.045       -81.64936
     33.195       -81.62308
     33.345       -81.59933
     33.495       -81.57628
     33.645       -81.55108
     33.795       -81.52688
     33.945       -81.50287
     34.095       -81.47824
     34.245       -81.45575
     34.395       -81.43362
     34.545       -81.41058
     34.695       -81.38860
     34.845       -81.36519
     34.995       -81.34208
     35.145       -81.31971
     35.295       -81.29668
     35.445       -81.27338
     35.595       -81.25082
     35.745       -81.22890
     35.895       -81.20713
     36.045       -81.18539
     36.195       -81.16440
     36.345       -81.14234
     36.495       -81.12104
     36.645       -81.09919
     36.795       -81.07759
     36.945       -81.05608
     37.095       -81.03462
     37.245       -81.01426
     37.395       -80.99300
     37.545       -80.97212
     37.695       -80.95162
     37.845       -80.93129
     37.995       -80.90882
     38.145       -80.88881
     38.295       -80.86822
     38.445       -80.84768
     38.595       -80.82757
     38.745       -80.80520
     38.895       -80.78527
     39.045       -80.76478
     39.195       -80.74488
     39.345       -80.72571
     39.495       -80.70454
     39.645       -80.68511
     39.795       -80.66521
     39.945       -80.64585
     40.095       -80.62581
     40.245       -80.60558
     40.395       -80.58435
     40.545       -80.56425
     40.695       -80.54506
     40.845       -80.52508
     40.995       -80.50512
     41.145       -80.48575
     41.295       -80.46613
     41.445       -80.44669
     41.595       -80.42700
     41.745       -80.40587
     41.895       -80.38791
     42.045       -80.36873
     42.195       -80.35048
     42.345       -80.33071
     42.495       -80.31239
     42.645       -80.29309
     42.795       -80.27426
     42.945       -80.25433
     43.095       -80.23512
     43.245       -80.21718
     43.395       -80.19922
     43.545       -80.18114
     43.695       -80.16332
     43.845       -80.14341
     43.995       -80.12442
     44.145       -80.10404
     44.295       -80.08658
     44.445       -80.06910
     44.595       -80.05070
     44.745       -80.03396
     44.895       -80.01651
     45.045       -79.99877
     45.195       -79.98220
     45.345       -79.96378
     45.495       -79.94616
     45.645       -79.92779
     45.795       -79.90921
     45.945       -79.89221
     46.095       -79.87487
     46.245       -79.85761
     46.395       -79.84102
     46.545       -79.82299
     46.695       -79.80651
     46.845       -79.79064
     46.995       -79.77438
     47.145       -79.75557
     47.295       -79.73837
     47.445       -79.72020
     47.595       -79.70080
     47.745       -79.68416
     47.895       -79.66802
     48.045       -79.65105
     48.195       -79.63564
     48.345       -79.61894
     48.495       -79.60367
     48.645       -79.58684
     48.795       -79.57030
     48.945       -79.55228
     49.095       -79.53605
     49.245       -79.52004
     49.395       -79.50418
     49.545       -79.48842
     49.695       -79.47223
     49.845       -79.45573
     49.995       -79.44008
     50.145       -79.42373
     50.295       -79.40801
     50.445       -79.39241
     50.595       -79.37670
     50.745       -79.36188
     50.895       -79.34647
     51.045       -79.33112
     51.195       -79.31566
     51.345       -79.30070
     51.495       -79.28364
     51.645       -79.26747
     51.795       -79.25230
     51.945       -79.23664
     52.095       -79.22152
     52.245       -79.20697
     52.395       -79.19056
     52.545       -79.17641
     52.695       -79.16111
     52.845       -79.14567
     52.995       -79.13022
     53.145       -79.11563
     53.295       -79.10113
     53.445       -79.08381
     53.595       -79.06878
     53.745       -79.05441
     53.895       -79.03832
     54.045       -79.02336
     54.195       -79.00711
     54.345       -78.99164
     54.495       -78.97741
     54.645       -78.96291
     54.795       -78.94766
     54.945       -78.93415
     55.095       -78.92055
     59.433       -77.78050
     80.646       -76.07568
     111.21       -74.38492
     153.36       -72.68816
     211.49       -71.00742
     291.64       -69.32190
     402.18       -67.63596
     554.60       -65.97575
     764.80       -64.32903
     1054.7       -62.68252
     1454.4       -61.04936
     2005.6       -59.42543
     2765.8       -57.81619
     3814.0       -56.22970
     5259.5       -54.66664
     7252.9       -53.14434
     10002.       -51.65856
     13793.       -50.21597
     19020.       -48.80457
     26229.       -47.45294
     36170.       -46.14593
     49878.       -44.89659
     68782.       -43.69987
     94851.       -42.55210
    0.13080E+06   -41.45686
    0.18038E+06   -40.41199
    0.24874E+06   -39.41726
    0.34301E+06   -38.46923
    0.47302E+06   -37.56464
    0.65229E+06   -36.69989
    0.89952E+06   -35.87152
    0.12404E+07   -35.08360
    0.17106E+07   -34.32864
    0.23589E+07   -33.61311
    0.32529E+07   -32.93332
    0.44858E+07   -32.28614
    0.61860E+07   -31.66824
    0.85305E+07   -31.08129
    0.11764E+08   -30.52072
    0.16222E+08   -29.98498
    0.22370E+08   -29.47278
    0.30849E+08   -28.99302
    0.42541E+08   -28.53606
    0.58664E+08   -28.10507
    0.80898E+08   -27.70293
    0.11156E+09   -27.33306
    0.15384E+09   -26.98363
    0.21215E+09   -26.65968
    0.29255E+09   -26.35456
    0.40343E+09   -26.06859
    0.55633E+09   -25.80163
    0.76719E+09   -25.56429
    0.10580E+10   -25.34639
    0.14589E+10   -25.14421
    0.20119E+10   -24.95664
    0.27744E+10   -24.78627
    0.38259E+10   -24.62786
    0.52760E+10   -24.48439
    0.72756E+10   -24.35074
    0.10033E+11   -24.22540
    0.13836E+11   -24.10994
    0.19079E+11   -24.00402
    0.26311E+11   -23.90504
    0.36283E+11   -23.81478
    0.50034E+11   -23.73078
    0.68997E+11   -23.65352
    0.10000E+12   -22.73347
