    -29.945        1     0.00000
    -29.795        1     0.00000
    -29.645        1     0.00000
    -29.495        1     0.00000
    -29.345        1     0.00000
    -29.195        1     0.00000
    -29.045        1     0.00000
    -28.895        1     0.00000
    -28.745        1     0.00000
    -28.595        1     0.00000
    -28.445        1     0.00000
    -28.295        1     0.00000
    -28.145        1     0.00000
    -27.995        1     0.00000
    -27.845        1     0.00000
    -27.695        1     0.00000
    -27.545        1     0.00000
    -27.395        1     0.00000
    -27.245        1     0.00000
    -27.095        1     0.00000
    -26.945        1     0.00000
    -26.795        1     0.00000
    -26.645        1     0.00000
    -26.495        1     0.00000
    -26.345        1     0.00000
    -26.195        1     0.00000
    -26.045        1     0.00000
    -25.895        1     0.00000
    -25.745        1     0.00000
    -25.595        1     0.00000
    -25.445        1     0.00000
    -25.295        1     0.00000
    -25.145        1     0.00000
    -24.995        1     0.00000
    -24.845        1     0.00000
    -24.695        1     0.00000
    -24.545        1     0.00000
    -24.395        1     0.00000
    -24.245        1     0.00000
    -24.095        1     0.00000
    -23.945        1     0.00000
    -23.795        1     0.00000
    -23.645        1     0.00000
    -23.495        1     0.00000
    -23.345        1     0.00000
    -23.195        1     0.00000
    -23.045        1     0.00000
    -22.895        1     0.00000
    -22.745        1     0.00000
    -22.595        1     0.00000
    -22.445        1     0.00000
    -22.295        1     0.00000
    -22.145        1     0.00000
    -21.995        1     0.00000
    -21.845        1     0.00000
    -21.695        1     0.00000
    -21.545        1     0.00000
    -21.395        1     0.00000
    -21.245        1     0.00000
    -21.095        1     0.00000
    -20.945        1     0.00000
    -20.795        1     0.00000
    -20.645        1     0.00000
    -20.495        1     0.00000
    -20.345        1     0.00000
    -20.195        1     0.00000
    -20.045        1     0.00000
    -19.895        1     0.00000
    -19.745        1     0.00000
    -19.595        1     0.00000
    -19.445        1     0.00000
    -19.295        1     0.00000
    -19.145        1     0.00000
    -18.995        1     0.00000
    -18.845        1     0.00000
    -18.695        1     0.00000
    -18.545        1     0.00000
    -18.395        1     0.00000
    -18.245        1     0.00000
    -18.095        1     0.00000
    -17.945        1     0.00000
    -17.795        1     0.00000
    -17.645        1     0.00000
    -17.495        1     0.00000
    -17.345        1     0.00000
    -17.195        1     0.00000
    -17.045        1     0.00000
    -16.895        1     0.00000
    -16.745        1     0.00000
    -16.595        1     0.00000
    -16.445        1     0.00000
    -16.295        1     0.00000
    -16.145        1     0.00000
    -15.995        1     0.00000
    -15.845        1     0.00000
    -15.695        1     0.00000
    -15.545        1     0.00000
    -15.395        1     0.00000
    -15.245        1     0.00000
    -15.095        1     0.00000
    -14.945        1     0.00000
    -14.795        1     0.00000
    -14.645        1     0.00000
    -14.495        1     0.00000
    -14.345        1     0.00000
    -14.195        1     0.00000
    -14.045        1     0.00000
    -13.895        1     0.00000
    -13.745        1     0.00000
    -13.595        1     0.00000
    -13.445        1     0.00000
    -13.295        1     0.00000
    -13.145        1     0.00000
    -12.995        1     0.00000
    -12.845        1     0.00000
    -12.695        1     0.00000
    -12.545        1     0.00000
    -12.395        1     0.00000
    -12.245        1     0.00000
    -12.095        1     0.00000
    -11.945        1     0.00000
    -11.795        1     0.00000
    -11.645        1     0.00000
    -11.495        1     0.00000
    -11.345        1    -0.00237
    -11.195        1    -0.01367
    -11.045        1    -0.03015
    -10.895        1    -0.05264
    -10.745        1    -0.09658
    -10.595        1    -0.16704
    -10.445        1    -0.25997
    -10.295        1    -0.37099
    -10.145        1    -0.49147
    -9.9950        1    -0.61455
    -9.8450        1    -0.74252
    -9.6950        1    -0.87752
    -9.5450        1    -1.01585
    -9.3950        1    -1.15977
    -9.2450        1    -1.31212
    -9.0950        1    -1.47399
    -8.9450        1    -1.64553
    -8.7950        1    -1.83891
    -8.6450        1    -2.04422
    -8.4950        1    -2.26527
    -8.3450        1    -2.49838
    -8.1950        1    -2.75125
    -8.0450        1    -3.02890
    -7.8950        1    -3.33522
    -7.7450        1    -3.68155
    -7.5950        1    -4.08424
    -7.4450        1    -4.53061
    -7.2950        1    -5.03727
    -7.1450        1    -5.58324
    -6.9950        1    -6.17445
    -6.8450        1    -6.79951
    -6.6950        1    -7.47837
    -6.5450        1    -8.20646
    -6.3950        1    -8.97947
    -6.2450        1    -9.85101
    -6.0950        1   -10.76614
    -5.9450        1   -11.70238
    -5.7950        1   -12.67689
    -5.6450        1   -13.68634
    -5.4950        1   -14.73008
    -5.3450        1   -15.82000
    -5.1950        1   -16.95342
    -5.0450        1   -18.10231
    -4.8950        1   -19.27475
    -4.7450        1   -20.47019
    -4.5950        1   -21.70454
    -4.4450        1   -22.98153
    -4.2950        1   -24.29729
    -4.1450        1   -25.66067
    -3.9950        1   -27.07914
    -3.8450        1   -28.54934
    -3.6950        1   -30.07349
    -3.5450        1   -31.65442
    -3.3950        1   -33.29442
    -3.2450        1   -35.00021
    -3.0950        1   -36.78384
    -2.9450        1   -38.65858
    -2.7950        1   -40.64810
    -2.6450        1   -42.76251
    -2.4950        1   -45.02443
    -2.3450        1   -47.45815
    -2.1950        1   -50.09147
    -2.0450        1   -52.93738
    -1.8950        1   -56.03898
    -1.7450        1   -59.46020
    -1.5950        1   -63.27854
    -1.4450        1   -67.62970
    -1.2950        1   -72.66486
    -1.1450        1   -78.65474
   -0.99500        1   -86.03781
   -0.84500        1   -95.65930
   -0.69500        1  -109.29548
   -0.54500        1  -132.73142
   -0.39500        1  -179.78146
   -0.25300        1  -233.54015
   -0.21500        1  -236.50259
   -0.20900        1  -239.30826
   -0.20300        1  -241.95822
   -0.19700        1  -244.46283
   -0.19100        1  -246.82232
   -0.18500        1  -249.03897
   -0.17900        1  -251.12396
   -0.17300        1  -252.99193
   -0.16700        1  -254.65045
   -0.16100        1  -256.14966
   -0.15500        1  -257.51311
   -0.14900        1  -258.75638
   -0.14300        1  -259.88995
   -0.13700        1  -260.92617
   -0.13100        1  -261.87768
   -0.12500        1  -262.76166
   -0.11900        1  -263.55849
   -0.11300        1  -264.26676
   -0.10700        1  -264.90181
   -0.10100        1  -265.47053
   -0.95000E-01    1  -265.97989
   -0.89000E-01    1  -266.43413
   -0.83000E-01    1  -266.83647
   -0.77000E-01    1  -267.19180
   -0.71000E-01    1  -267.50025
   -0.65000E-01    1  -267.76344
   -0.59000E-01    1  -267.98873
   -0.53000E-01    1  -268.17990
   -0.47000E-01    1  -268.34045
   -0.41000E-01    1  -268.47347
   -0.35000E-01    1  -268.58150
   -0.29000E-01    1  -268.66673
   -0.23000E-01    1  -268.73127
   -0.19700E-01    1  -268.73665
   -0.19100E-01    1  -268.74185
   -0.18500E-01    1  -268.74688
   -0.17900E-01    1  -268.75169
   -0.17300E-01    1  -268.75634
   -0.16700E-01    1  -268.76081
   -0.16100E-01    1  -268.76511
   -0.15500E-01    1  -268.76921
   -0.14900E-01    1  -268.77314
   -0.14300E-01    1  -268.77690
   -0.13700E-01    1  -268.78046
   -0.13100E-01    1  -268.78384
   -0.12500E-01    1  -268.78704
   -0.11900E-01    1  -268.79008
   -0.11300E-01    1  -268.79294
   -0.10700E-01    1  -268.79563
   -0.10100E-01    1  -268.79815
   -0.95000E-02    1  -268.80051
   -0.89000E-02    1  -268.80270
   -0.83000E-02    1  -268.80474
   -0.77000E-02    1  -268.80662
   -0.71000E-02    1  -268.80834
   -0.65000E-02    1  -268.80992
   -0.59000E-02    1  -268.81134
   -0.53000E-02    1  -268.81261
   -0.47000E-02    1  -268.81372
   -0.41000E-02    1  -268.81470
   -0.35000E-02    1  -268.81552
   -0.29000E-02    1  -268.81621
   -0.23000E-02    1  -268.81675
   -0.17000E-02    1  -268.81715
   -0.11000E-02    1  -268.81741
   -0.50000E-03    1  -268.81753
    0.10000E-03    1  -268.81752
    0.70000E-03    1  -268.81736
    0.13000E-02    1  -268.81708
    0.19000E-02    1  -268.81666
    0.25000E-02    1  -268.81611
    0.31000E-02    1  -268.81543
    0.37000E-02    1  -268.81462
    0.43000E-02    1  -268.81368
    0.49000E-02    1  -268.81262
    0.55000E-02    1  -268.81142
    0.61000E-02    1  -268.81011
    0.67000E-02    1  -268.80867
    0.73000E-02    1  -268.80712
    0.79000E-02    1  -268.80543
    0.85000E-02    1  -268.80363
    0.91000E-02    1  -268.80171
    0.97000E-02    1  -268.79968
    0.10300E-01    1  -268.79752
    0.10900E-01    1  -268.79526
    0.11500E-01    1  -268.79289
    0.12100E-01    1  -268.79041
    0.12700E-01    1  -268.78782
    0.13300E-01    1  -268.78511
    0.13900E-01    1  -268.78228
    0.14500E-01    1  -268.77935
    0.15100E-01    1  -268.77630
    0.15700E-01    1  -268.77315
    0.16300E-01    1  -268.76991
    0.16900E-01    1  -268.76657
    0.17500E-01    1  -268.76311
    0.18100E-01    1  -268.75955
    0.18700E-01    1  -268.75588
    0.19300E-01    1  -268.75210
    0.20200E-01    1  -268.73650
    0.25000E-01    1  -268.68973
    0.31000E-01    1  -268.63415
    0.37000E-01    1  -268.57037
    0.43000E-01    1  -268.49921
    0.49000E-01    1  -268.42134
    0.55000E-01    1  -268.33731
    0.61000E-01    1  -268.24763
    0.67000E-01    1  -268.15280
    0.73000E-01    1  -268.05308
    0.79000E-01    1  -267.94900
    0.85000E-01    1  -267.84100
    0.91000E-01    1  -267.72904
    0.97000E-01    1  -267.61398
    0.10300        1  -267.49580
    0.10900        1  -267.37492
    0.11500        1  -267.25166
    0.12100        1  -267.12603
    0.12700        1  -266.99809
    0.13300        1  -266.86889
    0.13900        1  -266.73803
    0.14500        1  -266.60525
    0.15100        1  -266.47097
    0.15700        1  -266.33595
    0.16300        1  -266.19975
    0.16900        1  -266.06303
    0.17500        1  -265.92509
    0.18100        1  -265.78657
    0.18700        1  -265.64759
    0.19300        1  -265.50812
    0.19900        1  -265.36815
    0.20500        1  -265.22818
    0.21100        1  -265.08786
    0.21700        1  -264.94740
    0.29500        1  -261.40455
    0.44500        1  -258.20437
    0.59500        1  -255.36481
    0.74500        1  -252.82206
    0.89500        1  -250.54328
     1.0450        1  -248.47690
     1.1950        1  -246.58887
     1.3450        1  -244.85039
     1.4950        1  -243.24330
     1.6450        1  -241.74644
     1.7950        1  -240.34563
     1.9450        1  -239.02990
     2.0950        1  -237.79020
     2.2450        1  -236.61698
     2.3950        1  -235.50497
     2.5450        1  -234.44622
     2.6950        1  -233.43686
     2.8450        1  -232.47378
     2.9950        1  -231.55080
     3.1450        1  -230.66595
     3.2950        1  -229.81562
     3.4450        1  -228.99645
     3.5950        1  -228.20545
     3.7450        1  -227.44208
     3.8950        1  -226.70586
     4.0450        1  -225.99288
     4.1950        1  -225.30122
     4.3450        1  -224.63095
     4.4950        1  -223.98025
     4.6450        1  -223.34731
     4.7950        1  -222.73314
     4.9450        1  -222.13506
     5.0950        1  -221.55016
     5.2450        1  -220.97928
     5.3950        1  -220.42294
     5.5450        1  -219.87891
     5.6950        1  -219.34691
     5.8450        1  -218.82720
     5.9950        1  -218.31852
     6.1450        1  -217.82093
     6.2950        1  -217.33302
     6.4450        1  -216.85544
     6.5950        1  -216.38771
     6.7450        1  -215.92813
     6.8950        1  -215.47781
     7.0450        1  -215.03646
     7.1950        1  -214.60272
     7.3450        1  -214.17701
     7.4950        1  -213.76042
     7.6450        1  -213.35062
     7.7950        1  -212.94849
     7.9450        1  -212.55370
     8.0950        1  -212.16545
     8.2450        1  -211.78434
     8.3950        1  -211.40984
     8.5450        1  -211.04074
     8.6950        1  -210.67728
     8.8450        1  -210.31884
     8.9950        1  -209.96554
     9.1450        1  -209.61705
     9.2950        1  -209.27368
     9.4450        1  -208.93333
     9.5950        1  -208.59963
     9.7450        1  -208.27101
     9.8950        1  -207.94522
     10.045        1  -207.62241
     10.195        1  -207.30337
     10.345        1  -206.98878
     10.495        1  -206.67823
     10.645        1  -206.37157
     10.795        1  -206.06697
     10.945        1  -205.76564
     11.095        1  -205.46914
     11.245        1  -205.17864
     11.395        1  -204.88984
     11.545        1  -204.60105
     11.695        1  -204.31828
     11.845        1  -204.03689
     11.995        1  -203.76001
     12.145        1  -203.48605
     12.295        1  -203.21330
     12.445        1  -202.94418
     12.595        1  -202.67619
     12.745        1  -202.40781
     12.895        1  -202.14427
     13.045        1  -201.87960
     13.195        1  -201.62140
     13.345        1  -201.36388
     13.495        1  -201.10863
     13.645        1  -200.85360
     13.795        1  -200.60235
     13.945        1  -200.35599
     14.095        1  -200.10947
     14.245        1  -199.86870
     14.395        1  -199.63150
     14.545        1  -199.39678
     14.695        1  -199.16802
     14.845        1  -198.94426
     14.995        1  -198.72383
     15.145        1  -198.50983
     15.295        1  -198.29652
     15.445        1  -198.09132
     15.595        1  -197.89421
     15.745        1  -197.70169
     15.895        1  -197.51443
     16.045        1  -197.34023
     16.195        1  -197.16823
     16.345        1  -197.00521
     16.495        1  -196.84315
     16.645        1  -196.68692
     16.795        1  -196.53648
     16.945        1  -196.38759
     17.095        1  -196.24487
     17.245        1  -196.10189
     17.395        1  -195.96083
     17.545        1  -195.82253
     17.695        1  -195.68290
     17.845        1  -195.54350
     17.995        1  -195.41611
     18.145        1  -195.29046
     18.295        1  -195.16305
     18.445        1  -195.03527
     18.595        1  -194.90667
     18.745        1  -194.78099
     18.895        1  -194.65448
     19.045        1  -194.52550
     19.195        1  -194.40459
     19.345        1  -194.27964
     19.495        1  -194.15723
     19.645        1  -194.03229
     19.795        1  -193.90513
     19.945        1  -193.78380
     20.095        1  -193.65897
     20.245        1  -193.53489
     20.395        1  -193.41618
     20.545        1  -193.29227
     20.695        1  -193.17394
     20.845        1  -193.05361
     20.995        1  -192.94078
     21.145        1  -192.82267
     21.295        1  -192.70413
     21.445        1  -192.58877
     21.595        1  -192.47121
     21.745        1  -192.35337
     21.895        1  -192.23897
     22.045        1  -192.12167
     22.195        1  -192.00582
     22.345        1  -191.89379
     22.495        1  -191.78300
     22.645        1  -191.66408
     22.795        1  -191.54926
     22.945        1  -191.43653
     23.095        1  -191.32110
     23.245        1  -191.20706
     23.395        1  -191.09021
     23.545        1  -190.98047
     23.695        1  -190.86192
     23.845        1  -190.74686
     23.995        1  -190.63144
     24.145        1  -190.51218
     24.295        1  -190.39960
     24.445        1  -190.28673
     24.595        1  -190.16789
     24.745        1  -190.04991
     24.895        1  -189.93259
     25.045        1  -189.81163
     25.195        1  -189.70113
     25.345        1  -189.58962
     25.495        1  -189.46963
     25.645        1  -189.34891
     25.795        1  -189.23372
     25.945        1  -189.11920
     26.095        1  -189.00152
     26.245        1  -188.87917
     26.395        1  -188.76021
     26.545        1  -188.64406
     26.695        1  -188.53330
     26.845        1  -188.42259
     26.995        1  -188.30644
     27.145        1  -188.19177
     27.295        1  -188.07789
     27.445        1  -187.96633
     27.595        1  -187.85457
     27.745        1  -187.74444
     27.895        1  -187.64271
     28.045        1  -187.53555
     28.195        1  -187.42930
     28.345        1  -187.32401
     28.495        1  -187.22772
     28.645        1  -187.13042
     28.795        1  -187.04181
     28.945        1  -186.94408
     29.095        1  -186.85556
     29.245        1  -186.76384
     29.395        1  -186.67301
     29.545        1  -186.58455
     29.695        1  -186.49722
     29.845        1  -186.41553
     29.995        1  -186.33074
     30.145        1  -186.25627
     30.295        1  -186.18114
     30.445        1  -186.10093
     30.595        1  -186.02546
     30.745        1  -185.95304
     30.895        1  -185.88166
     31.045        1  -185.81238
     31.195        1  -185.74379
     31.345        1  -185.67425
     31.495        1  -185.61056
     31.645        1  -185.55109
     31.795        1  -185.49264
     31.945        1  -185.43131
     32.095        1  -185.37514
     32.245        1  -185.31761
     32.395        1  -185.26565
     32.545        1  -185.21591
     32.695        1  -185.16609
     32.845        1  -185.11574
     32.995        1  -185.06764
     33.145        1  -185.02087
     33.295        1  -184.97366
     33.445        1  -184.92557
     33.595        1  -184.88149
     33.745        1  -184.83898
     33.895        1  -184.79600
     34.045        1  -184.75586
     34.195        1  -184.71597
     34.345        1  -184.67690
     34.495        1  -184.64100
     34.645        1  -184.60495
     34.795        1  -184.56814
     34.945        1  -184.53339
     35.095        1  -184.50122
     35.245        1  -184.46772
     35.395        1  -184.43726
     35.545        1  -184.40592
     35.695        1  -184.37689
     35.845        1  -184.35252
     35.995        1  -184.32582
     36.145        1  -184.29623
     36.295        1  -184.26730
     36.445        1  -184.24318
     36.595        1  -184.21909
     36.745        1  -184.19680
     36.895        1  -184.17371
     37.045        1  -184.15460
     37.195        1  -184.13754
     37.345        1  -184.12122
     37.495        1  -184.10015
     37.645        1  -184.08753
     37.795        1  -184.07355
     37.945        1  -184.05861
     38.095        1  -184.04594
     38.245        1  -184.03238
     38.395        1  -184.02004
     38.545        1  -184.00906
     38.695        1  -184.00108
     38.845        1  -183.99134
     38.995        1  -183.97949
     39.145        1  -183.96859
     39.295        1  -183.95870
     39.445        1  -183.95025
     39.595        1  -183.94168
     39.745        1  -183.93457
     39.895        1  -183.92625
     40.045        1  -183.91918
     40.195        1  -183.91011
     40.345        1  -183.90302
     40.495        1  -183.89588
     40.645        1  -183.88950
     40.795        1  -183.88313
     40.945        1  -183.87612
     41.095        1  -183.86915
     41.245        1  -183.86299
     41.395        1  -183.85608
     41.545        1  -183.84908
     41.695        1  -183.84292
     41.845        1  -183.83614
     41.995        1  -183.82995
     42.145        1  -183.82388
     42.295        1  -183.81712
     42.445        1  -183.81113
     42.595        1  -183.80443
     42.745        1  -183.79838
     42.895        1  -183.79236
     43.045        1  -183.78631
     43.195        1  -183.78036
     43.345        1  -183.77435
     43.495        1  -183.76838
     43.645        1  -183.76252
     43.795        1  -183.75656
     43.945        1  -183.75078
     44.095        1  -183.74496
     44.245        1  -183.73917
     44.395        1  -183.73334
     44.545        1  -183.72688
     44.695        1  -183.72105
     44.845        1  -183.71535
     44.995        1  -183.70966
     45.145        1  -183.70399
     45.295        1  -183.69827
     45.445        1  -183.69263
     45.595        1  -183.68699
     45.745        1  -183.68136
     45.895        1  -183.67573
     46.045        1  -183.67013
     46.195        1  -183.66452
     46.345        1  -183.65893
     46.495        1  -183.65340
     46.645        1  -183.64790
     46.795        1  -183.64237
     46.945        1  -183.63691
     47.095        1  -183.63143
     47.245        1  -183.62594
     47.395        1  -183.62048
     47.545        1  -183.61500
     47.695        1  -183.60955
     47.845        1  -183.60411
     47.995        1  -183.59874
     48.145        1  -183.59339
     48.295        1  -183.58810
     48.445        1  -183.58281
     48.595        1  -183.57751
     48.745        1  -183.57220
     48.895        1  -183.56690
     49.045        1  -183.56162
     49.195        1  -183.55635
     49.345        1  -183.55111
     49.495        1  -183.54596
     49.645        1  -183.54077
     49.795        1  -183.53561
     49.945        1  -183.53041
     50.095        1  -183.52526
     50.245        1  -183.52017
     50.395        1  -183.51505
     50.545        1  -183.50986
     50.695        1  -183.50473
     50.845        1  -183.49965
     50.995        1  -183.49458
     51.145        1  -183.48952
     51.295        1  -183.48451
     51.445        1  -183.47945
     51.595        1  -183.47445
     51.745        1  -183.46943
     51.895        1  -183.46442
     52.045        1  -183.45949
     52.195        1  -183.45459
     52.345        1  -183.44968
     52.495        1  -183.44478
     52.645        1  -183.43984
     52.795        1  -183.43495
     52.945        1  -183.43010
     53.095        1  -183.42529
     53.245        1  -183.42042
     53.395        1  -183.41562
     53.545        1  -183.41088
     53.695        1  -183.40607
     53.845        1  -183.40130
     53.995        1  -183.39657
     54.145        1  -183.39179
     54.295        1  -183.38710
     54.445        1  -183.38243
     54.595        1  -183.37766
     54.745        1  -183.37295
     54.895        1  -183.36828
     55.045        1  -183.36362
     55.195        1  -183.35901
     55.345        1  -183.35440
     55.495        1  -183.34982
     55.645        1  -183.34526
     55.795        1  -183.34069
     55.945        1  -183.33614
     56.095        1  -183.33166
     56.245        1  -183.32710
     56.395        1  -183.32261
     56.545        1  -183.31810
     56.695        1  -183.31367
     56.845        1  -183.30924
     56.995        1  -183.30482
     57.145        1  -183.30040
     57.295        1  -183.29599
     57.445        1  -183.29163
     57.595        1  -183.28726
     57.745        1  -183.28292
     57.895        1  -183.27858
     58.045        1  -183.27419
     58.195        1  -183.26987
     58.345        1  -183.26560
     58.495        1  -183.26126
     58.645        1  -183.25700
     58.795        1  -183.25272
     58.945        1  -183.24837
     59.095        1  -183.24411
     59.245        1  -183.23991
     59.395        1  -183.23566
     59.545        1  -183.23149
     59.695        1  -183.22729
     59.845        1  -183.22309
     59.995        1  -183.21896
     60.145        1  -183.21480
     60.295        1  -183.21067
     60.445        1  -183.20657
     60.595        1  -183.20249
     60.745        1  -183.19840
     60.895        1  -183.19437
     61.045        1  -183.19025
     61.195        1  -183.18624
     61.345        1  -183.18224
     61.495        1  -183.17823
     61.645        1  -183.17419
     61.795        1  -183.17018
     61.945        1  -183.16616
     62.095        1  -183.16221
     62.245        1  -183.15826
     62.395        1  -183.15427
     62.545        1  -183.15032
     62.695        1  -183.14635
     62.845        1  -183.14241
     62.995        1  -183.13841
     63.145        1  -183.13453
     63.295        1  -183.13067
     63.445        1  -183.12676
     63.595        1  -183.12284
     63.745        1  -183.11902
     63.895        1  -183.11517
     64.045        1  -183.11134
     64.195        1  -183.10744
     64.345        1  -183.10363
     64.495        1  -183.09983
     64.645        1  -183.09602
     64.795        1  -183.09222
     64.945        1  -183.08846
     65.095        1  -183.08470
     70.156        1  -182.74176
     94.967        1  -182.24095
     130.63        1  -181.75990
     179.69        1  -181.29272
     247.17        1  -180.83742
     340.00        1  -180.39353
     467.69        1  -179.96020
     643.33        1  -179.53565
     884.93        1  -179.12007
     1217.3        1  -178.71195
     1674.4        1  -178.30916
     2303.2        1  -177.91102
     3168.2        1  -177.51811
     4358.0        1  -177.12836
     5994.7        1  -176.74251
     8246.0        1  -176.36304
     11343.        1  -175.99185
     15603.        1  -175.62884
     21462.        1  -175.27439
     29522.        1  -174.92887
     40609.        1  -174.59285
     55860.        1  -174.26652
     76839.        1  -173.95007
    0.10570E+06    1  -173.64361
    0.14539E+06    1  -173.34699
    0.19999E+06    1  -173.06036
    0.27510E+06    1  -172.78491
    0.37841E+06    1  -172.51999
    0.52052E+06    1  -172.26620
    0.71601E+06    1  -172.02399
    0.98490E+06    1  -171.79242
    0.13548E+07    1  -171.57171
    0.18636E+07    1  -171.36113
    0.25634E+07    1  -171.16042
    0.35262E+07    1  -170.96896
    0.48504E+07    1  -170.78657
    0.66720E+07    1  -170.61272
    0.91776E+07    1  -170.44727
    0.12624E+08    1  -170.28953
    0.17365E+08    1  -170.13917
    0.23887E+08    1  -169.99594
    0.32858E+08    1  -169.85963
    0.45197E+08    1  -169.72970
    0.62171E+08    1  -169.60589
    0.85520E+08    1  -169.48817
    0.11764E+09    1  -169.37591
    0.16182E+09    1  -169.26902
    0.22259E+09    1  -169.16782
    0.30618E+09    1  -169.07261
    0.42116E+09    1  -168.98388
    0.57933E+09    1  -168.90137
    0.79690E+09    1  -168.82434
    0.10962E+10    1  -168.75237
    0.15078E+10    1  -168.68497
    0.20741E+10    1  -168.62180
    0.28531E+10    1  -168.56252
    0.39245E+10    1  -168.50729
    0.53984E+10    1  -168.45739
    0.74258E+10    1  -168.41146
    0.10215E+11    1  -168.36911
    0.14051E+11    1  -168.33011
    0.19327E+11    1  -168.29425
    0.26586E+11    1  -168.26100
    0.36570E+11    1  -168.23050
    0.50304E+11    1  -168.20222
    0.69195E+11    1  -168.17606
    0.10000E+12    1  -167.86084
    -149.95        2     0.00000
    -149.79        2     0.00000
    -149.65        2     0.00000
    -149.49        2     0.00000
    -149.34        2     0.00000
    -149.20        2     0.00000
    -149.04        2     0.00000
    -148.90        2     0.00000
    -148.74        2     0.00000
    -148.59        2     0.00000
    -148.45        2     0.00000
    -148.29        2     0.00000
    -148.15        2     0.00000
    -147.99        2     0.00000
    -147.84        2     0.00000
    -147.70        2     0.00000
    -147.54        2     0.00000
    -147.40        2     0.00000
    -147.24        2     0.00000
    -147.09        2     0.00000
    -146.95        2     0.00000
    -146.79        2     0.00000
    -146.65        2     0.00000
    -146.49        2     0.00000
    -146.34        2     0.00000
    -146.20        2     0.00000
    -146.04        2     0.00000
    -145.90        2     0.00000
    -145.74        2     0.00000
    -145.59        2     0.00000
    -145.45        2     0.00000
    -145.29        2     0.00000
    -145.15        2     0.00000
    -144.99        2     0.00000
    -144.84        2     0.00000
    -144.70        2     0.00000
    -144.54        2     0.00000
    -144.40        2     0.00000
    -144.24        2     0.00000
    -144.09        2     0.00000
    -143.95        2     0.00000
    -143.79        2     0.00000
    -143.65        2     0.00000
    -143.49        2     0.00000
    -143.34        2     0.00000
    -143.20        2     0.00000
    -143.04        2     0.00000
    -142.90        2     0.00000
    -142.74        2     0.00000
    -142.59        2     0.00000
    -142.45        2     0.00000
    -142.29        2     0.00000
    -142.15        2     0.00000
    -141.99        2     0.00000
    -141.84        2     0.00000
    -141.70        2     0.00000
    -141.54        2     0.00000
    -141.40        2     0.00000
    -141.24        2     0.00000
    -141.09        2     0.00000
    -140.95        2     0.00000
    -140.79        2     0.00000
    -140.65        2     0.00000
    -140.49        2     0.00000
    -140.34        2     0.00000
    -140.20        2     0.00000
    -140.04        2     0.00000
    -139.90        2     0.00000
    -139.74        2     0.00000
    -139.59        2     0.00000
    -139.45        2     0.00000
    -139.29        2     0.00000
    -139.15        2     0.00000
    -138.99        2     0.00000
    -138.84        2     0.00000
    -138.70        2     0.00000
    -138.54        2     0.00000
    -138.40        2     0.00000
    -138.24        2     0.00000
    -138.09        2     0.00000
    -137.95        2     0.00000
    -137.79        2     0.00000
    -137.65        2     0.00000
    -137.49        2     0.00000
    -137.34        2     0.00000
    -137.20        2     0.00000
    -137.04        2     0.00000
    -136.90        2     0.00000
    -136.74        2     0.00000
    -136.59        2     0.00000
    -136.45        2     0.00000
    -136.29        2     0.00000
    -136.15        2     0.00000
    -135.99        2     0.00000
    -135.84        2     0.00000
    -135.70        2     0.00000
    -135.54        2     0.00000
    -135.40        2     0.00000
    -135.24        2     0.00000
    -135.09        2     0.00000
    -134.95        2     0.00000
    -134.79        2     0.00000
    -134.65        2     0.00000
    -134.49        2     0.00000
    -134.34        2     0.00000
    -134.20        2     0.00000
    -134.04        2     0.00000
    -133.90        2     0.00000
    -133.74        2     0.00000
    -133.59        2     0.00000
    -133.45        2     0.00000
    -133.29        2     0.00000
    -133.15        2     0.00000
    -132.99        2     0.00000
    -132.84        2     0.00000
    -132.70        2     0.00000
    -132.54        2     0.00000
    -132.40        2     0.00000
    -132.24        2     0.00000
    -132.09        2     0.00000
    -131.95        2     0.00000
    -131.79        2     0.00000
    -131.65        2     0.00000
    -131.49        2     0.00000
    -131.34        2     0.00000
    -131.20        2     0.00000
    -131.04        2     0.00000
    -130.90        2     0.00000
    -130.74        2     0.00000
    -130.59        2     0.00000
    -130.45        2     0.00000
    -130.29        2     0.00000
    -130.15        2     0.00000
    -129.99        2     0.00000
    -129.84        2     0.00000
    -129.70        2     0.00000
    -129.54        2     0.00000
    -129.40        2     0.00000
    -129.24        2     0.00000
    -129.09        2     0.00000
    -128.95        2     0.00000
    -128.79        2     0.00000
    -128.65        2     0.00000
    -128.49        2     0.00000
    -128.34        2     0.00000
    -128.20        2     0.00000
    -128.04        2     0.00000
    -127.89        2     0.00000
    -127.75        2     0.00000
    -127.60        2     0.00000
    -127.44        2     0.00000
    -127.30        2     0.00000
    -127.14        2     0.00000
    -127.00        2     0.00000
    -126.85        2     0.00000
    -126.69        2     0.00000
    -126.55        2     0.00000
    -126.39        2     0.00000
    -126.25        2     0.00000
    -126.10        2     0.00000
    -125.94        2     0.00000
    -125.80        2     0.00000
    -125.64        2     0.00000
    -125.50        2     0.00000
    -125.35        2     0.00000
    -125.19        2     0.00000
    -125.05        2     0.00000
    -124.89        2     0.00000
    -124.75        2     0.00000
    -124.60        2     0.00000
    -124.44        2     0.00000
    -124.30        2     0.00000
    -124.14        2     0.00000
    -124.00        2     0.00000
    -123.85        2     0.00000
    -123.69        2     0.00000
    -123.55        2     0.00000
    -123.39        2     0.00000
    -123.25        2     0.00000
    -123.10        2     0.00000
    -122.94        2     0.00000
    -122.80        2     0.00000
    -122.64        2     0.00000
    -122.50        2     0.00000
    -122.35        2     0.00000
    -122.19        2     0.00000
    -122.05        2     0.00000
    -121.89        2     0.00000
    -121.75        2     0.00000
    -121.60        2     0.00000
    -121.44        2     0.00000
    -121.30        2     0.00000
    -121.14        2     0.00000
    -121.00        2     0.00000
    -120.85        2     0.00000
    -120.69        2     0.00000
    -120.55        2     0.00000
    -120.39        2     0.00000
    -120.25        2     0.00000
    -120.10        2     0.00000
    -119.94        2     0.00000
    -119.80        2     0.00000
    -119.64        2     0.00000
    -119.50        2     0.00000
    -119.35        2     0.00000
    -119.19        2     0.00000
    -119.05        2     0.00000
    -118.89        2     0.00000
    -118.75        2     0.00000
    -118.60        2     0.00000
    -118.44        2     0.00000
    -118.30        2     0.00000
    -118.14        2     0.00000
    -118.00        2     0.00000
    -117.85        2     0.00000
    -117.69        2     0.00000
    -117.55        2     0.00000
    -117.39        2     0.00000
    -117.25        2     0.00000
    -117.10        2     0.00000
    -116.94        2     0.00000
    -116.80        2     0.00000
    -116.64        2     0.00000
    -116.50        2     0.00000
    -116.35        2     0.00000
    -116.19        2     0.00000
    -116.05        2     0.00000
    -115.89        2     0.00000
    -115.75        2     0.00000
    -115.60        2     0.00000
    -115.44        2     0.00000
    -115.30        2     0.00000
    -115.14        2     0.00000
    -115.00        2     0.00000
    -114.85        2     0.00000
    -114.69        2     0.00000
    -114.55        2     0.00000
    -114.39        2     0.00000
    -114.25        2     0.00000
    -114.10        2     0.00000
    -113.94        2     0.00000
    -113.80        2     0.00000
    -113.64        2     0.00000
    -113.50        2     0.00000
    -113.35        2     0.00000
    -113.19        2     0.00000
    -113.05        2     0.00000
    -112.89        2     0.00000
    -112.75        2     0.00000
    -112.60        2     0.00000
    -112.44        2     0.00000
    -112.30        2     0.00000
    -112.14        2     0.00000
    -112.00        2     0.00000
    -111.85        2     0.00000
    -111.69        2     0.00000
    -111.55        2     0.00000
    -111.39        2     0.00000
    -111.25        2     0.00000
    -111.10        2     0.00000
    -110.94        2     0.00000
    -110.80        2     0.00000
    -110.64        2     0.00000
    -110.50        2     0.00000
    -110.35        2     0.00000
    -110.19        2     0.00000
    -110.05        2     0.00000
    -109.89        2     0.00000
    -109.75        2     0.00000
    -109.60        2     0.00000
    -109.44        2     0.00000
    -109.30        2     0.00000
    -109.14        2     0.00000
    -109.00        2     0.00000
    -108.85        2     0.00000
    -108.69        2     0.00000
    -108.55        2     0.00000
    -108.39        2     0.00000
    -108.25        2     0.00000
    -108.10        2     0.00000
    -107.94        2     0.00000
    -107.80        2     0.00000
    -107.64        2     0.00000
    -107.50        2     0.00000
    -107.35        2     0.00000
    -107.19        2     0.00000
    -107.05        2     0.00000
    -106.89        2     0.00000
    -106.75        2     0.00000
    -106.60        2     0.00000
    -106.44        2     0.00000
    -106.30        2     0.00000
    -106.14        2     0.00000
    -106.00        2     0.00000
    -105.85        2     0.00000
    -105.69        2     0.00000
    -105.55        2     0.00000
    -105.39        2     0.00000
    -105.25        2     0.00000
    -105.10        2     0.00000
    -104.94        2     0.00000
    -104.80        2     0.00000
    -104.64        2     0.00000
    -104.50        2     0.00000
    -104.35        2     0.00000
    -104.19        2     0.00000
    -104.05        2     0.00000
    -103.89        2     0.00000
    -103.75        2     0.00000
    -103.60        2     0.00000
    -103.44        2     0.00000
    -103.30        2     0.00000
    -103.14        2     0.00000
    -103.00        2     0.00000
    -102.85        2     0.00000
    -102.69        2     0.00000
    -102.55        2     0.00000
    -102.39        2     0.00000
    -102.25        2     0.00000
    -102.10        2     0.00000
    -101.94        2     0.00000
    -101.80        2     0.00000
    -101.64        2     0.00000
    -101.50        2     0.00000
    -101.35        2     0.00000
    -101.19        2     0.00000
    -101.05        2     0.00000
    -100.89        2     0.00000
    -100.75        2     0.00000
    -100.60        2     0.00000
    -100.44        2     0.00000
    -100.30        2     0.00000
    -100.14        2     0.00000
    -99.995        2     0.00000
    -99.845        2     0.00000
    -99.695        2     0.00000
    -99.545        2     0.00000
    -99.395        2     0.00000
    -99.245        2     0.00000
    -99.095        2     0.00000
    -98.945        2     0.00000
    -98.795        2     0.00000
    -98.645        2     0.00000
    -98.495        2     0.00000
    -98.345        2     0.00000
    -98.195        2     0.00000
    -98.045        2     0.00000
    -97.895        2     0.00000
    -97.745        2     0.00000
    -97.595        2     0.00000
    -97.445        2     0.00000
    -97.295        2     0.00000
    -97.145        2     0.00000
    -96.995        2     0.00000
    -96.845        2     0.00000
    -96.695        2     0.00000
    -96.545        2     0.00000
    -96.395        2     0.00000
    -96.245        2     0.00000
    -96.095        2     0.00000
    -95.945        2     0.00000
    -95.795        2     0.00000
    -95.645        2     0.00000
    -95.495        2     0.00000
    -95.345        2     0.00000
    -95.195        2     0.00000
    -95.045        2     0.00000
    -94.895        2     0.00000
    -94.745        2     0.00000
    -94.595        2     0.00000
    -94.445        2     0.00000
    -94.295        2     0.00000
    -94.145        2     0.00000
    -93.995        2     0.00000
    -93.845        2     0.00000
    -93.695        2     0.00000
    -93.545        2     0.00000
    -93.395        2     0.00000
    -93.245        2     0.00000
    -93.095        2     0.00000
    -92.945        2     0.00000
    -92.795        2     0.00000
    -92.645        2     0.00000
    -92.495        2     0.00000
    -92.345        2     0.00000
    -92.195        2     0.00000
    -92.045        2     0.00000
    -91.895        2     0.00000
    -91.745        2     0.00000
    -91.595        2     0.00000
    -91.445        2     0.00000
    -91.295        2     0.00000
    -91.145        2     0.00000
    -90.995        2     0.00000
    -90.845        2     0.00000
    -90.695        2     0.00000
    -90.545        2     0.00000
    -90.395        2     0.00000
    -90.245        2     0.00000
    -90.095        2     0.00000
    -89.945        2     0.00000
    -89.795        2     0.00000
    -89.645        2     0.00000
    -89.495        2     0.00000
    -89.345        2     0.00000
    -89.195        2     0.00000
    -89.045        2     0.00000
    -88.895        2     0.00000
    -88.745        2     0.00000
    -88.595        2     0.00000
    -88.445        2     0.00000
    -88.295        2     0.00000
    -88.145        2     0.00000
    -87.995        2     0.00000
    -87.845        2     0.00000
    -87.695        2     0.00000
    -87.545        2     0.00000
    -87.395        2     0.00000
    -87.245        2     0.00000
    -87.095        2     0.00000
    -86.945        2     0.00000
    -86.795        2     0.00000
    -86.645        2     0.00000
    -86.495        2     0.00000
    -86.345        2     0.00000
    -86.195        2     0.00000
    -86.045        2     0.00000
    -85.895        2     0.00000
    -85.745        2     0.00000
    -85.595        2    -0.00769
    -85.445        2    -0.35830
    -85.295        2    -0.91269
    -85.145        2    -1.54455
    -84.995        2    -2.18600
    -84.845        2    -2.84018
    -84.695        2    -3.50127
    -84.545        2    -4.13658
    -84.395        2    -4.79273
    -84.245        2    -5.44130
    -84.095        2    -6.09597
    -83.945        2    -6.73260
    -83.795        2    -7.38458
    -83.645        2    -8.04059
    -83.495        2    -8.69564
    -83.345        2    -9.34249
    -83.195        2   -10.01925
    -83.045        2   -10.70510
    -82.895        2   -11.39709
    -82.745        2   -12.11506
    -82.595        2   -12.82000
    -82.445        2   -13.53262
    -82.295        2   -14.25331
    -82.145        2   -14.98667
    -81.995        2   -15.69779
    -81.845        2   -16.42967
    -81.695        2   -17.14997
    -81.545        2   -17.87494
    -81.395        2   -18.61154
    -81.245        2   -19.32611
    -81.095        2   -20.03196
    -80.945        2   -20.74307
    -80.795        2   -21.43743
    -80.645        2   -22.11300
    -80.495        2   -22.78752
    -80.345        2   -23.43010
    -80.195        2   -24.05727
    -80.045        2   -24.68706
    -79.895        2   -25.29917
    -79.745        2   -25.89094
    -79.595        2   -26.47178
    -79.445        2   -27.01409
    -79.295        2   -27.54078
    -79.145        2   -28.04023
    -78.995        2   -28.53939
    -78.845        2   -29.01820
    -78.695        2   -29.48856
    -78.545        2   -29.93052
    -78.395        2   -30.37329
    -78.245        2   -30.79366
    -78.095        2   -31.17318
    -77.945        2   -31.54823
    -77.795        2   -31.90567
    -77.645        2   -32.24649
    -77.495        2   -32.56797
    -77.345        2   -32.87678
    -77.195        2   -33.18369
    -77.045        2   -33.46525
    -76.895        2   -33.83598
    -76.745        2   -35.38888
    -76.595        2   -37.61358
    -76.445        2   -40.15824
    -76.295        2   -42.87381
    -76.145        2   -45.66520
    -75.995        2   -48.37610
    -75.845        2   -50.98021
    -75.695        2   -53.45621
    -75.545        2   -55.82174
    -75.395        2   -57.95534
    -75.245        2   -59.93056
    -75.095        2   -61.73090
    -74.945        2   -63.34011
    -74.795        2   -64.79254
    -74.645        2   -66.09779
    -74.495        2   -67.26340
    -74.345        2   -68.39496
    -74.195        2   -69.49544
    -74.045        2   -70.63236
    -73.895        2   -71.82571
    -73.745        2   -73.10881
    -73.595        2   -74.53276
    -73.445        2   -76.08039
    -73.295        2   -77.73263
    -73.145        2   -79.46848
    -72.995        2   -81.27300
    -72.845        2   -83.16619
    -72.695        2   -85.06731
    -72.545        2   -86.98858
    -72.395        2   -88.91194
    -72.245        2   -90.77019
    -72.095        2   -92.54614
    -71.945        2   -94.27411
    -71.795        2   -95.91878
    -71.645        2   -97.46932
    -71.495        2   -98.89261
    -71.345        2  -100.21809
    -71.195        2  -101.45679
    -71.045        2  -102.58206
    -70.895        2  -103.59357
    -70.745        2  -104.51746
    -70.595        2  -105.38044
    -70.445        2  -106.13542
    -70.295        2  -106.80429
    -70.145        2  -107.43369
    -69.995        2  -107.95469
    -69.845        2  -108.44390
    -69.695        2  -108.88672
    -69.545        2  -109.28400
    -69.395        2  -109.63903
    -69.245        2  -109.93906
    -69.095        2  -110.22298
    -68.945        2  -110.47541
    -68.795        2  -110.70129
    -68.645        2  -110.91407
    -68.495        2  -111.10875
    -68.345        2  -111.27747
    -68.195        2  -111.43830
    -68.045        2  -111.59015
    -67.895        2  -111.73431
    -67.745        2  -111.86898
    -67.595        2  -111.99825
    -67.445        2  -112.11952
    -67.295        2  -112.23317
    -67.145        2  -112.33796
    -66.995        2  -112.44547
    -66.845        2  -112.55020
    -66.695        2  -112.66239
    -66.545        2  -112.76899
    -66.395        2  -112.87797
    -66.245        2  -112.99441
    -66.095        2  -113.11031
    -65.945        2  -113.23108
    -65.795        2  -113.35335
    -65.645        2  -113.48790
    -65.495        2  -113.62581
    -65.345        2  -113.77429
    -65.195        2  -113.92904
    -65.045        2  -114.09409
    -64.895        2  -114.25945
    -64.745        2  -114.43097
    -64.595        2  -114.61315
    -64.445        2  -114.81325
    -64.295        2  -115.00116
    -64.145        2  -115.20706
    -63.995        2  -115.41957
    -63.845        2  -115.63518
    -63.695        2  -115.86498
    -63.545        2  -116.10823
    -63.395        2  -116.38622
    -63.245        2  -116.71529
    -63.095        2  -117.11198
    -62.945        2  -117.59890
    -62.795        2  -118.20443
    -62.645        2  -118.96438
    -62.495        2  -119.87262
    -62.345        2  -120.92176
    -62.195        2  -122.13427
    -62.045        2  -123.47613
    -61.895        2  -124.96352
    -61.745        2  -126.54779
    -61.595        2  -128.17830
    -61.445        2  -129.86780
    -61.295        2  -131.57560
    -61.145        2  -133.24383
    -60.995        2  -134.87919
    -60.845        2  -136.47476
    -60.695        2  -138.01550
    -60.545        2  -139.45005
    -60.395        2  -140.81393
    -60.245        2  -142.07962
    -60.095        2  -143.24595
    -59.945        2  -144.33860
    -59.795        2  -145.34668
    -59.645        2  -146.25143
    -59.495        2  -147.09038
    -59.345        2  -147.84030
    -59.195        2  -148.52161
    -59.045        2  -149.15350
    -58.895        2  -149.72063
    -58.745        2  -150.22578
    -58.595        2  -150.68494
    -58.445        2  -151.09689
    -58.295        2  -151.46057
    -58.145        2  -151.79615
    -57.995        2  -152.09702
    -57.845        2  -152.36033
    -57.695        2  -152.61534
    -57.545        2  -152.83655
    -57.395        2  -153.03552
    -57.245        2  -153.22226
    -57.095        2  -153.38744
    -56.945        2  -153.54299
    -56.795        2  -153.69006
    -56.645        2  -153.82220
    -56.495        2  -153.94441
    -56.345        2  -154.05505
    -56.195        2  -154.16465
    -56.045        2  -154.26292
    -55.895        2  -154.35187
    -55.745        2  -154.43982
    -55.595        2  -154.51924
    -55.445        2  -154.59783
    -55.295        2  -154.67006
    -55.145        2  -154.73526
    -54.995        2  -154.79890
    -54.845        2  -154.85831
    -54.695        2  -154.90995
    -54.545        2  -154.96180
    -54.395        2  -155.00818
    -54.245        2  -155.04927
    -54.095        2  -155.08807
    -53.945        2  -155.12873
    -53.795        2  -155.16434
    -53.645        2  -155.20327
    -53.495        2  -155.23616
    -53.345        2  -155.26741
    -53.195        2  -155.30067
    -53.045        2  -155.32889
    -52.895        2  -155.35188
    -52.745        2  -155.37854
    -52.595        2  -155.40630
    -52.445        2  -155.42422
    -52.295        2  -155.44499
    -52.145        2  -155.46767
    -51.995        2  -155.48700
    -51.845        2  -155.50299
    -51.695        2  -155.51925
    -51.545        2  -155.53950
    -51.395        2  -155.55802
    -51.245        2  -155.57326
    -51.095        2  -155.58863
    -50.945        2  -155.60092
    -50.795        2  -155.61664
    -50.645        2  -155.62991
    -50.495        2  -155.64299
    -50.345        2  -155.65591
    -50.195        2  -155.66986
    -50.045        2  -155.68659
    -49.895        2  -155.70408
    -49.745        2  -155.72338
    -49.595        2  -155.74105
    -49.445        2  -155.76210
    -49.295        2  -155.77904
    -49.145        2  -155.79312
    -48.995        2  -155.80933
    -48.845        2  -155.82737
    -48.695        2  -155.85088
    -48.545        2  -155.87348
    -48.395        2  -155.89462
    -48.245        2  -155.91570
    -48.095        2  -155.93987
    -47.945        2  -155.96336
    -47.795        2  -155.99173
    -47.645        2  -156.01690
    -47.495        2  -156.04700
    -47.345        2  -156.07377
    -47.195        2  -156.10667
    -47.045        2  -156.13444
    -46.895        2  -156.16704
    -46.745        2  -156.19925
    -46.595        2  -156.22847
    -46.445        2  -156.26736
    -46.295        2  -156.30603
    -46.145        2  -156.34943
    -45.995        2  -156.38604
    -45.845        2  -156.42174
    -45.695        2  -156.46261
    -45.545        2  -156.50102
    -45.395        2  -156.54500
    -45.245        2  -156.58928
    -45.095        2  -156.63369
    -44.945        2  -156.68103
    -44.795        2  -156.72688
    -44.645        2  -156.77242
    -44.495        2  -156.81942
    -44.345        2  -156.86914
    -44.195        2  -156.92152
    -44.045        2  -156.97386
    -43.895        2  -157.02744
    -43.745        2  -157.08016
    -43.595        2  -157.13544
    -43.445        2  -157.18821
    -43.295        2  -157.24837
    -43.145        2  -157.30850
    -42.995        2  -157.36471
    -42.845        2  -157.46249
    -42.695        2  -157.58370
    -42.545        2  -157.72134
    -42.395        2  -157.86263
    -42.245        2  -158.00614
    -42.095        2  -158.16092
    -41.945        2  -158.32481
    -41.795        2  -158.52367
    -41.645        2  -158.76009
    -41.495        2  -159.02823
    -41.345        2  -159.29708
    -41.195        2  -159.57012
    -41.045        2  -159.83496
    -40.895        2  -160.10177
    -40.745        2  -160.36901
    -40.595        2  -160.62576
    -40.445        2  -160.88015
    -40.295        2  -161.12949
    -40.145        2  -161.37112
    -39.995        2  -161.60395
    -39.845        2  -161.83121
    -39.695        2  -162.04662
    -39.545        2  -162.26657
    -39.395        2  -162.47640
    -39.245        2  -162.67683
    -39.095        2  -162.87346
    -38.945        2  -163.06088
    -38.795        2  -163.24393
    -38.645        2  -163.42499
    -38.495        2  -163.59447
    -38.345        2  -163.76244
    -38.195        2  -163.92621
    -38.045        2  -164.08685
    -37.895        2  -164.24145
    -37.745        2  -164.38922
    -37.595        2  -164.53632
    -37.445        2  -164.67500
    -37.295        2  -164.81112
    -37.145        2  -164.94090
    -36.995        2  -165.06924
    -36.845        2  -165.19204
    -36.695        2  -165.31227
    -36.545        2  -165.42893
    -36.395        2  -165.54217
    -36.245        2  -165.65235
    -36.095        2  -165.75961
    -35.945        2  -165.86201
    -35.795        2  -165.96410
    -35.645        2  -166.06188
    -35.495        2  -166.15839
    -35.345        2  -166.24855
    -35.195        2  -166.34075
    -35.045        2  -166.42714
    -34.895        2  -166.50937
    -34.745        2  -166.58800
    -34.595        2  -166.66589
    -34.445        2  -166.73994
    -34.295        2  -166.81182
    -34.145        2  -166.88233
    -33.995        2  -166.95020
    -33.845        2  -167.01921
    -33.695        2  -167.08143
    -33.545        2  -167.14402
    -33.395        2  -167.20621
    -33.245        2  -167.26983
    -33.095        2  -167.33345
    -32.945        2  -167.39872
    -32.795        2  -167.46373
    -32.645        2  -167.52591
    -32.495        2  -167.59302
    -32.345        2  -167.66359
    -32.195        2  -167.73755
    -32.045        2  -167.81199
    -31.895        2  -167.89132
    -31.745        2  -167.98060
    -31.595        2  -168.07583
    -31.445        2  -168.17686
    -31.295        2  -168.28408
    -31.145        2  -168.39880
    -30.995        2  -168.52006
    -30.845        2  -168.65496
    -30.695        2  -168.78812
    -30.545        2  -168.92205
    -30.395        2  -169.06653
    -30.245        2  -169.21036
    -30.095        2  -169.35309
    -29.945        2  -169.50798
    -29.795        2  -169.65578
    -29.645        2  -169.80912
    -29.495        2  -169.96400
    -29.345        2  -170.11865
    -29.195        2  -170.27176
    -29.045        2  -170.42597
    -28.895        2  -170.57935
    -28.745        2  -170.73409
    -28.595        2  -170.88489
    -28.445        2  -171.03808
    -28.295        2  -171.19424
    -28.145        2  -171.35166
    -27.995        2  -171.50955
    -27.845        2  -171.66702
    -27.695        2  -171.82242
    -27.545        2  -171.98134
    -27.395        2  -172.13532
    -27.245        2  -172.29029
    -27.095        2  -172.44895
    -26.945        2  -172.60637
    -26.795        2  -172.76679
    -26.645        2  -172.92457
    -26.495        2  -173.08058
    -26.345        2  -173.23485
    -26.195        2  -173.39465
    -26.045        2  -173.54846
    -25.895        2  -173.70511
    -25.745        2  -173.85626
    -25.595        2  -174.00366
    -25.445        2  -174.15142
    -25.295        2  -174.29971
    -25.145        2  -174.44153
    -24.995        2  -174.58040
    -24.845        2  -174.71663
    -24.695        2  -174.84795
    -24.545        2  -174.97395
    -24.395        2  -175.09944
    -24.245        2  -175.22400
    -24.095        2  -175.34643
    -23.945        2  -175.47039
    -23.795        2  -175.59065
    -23.645        2  -175.70919
    -23.495        2  -175.82606
    -23.345        2  -175.94117
    -23.195        2  -176.05458
    -23.045        2  -176.16829
    -22.895        2  -176.28011
    -22.745        2  -176.38846
    -22.595        2  -176.49616
    -22.445        2  -176.60642
    -22.295        2  -176.71666
    -22.145        2  -176.82617
    -21.995        2  -176.93802
    -21.845        2  -177.04847
    -21.695        2  -177.16752
    -21.545        2  -177.28192
    -21.395        2  -177.39430
    -21.245        2  -177.50370
    -21.095        2  -177.61389
    -20.945        2  -177.72766
    -20.795        2  -177.83899
    -20.645        2  -177.95136
    -20.495        2  -178.05956
    -20.345        2  -178.17424
    -20.195        2  -178.28891
    -20.045        2  -178.39664
    -19.895        2  -178.50907
    -19.745        2  -178.61289
    -19.595        2  -178.72076
    -19.445        2  -178.83399
    -19.295        2  -178.94572
    -19.145        2  -179.04843
    -18.995        2  -179.15769
    -18.845        2  -179.26456
    -18.695        2  -179.37075
    -18.545        2  -179.48039
    -18.395        2  -179.58633
    -18.245        2  -179.68940
    -18.095        2  -179.79012
    -17.945        2  -179.89282
    -17.795        2  -179.99816
    -17.645        2  -180.10575
    -17.495        2  -180.21133
    -17.345        2  -180.31997
    -17.195        2  -180.42790
    -17.045        2  -180.53473
    -16.895        2  -180.64529
    -16.745        2  -180.75953
    -16.595        2  -180.87325
    -16.445        2  -180.98144
    -16.295        2  -181.09371
    -16.145        2  -181.21004
    -15.995        2  -181.32501
    -15.845        2  -181.44471
    -15.695        2  -181.56536
    -15.545        2  -181.69185
    -15.395        2  -181.81727
    -15.245        2  -181.94757
    -15.095        2  -182.07914
    -14.945        2  -182.20783
    -14.795        2  -182.34592
    -14.645        2  -182.48451
    -14.495        2  -182.62995
    -14.345        2  -182.77945
    -14.195        2  -182.92684
    -14.045        2  -183.07602
    -13.895        2  -183.22673
    -13.745        2  -183.38302
    -13.595        2  -183.54335
    -13.445        2  -183.70730
    -13.295        2  -183.87644
    -13.145        2  -184.04521
    -12.995        2  -184.22186
    -12.845        2  -184.40280
    -12.695        2  -184.58275
    -12.545        2  -184.77207
    -12.395        2  -184.96334
    -12.245        2  -185.15774
    -12.095        2  -185.35195
    -11.945        2  -185.55385
    -11.795        2  -185.76201
    -11.645        2  -185.97674
    -11.495        2  -186.19453
    -11.345        2  -186.41851
    -11.195        2  -186.64597
    -11.045        2  -186.87519
    -10.895        2  -187.10938
    -10.745        2  -187.34929
    -10.595        2  -187.59546
    -10.445        2  -187.85266
    -10.295        2  -188.11233
    -10.145        2  -188.37538
    -9.9950        2  -188.64360
    -9.8450        2  -188.92125
    -9.6950        2  -189.20211
    -9.5450        2  -189.48730
    -9.3950        2  -189.78363
    -9.2450        2  -190.08334
    -9.0950        2  -190.38244
    -8.9450        2  -190.69421
    -8.7950        2  -191.00878
    -8.6450        2  -191.33091
    -8.4950        2  -191.65663
    -8.3450        2  -191.98991
    -8.1950        2  -192.32615
    -8.0450        2  -192.67058
    -7.8950        2  -193.02267
    -7.7450        2  -193.38269
    -7.5950        2  -193.75030
    -7.4450        2  -194.12497
    -7.2950        2  -194.50383
    -7.1450        2  -194.89172
    -6.9950        2  -195.28983
    -6.8450        2  -195.69301
    -6.6950        2  -196.10738
    -6.5450        2  -196.53347
    -6.3950        2  -196.96778
    -6.2450        2  -197.41112
    -6.0950        2  -197.86906
    -5.9450        2  -198.33626
    -5.7950        2  -198.81872
    -5.6450        2  -199.31488
    -5.4950        2  -199.82646
    -5.3450        2  -200.35093
    -5.1950        2  -200.89344
    -5.0450        2  -201.45514
    -4.8950        2  -202.03241
    -4.7450        2  -202.62825
    -4.5950        2  -203.24659
    -4.4450        2  -203.88423
    -4.2950        2  -204.54828
    -4.1450        2  -205.23422
    -3.9950        2  -205.94392
    -3.8450        2  -206.68225
    -3.6950        2  -207.44823
    -3.5450        2  -208.24186
    -3.3950        2  -209.07069
    -3.2450        2  -209.93303
    -3.0950        2  -210.83099
    -2.9450        2  -211.77084
    -2.7950        2  -212.75630
    -2.6450        2  -213.78950
    -2.4950        2  -214.87471
    -2.3450        2  -216.01341
    -2.1950        2  -217.21796
    -2.0450        2  -218.49485
    -1.8950        2  -219.85385
    -1.7450        2  -221.30698
    -1.5950        2  -222.86801
    -1.4450        2  -224.54467
    -1.2950        2  -226.36427
    -1.1450        2  -228.34558
   -0.99500        2  -230.51634
   -0.84500        2  -232.90251
   -0.69500        2  -235.54301
   -0.54500        2  -238.48966
   -0.39500        2  -241.81506
   -0.25300        2  -244.08554
   -0.21500        2  -244.22649
   -0.20900        2  -244.36753
   -0.20300        2  -244.50849
   -0.19700        2  -244.64883
   -0.19100        2  -244.78866
   -0.18500        2  -244.92827
   -0.17900        2  -245.06707
   -0.17300        2  -245.20531
   -0.16700        2  -245.34284
   -0.16100        2  -245.47948
   -0.15500        2  -245.61488
   -0.14900        2  -245.74921
   -0.14300        2  -245.88195
   -0.13700        2  -246.01324
   -0.13100        2  -246.14256
   -0.12500        2  -246.27032
   -0.11900        2  -246.39599
   -0.11300        2  -246.51924
   -0.10700        2  -246.63979
   -0.10100        2  -246.75762
   -0.95000E-01    2  -246.87213
   -0.89000E-01    2  -246.98336
   -0.83000E-01    2  -247.09059
   -0.77000E-01    2  -247.19381
   -0.71000E-01    2  -247.29257
   -0.65000E-01    2  -247.38646
   -0.59000E-01    2  -247.47489
   -0.53000E-01    2  -247.55754
   -0.47000E-01    2  -247.63371
   -0.41000E-01    2  -247.70294
   -0.35000E-01    2  -247.76451
   -0.29000E-01    2  -247.81772
   -0.23000E-01    2  -247.86181
   -0.19700E-01    2  -247.86567
   -0.19100E-01    2  -247.86945
   -0.18500E-01    2  -247.87312
   -0.17900E-01    2  -247.87668
   -0.17300E-01    2  -247.88013
   -0.16700E-01    2  -247.88348
   -0.16100E-01    2  -247.88674
   -0.15500E-01    2  -247.88988
   -0.14900E-01    2  -247.89291
   -0.14300E-01    2  -247.89585
   -0.13700E-01    2  -247.89868
   -0.13100E-01    2  -247.90138
   -0.12500E-01    2  -247.90398
   -0.11900E-01    2  -247.90646
   -0.11300E-01    2  -247.90882
   -0.10700E-01    2  -247.91108
   -0.10100E-01    2  -247.91321
   -0.95000E-02    2  -247.91523
   -0.89000E-02    2  -247.91713
   -0.83000E-02    2  -247.91891
   -0.77000E-02    2  -247.92057
   -0.71000E-02    2  -247.92211
   -0.65000E-02    2  -247.92353
   -0.59000E-02    2  -247.92482
   -0.53000E-02    2  -247.92599
   -0.47000E-02    2  -247.92703
   -0.41000E-02    2  -247.92795
   -0.35000E-02    2  -247.92873
   -0.29000E-02    2  -247.92939
   -0.23000E-02    2  -247.92991
   -0.17000E-02    2  -247.93030
   -0.11000E-02    2  -247.93056
   -0.50000E-03    2  -247.93068
    0.10000E-03    2  -247.93067
    0.70000E-03    2  -247.93051
    0.13000E-02    2  -247.93022
    0.19000E-02    2  -247.92979
    0.25000E-02    2  -247.92921
    0.31000E-02    2  -247.92849
    0.37000E-02    2  -247.92763
    0.43000E-02    2  -247.92662
    0.49000E-02    2  -247.92545
    0.55000E-02    2  -247.92414
    0.61000E-02    2  -247.92267
    0.67000E-02    2  -247.92105
    0.73000E-02    2  -247.91928
    0.79000E-02    2  -247.91734
    0.85000E-02    2  -247.91525
    0.91000E-02    2  -247.91299
    0.97000E-02    2  -247.91058
    0.10300E-01    2  -247.90801
    0.10900E-01    2  -247.90525
    0.11500E-01    2  -247.90234
    0.12100E-01    2  -247.89926
    0.12700E-01    2  -247.89601
    0.13300E-01    2  -247.89256
    0.13900E-01    2  -247.88892
    0.14500E-01    2  -247.88509
    0.15100E-01    2  -247.88109
    0.15700E-01    2  -247.87691
    0.16300E-01    2  -247.87254
    0.16900E-01    2  -247.86801
    0.17500E-01    2  -247.86331
    0.18100E-01    2  -247.85841
    0.18700E-01    2  -247.85333
    0.19300E-01    2  -247.84805
    0.20200E-01    2  -247.82574
    0.25000E-01    2  -247.75438
    0.31000E-01    2  -247.66157
    0.37000E-01    2  -247.54532
    0.43000E-01    2  -247.40320
    0.49000E-01    2  -247.23263
    0.55000E-01    2  -247.03051
    0.61000E-01    2  -246.79323
    0.67000E-01    2  -246.51665
    0.73000E-01    2  -246.19376
    0.79000E-01    2  -245.82565
    0.85000E-01    2  -245.40904
    0.91000E-01    2  -244.93885
    0.97000E-01    2  -244.41234
    0.10300        2  -243.82492
    0.10900        2  -243.17015
    0.11500        2  -242.43841
    0.12100        2  -241.61490
    0.12700        2  -240.71710
    0.13300        2  -239.74562
    0.13900        2  -238.68463
    0.14500        2  -237.52036
    0.15100        2  -236.24295
    0.15700        2  -234.83932
    0.16300        2  -233.29414
    0.16900        2  -231.58239
    0.17500        2  -229.64619
    0.18100        2  -227.53250
    0.18700        2  -225.28341
    0.19300        2  -222.89072
    0.19900        2  -220.34511
    0.20500        2  -217.64410
    0.21100        2  -214.79144
    0.21700        2  -211.78416
    0.29500        2  -134.21606
    0.44500        2   -96.99092
    0.59500        2   -78.15522
    0.74500        2   -66.17165
    0.89500        2   -57.42344
     1.0450        2   -50.55334
     1.1950        2   -44.89376
     1.3450        2   -40.08750
     1.4950        2   -35.90181
     1.6450        2   -32.19161
     1.7950        2   -28.86191
     1.9450        2   -25.84107
     2.0950        2   -23.06704
     2.2450        2   -20.49898
     2.3950        2   -18.11245
     2.5450        2   -15.88376
     2.6950        2   -13.79540
     2.8450        2   -11.83111
     2.9950        2    -9.97889
     3.1450        2    -8.22670
     3.2950        2    -6.56531
     3.4450        2    -4.98120
     3.5950        2    -3.47129
     3.7450        2    -2.02744
     3.8950        2    -0.64692
     4.0450        2     0.67197
     4.1950        2     1.94012
     4.3450        2     3.16102
     4.4950        2     4.34062
     4.6450        2     5.49583
     4.7950        2     6.58835
     4.9450        2     7.61415
     5.0950        2     8.57409
     5.2450        2     9.45259
     5.3950        2    10.25038
     5.5450        2    10.97383
     5.6950        2    11.63529
     5.8450        2    12.24556
     5.9950        2    12.80656
     6.1450        2    13.30745
     6.2950        2    13.76354
     6.4450        2    14.16915
     6.5950        2    14.53620
     6.7450        2    14.86346
     6.8950        2    15.15408
     7.0450        2    15.41735
     7.1950        2    15.64574
     7.3450        2    15.84342
     7.4950        2    16.01706
     7.6450        2    16.17222
     7.7950        2    16.30514
     7.9450        2    16.41820
     8.0950        2    16.51291
     8.2450        2    16.59664
     8.3950        2    16.66709
     8.5450        2    16.72842
     8.6950        2    16.78117
     8.8450        2    16.82633
     8.9950        2    16.86297
     9.1450        2    16.89411
     9.2950        2    16.91872
     9.4450        2    16.94068
     9.5950        2    16.96017
     9.7450        2    16.97778
     9.8950        2    16.99282
     10.045        2    17.00781
     10.195        2    17.02143
     10.345        2    17.03528
     10.495        2    17.04828
     10.645        2    17.06013
     10.795        2    17.07088
     10.945        2    17.08209
     11.095        2    17.09257
     11.245        2    17.10306
     11.395        2    17.11328
     11.545        2    17.12264
     11.695        2    17.13194
     11.845        2    17.14075
     11.995        2    17.14903
     12.145        2    17.15760
     12.295        2    17.16575
     12.445        2    17.17383
     12.595        2    17.18156
     12.745        2    17.18889
     12.895        2    17.19612
     13.045        2    17.20363
     13.195        2    17.21045
     13.345        2    17.21691
     13.495        2    17.22329
     13.645        2    17.22964
     13.795        2    17.23570
     13.945        2    17.24159
     14.095        2    17.24734
     14.245        2    17.25337
     14.395        2    17.25899
     14.545        2    17.26449
     14.695        2    17.27011
     14.845        2    17.27545
     14.995        2    17.28092
     15.145        2    17.28645
     15.295        2    17.29175
     15.445        2    17.29686
     15.595        2    17.30191
     15.745        2    17.30646
     15.895        2    17.31104
     16.045        2    17.31554
     16.195        2    17.32004
     16.345        2    17.32480
     16.495        2    17.32956
     16.645        2    17.33367
     16.795        2    17.33796
     16.945        2    17.34210
     17.095        2    17.34603
     17.245        2    17.35040
     17.395        2    17.35448
     17.545        2    17.35891
     17.695        2    17.36316
     17.845        2    17.36702
     17.995        2    17.37107
     18.145        2    17.37511
     18.295        2    17.37897
     18.445        2    17.38279
     18.595        2    17.38659
     18.745        2    17.39047
     18.895        2    17.39444
     19.045        2    17.39807
     19.195        2    17.40153
     19.345        2    17.40511
     19.495        2    17.40874
     19.645        2    17.41237
     19.795        2    17.41553
     19.945        2    17.41881
     20.095        2    17.42236
     21.836        2    17.51916
     30.068        2    17.64727
     42.097        2    17.76675
     58.937        2    17.87570
     82.515        2    17.97745
     115.53        2    18.07552
     161.74        2    18.16652
     226.45        2    18.25703
     317.04        2    18.34691
     443.87        2    18.43215
     621.44        2    18.51515
     870.05        2    18.59909
     1218.1        2    18.68295
     1705.4        2    18.76157
     2387.7        2    18.84104
     3342.9        2    18.91817
     4680.2        2    18.99203
     6552.5        2    19.06084
     9173.8        2    19.13011
     12844.        2    19.19621
     17982.        2    19.25903
     25176.        2    19.31659
     35247.        2    19.36975
     49348.        2    19.42014
     69090.        2    19.46844
     96729.        2    19.51177
    0.13543E+06    2    19.55272
    0.18960E+06    2    19.58915
    0.26545E+06    2    19.62385
    0.37165E+06    2    19.65522
    0.52033E+06    2    19.68595
    0.72849E+06    2    19.71311
    0.10199E+07    2    19.73852
    0.14279E+07    2    19.76351
    0.19992E+07    2    19.78302
    0.27990E+07    2    19.80238
    0.39187E+07    2    19.81950
    0.54864E+07    2    19.83617
    0.76812E+07    2    19.85076
    0.10754E+08    2    19.86288
    0.15056E+08    2    19.87402
    0.21080E+08    2    19.88520
    0.29513E+08    2    19.89692
    0.41319E+08    2    19.90727
    0.57849E+08    2    19.91565
    0.80991E+08    2    19.92391
    0.11339E+09    2    19.93046
    0.15875E+09    2    19.93752
    0.22226E+09    2    19.94342
    0.31118E+09    2    19.94918
    0.43567E+09    2    19.95463
    0.60996E+09    2    19.95899
    0.85398E+09    2    19.96330
    0.11956E+10    2    19.96703
    0.16739E+10    2    19.97078
    0.23436E+10    2    19.97335
    0.32811E+10    2    19.97649
    0.45937E+10    2    19.97922
    0.64315E+10    2    19.98199
    0.90044E+10    2    19.98430
    0.12607E+11    2    19.98656
    0.17650E+11    2    19.98879
    0.24711E+11    2    19.99091
    0.34596E+11    2    19.99276
    0.48437E+11    2    19.99412
    0.67814E+11    2    19.99529
    0.10000E+12    2    20.01044
    -29.945        3     0.00000
    -29.795        3     0.00000
    -29.645        3     0.00000
    -29.495        3     0.00000
    -29.345        3     0.00000
    -29.195        3     0.00000
    -29.045        3     0.00000
    -28.895        3     0.00000
    -28.745        3     0.00000
    -28.595        3     0.00000
    -28.445        3     0.00000
    -28.295        3     0.00000
    -28.145        3     0.00000
    -27.995        3     0.00000
    -27.845        3     0.00000
    -27.695        3     0.00000
    -27.545        3     0.00000
    -27.395        3     0.00000
    -27.245        3     0.00000
    -27.095        3     0.00000
    -26.945        3     0.00000
    -26.795        3     0.00000
    -26.645        3     0.00000
    -26.495        3     0.00000
    -26.345        3     0.00000
    -26.195        3     0.00000
    -26.045        3     0.00000
    -25.895        3     0.00000
    -25.745        3     0.00000
    -25.595        3     0.00000
    -25.445        3     0.00000
    -25.295        3     0.00000
    -25.145        3     0.00000
    -24.995        3     0.00000
    -24.845        3     0.00000
    -24.695        3     0.00000
    -24.545        3     0.00000
    -24.395        3     0.00000
    -24.245        3     0.00000
    -24.095        3     0.00000
    -23.945        3     0.00000
    -23.795        3     0.00000
    -23.645        3     0.00000
    -23.495        3     0.00000
    -23.345        3     0.00000
    -23.195        3     0.00000
    -23.045        3     0.00000
    -22.895        3     0.00000
    -22.745        3     0.00000
    -22.595        3     0.00000
    -22.445        3     0.00000
    -22.295        3     0.00000
    -22.145        3     0.00000
    -21.995        3     0.00000
    -21.845        3     0.00000
    -21.695        3     0.00000
    -21.545        3     0.00000
    -21.395        3     0.00000
    -21.245        3     0.00000
    -21.095        3     0.00000
    -20.945        3     0.00000
    -20.795        3     0.00000
    -20.645        3     0.00000
    -20.495        3     0.00000
    -20.345        3     0.00000
    -20.195        3     0.00000
    -20.045        3     0.00000
    -19.895        3     0.00000
    -19.745        3     0.00000
    -19.595        3     0.00000
    -19.445        3     0.00000
    -19.295        3     0.00000
    -19.145        3     0.00000
    -18.995        3     0.00000
    -18.845        3     0.00000
    -18.695        3     0.00000
    -18.545        3     0.00000
    -18.395        3     0.00000
    -18.245        3     0.00000
    -18.095        3     0.00000
    -17.945        3     0.00000
    -17.795        3     0.00000
    -17.645        3     0.00000
    -17.495        3     0.00000
    -17.345        3     0.00000
    -17.195        3    -0.00000
    -17.045        3     0.00000
    -16.895        3     0.00000
    -16.745        3     0.00000
    -16.595        3     0.00001
    -16.445        3     0.00001
    -16.295        3     0.00002
    -16.145        3     0.00003
    -15.995        3     0.00003
    -15.845        3     0.00004
    -15.695        3     0.00005
    -15.545        3     0.00007
    -15.395        3     0.00009
    -15.245        3     0.00012
    -15.095        3     0.00015
    -14.945        3     0.00019
    -14.795        3     0.00024
    -14.645        3     0.00025
    -14.495        3     0.00027
    -14.345        3     0.00031
    -14.195        3     0.00032
    -14.045        3     0.00035
    -13.895        3     0.00026
    -13.745        3     0.00030
    -13.595        3     0.00023
    -13.445        3     0.00019
    -13.295        3    -0.00069
    -13.145        3    -0.00446
    -12.995        3    -0.01315
    -12.845        3    -0.03850
    -12.695        3    -0.12061
    -12.545        3    -0.28506
    -12.395        3    -0.53744
    -12.245        3    -0.86938
    -12.095        3    -1.26052
    -11.945        3    -1.70568
    -11.795        3    -2.17217
    -11.645        3    -2.65403
    -11.495        3    -3.14361
    -11.345        3    -3.63402
    -11.195        3    -4.12096
    -11.045        3    -4.60797
    -10.895        3    -5.13353
    -10.745        3    -5.73508
    -10.595        3    -6.40706
    -10.445        3    -7.12331
    -10.295        3    -7.86900
    -10.145        3    -8.62672
    -9.9950        3    -9.37770
    -9.8450        3   -10.12099
    -9.6950        3   -10.84061
    -9.5450        3   -11.55055
    -9.3950        3   -12.24964
    -9.2450        3   -12.95133
    -9.0950        3   -13.65931
    -8.9450        3   -14.37570
    -8.7950        3   -15.11954
    -8.6450        3   -15.87925
    -8.4950        3   -16.67920
    -8.3450        3   -17.51649
    -8.1950        3   -18.40665
    -8.0450        3   -19.35068
    -7.8950        3   -20.34891
    -7.7450        3   -21.39967
    -7.5950        3   -22.49072
    -7.4450        3   -23.61631
    -7.2950        3   -24.76598
    -7.1450        3   -25.94419
    -6.9950        3   -27.14240
    -6.8450        3   -28.36692
    -6.6950        3   -29.62317
    -6.5450        3   -30.89915
    -6.3950        3   -32.20529
    -6.2450        3   -33.54532
    -6.0950        3   -34.93195
    -5.9450        3   -36.35714
    -5.7950        3   -37.81446
    -5.6450        3   -39.30604
    -5.4950        3   -40.83430
    -5.3450        3   -42.38396
    -5.1950        3   -43.95655
    -5.0450        3   -45.56678
    -4.8950        3   -47.21359
    -4.7450        3   -48.89976
    -4.5950        3   -50.63260
    -4.4450        3   -52.40363
    -4.2950        3   -54.21837
    -4.1450        3   -56.07272
    -3.9950        3   -57.94913
    -3.8450        3   -59.84539
    -3.6950        3   -61.76997
    -3.5450        3   -63.73037
    -3.3950        3   -65.73372
    -3.2450        3   -67.80255
    -3.0950        3   -69.95677
    -2.9450        3   -72.23220
    -2.7950        3   -74.66260
    -2.6450        3   -77.31206
    -2.4950        3   -80.22471
    -2.3450        3   -83.47573
    -2.1950        3   -87.13070
    -2.0450        3   -91.28070
    -1.8950        3   -96.03375
    -1.7450        3  -101.48288
    -1.5950        3  -107.68427
    -1.4450        3  -114.66082
    -1.2950        3  -122.38455
    -1.1450        3  -130.79267
   -0.99500        3  -139.78122
   -0.84500        3  -149.30135
   -0.69500        3  -159.41856
   -0.54500        3  -170.49195
   -0.39500        3  -183.49653
   -0.25300        3  -193.70206
   -0.21500        3  -194.40796
   -0.20900        3  -195.12514
   -0.20300        3  -195.85352
   -0.19700        3  -196.59477
   -0.19100        3  -197.34936
   -0.18500        3  -198.11760
   -0.17900        3  -198.89962
   -0.17300        3  -199.69760
   -0.16700        3  -200.51230
   -0.16100        3  -201.34460
   -0.15500        3  -202.19508
   -0.14900        3  -203.06515
   -0.14300        3  -203.95723
   -0.13700        3  -204.87164
   -0.13100        3  -205.81124
   -0.12500        3  -206.77779
   -0.11900        3  -207.77309
   -0.11300        3  -208.80044
   -0.10700        3  -209.86307
   -0.10100        3  -210.96430
   -0.95000E-01    3  -212.10870
   -0.89000E-01    3  -213.30131
   -0.83000E-01    3  -214.54804
   -0.77000E-01    3  -215.85683
   -0.71000E-01    3  -217.23656
   -0.65000E-01    3  -218.69919
   -0.59000E-01    3  -220.26140
   -0.53000E-01    3  -221.94101
   -0.47000E-01    3  -223.76632
   -0.41000E-01    3  -225.77662
   -0.35000E-01    3  -228.03103
   -0.29000E-01    3  -230.63075
   -0.23000E-01    3  -233.75463
   -0.19700E-01    3  -234.10191
   -0.19100E-01    3  -234.45762
   -0.18500E-01    3  -234.82227
   -0.17900E-01    3  -235.19637
   -0.17300E-01    3  -235.58040
   -0.16700E-01    3  -235.97545
   -0.16100E-01    3  -236.38210
   -0.15500E-01    3  -236.80121
   -0.14900E-01    3  -237.23388
   -0.14300E-01    3  -237.68180
   -0.13700E-01    3  -238.14648
   -0.13100E-01    3  -238.62918
   -0.12500E-01    3  -239.13124
   -0.11900E-01    3  -239.65363
   -0.11300E-01    3  -240.19805
   -0.10700E-01    3  -240.76560
   -0.10100E-01    3  -241.35830
   -0.95000E-02    3  -241.97763
   -0.89000E-02    3  -242.62468
   -0.83000E-02    3  -243.30067
   -0.77000E-02    3  -244.00712
   -0.71000E-02    3  -244.74572
   -0.65000E-02    3  -245.51971
   -0.59000E-02    3  -246.33216
   -0.53000E-02    3  -247.18492
   -0.47000E-02    3  -248.07114
   -0.41000E-02    3  -248.97816
   -0.35000E-02    3  -249.89078
   -0.29000E-02    3  -250.77837
   -0.23000E-02    3  -251.59955
   -0.17000E-02    3  -252.29545
   -0.11000E-02    3  -252.78606
   -0.50000E-03    3  -253.01911
    0.10000E-03    3  -252.97203
    0.70000E-03    3  -252.64914
    0.13000E-02    3  -252.08254
    0.19000E-02    3  -251.33578
    0.25000E-02    3  -250.48736
    0.31000E-02    3  -249.58684
    0.37000E-02    3  -248.67296
    0.43000E-02    3  -247.77141
    0.49000E-02    3  -246.89484
    0.55000E-02    3  -246.05578
    0.61000E-02    3  -245.25738
    0.67000E-02    3  -244.49744
    0.73000E-02    3  -243.77145
    0.79000E-02    3  -243.07661
    0.85000E-02    3  -242.41109
    0.91000E-02    3  -241.77395
    0.97000E-02    3  -241.16402
    0.10300E-01    3  -240.58023
    0.10900E-01    3  -240.02063
    0.11500E-01    3  -239.48378
    0.12100E-01    3  -238.96833
    0.12700E-01    3  -238.47316
    0.13300E-01    3  -237.99684
    0.13900E-01    3  -237.53820
    0.14500E-01    3  -237.09588
    0.15100E-01    3  -236.66825
    0.15700E-01    3  -236.25402
    0.16300E-01    3  -235.85202
    0.16900E-01    3  -235.46151
    0.17500E-01    3  -235.08144
    0.18100E-01    3  -234.71133
    0.18700E-01    3  -234.35050
    0.19300E-01    3  -233.99828
    0.20200E-01    3  -232.70441
    0.25000E-01    3  -229.78834
    0.31000E-01    3  -227.32675
    0.37000E-01    3  -225.17236
    0.43000E-01    3  -223.24440
    0.49000E-01    3  -221.49061
    0.55000E-01    3  -219.87672
    0.61000E-01    3  -218.37827
    0.67000E-01    3  -216.97772
    0.73000E-01    3  -215.66161
    0.79000E-01    3  -214.41916
    0.85000E-01    3  -213.24201
    0.91000E-01    3  -212.12179
    0.97000E-01    3  -211.05293
    0.10300        3  -210.03101
    0.10900        3  -209.05062
    0.11500        3  -208.10906
    0.12100        3  -207.20367
    0.12700        3  -206.33124
    0.13300        3  -205.48973
    0.13900        3  -204.67721
    0.14500        3  -203.89041
    0.15100        3  -203.12842
    0.15700        3  -202.39061
    0.16300        3  -201.67523
    0.16900        3  -200.98230
    0.17500        3  -200.30909
    0.18100        3  -199.65683
    0.18700        3  -199.02359
    0.19300        3  -198.40808
    0.19900        3  -197.81004
    0.20500        3  -197.22818
    0.21100        3  -196.66145
    0.21700        3  -196.11097
    0.29500        3  -185.48010
    0.44500        3  -179.22978
    0.59500        3  -174.84510
    0.74500        3  -171.37014
    0.89500        3  -168.40716
     1.0450        3  -165.76728
     1.1950        3  -163.35137
     1.3450        3  -161.09637
     1.4950        3  -158.96447
     1.6450        3  -156.92913
     1.7950        3  -154.97990
     1.9450        3  -153.09865
     2.0950        3  -151.27631
     2.2450        3  -149.50591
     2.3950        3  -147.78257
     2.5450        3  -146.10326
     2.6950        3  -144.46142
     2.8450        3  -142.85535
     2.9950        3  -141.27472
     3.1450        3  -139.71839
     3.2950        3  -138.18015
     3.4450        3  -136.65134
     3.5950        3  -135.12773
     3.7450        3  -133.60090
     3.8950        3  -132.06994
     4.0450        3  -130.53388
     4.1950        3  -128.98941
     4.3450        3  -127.43991
     4.4950        3  -125.88865
     4.6450        3  -124.33705
     4.7950        3  -122.78971
     4.9450        3  -121.24461
     5.0950        3  -119.70689
     5.2450        3  -118.17691
     5.3950        3  -116.65857
     5.5450        3  -115.15350
     5.6950        3  -113.66036
     5.8450        3  -112.18294
     5.9950        3  -110.72934
     6.1450        3  -109.29878
     6.2950        3  -107.88924
     6.4450        3  -106.51117
     6.5950        3  -105.16187
     6.7450        3  -103.84606
     6.8950        3  -102.57344
     7.0450        3  -101.33720
     7.1950        3  -100.14987
     7.3450        3   -99.00582
     7.4950        3   -97.92364
     7.6450        3   -96.90823
     7.7950        3   -95.95517
     7.9450        3   -95.07824
     8.0950        3   -94.27439
     8.2450        3   -93.54777
     8.3950        3   -92.89644
     8.5450        3   -92.31653
     8.6950        3   -91.80159
     8.8450        3   -91.34784
     8.9950        3   -90.93562
     9.1450        3   -90.57840
     9.2950        3   -90.25003
     9.4450        3   -89.95460
     9.5950        3   -89.67936
     9.7450        3   -89.42556
     9.8950        3   -89.19274
     10.045        3   -88.97024
     10.195        3   -88.75989
     10.345        3   -88.55714
     10.495        3   -88.36276
     10.645        3   -88.17242
     10.795        3   -87.98836
     10.945        3   -87.80959
     11.095        3   -87.63360
     11.245        3   -87.46322
     11.395        3   -87.29576
     11.545        3   -87.13048
     11.695        3   -86.96690
     11.845        3   -86.80607
     11.995        3   -86.64869
     12.145        3   -86.49317
     12.295        3   -86.33922
     12.445        3   -86.18647
     12.595        3   -86.03596
     12.745        3   -85.88750
     12.895        3   -85.74096
     13.045        3   -85.59535
     13.195        3   -85.45252
     13.345        3   -85.31010
     13.495        3   -85.17001
     13.645        3   -85.03147
     13.795        3   -84.89381
     13.945        3   -84.75765
     14.095        3   -84.62358
     14.245        3   -84.49042
     14.395        3   -84.35844
     14.545        3   -84.22783
     14.695        3   -84.09884
     14.845        3   -83.97120
     14.995        3   -83.84465
     15.145        3   -83.71917
     15.295        3   -83.59421
     15.445        3   -83.47123
     15.595        3   -83.34891
     15.745        3   -83.22794
     15.895        3   -83.10804
     16.045        3   -82.98940
     16.195        3   -82.87187
     16.345        3   -82.75472
     16.495        3   -82.63895
     16.645        3   -82.52435
     16.795        3   -82.41058
     16.945        3   -82.29752
     17.095        3   -82.18579
     17.245        3   -82.07460
     17.395        3   -81.96460
     17.545        3   -81.85589
     17.695        3   -81.74807
     17.845        3   -81.64109
     17.995        3   -81.53454
     18.145        3   -81.42911
     18.295        3   -81.32462
     18.445        3   -81.22026
     18.595        3   -81.11705
     18.745        3   -81.01479
     18.895        3   -80.91296
     19.045        3   -80.81189
     19.195        3   -80.71181
     19.345        3   -80.61255
     19.495        3   -80.51374
     19.645        3   -80.41589
     19.795        3   -80.31901
     19.945        3   -80.22290
     20.095        3   -80.12726
     21.836        3   -77.20595
     30.068        3   -72.83756
     42.097        3   -68.44787
     58.937        3   -64.04789
     82.515        3   -59.66330
     115.53        3   -55.29627
     161.74        3   -50.94896
     226.45        3   -46.60880
     317.04        3   -42.29402
     443.87        3   -37.99808
     621.44        3   -33.72344
     870.05        3   -29.48848
     1218.1        3   -25.32962
     1705.4        3   -21.24925
     2387.7        3   -17.26160
     3342.9        3   -13.37037
     4680.2        3    -9.58561
     6552.5        3    -5.91437
     9173.8        3    -2.35804
     12844.        3     1.08976
     17982.        3     4.42254
     25176.        3     7.63660
     35247.        3    10.72807
     49348.        3    13.69917
     69090.        3    16.54317
     96729.        3    19.25707
    0.13543E+06    3    21.84317
    0.18960E+06    3    24.30841
    0.26545E+06    3    26.65577
    0.37165E+06    3    28.89173
    0.52033E+06    3    31.01865
    0.72849E+06    3    33.04038
    0.10199E+07    3    34.96392
    0.14279E+07    3    36.79296
    0.19992E+07    3    38.53327
    0.27990E+07    3    40.18710
    0.39187E+07    3    41.75992
    0.54864E+07    3    43.25450
    0.76812E+07    3    44.67449
    0.10754E+08    3    46.02442
    0.15056E+08    3    47.30686
    0.21080E+08    3    48.52573
    0.29513E+08    3    49.68175
    0.41319E+08    3    50.77133
    0.57849E+08    3    51.78740
    0.80991E+08    3    52.72699
    0.11339E+09    3    53.59936
    0.15875E+09    3    54.41235
    0.22226E+09    3    55.17101
    0.31118E+09    3    55.88011
    0.43567E+09    3    56.54398
    0.60996E+09    3    57.15163
    0.85398E+09    3    57.70104
    0.11956E+10    3    58.20333
    0.16739E+10    3    58.66435
    0.23436E+10    3    59.08731
    0.32811E+10    3    59.47667
    0.45937E+10    3    59.83405
    0.64315E+10    3    60.16269
    0.90044E+10    3    60.46509
    0.12607E+11    3    60.74294
    0.17650E+11    3    60.99843
    0.24711E+11    3    61.23315
    0.34596E+11    3    61.44921
    0.48437E+11    3    61.64752
    0.67814E+11    3    61.82994
    0.10000E+12    3    63.91070
