    -159.95         0.00000
    -159.79         0.00000
    -159.65         0.00000
    -159.49         0.00000
    -159.34         0.00000
    -159.20         0.00000
    -159.04         0.00000
    -158.90         0.00000
    -158.74         0.00000
    -158.59         0.00000
    -158.45         0.00000
    -158.29         0.00000
    -158.15         0.00000
    -157.99         0.00000
    -157.84         0.00000
    -157.70         0.00000
    -157.54         0.00000
    -157.40         0.00000
    -157.24         0.00000
    -157.09         0.00000
    -156.95         0.00000
    -156.79         0.00000
    -156.65         0.00000
    -156.49         0.00000
    -156.34         0.00000
    -156.20         0.00000
    -156.04         0.00000
    -155.90         0.00000
    -155.74         0.00000
    -155.59         0.00000
    -155.45         0.00000
    -155.29         0.00000
    -155.15         0.00000
    -154.99         0.00000
    -154.84         0.00000
    -154.70         0.00000
    -154.54         0.00000
    -154.40         0.00000
    -154.24         0.00000
    -154.09         0.00000
    -153.95         0.00000
    -153.79         0.00000
    -153.65         0.00000
    -153.49         0.00000
    -153.34         0.00000
    -153.20         0.00000
    -153.04         0.00000
    -152.90         0.00000
    -152.74         0.00000
    -152.59         0.00000
    -152.45         0.00000
    -152.29         0.00000
    -152.15         0.00000
    -151.99         0.00000
    -151.84         0.00000
    -151.70         0.00000
    -151.54         0.00000
    -151.40         0.00000
    -151.24         0.00000
    -151.09         0.00000
    -150.95         0.00000
    -150.79         0.00000
    -150.65         0.00000
    -150.49         0.00000
    -150.34         0.00000
    -150.20         0.00000
    -150.04         0.00000
    -149.90         0.00000
    -149.74         0.00000
    -149.59         0.00000
    -149.45         0.00000
    -149.29         0.00000
    -149.15         0.00000
    -148.99         0.00000
    -148.84         0.00000
    -148.70         0.00000
    -148.54         0.00000
    -148.40         0.00000
    -148.24         0.00000
    -148.09         0.00000
    -147.95         0.00000
    -147.79         0.00000
    -147.65         0.00000
    -147.49         0.00000
    -147.34         0.00000
    -147.20         0.00000
    -147.04         0.00000
    -146.90         0.00000
    -146.74         0.00000
    -146.59         0.00000
    -146.45         0.00000
    -146.29         0.00000
    -146.15         0.00000
    -145.99         0.00000
    -145.84         0.00000
    -145.70         0.00000
    -145.54         0.00000
    -145.40         0.00000
    -145.24         0.00000
    -145.09         0.00000
    -144.95         0.00000
    -144.79         0.00000
    -144.65         0.00000
    -144.49         0.00000
    -144.34         0.00000
    -144.20         0.00000
    -144.04         0.00000
    -143.90         0.00000
    -143.74         0.00000
    -143.59         0.00000
    -143.45         0.00000
    -143.29         0.00000
    -143.15         0.00000
    -142.99         0.00000
    -142.84         0.00000
    -142.70         0.00000
    -142.54         0.00000
    -142.40         0.00000
    -142.24         0.00000
    -142.09         0.00000
    -141.95         0.00000
    -141.79         0.00000
    -141.65         0.00000
    -141.49         0.00000
    -141.34         0.00000
    -141.20         0.00000
    -141.04         0.00000
    -140.90         0.00000
    -140.74         0.00000
    -140.59         0.00000
    -140.45         0.00000
    -140.29         0.00000
    -140.15         0.00000
    -139.99         0.00000
    -139.84         0.00000
    -139.70         0.00000
    -139.54         0.00000
    -139.40         0.00000
    -139.24         0.00000
    -139.09         0.00000
    -138.95         0.00000
    -138.79         0.00000
    -138.65         0.00000
    -138.49         0.00000
    -138.34         0.00000
    -138.20         0.00000
    -138.04         0.00000
    -137.90         0.00000
    -137.74         0.00000
    -137.59         0.00000
    -137.45         0.00000
    -137.29         0.00000
    -137.15         0.00000
    -136.99         0.00000
    -136.84         0.00000
    -136.70         0.00000
    -136.54         0.00000
    -136.40         0.00000
    -136.24         0.00000
    -136.09         0.00000
    -135.95         0.00000
    -135.79         0.00000
    -135.65         0.00000
    -135.49         0.00000
    -135.34         0.00000
    -135.20         0.00000
    -135.04         0.00000
    -134.90         0.00000
    -134.74         0.00000
    -134.59         0.00000
    -134.45         0.00000
    -134.29         0.00000
    -134.15         0.00000
    -133.99         0.00000
    -133.84         0.00000
    -133.70         0.00000
    -133.54         0.00000
    -133.40         0.00000
    -133.24         0.00000
    -133.09         0.00000
    -132.95         0.00000
    -132.79         0.00000
    -132.65         0.00000
    -132.49         0.00000
    -132.34         0.00000
    -132.20         0.00000
    -132.04         0.00000
    -131.90         0.00000
    -131.74         0.00000
    -131.59         0.00000
    -131.45         0.00000
    -131.29         0.00000
    -131.15         0.00000
    -130.99         0.00000
    -130.84         0.00000
    -130.70         0.00000
    -130.54         0.00000
    -130.40         0.00000
    -130.24         0.00000
    -130.09         0.00000
    -129.95         0.00000
    -129.79         0.00000
    -129.65         0.00000
    -129.49         0.00000
    -129.34         0.00000
    -129.20         0.00000
    -129.04         0.00000
    -128.90         0.00000
    -128.74         0.00000
    -128.59         0.00000
    -128.45         0.00000
    -128.29         0.00000
    -128.15         0.00000
    -127.99         0.00000
    -127.85         0.00000
    -127.69         0.00000
    -127.55         0.00000
    -127.39         0.00000
    -127.25         0.00000
    -127.10         0.00000
    -126.94         0.00000
    -126.80         0.00000
    -126.64         0.00000
    -126.50         0.00000
    -126.35         0.00000
    -126.19         0.00000
    -126.05         0.00000
    -125.89         0.00000
    -125.75         0.00000
    -125.60         0.00000
    -125.44         0.00000
    -125.30         0.00000
    -125.14         0.00000
    -125.00         0.00000
    -124.85         0.00000
    -124.69         0.00000
    -124.55         0.00000
    -124.39         0.00000
    -124.25         0.00000
    -124.10         0.00000
    -123.94         0.00000
    -123.80         0.00000
    -123.64         0.00000
    -123.50         0.00000
    -123.35         0.00000
    -123.19         0.00000
    -123.05         0.00000
    -122.89         0.00000
    -122.75         0.00000
    -122.60         0.00000
    -122.44         0.00000
    -122.30         0.00000
    -122.14         0.00000
    -122.00         0.00000
    -121.85         0.00000
    -121.69         0.00000
    -121.55         0.00000
    -121.39         0.00000
    -121.25         0.00000
    -121.10         0.00000
    -120.94         0.00000
    -120.80         0.00000
    -120.64         0.00000
    -120.50         0.00000
    -120.35         0.00000
    -120.19         0.00000
    -120.05         0.00000
    -119.89         0.00000
    -119.75         0.00000
    -119.60         0.00000
    -119.44         0.00000
    -119.30         0.00000
    -119.14         0.00000
    -119.00         0.00000
    -118.85         0.00000
    -118.69         0.00000
    -118.55         0.00000
    -118.39         0.00000
    -118.25         0.00000
    -118.10         0.00000
    -117.94         0.00000
    -117.80         0.00000
    -117.64         0.00000
    -117.50         0.00000
    -117.35         0.00000
    -117.19         0.00000
    -117.05         0.00000
    -116.89         0.00000
    -116.75         0.00000
    -116.60         0.00000
    -116.44         0.00000
    -116.30         0.00000
    -116.14         0.00000
    -116.00         0.00000
    -115.85         0.00000
    -115.69         0.00000
    -115.55         0.00000
    -115.39         0.00000
    -115.25         0.00000
    -115.10         0.00000
    -114.94         0.00000
    -114.80         0.00000
    -114.64         0.00000
    -114.50         0.00000
    -114.35         0.00000
    -114.19         0.00000
    -114.05         0.00000
    -113.89         0.00000
    -113.75         0.00000
    -113.60         0.00000
    -113.44         0.00000
    -113.30         0.00000
    -113.14         0.00000
    -113.00         0.00000
    -112.85         0.00000
    -112.69         0.00000
    -112.55         0.00000
    -112.39         0.00000
    -112.25         0.00000
    -112.10         0.00000
    -111.94         0.00000
    -111.80         0.00000
    -111.64         0.00000
    -111.50         0.00000
    -111.35         0.00000
    -111.19         0.00000
    -111.05         0.00000
    -110.89         0.00000
    -110.75         0.00000
    -110.60         0.00000
    -110.44         0.00000
    -110.30         0.00000
    -110.14         0.00000
    -110.00         0.00000
    -109.85         0.00000
    -109.69         0.00000
    -109.55         0.00000
    -109.39         0.00000
    -109.25         0.00000
    -109.10         0.00000
    -108.94         0.00000
    -108.80         0.00000
    -108.64         0.00000
    -108.50         0.00000
    -108.35         0.00000
    -108.19         0.00000
    -108.05         0.00000
    -107.89         0.00000
    -107.75         0.00000
    -107.60         0.00000
    -107.44         0.00000
    -107.30         0.00000
    -107.14         0.00000
    -107.00         0.00000
    -106.85         0.00000
    -106.69         0.00000
    -106.55         0.00000
    -106.39         0.00000
    -106.25         0.00000
    -106.10         0.00000
    -105.94         0.00000
    -105.80         0.00000
    -105.64         0.00000
    -105.50         0.00000
    -105.35         0.00000
    -105.19         0.00000
    -105.05         0.00000
    -104.89         0.00000
    -104.75         0.00000
    -104.60         0.00000
    -104.44         0.00000
    -104.30         0.00000
    -104.14         0.00000
    -104.00         0.00000
    -103.85         0.00000
    -103.69         0.00000
    -103.55         0.00000
    -103.39         0.00000
    -103.25         0.00000
    -103.10         0.00000
    -102.94         0.00000
    -102.80         0.00000
    -102.64         0.00000
    -102.50         0.00000
    -102.35         0.00000
    -102.19         0.00000
    -102.05         0.00000
    -101.89         0.00000
    -101.75         0.00000
    -101.60         0.00000
    -101.44         0.00000
    -101.30         0.00000
    -101.14         0.00000
    -101.00         0.00000
    -100.85         0.00000
    -100.69         0.00000
    -100.55         0.00000
    -100.39         0.00000
    -100.25         0.00000
    -100.10         0.00000
    -99.945         0.00000
    -99.795         0.00000
    -99.645         0.00000
    -99.495         0.00000
    -99.345         0.00000
    -99.195         0.00000
    -99.045         0.00000
    -98.895         0.00000
    -98.745         0.00000
    -98.595         0.00000
    -98.445         0.00000
    -98.295         0.00000
    -98.145         0.00000
    -97.995         0.00000
    -97.845         0.00000
    -97.695         0.00000
    -97.545         0.00000
    -97.395         0.00000
    -97.245         0.00000
    -97.095         0.00000
    -96.945         0.00000
    -96.795         0.00000
    -96.645         0.00000
    -96.495         0.00000
    -96.345         0.00000
    -96.195         0.00000
    -96.045         0.00000
    -95.895         0.00000
    -95.745         0.00000
    -95.595         0.00000
    -95.445         0.00000
    -95.295         0.00000
    -95.145         0.00000
    -94.995         0.00000
    -94.845         0.00000
    -94.695         0.00000
    -94.545         0.00000
    -94.395         0.00000
    -94.245         0.00000
    -94.095         0.00000
    -93.945         0.00000
    -93.795         0.00000
    -93.645         0.00000
    -93.495         0.00000
    -93.345         0.00000
    -93.195         0.00000
    -93.045         0.00000
    -92.895         0.00000
    -92.745         0.00000
    -92.595         0.00000
    -92.445         0.00000
    -92.295         0.00000
    -92.145         0.00000
    -91.995         0.00000
    -91.845         0.00000
    -91.695         0.00000
    -91.545         0.00000
    -91.395         0.00000
    -91.245         0.00000
    -91.095         0.00000
    -90.945         0.00000
    -90.795         0.00000
    -90.645         0.00000
    -90.495         0.00000
    -90.345         0.00000
    -90.195         0.00000
    -90.045         0.00000
    -89.895         0.00000
    -89.745         0.00000
    -89.595         0.00000
    -89.445         0.00000
    -89.295         0.00000
    -89.145         0.00000
    -88.995         0.00000
    -88.845         0.00000
    -88.695         0.00000
    -88.545         0.00000
    -88.395         0.00000
    -88.245         0.00000
    -88.095         0.00000
    -87.945         0.00000
    -87.795         0.00000
    -87.645         0.00000
    -87.495         0.00000
    -87.345         0.00000
    -87.195         0.00000
    -87.045         0.00000
    -86.895         0.00000
    -86.745         0.00000
    -86.595         0.00000
    -86.445         0.00000
    -86.295         0.00000
    -86.145         0.00000
    -85.995         0.00000
    -85.845         0.00000
    -85.695         0.00000
    -85.545         0.00000
    -85.395         0.00000
    -85.245         0.00000
    -85.095         0.00000
    -84.945         0.00000
    -84.795         0.00000
    -84.645         0.00000
    -84.495         0.00000
    -84.345         0.00000
    -84.195         0.00000
    -84.045         0.00000
    -83.895         0.00000
    -83.745         0.00000
    -83.595         0.00000
    -83.445         0.00000
    -83.295         0.00000
    -83.145         0.00000
    -82.995         0.00000
    -82.845         0.00000
    -82.695         0.00000
    -82.545         0.00000
    -82.395         0.00000
    -82.245         0.00000
    -82.095         0.00000
    -81.945         0.00000
    -81.795         0.00000
    -81.645         0.00000
    -81.495         0.00000
    -81.345         0.00000
    -81.195         0.00000
    -81.045         0.00000
    -80.895         0.00000
    -80.745         0.00000
    -80.595         0.00000
    -80.445         0.00000
    -80.295         0.00000
    -80.145         0.00000
    -79.995         0.00000
    -79.845         0.00000
    -79.695         0.00000
    -79.545         0.00000
    -79.395         0.00000
    -79.245         0.00000
    -79.095         0.00000
    -78.945         0.00000
    -78.795         0.00000
    -78.645         0.00000
    -78.495         0.00000
    -78.345         0.00000
    -78.195         0.00000
    -78.045         0.00000
    -77.895         0.00000
    -77.745         0.00000
    -77.595         0.00000
    -77.445         0.00000
    -77.295         0.00000
    -77.145         0.00000
    -76.995         0.00000
    -76.845         0.00000
    -76.695         0.00000
    -76.545         0.00000
    -76.395         0.00000
    -76.245         0.00000
    -76.095         0.00000
    -75.945         0.00000
    -75.795         0.00000
    -75.645         0.00000
    -75.495         0.00000
    -75.345         0.00000
    -75.195         0.00000
    -75.045         0.00000
    -74.895         0.00000
    -74.745         0.00000
    -74.595         0.00000
    -74.445         0.00000
    -74.295         0.00000
    -74.145         0.00000
    -73.995         0.00000
    -73.845         0.00000
    -73.695         0.00000
    -73.545         0.00000
    -73.395         0.00000
    -73.245         0.00000
    -73.095         0.00000
    -72.945         0.00000
    -72.795         0.00000
    -72.645         0.00000
    -72.495         0.00000
    -72.345         0.00000
    -72.195         0.00000
    -72.045         0.00000
    -71.895         0.00000
    -71.745         0.00000
    -71.595         0.00000
    -71.445         0.00000
    -71.295         0.00000
    -71.145         0.00000
    -70.995         0.00000
    -70.845         0.00000
    -70.695         0.00000
    -70.545         0.00000
    -70.395         0.00000
    -70.245         0.00000
    -70.095         0.00000
    -69.945         0.00000
    -69.795         0.00000
    -69.645         0.00000
    -69.495         0.00000
    -69.345         0.00000
    -69.195         0.00000
    -69.045         0.00000
    -68.895         0.00000
    -68.745         0.00000
    -68.595         0.00000
    -68.445         0.00000
    -68.295         0.00000
    -68.145         0.00000
    -67.995         0.00000
    -67.845         0.00000
    -67.695         0.00000
    -67.545         0.00000
    -67.395         0.00000
    -67.245         0.00000
    -67.095         0.00000
    -66.945         0.00000
    -66.795         0.00000
    -66.645         0.00000
    -66.495         0.00000
    -66.345         0.00000
    -66.195         0.00000
    -66.045         0.00000
    -65.895         0.00000
    -65.745         0.00000
    -65.595         0.00000
    -65.445         0.00000
    -65.295         0.00000
    -65.145         0.00000
    -64.995         0.00000
    -64.845         0.00000
    -64.695         0.00000
    -64.545         0.00000
    -64.395         0.00000
    -64.245         0.00000
    -64.095         0.00000
    -63.945         0.00000
    -63.795         0.00000
    -63.645         0.00000
    -63.495         0.00000
    -63.345         0.00000
    -63.195         0.00000
    -63.045         0.00000
    -62.895         0.00000
    -62.745         0.00000
    -62.595         0.00000
    -62.445         0.00000
    -62.295         0.00000
    -62.145         0.00000
    -61.995         0.00000
    -61.845         0.00000
    -61.695         0.00000
    -61.545         0.00000
    -61.395         0.00000
    -61.245         0.00000
    -61.095         0.00000
    -60.945         0.00000
    -60.795         0.00000
    -60.645         0.00000
    -60.495         0.00000
    -60.345         0.00000
    -60.195         0.00000
    -60.045         0.00000
    -59.895         0.00000
    -59.745         0.00000
    -59.595         0.00000
    -59.445         0.00000
    -59.295         0.00000
    -59.145         0.00000
    -58.995         0.00000
    -58.845         0.00000
    -58.695         0.00000
    -58.545         0.00000
    -58.395         0.00000
    -58.245         0.00000
    -58.095         0.00000
    -57.945         0.00000
    -57.795         0.00000
    -57.645         0.00000
    -57.495         0.00000
    -57.345         0.00000
    -57.195         0.00000
    -57.045         0.00000
    -56.895         0.00000
    -56.745         0.00000
    -56.595         0.00000
    -56.445         0.00000
    -56.295         0.00000
    -56.145         0.00000
    -55.995         0.00000
    -55.845         0.00000
    -55.695         0.00000
    -55.545         0.00000
    -55.395         0.00000
    -55.245         0.00000
    -55.095         0.00000
    -54.945         0.00000
    -54.795         0.00000
    -54.645         0.00000
    -54.495         0.00000
    -54.345         0.00000
    -54.195         0.00000
    -54.045         0.00000
    -53.895         0.00000
    -53.745         0.00000
    -53.595         0.00000
    -53.445         0.00000
    -53.295         0.00000
    -53.145         0.00000
    -52.995         0.00000
    -52.845         0.00000
    -52.695         0.00000
    -52.545         0.00000
    -52.395         0.00000
    -52.245         0.00000
    -52.095         0.00000
    -51.945         0.00000
    -51.795         0.00000
    -51.645         0.00000
    -51.495         0.00000
    -51.345         0.00000
    -51.195         0.00000
    -51.045         0.00000
    -50.895         0.00000
    -50.745         0.00000
    -50.595         0.00000
    -50.445         0.00000
    -50.295         0.00000
    -50.145         0.00000
    -49.995         0.00000
    -49.845         0.00000
    -49.695         0.00000
    -49.545         0.00000
    -49.395         0.00000
    -49.245         0.00000
    -49.095         0.00000
    -48.945         0.00000
    -48.795         0.00000
    -48.645         0.00000
    -48.495         0.00000
    -48.345         0.00000
    -48.195         0.00000
    -48.045         0.00000
    -47.895         0.00000
    -47.745         0.00000
    -47.595         0.00000
    -47.445         0.00000
    -47.295         0.00000
    -47.145         0.00000
    -46.995         0.00000
    -46.845         0.00000
    -46.695         0.00000
    -46.545         0.00000
    -46.395         0.00000
    -46.245         0.00000
    -46.095         0.00000
    -45.945         0.00000
    -45.795         0.00000
    -45.645         0.00000
    -45.495         0.00000
    -45.345         0.00000
    -45.195         0.00000
    -45.045         0.00000
    -44.895         0.00000
    -44.745         0.00000
    -44.595         0.00000
    -44.445         0.00000
    -44.295         0.00000
    -44.145         0.00000
    -43.995         0.00000
    -43.845         0.00000
    -43.695         0.00000
    -43.545         0.00000
    -43.395         0.00000
    -43.245         0.00000
    -43.095         0.00000
    -42.945         0.00000
    -42.795         0.00000
    -42.645         0.00000
    -42.495         0.00000
    -42.345         0.00000
    -42.195         0.00000
    -42.045         0.00000
    -41.895         0.00000
    -41.745         0.00000
    -41.595         0.00000
    -41.445         0.00000
    -41.295         0.00000
    -41.145         0.00000
    -40.995         0.00000
    -40.845         0.00000
    -40.695         0.00000
    -40.545         0.00000
    -40.395         0.00000
    -40.245         0.00000
    -40.095         0.00000
    -39.945         0.00000
    -39.795         0.00000
    -39.645         0.00000
    -39.495         0.00000
    -39.345         0.00000
    -39.195         0.00000
    -39.045         0.00000
    -38.895         0.00000
    -38.745         0.00000
    -38.595         0.00000
    -38.445         0.00000
    -38.295         0.00000
    -38.145         0.00000
    -37.995         0.00000
    -37.845         0.00000
    -37.695         0.00000
    -37.545         0.00000
    -37.395         0.00000
    -37.245         0.00000
    -37.095         0.00000
    -36.945         0.00000
    -36.795         0.00000
    -36.645         0.00000
    -36.495         0.00000
    -36.345         0.00000
    -36.195         0.00000
    -36.045         0.00000
    -35.895         0.00000
    -35.745         0.00000
    -35.595         0.00000
    -35.445         0.00000
    -35.295         0.00000
    -35.145         0.00000
    -34.995         0.00000
    -34.845         0.00000
    -34.695         0.00000
    -34.545         0.00000
    -34.395         0.00000
    -34.245         0.00000
    -34.095         0.00000
    -33.945         0.00000
    -33.795         0.00000
    -33.645         0.00000
    -33.495         0.00000
    -33.345         0.00000
    -33.195         0.00000
    -33.045         0.00000
    -32.895         0.00000
    -32.745         0.00000
    -32.595         0.00000
    -32.445         0.00000
    -32.295         0.00000
    -32.145         0.00000
    -31.995         0.00000
    -31.845         0.00000
    -31.695         0.00000
    -31.545         0.00000
    -31.395         0.00000
    -31.245         0.00000
    -31.095         0.00000
    -30.945         0.00000
    -30.795         0.00000
    -30.645         0.00000
    -30.495         0.00000
    -30.345         0.00000
    -30.195         0.00000
    -30.045         0.00000
    -29.895         0.00000
    -29.745         0.00000
    -29.595         0.00000
    -29.445         0.00000
    -29.295         0.00000
    -29.145         0.00000
    -28.995         0.00000
    -28.845         0.00000
    -28.695         0.00000
    -28.545         0.00000
    -28.395         0.00000
    -28.245         0.00000
    -28.095         0.00000
    -27.945         0.00000
    -27.795         0.00000
    -27.645         0.00000
    -27.495         0.00000
    -27.345         0.00000
    -27.195         0.00000
    -27.045         0.00000
    -26.895         0.00000
    -26.745         0.00000
    -26.595         0.00000
    -26.445         0.00000
    -26.295         0.00000
    -26.145         0.00000
    -25.995         0.00000
    -25.845         0.00000
    -25.695         0.00000
    -25.545         0.00000
    -25.395         0.00000
    -25.245         0.00000
    -25.095         0.00000
    -24.945         0.00000
    -24.795         0.00000
    -24.645         0.00000
    -24.495         0.00000
    -24.345         0.00000
    -24.195         0.00000
    -24.045         0.00000
    -23.895         0.00000
    -23.745         0.00000
    -23.595         0.00000
    -23.445         0.00000
    -23.295         0.00000
    -23.145         0.00000
    -22.995         0.00000
    -22.845         0.00000
    -22.695         0.00000
    -22.545         0.00000
    -22.395         0.00000
    -22.245         0.00000
    -22.095         0.00000
    -21.945         0.00000
    -21.795         0.00000
    -21.645         0.00000
    -21.495         0.00000
    -21.345         0.00000
    -21.195         0.00000
    -21.045         0.00000
    -20.895         0.00000
    -20.745         0.00000
    -20.595         0.00000
    -20.445         0.00000
    -20.295         0.00000
    -20.145         0.00000
    -19.995         0.00000
    -19.845         0.00000
    -19.695         0.00000
    -19.545         0.00000
    -19.395         0.00000
    -19.245         0.00000
    -19.095         0.00000
    -18.945         0.00000
    -18.795         0.00000
    -18.645         0.00000
    -18.495         0.00000
    -18.345         0.00000
    -18.195         0.00000
    -18.045         0.00000
    -17.895         0.00000
    -17.745         0.00000
    -17.595         0.00000
    -17.445         0.00000
    -17.295         0.00000
    -17.145         0.00000
    -16.995         0.00000
    -16.845         0.00000
    -16.695         0.00000
    -16.545         0.00000
    -16.395         0.00000
    -16.245         0.00000
    -16.095         0.00000
    -15.945         0.00000
    -15.795         0.00000
    -15.645         0.00000
    -15.495        -0.00991
    -15.345        -0.04062
    -15.195        -0.10712
    -15.045        -0.22298
    -14.895        -0.38588
    -14.745        -0.58191
    -14.595        -0.83015
    -14.445        -1.10116
    -14.295        -1.36790
    -14.145        -1.73264
    -13.995        -2.14959
    -13.845        -2.66756
    -13.695        -3.34756
    -13.545        -4.02132
    -13.395        -4.80015
    -13.245        -5.60327
    -13.095        -6.54250
    -12.945        -7.46219
    -12.795        -8.43578
    -12.645        -9.53474
    -12.495       -10.69959
    -12.345       -11.85256
    -12.195       -12.96368
    -12.045       -14.05331
    -11.895       -15.12087
    -11.745       -16.20712
    -11.595       -17.31610
    -11.445       -18.38999
    -11.295       -19.49590
    -11.145       -20.50827
    -10.995       -21.49770
    -10.845       -22.47116
    -10.695       -23.39219
    -10.545       -24.30092
    -10.395       -25.17179
    -10.245       -26.06213
    -10.095       -26.91248
    -9.9450       -27.82693
    -9.7950       -28.70750
    -9.6450       -29.60727
    -9.4950       -30.59539
    -9.3450       -31.55509
    -9.1950       -32.58376
    -9.0450       -33.69077
    -8.8950       -34.90414
    -8.7450       -36.20634
    -8.5950       -37.59140
    -8.4450       -39.05654
    -8.2950       -40.60229
    -8.1450       -42.35585
    -7.9950       -44.20925
    -7.8450       -46.17400
    -7.6950       -48.24910
    -7.5450       -50.46771
    -7.3950       -52.78663
    -7.2450       -55.26265
    -7.0950       -57.86173
    -6.9450       -60.60503
    -6.7950       -63.39096
    -6.6450       -66.26370
    -6.4950       -69.19719
    -6.3450       -72.21577
    -6.1950       -75.17713
    -6.0450       -78.14156
    -5.8950       -81.13473
    -5.7450       -84.13554
    -5.5950       -87.20078
    -5.4450       -90.18038
    -5.2950       -93.15736
    -5.1450       -96.10689
    -4.9950       -99.01324
    -4.8450      -101.84753
    -4.6950      -104.73855
    -4.5450      -107.57417
    -4.3950      -110.45685
    -4.2450      -113.32535
    -4.0950      -116.34332
    -3.9450      -119.40483
    -3.7950      -122.53967
    -3.6450      -125.82803
    -3.4950      -129.29783
    -3.3450      -132.98144
    -3.1950      -136.82685
    -3.0450      -141.02779
    -2.8950      -145.57178
    -2.7450      -150.49125
    -2.5950      -155.86853
    -2.4450      -161.68972
    -2.2950      -168.26247
    -2.1450      -175.58730
    -1.9950      -183.72331
    -1.8450      -192.76653
    -1.6950      -202.90905
    -1.5450      -214.00869
    -1.3950      -225.99767
    -1.2450      -238.86007
    -1.0950      -252.43735
   -0.94500      -266.53308
   -0.79500      -281.13882
   -0.64500      -296.48093
   -0.49500      -313.30013
   -0.34500      -332.95692
   -0.22700      -340.51851
   -0.21300      -341.46677
   -0.20700      -342.43098
   -0.20100      -343.40869
   -0.19500      -344.39984
   -0.18900      -345.41217
   -0.18300      -346.44256
   -0.17700      -347.48073
   -0.17100      -348.54285
   -0.16500      -349.61605
   -0.15900      -350.71908
   -0.15300      -351.84061
   -0.14700      -352.98857
   -0.14100      -354.16235
   -0.13500      -355.35879
   -0.12900      -356.59312
   -0.12300      -357.85130
   -0.11700      -359.15164
   -0.11100      -360.49681
   -0.10500      -361.88211
   -0.99000E-01  -363.31494
   -0.93000E-01  -364.80879
   -0.87000E-01  -366.36139
   -0.81000E-01  -367.99386
   -0.75000E-01  -369.70894
   -0.69000E-01  -371.52345
   -0.63000E-01  -373.47301
   -0.57000E-01  -375.57358
   -0.51000E-01  -377.86797
   -0.45000E-01  -380.43005
   -0.39000E-01  -383.35673
   -0.33000E-01  -386.83071
   -0.27000E-01  -391.10531
   -0.21300E-01  -394.64602
   -0.19500E-01  -395.21526
   -0.18900E-01  -395.79875
   -0.18300E-01  -396.39492
   -0.17700E-01  -397.00748
   -0.17100E-01  -397.63403
   -0.16500E-01  -398.27633
   -0.15900E-01  -398.93283
   -0.15300E-01  -399.60486
   -0.14700E-01  -400.29508
   -0.14100E-01  -401.00267
   -0.13500E-01  -401.72873
   -0.12900E-01  -402.47553
   -0.12300E-01  -403.24217
   -0.11700E-01  -404.03309
   -0.11100E-01  -404.84293
   -0.10500E-01  -405.67291
   -0.99000E-02  -406.52212
   -0.93000E-02  -407.38745
   -0.87000E-02  -408.27065
   -0.81000E-02  -409.16883
   -0.75000E-02  -410.07925
   -0.69000E-02  -411.00035
   -0.63000E-02  -411.92780
   -0.57000E-02  -412.85866
   -0.51000E-02  -413.78066
   -0.45000E-02  -414.67072
   -0.39000E-02  -415.50661
   -0.33000E-02  -416.26531
   -0.27000E-02  -416.92343
   -0.21000E-02  -417.46080
   -0.15000E-02  -417.86058
   -0.90000E-03  -418.10974
   -0.30000E-03  -418.19906
    0.30000E-03  -418.12476
    0.90000E-03  -417.88663
    0.15000E-02  -417.49421
    0.21000E-02  -416.95943
    0.27000E-02  -416.30127
    0.33000E-02  -415.54200
    0.39000E-02  -414.70458
    0.45000E-02  -413.81272
    0.51000E-02  -412.88976
    0.57000E-02  -411.96024
    0.63000E-02  -411.03406
    0.69000E-02  -410.11483
    0.75000E-02  -409.20698
    0.81000E-02  -408.31188
    0.87000E-02  -407.43115
    0.93000E-02  -406.56760
    0.99000E-02  -405.72136
    0.10500E-01  -404.89438
    0.11100E-01  -404.08631
    0.11700E-01  -403.29852
    0.12300E-01  -402.53510
    0.12900E-01  -401.79278
    0.13500E-01  -401.07097
    0.14100E-01  -400.36722
    0.14700E-01  -399.67934
    0.15300E-01  -399.00975
    0.15900E-01  -398.35697
    0.16500E-01  -397.71957
    0.17100E-01  -397.09646
    0.17700E-01  -396.48838
    0.18300E-01  -395.89561
    0.18900E-01  -395.31522
    0.19500E-01  -394.74993
    0.21300E-01  -391.23030
    0.27000E-01  -386.99581
    0.33000E-01  -383.57971
    0.39000E-01  -380.72992
    0.45000E-01  -378.25430
    0.51000E-01  -376.04984
    0.57000E-01  -374.06108
    0.63000E-01  -372.23578
    0.69000E-01  -370.55259
    0.75000E-01  -368.97776
    0.81000E-01  -367.49883
    0.87000E-01  -366.10469
    0.93000E-01  -364.78895
    0.99000E-01  -363.53177
    0.10500      -362.33620
    0.11100      -361.19224
    0.11700      -360.09242
    0.12300      -359.03758
    0.12900      -358.02329
    0.13500      -357.04347
    0.14100      -356.09813
    0.14700      -355.18325
    0.15300      -354.29666
    0.15900      -353.43383
    0.16500      -352.59870
    0.17100      -351.78260
    0.17700      -350.98941
    0.18300      -350.21849
    0.18900      -349.46308
    0.19500      -348.73544
    0.20100      -348.02182
    0.20700      -347.32651
    0.21300      -346.64619
    0.22700      -341.48168
    0.34500      -329.87865
    0.49500      -321.98199
    0.64500      -316.01917
    0.79500      -311.23257
    0.94500      -307.17923
     1.0950      -303.66457
     1.2450      -300.52434
     1.3950      -297.64504
     1.5450      -294.98859
     1.6950      -292.55590
     1.8450      -290.25690
     1.9950      -288.14277
     2.1450      -286.20539
     2.2950      -284.39273
     2.4450      -282.72281
     2.5950      -281.20659
     2.7450      -279.82146
     2.8950      -278.57598
     3.0450      -277.43875
     3.1950      -276.42636
     3.3450      -275.44625
     3.4950      -274.62717
     3.6450      -273.83070
     3.7950      -273.10671
     3.9450      -272.46306
     4.0950      -271.86443
     4.2450      -271.28815
     4.3950      -270.72277
     4.5450      -270.19422
     4.6950      -269.71299
     4.8450      -269.23129
     4.9950      -268.77996
     5.1450      -268.33283
     5.2950      -267.90363
     5.4450      -267.50464
     5.5950      -267.10190
     5.7450      -266.73528
     5.8950      -266.37681
     6.0450      -266.01060
     6.1950      -265.65053
     6.3450      -265.30930
     6.4950      -264.96613
     6.6450      -264.63464
     6.7950      -264.30994
     6.9450      -263.99255
     7.0950      -263.69076
     7.2450      -263.39178
     7.3950      -263.10190
     7.5450      -262.81550
     7.6950      -262.53389
     7.8450      -262.25804
     7.9950      -261.98802
     8.1450      -261.72774
     8.2950      -261.47181
     8.4450      -261.20933
     8.5950      -260.95347
     8.7450      -260.69422
     8.8950      -260.45556
     9.0450      -260.22351
     9.1950      -259.99842
     9.3450      -259.76157
     9.4950      -259.52595
     9.6450      -259.30204
     9.7950      -259.07737
     9.9450      -258.86151
     10.095      -258.64694
     10.245      -258.43459
     10.395      -258.23000
     10.545      -258.02875
     10.695      -257.82010
     10.845      -257.62387
     10.995      -257.42108
     11.145      -257.22546
     11.295      -257.03839
     11.445      -256.84597
     11.595      -256.66164
     11.745      -256.47298
     11.895      -256.29089
     12.045      -256.09709
     12.195      -255.91967
     12.345      -255.74024
     12.495      -255.56964
     12.645      -255.39589
     12.795      -255.21890
     12.945      -255.04692
     13.095      -254.87430
     13.245      -254.71051
     13.395      -254.54368
     13.545      -254.38022
     13.695      -254.22121
     13.845      -254.06270
     13.995      -253.91267
     14.145      -253.76023
     14.295      -253.60467
     14.445      -253.45563
     14.595      -253.30599
     14.745      -253.15911
     14.895      -253.01664
     15.045      -252.87114
     15.195      -252.72989
     15.345      -252.58797
     15.495      -252.44858
     15.645      -252.30635
     15.795      -252.16913
     15.945      -252.03158
     16.095      -251.89025
     16.245      -251.75318
     16.395      -251.61559
     16.545      -251.48041
     16.695      -251.34807
     16.845      -251.22004
     16.995      -251.09647
     17.145      -250.97434
     17.295      -250.84803
     17.445      -250.71874
     17.595      -250.58957
     17.745      -250.46753
     17.895      -250.34398
     18.045      -250.22363
     18.195      -250.09926
     18.345      -249.97543
     18.495      -249.85398
     18.645      -249.73559
     18.795      -249.61264
     18.945      -249.49195
     19.095      -249.37449
     19.245      -249.25994
     19.395      -249.14563
     19.545      -249.03755
     19.695      -248.92710
     19.845      -248.81530
     19.995      -248.70458
     20.145      -248.59793
     20.295      -248.49142
     20.445      -248.38249
     20.595      -248.27509
     20.745      -248.16791
     20.895      -248.06055
     21.045      -247.95708
     21.195      -247.85293
     21.345      -247.74849
     21.495      -247.64481
     21.645      -247.54358
     21.795      -247.44231
     21.945      -247.34300
     22.095      -247.24064
     22.245      -247.14048
     22.395      -247.04020
     22.545      -246.93928
     22.695      -246.84209
     22.845      -246.74812
     22.995      -246.65040
     23.145      -246.55445
     23.295      -246.46162
     23.445      -246.36842
     23.595      -246.27412
     23.745      -246.18364
     23.895      -246.08690
     24.045      -245.99536
     24.195      -245.90326
     24.345      -245.81192
     24.495      -245.71882
     24.645      -245.63221
     24.795      -245.54513
     24.945      -245.45428
     25.095      -245.36637
     25.245      -245.27391
     25.395      -245.18950
     25.545      -245.10304
     25.695      -245.01898
     25.845      -244.93573
     25.995      -244.85229
     26.145      -244.76565
     26.295      -244.68385
     26.445      -244.60112
     26.595      -244.51758
     26.745      -244.43480
     26.895      -244.35307
     27.045      -244.27056
     27.195      -244.19017
     27.345      -244.11006
     27.495      -244.02997
     27.645      -243.94811
     27.795      -243.86982
     27.945      -243.79097
     28.095      -243.71109
     28.245      -243.63482
     28.395      -243.55850
     28.545      -243.48448
     28.695      -243.40817
     28.845      -243.33303
     28.995      -243.26143
     29.145      -243.18217
     29.295      -243.11036
     29.445      -243.03483
     29.595      -242.96089
     29.745      -242.88504
     29.895      -242.81264
     30.045      -242.74148
     30.195      -242.67198
     30.345      -242.60109
     30.495      -242.52790
     30.645      -242.45696
     30.795      -242.38814
     30.945      -242.31473
     31.095      -242.24463
     31.245      -242.17284
     31.395      -242.10204
     31.545      -242.03322
     31.695      -241.95906
     31.845      -241.88921
     31.995      -241.82029
     32.145      -241.75329
     32.295      -241.68647
     32.445      -241.62123
     32.595      -241.55648
     32.745      -241.48910
     32.895      -241.42052
     33.045      -241.35200
     33.195      -241.28571
     33.345      -241.21781
     33.495      -241.15090
     33.645      -241.08511
     33.795      -241.02040
     33.945      -240.95930
     34.095      -240.89404
     34.245      -240.83131
     34.395      -240.76523
     34.545      -240.70311
     34.695      -240.63986
     34.845      -240.57704
     34.995      -240.51417
     35.145      -240.45130
     35.295      -240.39169
     35.445      -240.32965
     35.595      -240.26836
     35.745      -240.20689
     35.895      -240.14675
     36.045      -240.08967
     36.195      -240.02730
     36.345      -239.96480
     36.495      -239.90315
     36.645      -239.84193
     36.795      -239.78293
     36.945      -239.72491
     37.095      -239.66354
     37.245      -239.60510
     37.395      -239.54562
     37.545      -239.48735
     37.695      -239.43051
     37.845      -239.37430
     37.995      -239.31623
     38.145      -239.26042
     38.295      -239.20211
     38.445      -239.14318
     38.595      -239.08668
     38.745      -239.03013
     38.895      -238.97336
     39.045      -238.91399
     39.195      -238.85856
     39.345      -238.80357
     39.495      -238.74801
     39.645      -238.68984
     39.795      -238.63209
     39.945      -238.57659
     40.095      -238.52222
     40.245      -238.46719
     40.395      -238.41180
     40.545      -238.35679
     40.695      -238.30259
     40.845      -238.25104
     40.995      -238.20176
     41.145      -238.14496
     41.295      -238.09393
     41.445      -238.04155
     41.595      -237.98942
     41.745      -237.93883
     41.895      -237.88559
     42.045      -237.83147
     42.195      -237.78118
     42.345      -237.72991
     42.495      -237.68015
     42.645      -237.62987
     42.795      -237.58258
     42.945      -237.53335
     43.095      -237.48332
     43.245      -237.43119
     43.395      -237.38150
     43.545      -237.32934
     43.695      -237.28027
     43.845      -237.22988
     43.995      -237.18146
     44.145      -237.12947
     44.295      -237.08283
     44.445      -237.03323
     44.595      -236.98480
     44.745      -236.93431
     44.895      -236.88585
     45.045      -236.83750
     45.195      -236.78930
     45.345      -236.73890
     45.495      -236.69244
     45.645      -236.64180
     45.795      -236.59652
     45.945      -236.54733
     46.095      -236.50155
     46.245      -236.45322
     46.395      -236.40738
     46.545      -236.36047
     46.695      -236.30993
     46.845      -236.26680
     46.995      -236.22345
     47.145      -236.17530
     47.295      -236.12871
     47.445      -236.08075
     47.595      -236.03478
     47.745      -235.98632
     47.895      -235.94222
     48.045      -235.89758
     48.195      -235.85134
     48.345      -235.80629
     48.495      -235.76097
     48.645      -235.71632
     48.795      -235.67068
     48.945      -235.62540
     49.095      -235.58138
     49.245      -235.53658
     49.395      -235.49159
     49.545      -235.44658
     49.695      -235.40169
     49.845      -235.35683
     49.995      -235.31407
     50.145      -235.27237
     50.295      -235.22893
     50.445      -235.18543
     50.595      -235.14237
     50.745      -235.10028
     50.895      -235.05771
     51.045      -235.01110
     51.195      -234.96800
     51.345      -234.92353
     51.495      -234.88170
     51.645      -234.84047
     51.795      -234.79795
     51.945      -234.75770
     52.095      -234.71520
     52.245      -234.67058
     52.395      -234.63066
     52.545      -234.58793
     52.695      -234.54520
     52.845      -234.50378
     52.995      -234.46248
     53.145      -234.42006
     53.295      -234.37845
     53.445      -234.33814
     53.595      -234.29767
     53.745      -234.25729
     53.895      -234.21447
     54.045      -234.17331
     54.195      -234.13345
     54.345      -234.09287
     54.495      -234.05066
     54.645      -234.01138
     54.795      -233.97004
     54.945      -233.92847
     55.095      -233.88708
     59.433      -230.73858
     80.646      -226.11416
     111.21      -221.51159
     153.36      -216.98899
     211.49      -212.54101
     291.64      -208.16084
     402.18      -203.86117
     554.60      -199.64548
     764.80      -195.50748
     1054.7      -191.45130
     1454.4      -187.51174
     2005.6      -183.64119
     2765.8      -179.86288
     3814.0      -176.16244
     5259.5      -172.55494
     7252.9      -169.03768
     10002.      -165.59477
     13793.      -162.23446
     19020.      -158.96040
     26229.      -155.79160
     36170.      -152.75642
     49878.      -149.82281
     68782.      -147.01050
     94851.      -144.30114
    0.13080E+06  -141.72222
    0.18038E+06  -139.26251
    0.24874E+06  -136.90757
    0.34301E+06  -134.65832
    0.47302E+06  -132.51480
    0.65229E+06  -130.47047
    0.89952E+06  -128.52394
    0.12404E+07  -126.65788
    0.17106E+07  -124.87918
    0.23589E+07  -123.18712
    0.32529E+07  -121.57452
    0.44858E+07  -120.03414
    0.61860E+07  -118.57163
    0.85305E+07  -117.17247
    0.11764E+08  -115.84589
    0.16222E+08  -114.57585
    0.22370E+08  -113.36813
    0.30849E+08  -112.21775
    0.42541E+08  -111.13085
    0.58664E+08  -110.10929
    0.80898E+08  -109.16575
    0.11156E+09  -108.28792
    0.15384E+09  -107.46856
    0.21215E+09  -106.69894
    0.29255E+09  -105.97509
    0.40343E+09  -105.30280
    0.55633E+09  -104.67513
    0.76719E+09  -104.11268
    0.10580E+10  -103.59505
    0.14589E+10  -103.11766
    0.20119E+10  -102.68072
    0.27744E+10  -102.27380
    0.38259E+10  -101.90180
    0.52760E+10  -101.55657
    0.72756E+10  -101.23522
    0.10033E+11  -100.94169
    0.13836E+11  -100.67113
    0.19079E+11  -100.42019
    0.26311E+11  -100.18805
    0.36283E+11   -99.97331
    0.50034E+11   -99.77744
    0.68997E+11   -99.59341
    0.10000E+12   -97.41830
