    -159.95         0.00000
    -159.79         0.00000
    -159.65         0.00000
    -159.49         0.00000
    -159.34         0.00000
    -159.20         0.00000
    -159.04         0.00000
    -158.90         0.00000
    -158.74         0.00000
    -158.59         0.00000
    -158.45         0.00000
    -158.29         0.00000
    -158.15         0.00000
    -157.99         0.00000
    -157.84         0.00000
    -157.70         0.00000
    -157.54         0.00000
    -157.40         0.00000
    -157.24         0.00000
    -157.09         0.00000
    -156.95         0.00000
    -156.79         0.00000
    -156.65         0.00000
    -156.49         0.00000
    -156.34         0.00000
    -156.20         0.00000
    -156.04         0.00000
    -155.90         0.00000
    -155.74         0.00000
    -155.59         0.00000
    -155.45         0.00000
    -155.29         0.00000
    -155.15         0.00000
    -154.99         0.00000
    -154.84         0.00000
    -154.70         0.00000
    -154.54         0.00000
    -154.40         0.00000
    -154.24         0.00000
    -154.09         0.00000
    -153.95         0.00000
    -153.79         0.00000
    -153.65         0.00000
    -153.49         0.00000
    -153.34         0.00000
    -153.20         0.00000
    -153.04         0.00000
    -152.90         0.00000
    -152.74         0.00000
    -152.59         0.00000
    -152.45         0.00000
    -152.29         0.00000
    -152.15         0.00000
    -151.99         0.00000
    -151.84         0.00000
    -151.70         0.00000
    -151.54         0.00000
    -151.40         0.00000
    -151.24         0.00000
    -151.09         0.00000
    -150.95         0.00000
    -150.79         0.00000
    -150.65         0.00000
    -150.49         0.00000
    -150.34         0.00000
    -150.20         0.00000
    -150.04         0.00000
    -149.90         0.00000
    -149.74         0.00000
    -149.59         0.00000
    -149.45         0.00000
    -149.29         0.00000
    -149.15         0.00000
    -148.99         0.00000
    -148.84         0.00000
    -148.70         0.00000
    -148.54         0.00000
    -148.40         0.00000
    -148.24         0.00000
    -148.09         0.00000
    -147.95         0.00000
    -147.79         0.00000
    -147.65         0.00000
    -147.49         0.00000
    -147.34         0.00000
    -147.20         0.00000
    -147.04         0.00000
    -146.90         0.00000
    -146.74         0.00000
    -146.59         0.00000
    -146.45         0.00000
    -146.29         0.00000
    -146.15         0.00000
    -145.99         0.00000
    -145.84         0.00000
    -145.70         0.00000
    -145.54         0.00000
    -145.40         0.00000
    -145.24         0.00000
    -145.09         0.00000
    -144.95         0.00000
    -144.79         0.00000
    -144.65         0.00000
    -144.49         0.00000
    -144.34         0.00000
    -144.20         0.00000
    -144.04         0.00000
    -143.90         0.00000
    -143.74         0.00000
    -143.59         0.00000
    -143.45         0.00000
    -143.29         0.00000
    -143.15         0.00000
    -142.99         0.00000
    -142.84         0.00000
    -142.70         0.00000
    -142.54         0.00000
    -142.40         0.00000
    -142.24         0.00000
    -142.09         0.00000
    -141.95         0.00000
    -141.79         0.00000
    -141.65         0.00000
    -141.49         0.00000
    -141.34         0.00000
    -141.20         0.00000
    -141.04         0.00000
    -140.90         0.00000
    -140.74         0.00000
    -140.59         0.00000
    -140.45         0.00000
    -140.29         0.00000
    -140.15         0.00000
    -139.99         0.00000
    -139.84         0.00000
    -139.70         0.00000
    -139.54         0.00000
    -139.40         0.00000
    -139.24         0.00000
    -139.09         0.00000
    -138.95         0.00000
    -138.79         0.00000
    -138.65         0.00000
    -138.49         0.00000
    -138.34         0.00000
    -138.20         0.00000
    -138.04         0.00000
    -137.90         0.00000
    -137.74         0.00000
    -137.59         0.00000
    -137.45         0.00000
    -137.29         0.00000
    -137.15         0.00000
    -136.99         0.00000
    -136.84         0.00000
    -136.70         0.00000
    -136.54         0.00000
    -136.40         0.00000
    -136.24         0.00000
    -136.09         0.00000
    -135.95         0.00000
    -135.79         0.00000
    -135.65         0.00000
    -135.49         0.00000
    -135.34         0.00000
    -135.20         0.00000
    -135.04         0.00000
    -134.90         0.00000
    -134.74         0.00000
    -134.59         0.00000
    -134.45         0.00000
    -134.29         0.00000
    -134.15         0.00000
    -133.99         0.00000
    -133.84         0.00000
    -133.70         0.00000
    -133.54         0.00000
    -133.40         0.00000
    -133.24         0.00000
    -133.09         0.00000
    -132.95         0.00000
    -132.79         0.00000
    -132.65         0.00000
    -132.49         0.00000
    -132.34         0.00000
    -132.20         0.00000
    -132.04         0.00000
    -131.90         0.00000
    -131.74         0.00000
    -131.59         0.00000
    -131.45         0.00000
    -131.29         0.00000
    -131.15         0.00000
    -130.99         0.00000
    -130.84         0.00000
    -130.70         0.00000
    -130.54         0.00000
    -130.40         0.00000
    -130.24         0.00000
    -130.09         0.00000
    -129.95         0.00000
    -129.79         0.00000
    -129.65         0.00000
    -129.49         0.00000
    -129.34         0.00000
    -129.20         0.00000
    -129.04         0.00000
    -128.90         0.00000
    -128.74         0.00000
    -128.59         0.00000
    -128.45         0.00000
    -128.29         0.00000
    -128.15         0.00000
    -127.99         0.00000
    -127.85         0.00000
    -127.69         0.00000
    -127.55         0.00000
    -127.39         0.00000
    -127.25         0.00000
    -127.10         0.00000
    -126.94         0.00000
    -126.80         0.00000
    -126.64         0.00000
    -126.50         0.00000
    -126.35         0.00000
    -126.19         0.00000
    -126.05         0.00000
    -125.89         0.00000
    -125.75         0.00000
    -125.60         0.00000
    -125.44         0.00000
    -125.30         0.00000
    -125.14         0.00000
    -125.00         0.00000
    -124.85         0.00000
    -124.69         0.00000
    -124.55         0.00000
    -124.39         0.00000
    -124.25         0.00000
    -124.10         0.00000
    -123.94         0.00000
    -123.80         0.00000
    -123.64         0.00000
    -123.50         0.00000
    -123.35         0.00000
    -123.19         0.00000
    -123.05         0.00000
    -122.89         0.00000
    -122.75         0.00000
    -122.60         0.00000
    -122.44         0.00000
    -122.30         0.00000
    -122.14         0.00000
    -122.00         0.00000
    -121.85         0.00000
    -121.69         0.00000
    -121.55         0.00000
    -121.39         0.00000
    -121.25         0.00000
    -121.10         0.00000
    -120.94         0.00000
    -120.80         0.00000
    -120.64         0.00000
    -120.50         0.00000
    -120.35         0.00000
    -120.19         0.00000
    -120.05         0.00000
    -119.89         0.00000
    -119.75         0.00000
    -119.60         0.00000
    -119.44         0.00000
    -119.30         0.00000
    -119.14         0.00000
    -119.00         0.00000
    -118.85         0.00000
    -118.69         0.00000
    -118.55         0.00000
    -118.39         0.00000
    -118.25         0.00000
    -118.10         0.00000
    -117.94         0.00000
    -117.80         0.00000
    -117.64         0.00000
    -117.50         0.00000
    -117.35         0.00000
    -117.19         0.00000
    -117.05         0.00000
    -116.89         0.00000
    -116.75         0.00000
    -116.60         0.00000
    -116.44         0.00000
    -116.30         0.00000
    -116.14         0.00000
    -116.00         0.00000
    -115.85         0.00000
    -115.69         0.00000
    -115.55         0.00000
    -115.39         0.00000
    -115.25         0.00000
    -115.10         0.00000
    -114.94         0.00000
    -114.80         0.00000
    -114.64         0.00000
    -114.50         0.00000
    -114.35         0.00000
    -114.19         0.00000
    -114.05         0.00000
    -113.89         0.00000
    -113.75         0.00000
    -113.60         0.00000
    -113.44         0.00000
    -113.30         0.00000
    -113.14         0.00000
    -113.00         0.00000
    -112.85         0.00000
    -112.69         0.00000
    -112.55         0.00000
    -112.39         0.00000
    -112.25         0.00000
    -112.10         0.00000
    -111.94         0.00000
    -111.80         0.00000
    -111.64         0.00000
    -111.50         0.00000
    -111.35         0.00000
    -111.19         0.00000
    -111.05         0.00000
    -110.89         0.00000
    -110.75         0.00000
    -110.60         0.00000
    -110.44         0.00000
    -110.30         0.00000
    -110.14         0.00000
    -110.00         0.00000
    -109.85         0.00000
    -109.69         0.00000
    -109.55         0.00000
    -109.39         0.00000
    -109.25         0.00000
    -109.10         0.00000
    -108.94         0.00000
    -108.80         0.00000
    -108.64         0.00000
    -108.50         0.00000
    -108.35         0.00000
    -108.19         0.00000
    -108.05         0.00000
    -107.89         0.00000
    -107.75         0.00000
    -107.60         0.00000
    -107.44         0.00000
    -107.30         0.00000
    -107.14         0.00000
    -107.00         0.00000
    -106.85         0.00000
    -106.69         0.00000
    -106.55         0.00000
    -106.39         0.00000
    -106.25         0.00000
    -106.10         0.00000
    -105.94         0.00000
    -105.80         0.00000
    -105.64         0.00000
    -105.50         0.00000
    -105.35         0.00000
    -105.19         0.00000
    -105.05         0.00000
    -104.89         0.00000
    -104.75         0.00000
    -104.60         0.00000
    -104.44         0.00000
    -104.30         0.00000
    -104.14         0.00000
    -104.00         0.00000
    -103.85         0.00000
    -103.69         0.00000
    -103.55         0.00000
    -103.39         0.00000
    -103.25         0.00000
    -103.10         0.00000
    -102.94         0.00000
    -102.80         0.00000
    -102.64         0.00000
    -102.50         0.00000
    -102.35         0.00000
    -102.19         0.00000
    -102.05         0.00000
    -101.89         0.00000
    -101.75         0.00000
    -101.60         0.00000
    -101.44         0.00000
    -101.30         0.00000
    -101.14         0.00000
    -101.00         0.00000
    -100.85         0.00000
    -100.69         0.00000
    -100.55         0.00000
    -100.39         0.00000
    -100.25         0.00000
    -100.10         0.00000
    -99.945         0.00000
    -99.795         0.00000
    -99.645         0.00000
    -99.495         0.00000
    -99.345         0.00000
    -99.195         0.00000
    -99.045         0.00000
    -98.895         0.00000
    -98.745         0.00000
    -98.595         0.00000
    -98.445         0.00000
    -98.295         0.00000
    -98.145         0.00000
    -97.995         0.00000
    -97.845         0.00000
    -97.695         0.00000
    -97.545         0.00000
    -97.395         0.00000
    -97.245         0.00000
    -97.095         0.00000
    -96.945         0.00000
    -96.795         0.00000
    -96.645         0.00000
    -96.495         0.00000
    -96.345         0.00000
    -96.195         0.00000
    -96.045         0.00000
    -95.895         0.00000
    -95.745         0.00000
    -95.595         0.00000
    -95.445         0.00000
    -95.295         0.00000
    -95.145         0.00000
    -94.995         0.00000
    -94.845         0.00000
    -94.695         0.00000
    -94.545         0.00000
    -94.395         0.00000
    -94.245         0.00000
    -94.095         0.00000
    -93.945         0.00000
    -93.795         0.00000
    -93.645         0.00000
    -93.495         0.00000
    -93.345         0.00000
    -93.195         0.00000
    -93.045         0.00000
    -92.895         0.00000
    -92.745         0.00000
    -92.595         0.00000
    -92.445         0.00000
    -92.295         0.00000
    -92.145         0.00000
    -91.995         0.00000
    -91.845         0.00000
    -91.695         0.00000
    -91.545         0.00000
    -91.395         0.00000
    -91.245         0.00000
    -91.095         0.00000
    -90.945         0.00000
    -90.795         0.00000
    -90.645         0.00000
    -90.495         0.00000
    -90.345         0.00000
    -90.195         0.00000
    -90.045         0.00000
    -89.895         0.00000
    -89.745         0.00000
    -89.595         0.00000
    -89.445         0.00000
    -89.295         0.00000
    -89.145         0.00000
    -88.995         0.00000
    -88.845         0.00000
    -88.695         0.00000
    -88.545         0.00000
    -88.395         0.00000
    -88.245         0.00000
    -88.095         0.00000
    -87.945         0.00000
    -87.795         0.00000
    -87.645         0.00000
    -87.495         0.00000
    -87.345         0.00000
    -87.195         0.00000
    -87.045         0.00000
    -86.895         0.00000
    -86.745         0.00000
    -86.595         0.00000
    -86.445         0.00000
    -86.295         0.00000
    -86.145         0.00000
    -85.995         0.00000
    -85.845         0.00000
    -85.695         0.00000
    -85.545         0.00000
    -85.395         0.00000
    -85.245         0.00000
    -85.095         0.00000
    -84.945         0.00000
    -84.795         0.00000
    -84.645         0.00000
    -84.495         0.00000
    -84.345         0.00000
    -84.195         0.00000
    -84.045         0.00000
    -83.895         0.00000
    -83.745         0.00000
    -83.595         0.00000
    -83.445         0.00000
    -83.295         0.00000
    -83.145         0.00000
    -82.995         0.00000
    -82.845         0.00000
    -82.695         0.00000
    -82.545         0.00000
    -82.395         0.00000
    -82.245         0.00000
    -82.095         0.00000
    -81.945         0.00000
    -81.795         0.00000
    -81.645         0.00000
    -81.495         0.00000
    -81.345         0.00000
    -81.195         0.00000
    -81.045         0.00000
    -80.895         0.00000
    -80.745         0.00000
    -80.595         0.00000
    -80.445         0.00000
    -80.295         0.00000
    -80.145         0.00000
    -79.995         0.00000
    -79.845         0.00000
    -79.695         0.00000
    -79.545         0.00000
    -79.395         0.00000
    -79.245         0.00000
    -79.095         0.00000
    -78.945         0.00000
    -78.795         0.00000
    -78.645         0.00000
    -78.495         0.00000
    -78.345         0.00000
    -78.195         0.00000
    -78.045         0.00000
    -77.895         0.00000
    -77.745         0.00000
    -77.595         0.00000
    -77.445         0.00000
    -77.295         0.00000
    -77.145         0.00000
    -76.995         0.00000
    -76.845         0.00000
    -76.695         0.00000
    -76.545         0.00000
    -76.395         0.00000
    -76.245         0.00000
    -76.095         0.00000
    -75.945         0.00000
    -75.795         0.00000
    -75.645         0.00000
    -75.495         0.00000
    -75.345         0.00000
    -75.195         0.00000
    -75.045         0.00000
    -74.895         0.00000
    -74.745         0.00000
    -74.595         0.00000
    -74.445         0.00000
    -74.295         0.00000
    -74.145         0.00000
    -73.995         0.00000
    -73.845         0.00000
    -73.695         0.00000
    -73.545         0.00000
    -73.395         0.00000
    -73.245         0.00000
    -73.095         0.00000
    -72.945         0.00000
    -72.795         0.00000
    -72.645         0.00000
    -72.495         0.00000
    -72.345         0.00000
    -72.195         0.00000
    -72.045         0.00000
    -71.895         0.00000
    -71.745         0.00000
    -71.595         0.00000
    -71.445         0.00000
    -71.295         0.00000
    -71.145         0.00000
    -70.995         0.00000
    -70.845         0.00000
    -70.695         0.00000
    -70.545         0.00000
    -70.395         0.00000
    -70.245         0.00000
    -70.095         0.00000
    -69.945         0.00000
    -69.795         0.00000
    -69.645         0.00000
    -69.495         0.00000
    -69.345         0.00000
    -69.195         0.00000
    -69.045         0.00000
    -68.895         0.00000
    -68.745         0.00000
    -68.595         0.00000
    -68.445         0.00000
    -68.295         0.00000
    -68.145         0.00000
    -67.995         0.00000
    -67.845         0.00000
    -67.695         0.00000
    -67.545         0.00000
    -67.395         0.00000
    -67.245         0.00000
    -67.095         0.00000
    -66.945         0.00000
    -66.795         0.00000
    -66.645         0.00000
    -66.495         0.00000
    -66.345         0.00000
    -66.195         0.00000
    -66.045         0.00000
    -65.895         0.00000
    -65.745         0.00000
    -65.595         0.00000
    -65.445         0.00000
    -65.295         0.00000
    -65.145         0.00000
    -64.995         0.00000
    -64.845         0.00000
    -64.695         0.00000
    -64.545         0.00000
    -64.395         0.00000
    -64.245         0.00000
    -64.095         0.00000
    -63.945         0.00000
    -63.795         0.00000
    -63.645         0.00000
    -63.495         0.00000
    -63.345         0.00000
    -63.195         0.00000
    -63.045         0.00000
    -62.895         0.00000
    -62.745         0.00000
    -62.595         0.00000
    -62.445         0.00000
    -62.295         0.00000
    -62.145         0.00000
    -61.995         0.00000
    -61.845         0.00000
    -61.695         0.00000
    -61.545         0.00000
    -61.395         0.00000
    -61.245         0.00000
    -61.095         0.00000
    -60.945         0.00000
    -60.795         0.00000
    -60.645         0.00000
    -60.495         0.00000
    -60.345         0.00000
    -60.195         0.00000
    -60.045         0.00000
    -59.895         0.00000
    -59.745         0.00000
    -59.595         0.00000
    -59.445         0.00000
    -59.295         0.00000
    -59.145         0.00000
    -58.995         0.00000
    -58.845         0.00000
    -58.695         0.00000
    -58.545         0.00000
    -58.395         0.00000
    -58.245         0.00000
    -58.095         0.00000
    -57.945         0.00000
    -57.795         0.00000
    -57.645         0.00000
    -57.495         0.00000
    -57.345         0.00000
    -57.195         0.00000
    -57.045         0.00000
    -56.895         0.00000
    -56.745         0.00000
    -56.595         0.00000
    -56.445         0.00000
    -56.295         0.00000
    -56.145         0.00000
    -55.995         0.00000
    -55.845         0.00000
    -55.695         0.00000
    -55.545         0.00000
    -55.395         0.00000
    -55.245         0.00000
    -55.095         0.00000
    -54.945         0.00000
    -54.795         0.00000
    -54.645         0.00000
    -54.495         0.00000
    -54.345         0.00000
    -54.195         0.00000
    -54.045         0.00000
    -53.895         0.00000
    -53.745         0.00000
    -53.595         0.00000
    -53.445         0.00000
    -53.295         0.00000
    -53.145         0.00000
    -52.995         0.00000
    -52.845         0.00000
    -52.695         0.00000
    -52.545         0.00000
    -52.395         0.00000
    -52.245         0.00000
    -52.095         0.00000
    -51.945         0.00000
    -51.795         0.00000
    -51.645         0.00000
    -51.495         0.00000
    -51.345         0.00000
    -51.195         0.00000
    -51.045         0.00000
    -50.895         0.00000
    -50.745         0.00000
    -50.595         0.00000
    -50.445         0.00000
    -50.295         0.00000
    -50.145         0.00000
    -49.995         0.00000
    -49.845         0.00000
    -49.695         0.00000
    -49.545         0.00000
    -49.395         0.00000
    -49.245         0.00000
    -49.095         0.00000
    -48.945         0.00000
    -48.795         0.00000
    -48.645         0.00000
    -48.495         0.00000
    -48.345         0.00000
    -48.195         0.00000
    -48.045         0.00000
    -47.895         0.00000
    -47.745         0.00000
    -47.595         0.00000
    -47.445         0.00000
    -47.295         0.00000
    -47.145         0.00000
    -46.995         0.00000
    -46.845         0.00000
    -46.695         0.00000
    -46.545         0.00000
    -46.395         0.00000
    -46.245         0.00000
    -46.095         0.00000
    -45.945         0.00000
    -45.795         0.00000
    -45.645         0.00000
    -45.495         0.00000
    -45.345         0.00000
    -45.195         0.00000
    -45.045         0.00000
    -44.895         0.00000
    -44.745         0.00000
    -44.595         0.00000
    -44.445         0.00000
    -44.295         0.00000
    -44.145         0.00000
    -43.995         0.00000
    -43.845         0.00000
    -43.695         0.00000
    -43.545         0.00000
    -43.395         0.00000
    -43.245         0.00000
    -43.095         0.00000
    -42.945         0.00000
    -42.795         0.00000
    -42.645         0.00000
    -42.495         0.00000
    -42.345         0.00000
    -42.195         0.00000
    -42.045         0.00000
    -41.895         0.00000
    -41.745         0.00000
    -41.595         0.00000
    -41.445         0.00000
    -41.295         0.00000
    -41.145         0.00000
    -40.995         0.00000
    -40.845         0.00000
    -40.695         0.00000
    -40.545         0.00000
    -40.395         0.00000
    -40.245         0.00000
    -40.095         0.00000
    -39.945         0.00000
    -39.795         0.00000
    -39.645         0.00000
    -39.495         0.00000
    -39.345         0.00000
    -39.195         0.00000
    -39.045         0.00000
    -38.895         0.00000
    -38.745         0.00000
    -38.595         0.00000
    -38.445         0.00000
    -38.295         0.00000
    -38.145         0.00000
    -37.995         0.00000
    -37.845         0.00000
    -37.695         0.00000
    -37.545         0.00000
    -37.395         0.00000
    -37.245         0.00000
    -37.095         0.00000
    -36.945         0.00000
    -36.795         0.00000
    -36.645         0.00000
    -36.495         0.00000
    -36.345         0.00000
    -36.195         0.00000
    -36.045         0.00000
    -35.895         0.00000
    -35.745         0.00000
    -35.595         0.00000
    -35.445         0.00000
    -35.295         0.00000
    -35.145         0.00000
    -34.995         0.00000
    -34.845         0.00000
    -34.695         0.00000
    -34.545         0.00000
    -34.395         0.00000
    -34.245         0.00000
    -34.095         0.00000
    -33.945         0.00000
    -33.795         0.00000
    -33.645         0.00000
    -33.495         0.00000
    -33.345         0.00000
    -33.195         0.00000
    -33.045         0.00000
    -32.895         0.00000
    -32.745         0.00000
    -32.595         0.00000
    -32.445         0.00000
    -32.295         0.00000
    -32.145         0.00000
    -31.995         0.00000
    -31.845         0.00000
    -31.695         0.00000
    -31.545         0.00000
    -31.395         0.00000
    -31.245         0.00000
    -31.095         0.00000
    -30.945         0.00000
    -30.795         0.00000
    -30.645         0.00000
    -30.495         0.00000
    -30.345         0.00000
    -30.195         0.00000
    -30.045         0.00000
    -29.895         0.00000
    -29.745         0.00000
    -29.595         0.00000
    -29.445         0.00000
    -29.295         0.00000
    -29.145         0.00000
    -28.995         0.00000
    -28.845         0.00000
    -28.695         0.00000
    -28.545         0.00000
    -28.395         0.00000
    -28.245         0.00000
    -28.095         0.00000
    -27.945         0.00000
    -27.795         0.00000
    -27.645         0.00000
    -27.495         0.00000
    -27.345         0.00000
    -27.195         0.00000
    -27.045         0.00000
    -26.895         0.00000
    -26.745         0.00000
    -26.595         0.00000
    -26.445         0.00000
    -26.295         0.00000
    -26.145         0.00000
    -25.995         0.00000
    -25.845         0.00000
    -25.695         0.00000
    -25.545         0.00000
    -25.395         0.00000
    -25.245         0.00000
    -25.095         0.00000
    -24.945         0.00000
    -24.795         0.00000
    -24.645         0.00000
    -24.495         0.00000
    -24.345         0.00000
    -24.195         0.00000
    -24.045         0.00000
    -23.895         0.00000
    -23.745         0.00000
    -23.595         0.00000
    -23.445         0.00000
    -23.295         0.00000
    -23.145         0.00000
    -22.995         0.00000
    -22.845         0.00000
    -22.695         0.00000
    -22.545         0.00000
    -22.395         0.00000
    -22.245         0.00000
    -22.095         0.00000
    -21.945         0.00000
    -21.795         0.00000
    -21.645         0.00000
    -21.495         0.00000
    -21.345         0.00000
    -21.195         0.00000
    -21.045         0.00000
    -20.895         0.00000
    -20.745         0.00000
    -20.595         0.00000
    -20.445         0.00000
    -20.295         0.00000
    -20.145         0.00000
    -19.995         0.00000
    -19.845         0.00000
    -19.695         0.00000
    -19.545         0.00000
    -19.395         0.00000
    -19.245         0.00000
    -19.095         0.00000
    -18.945         0.00000
    -18.795         0.00000
    -18.645         0.00000
    -18.495         0.00000
    -18.345         0.00000
    -18.195         0.00000
    -18.045         0.00000
    -17.895         0.00000
    -17.745         0.00000
    -17.595         0.00000
    -17.445         0.00000
    -17.295         0.00000
    -17.145         0.00000
    -16.995         0.00000
    -16.845         0.00000
    -16.695         0.00000
    -16.545         0.00000
    -16.395         0.00000
    -16.245         0.00000
    -16.095         0.00000
    -15.945         0.00000
    -15.795         0.00000
    -15.645        -0.00221
    -15.495        -0.02314
    -15.345        -0.07465
    -15.195        -0.13677
    -15.045        -0.25567
    -14.895        -0.40428
    -14.745        -0.62637
    -14.595        -0.85158
    -14.445        -1.13447
    -14.295        -1.43645
    -14.145        -1.81389
    -13.995        -2.26907
    -13.845        -2.83624
    -13.695        -3.47865
    -13.545        -4.19448
    -13.395        -4.94426
    -13.245        -5.82508
    -13.095        -6.66912
    -12.945        -7.62759
    -12.795        -8.60481
    -12.645        -9.65742
    -12.495       -10.73112
    -12.345       -11.80309
    -12.195       -12.88288
    -12.045       -13.99074
    -11.895       -15.12186
    -11.745       -16.20448
    -11.595       -17.26228
    -11.445       -18.36720
    -11.295       -19.37724
    -11.145       -20.39751
    -10.995       -21.37904
    -10.845       -22.33583
    -10.695       -23.30464
    -10.545       -24.20307
    -10.395       -25.06456
    -10.245       -25.91914
    -10.095       -26.78123
    -9.9450       -27.63422
    -9.7950       -28.53050
    -9.6450       -29.43034
    -9.4950       -30.41210
    -9.3450       -31.45639
    -9.1950       -32.53121
    -9.0450       -33.64048
    -8.8950       -34.92833
    -8.7450       -36.23642
    -8.5950       -37.67617
    -8.4450       -39.21981
    -8.2950       -40.81475
    -8.1450       -42.54898
    -7.9950       -44.40631
    -7.8450       -46.29473
    -7.6950       -48.34889
    -7.5450       -50.58071
    -7.3950       -52.93461
    -7.2450       -55.43212
    -7.0950       -58.07817
    -6.9450       -60.75610
    -6.7950       -63.57144
    -6.6450       -66.42481
    -6.4950       -69.35328
    -6.3450       -72.29651
    -6.1950       -75.26177
    -6.0450       -78.30494
    -5.8950       -81.31412
    -5.7450       -84.33945
    -5.5950       -87.36740
    -5.4450       -90.34704
    -5.2950       -93.30083
    -5.1450       -96.21108
    -4.9950       -99.14310
    -4.8450      -102.03854
    -4.6950      -104.81490
    -4.5450      -107.69653
    -4.3950      -110.50993
    -4.2450      -113.35369
    -4.0950      -116.25732
    -3.9450      -119.29872
    -3.7950      -122.49982
    -3.6450      -125.70143
    -3.4950      -129.14207
    -3.3450      -132.70924
    -3.1950      -136.59181
    -3.0450      -140.76273
    -2.8950      -145.20761
    -2.7450      -150.13259
    -2.5950      -155.41827
    -2.4450      -161.26802
    -2.2950      -167.82611
    -2.1450      -175.16736
    -1.9950      -183.36681
    -1.8450      -192.49100
    -1.6950      -202.65711
    -1.5450      -213.79843
    -1.3950      -225.84352
    -1.2450      -238.77280
    -1.0950      -252.32704
   -0.94500      -266.44908
   -0.79500      -281.08965
   -0.64500      -296.48322
   -0.49500      -313.28224
   -0.34500      -332.93145
   -0.22700      -340.49000
   -0.21300      -341.43855
   -0.20700      -342.40344
   -0.20100      -343.37717
   -0.19500      -344.36819
   -0.18900      -345.37230
   -0.18300      -346.40188
   -0.17700      -347.43924
   -0.17100      -348.49620
   -0.16500      -349.57468
   -0.15900      -350.67469
   -0.15300      -351.79751
   -0.14700      -352.94165
   -0.14100      -354.11770
   -0.13500      -355.31504
   -0.12900      -356.54631
   -0.12300      -357.80905
   -0.11700      -359.10968
   -0.11100      -360.44709
   -0.10500      -361.82901
   -0.99000E-01  -363.26093
   -0.93000E-01  -364.75003
   -0.87000E-01  -366.30579
   -0.81000E-01  -367.93184
   -0.75000E-01  -369.64607
   -0.69000E-01  -371.46481
   -0.63000E-01  -373.41019
   -0.57000E-01  -375.51057
   -0.51000E-01  -377.81034
   -0.45000E-01  -380.37255
   -0.39000E-01  -383.30334
   -0.33000E-01  -386.78287
   -0.27000E-01  -391.06729
   -0.21300E-01  -394.60867
   -0.19500E-01  -395.17849
   -0.18900E-01  -395.76147
   -0.18300E-01  -396.35775
   -0.17700E-01  -396.96896
   -0.17100E-01  -397.59573
   -0.16500E-01  -398.23662
   -0.15900E-01  -398.89393
   -0.15300E-01  -399.56701
   -0.14700E-01  -400.25666
   -0.14100E-01  -400.96467
   -0.13500E-01  -401.69014
   -0.12900E-01  -402.43562
   -0.12300E-01  -403.20286
   -0.11700E-01  -403.99270
   -0.11100E-01  -404.80258
   -0.10500E-01  -405.63132
   -0.99000E-02  -406.47976
   -0.93000E-02  -407.34557
   -0.87000E-02  -408.22878
   -0.81000E-02  -409.12641
   -0.75000E-02  -410.03691
   -0.69000E-02  -410.95831
   -0.63000E-02  -411.88635
   -0.57000E-02  -412.81800
   -0.51000E-02  -413.74069
   -0.45000E-02  -414.63263
   -0.39000E-02  -415.47052
   -0.33000E-02  -416.22995
   -0.27000E-02  -416.88847
   -0.21000E-02  -417.42591
   -0.15000E-02  -417.82583
   -0.90000E-03  -418.07501
   -0.30000E-03  -418.16454
    0.30000E-03  -418.08976
    0.90000E-03  -417.85238
    0.15000E-02  -417.45920
    0.21000E-02  -416.92505
    0.27000E-02  -416.26815
    0.33000E-02  -415.50992
    0.39000E-02  -414.67374
    0.45000E-02  -413.78313
    0.51000E-02  -412.86131
    0.57000E-02  -411.93225
    0.63000E-02  -411.00634
    0.69000E-02  -410.08688
    0.75000E-02  -409.17797
    0.81000E-02  -408.28193
    0.87000E-02  -407.40195
    0.93000E-02  -406.53695
    0.99000E-02  -405.69096
    0.10500E-01  -404.86493
    0.11100E-01  -404.05682
    0.11700E-01  -403.26944
    0.12300E-01  -402.50585
    0.12900E-01  -401.76396
    0.13500E-01  -401.04167
    0.14100E-01  -400.33766
    0.14700E-01  -399.65081
    0.15300E-01  -398.98006
    0.15900E-01  -398.32621
    0.16500E-01  -397.68846
    0.17100E-01  -397.06678
    0.17700E-01  -396.46017
    0.18300E-01  -395.86739
    0.18900E-01  -395.28784
    0.19500E-01  -394.72183
    0.21300E-01  -391.20476
    0.27000E-01  -386.97497
    0.33000E-01  -383.56118
    0.39000E-01  -380.71274
    0.45000E-01  -378.24369
    0.51000E-01  -376.04559
    0.57000E-01  -374.05646
    0.63000E-01  -372.23009
    0.69000E-01  -370.54521
    0.75000E-01  -368.97302
    0.81000E-01  -367.49390
    0.87000E-01  -366.09995
    0.93000E-01  -364.78250
    0.99000E-01  -363.52500
    0.10500      -362.32872
    0.11100      -361.18502
    0.11700      -360.08568
    0.12300      -359.03243
    0.12900      -358.01476
    0.13500      -357.03155
    0.14100      -356.08493
    0.14700      -355.17386
    0.15300      -354.28283
    0.15900      -353.42649
    0.16500      -352.59039
    0.17100      -351.77701
    0.17700      -350.98355
    0.18300      -350.21452
    0.18900      -349.46680
    0.19500      -348.73669
    0.20100      -348.02730
    0.20700      -347.33094
    0.21300      -346.65116
    0.22700      -341.47991
    0.34500      -329.88966
    0.49500      -321.97518
    0.64500      -316.02495
    0.79500      -311.24924
    0.94500      -307.20597
     1.0950      -303.68857
     1.2450      -300.56035
     1.3950      -297.68336
     1.5450      -295.02374
     1.6950      -292.57947
     1.8450      -290.29225
     1.9950      -288.16098
     2.1450      -286.19178
     2.2950      -284.39901
     2.4450      -282.74171
     2.5950      -281.22021
     2.7450      -279.83545
     2.8950      -278.57942
     3.0450      -277.41967
     3.1950      -276.39006
     3.3450      -275.44467
     3.4950      -274.56178
     3.6450      -273.79183
     3.7950      -273.07388
     3.9450      -272.41381
     4.0950      -271.80220
     4.2450      -271.22355
     4.3950      -270.68906
     4.5450      -270.17326
     4.6950      -269.69417
     4.8450      -269.20869
     4.9950      -268.76038
     5.1450      -268.31662
     5.2950      -267.89095
     5.4450      -267.49259
     5.5950      -267.09202
     5.7450      -266.71958
     5.8950      -266.35712
     6.0450      -265.98808
     6.1950      -265.62554
     6.3450      -265.28690
     6.4950      -264.94874
     6.6450      -264.61723
     6.7950      -264.29238
     6.9450      -263.97450
     7.0950      -263.67693
     7.2450      -263.37824
     7.3950      -263.08830
     7.5450      -262.80219
     7.6950      -262.52358
     7.8450      -262.24813
     7.9950      -261.97787
     8.1450      -261.71780
     8.2950      -261.46207
     8.4450      -261.19937
     8.5950      -260.94317
     8.7450      -260.68748
     8.8950      -260.44935
     9.0450      -260.21736
     9.1950      -259.99291
     9.3450      -259.75649
     9.4950      -259.52152
     9.6450      -259.29798
     9.7950      -259.07359
     9.9450      -258.85806
     10.095      -258.64354
     10.245      -258.43134
     10.395      -258.22674
     10.545      -258.02543
     10.695      -257.81635
     10.845      -257.62016
     10.995      -257.41690
     11.145      -257.22120
     11.295      -257.03465
     11.445      -256.84245
     11.595      -256.65839
     11.745      -256.47007
     11.895      -256.28777
     12.045      -256.09386
     12.195      -255.91693
     12.345      -255.73722
     12.495      -255.56713
     12.645      -255.39311
     12.795      -255.21644
     12.945      -255.04469
     13.095      -254.87227
     13.245      -254.70856
     13.395      -254.54157
     13.545      -254.37841
     13.695      -254.21903
     13.845      -254.06070
     13.995      -253.91085
     14.145      -253.75866
     14.295      -253.60311
     14.445      -253.45383
     14.595      -253.30410
     14.745      -253.15710
     14.895      -253.01450
     15.045      -252.86949
     15.195      -252.72842
     15.345      -252.58635
     15.495      -252.44726
     15.645      -252.30495
     15.795      -252.16809
     15.945      -252.03081
     16.095      -251.88951
     16.245      -251.75253
     16.395      -251.61480
     16.545      -251.47974
     16.695      -251.34728
     16.845      -251.21911
     16.995      -251.09581
     17.145      -250.97380
     17.295      -250.84760
     17.445      -250.71836
     17.595      -250.58915
     17.745      -250.46775
     17.895      -250.34406
     18.045      -250.22380
     18.195      -250.09935
     18.345      -249.97561
     18.495      -249.85421
     18.645      -249.73562
     18.795      -249.61272
     18.945      -249.49202
     19.095      -249.37442
     19.245      -249.25997
     19.395      -249.14535
     19.545      -249.03746
     19.695      -248.92680
     19.845      -248.81484
     19.995      -248.70400
     20.145      -248.59751
     20.295      -248.49058
     20.445      -248.38202
     20.595      -248.27489
     20.745      -248.16759
     20.895      -248.06021
     21.045      -247.95718
     21.195      -247.85322
     21.345      -247.74881
     21.495      -247.64526
     21.645      -247.54414
     21.795      -247.44316
     21.945      -247.34385
     22.095      -247.24172
     22.245      -247.14139
     22.395      -247.04110
     22.545      -246.93985
     22.695      -246.84270
     22.845      -246.74887
     22.995      -246.65111
     23.145      -246.55525
     23.295      -246.46226
     23.445      -246.36923
     23.595      -246.27493
     23.745      -246.18442
     23.895      -246.08741
     24.045      -245.99601
     24.195      -245.90368
     24.345      -245.81200
     24.495      -245.71874
     24.645      -245.63240
     24.795      -245.54526
     24.945      -245.45462
     25.095      -245.36677
     25.245      -245.27450
     25.395      -245.19039
     25.545      -245.10418
     25.695      -245.02018
     25.845      -244.93719
     25.995      -244.85373
     26.145      -244.76718
     26.295      -244.68540
     26.445      -244.60293
     26.595      -244.51939
     26.745      -244.43687
     26.895      -244.35525
     27.045      -244.27264
     27.195      -244.19248
     27.345      -244.11237
     27.495      -244.03230
     27.645      -243.95032
     27.795      -243.87214
     27.945      -243.79345
     28.095      -243.71349
     28.245      -243.63725
     28.395      -243.56082
     28.545      -243.48683
     28.695      -243.41056
     28.845      -243.33509
     28.995      -243.26374
     29.145      -243.18431
     29.295      -243.11260
     29.445      -243.03706
     29.595      -242.96325
     29.745      -242.88777
     29.895      -242.81531
     30.045      -242.74415
     30.195      -242.67462
     30.345      -242.60408
     30.495      -242.53094
     30.645      -242.45996
     30.795      -242.39130
     30.945      -242.31790
     31.095      -242.24780
     31.245      -242.17602
     31.395      -242.10539
     31.545      -242.03669
     31.695      -241.96233
     31.845      -241.89238
     31.995      -241.82351
     32.145      -241.75649
     32.295      -241.68966
     32.445      -241.62431
     32.595      -241.55970
     32.745      -241.49224
     32.895      -241.42349
     33.045      -241.35488
     33.195      -241.28859
     33.345      -241.22064
     33.495      -241.15386
     33.645      -241.08810
     33.795      -241.02335
     33.945      -240.96228
     34.095      -240.89702
     34.245      -240.83446
     34.395      -240.76855
     34.545      -240.70648
     34.695      -240.64347
     34.845      -240.58090
     34.995      -240.51797
     35.145      -240.45498
     35.295      -240.39538
     35.445      -240.33335
     35.595      -240.27199
     35.745      -240.21057
     35.895      -240.15049
     36.045      -240.09355
     36.195      -240.03109
     36.345      -239.96862
     36.495      -239.90712
     36.645      -239.84612
     36.795      -239.78721
     36.945      -239.72918
     37.095      -239.66778
     37.245      -239.60933
     37.395      -239.54983
     37.545      -239.49153
     37.695      -239.43466
     37.845      -239.37837
     37.995      -239.32034
     38.145      -239.26471
     38.295      -239.20635
     38.445      -239.14744
     38.595      -239.09086
     38.745      -239.03430
     38.895      -238.97759
     39.045      -238.91814
     39.195      -238.86277
     39.345      -238.80794
     39.495      -238.75236
     39.645      -238.69400
     39.795      -238.63648
     39.945      -238.58096
     40.095      -238.52668
     40.245      -238.47163
     40.395      -238.41623
     40.545      -238.36131
     40.695      -238.30711
     40.845      -238.25534
     40.995      -238.20625
     41.145      -238.14950
     41.295      -238.09870
     41.445      -238.04634
     41.595      -237.99422
     41.745      -237.94361
     41.895      -237.89023
     42.045      -237.83622
     42.195      -237.78597
     42.345      -237.73475
     42.495      -237.68505
     42.645      -237.63471
     42.795      -237.58753
     42.945      -237.53846
     43.095      -237.48830
     43.245      -237.43616
     43.395      -237.38655
     43.545      -237.33448
     43.695      -237.28544
     43.845      -237.23491
     43.995      -237.18662
     44.145      -237.13478
     44.295      -237.08817
     44.445      -237.03842
     44.595      -236.98997
     44.745      -236.93957
     44.895      -236.89107
     45.045      -236.84274
     45.195      -236.79461
     45.345      -236.74415
     45.495      -236.69786
     45.645      -236.64713
     45.795      -236.60195
     45.945      -236.55264
     46.095      -236.50701
     46.245      -236.45866
     46.395      -236.41282
     46.545      -236.36605
     46.695      -236.31565
     46.845      -236.27261
     46.995      -236.22928
     47.145      -236.18116
     47.295      -236.13466
     47.445      -236.08678
     47.595      -236.04073
     47.745      -235.99245
     47.895      -235.94830
     48.045      -235.90375
     48.195      -235.85741
     48.345      -235.81230
     48.495      -235.76689
     48.645      -235.72220
     48.795      -235.67663
     48.945      -235.63138
     49.095      -235.58716
     49.245      -235.54234
     49.395      -235.49729
     49.545      -235.45232
     49.695      -235.40749
     49.845      -235.36257
     49.995      -235.31977
     50.145      -235.27805
     50.295      -235.23456
     50.445      -235.19100
     50.595      -235.14783
     50.745      -235.10572
     50.895      -235.06329
     51.045      -235.01672
     51.195      -234.97354
     51.345      -234.92901
     51.495      -234.88734
     51.645      -234.84612
     51.795      -234.80373
     51.945      -234.76357
     52.095      -234.72111
     52.245      -234.67651
     52.395      -234.63652
     52.545      -234.59377
     52.695      -234.55118
     52.845      -234.50977
     52.995      -234.46844
     53.145      -234.42605
     53.295      -234.38446
     53.445      -234.34433
     53.595      -234.30390
     53.745      -234.26371
     53.895      -234.22093
     54.045      -234.17970
     54.195      -234.13990
     54.345      -234.09927
     54.495      -234.05686
     54.645      -234.01767
     54.795      -233.97647
     54.945      -233.93493
     55.095      -233.89355
     59.433      -230.74665
     80.646      -226.12370
     111.21      -221.52188
     153.36      -216.99976
     211.49      -212.55315
     291.64      -208.17312
     402.18      -203.87461
     554.60      -199.66105
     764.80      -195.52451
     1054.7      -191.46884
     1454.4      -187.53074
     2005.6      -183.66229
     2765.8      -179.88387
     3814.0      -176.18461
     5259.5      -172.57709
     7252.9      -169.05963
     10002.      -165.61695
     13793.      -162.25682
     19020.      -158.98299
     26229.      -155.81458
     36170.      -152.78025
     49878.      -149.84678
     68782.      -147.03554
     94851.      -144.32648
    0.13080E+06  -141.74758
    0.18038E+06  -139.28758
    0.24874E+06  -136.93303
    0.34301E+06  -134.68357
    0.47302E+06  -132.54037
    0.65229E+06  -130.49674
    0.89952E+06  -128.55100
    0.12404E+07  -126.68532
    0.17106E+07  -124.90577
    0.23589E+07  -123.21343
    0.32529E+07  -121.60067
    0.44858E+07  -120.06018
    0.61860E+07  -118.59758
    0.85305E+07  -117.19862
    0.11764E+08  -115.87203
    0.16222E+08  -114.60201
    0.22370E+08  -113.39429
    0.30849E+08  -112.24357
    0.42541E+08  -111.15688
    0.58664E+08  -110.13548
    0.80898E+08  -109.19195
    0.11156E+09  -108.31428
    0.15384E+09  -107.49518
    0.21215E+09  -106.72531
    0.29255E+09  -106.00187
    0.40343E+09  -105.32964
    0.55633E+09  -104.70187
    0.76719E+09  -104.13942
    0.10580E+10  -103.62182
    0.14589E+10  -103.14455
    0.20119E+10  -102.70751
    0.27744E+10  -102.30050
    0.38259E+10  -101.92846
    0.52760E+10  -101.58328
    0.72756E+10  -101.26194
    0.10033E+11  -100.96859
    0.13836E+11  -100.69805
    0.19079E+11  -100.44723
    0.26311E+11  -100.21506
    0.36283E+11  -100.00048
    0.50034E+11   -99.80464
    0.68997E+11   -99.62070
    0.10000E+12   -97.44567
