    -159.95         0.00000
    -159.79         0.00000
    -159.65         0.00000
    -159.49         0.00000
    -159.34         0.00000
    -159.20         0.00000
    -159.04         0.00000
    -158.90         0.00000
    -158.74         0.00000
    -158.59         0.00000
    -158.45         0.00000
    -158.29         0.00000
    -158.15         0.00000
    -157.99         0.00000
    -157.84         0.00000
    -157.70         0.00000
    -157.54         0.00000
    -157.40         0.00000
    -157.24         0.00000
    -157.09         0.00000
    -156.95         0.00000
    -156.79         0.00000
    -156.65         0.00000
    -156.49         0.00000
    -156.34         0.00000
    -156.20         0.00000
    -156.04         0.00000
    -155.90         0.00000
    -155.74         0.00000
    -155.59         0.00000
    -155.45         0.00000
    -155.29         0.00000
    -155.15         0.00000
    -154.99         0.00000
    -154.84         0.00000
    -154.70         0.00000
    -154.54         0.00000
    -154.40         0.00000
    -154.24         0.00000
    -154.09         0.00000
    -153.95         0.00000
    -153.79         0.00000
    -153.65         0.00000
    -153.49         0.00000
    -153.34         0.00000
    -153.20         0.00000
    -153.04         0.00000
    -152.90         0.00000
    -152.74         0.00000
    -152.59         0.00000
    -152.45         0.00000
    -152.29         0.00000
    -152.15         0.00000
    -151.99         0.00000
    -151.84         0.00000
    -151.70         0.00000
    -151.54         0.00000
    -151.40         0.00000
    -151.24         0.00000
    -151.09         0.00000
    -150.95         0.00000
    -150.79         0.00000
    -150.65         0.00000
    -150.49         0.00000
    -150.34         0.00000
    -150.20         0.00000
    -150.04         0.00000
    -149.90         0.00000
    -149.74         0.00000
    -149.59         0.00000
    -149.45         0.00000
    -149.29         0.00000
    -149.15         0.00000
    -148.99         0.00000
    -148.84         0.00000
    -148.70         0.00000
    -148.54         0.00000
    -148.40         0.00000
    -148.24         0.00000
    -148.09         0.00000
    -147.95         0.00000
    -147.79         0.00000
    -147.65         0.00000
    -147.49         0.00000
    -147.34         0.00000
    -147.20         0.00000
    -147.04         0.00000
    -146.90         0.00000
    -146.74         0.00000
    -146.59         0.00000
    -146.45         0.00000
    -146.29         0.00000
    -146.15         0.00000
    -145.99         0.00000
    -145.84         0.00000
    -145.70         0.00000
    -145.54         0.00000
    -145.40         0.00000
    -145.24         0.00000
    -145.09         0.00000
    -144.95         0.00000
    -144.79         0.00000
    -144.65         0.00000
    -144.49         0.00000
    -144.34         0.00000
    -144.20         0.00000
    -144.04         0.00000
    -143.90         0.00000
    -143.74         0.00000
    -143.59         0.00000
    -143.45         0.00000
    -143.29         0.00000
    -143.15         0.00000
    -142.99         0.00000
    -142.84         0.00000
    -142.70         0.00000
    -142.54         0.00000
    -142.40         0.00000
    -142.24         0.00000
    -142.09         0.00000
    -141.95         0.00000
    -141.79         0.00000
    -141.65         0.00000
    -141.49         0.00000
    -141.34         0.00000
    -141.20         0.00000
    -141.04         0.00000
    -140.90         0.00000
    -140.74         0.00000
    -140.59         0.00000
    -140.45         0.00000
    -140.29         0.00000
    -140.15         0.00000
    -139.99         0.00000
    -139.84         0.00000
    -139.70         0.00000
    -139.54         0.00000
    -139.40         0.00000
    -139.24         0.00000
    -139.09         0.00000
    -138.95         0.00000
    -138.79         0.00000
    -138.65         0.00000
    -138.49         0.00000
    -138.34         0.00000
    -138.20         0.00000
    -138.04         0.00000
    -137.90         0.00000
    -137.74         0.00000
    -137.59         0.00000
    -137.45         0.00000
    -137.29         0.00000
    -137.15         0.00000
    -136.99         0.00000
    -136.84         0.00000
    -136.70         0.00000
    -136.54         0.00000
    -136.40         0.00000
    -136.24         0.00000
    -136.09         0.00000
    -135.95         0.00000
    -135.79         0.00000
    -135.65         0.00000
    -135.49         0.00000
    -135.34         0.00000
    -135.20         0.00000
    -135.04         0.00000
    -134.90         0.00000
    -134.74         0.00000
    -134.59         0.00000
    -134.45         0.00000
    -134.29         0.00000
    -134.15         0.00000
    -133.99         0.00000
    -133.84         0.00000
    -133.70         0.00000
    -133.54         0.00000
    -133.40         0.00000
    -133.24         0.00000
    -133.09         0.00000
    -132.95         0.00000
    -132.79         0.00000
    -132.65         0.00000
    -132.49         0.00000
    -132.34         0.00000
    -132.20         0.00000
    -132.04         0.00000
    -131.90         0.00000
    -131.74         0.00000
    -131.59         0.00000
    -131.45         0.00000
    -131.29         0.00000
    -131.15         0.00000
    -130.99         0.00000
    -130.84         0.00000
    -130.70         0.00000
    -130.54         0.00000
    -130.40         0.00000
    -130.24         0.00000
    -130.09         0.00000
    -129.95         0.00000
    -129.79         0.00000
    -129.65         0.00000
    -129.49         0.00000
    -129.34         0.00000
    -129.20         0.00000
    -129.04         0.00000
    -128.90         0.00000
    -128.74         0.00000
    -128.59         0.00000
    -128.45         0.00000
    -128.29         0.00000
    -128.15         0.00000
    -127.99         0.00000
    -127.85         0.00000
    -127.69         0.00000
    -127.55         0.00000
    -127.39         0.00000
    -127.25         0.00000
    -127.10         0.00000
    -126.94         0.00000
    -126.80         0.00000
    -126.64         0.00000
    -126.50         0.00000
    -126.35         0.00000
    -126.19         0.00000
    -126.05         0.00000
    -125.89         0.00000
    -125.75         0.00000
    -125.60         0.00000
    -125.44         0.00000
    -125.30         0.00000
    -125.14         0.00000
    -125.00         0.00000
    -124.85         0.00000
    -124.69         0.00000
    -124.55         0.00000
    -124.39         0.00000
    -124.25         0.00000
    -124.10         0.00000
    -123.94         0.00000
    -123.80         0.00000
    -123.64         0.00000
    -123.50         0.00000
    -123.35         0.00000
    -123.19         0.00000
    -123.05         0.00000
    -122.89         0.00000
    -122.75         0.00000
    -122.60         0.00000
    -122.44         0.00000
    -122.30         0.00000
    -122.14         0.00000
    -122.00         0.00000
    -121.85         0.00000
    -121.69         0.00000
    -121.55         0.00000
    -121.39         0.00000
    -121.25         0.00000
    -121.10         0.00000
    -120.94         0.00000
    -120.80         0.00000
    -120.64         0.00000
    -120.50         0.00000
    -120.35         0.00000
    -120.19         0.00000
    -120.05         0.00000
    -119.89         0.00000
    -119.75         0.00000
    -119.60         0.00000
    -119.44         0.00000
    -119.30         0.00000
    -119.14         0.00000
    -119.00         0.00000
    -118.85         0.00000
    -118.69         0.00000
    -118.55         0.00000
    -118.39         0.00000
    -118.25         0.00000
    -118.10         0.00000
    -117.94         0.00000
    -117.80         0.00000
    -117.64         0.00000
    -117.50         0.00000
    -117.35         0.00000
    -117.19         0.00000
    -117.05         0.00000
    -116.89         0.00000
    -116.75         0.00000
    -116.60         0.00000
    -116.44         0.00000
    -116.30         0.00000
    -116.14         0.00000
    -116.00         0.00000
    -115.85         0.00000
    -115.69         0.00000
    -115.55         0.00000
    -115.39         0.00000
    -115.25         0.00000
    -115.10         0.00000
    -114.94         0.00000
    -114.80         0.00000
    -114.64         0.00000
    -114.50         0.00000
    -114.35         0.00000
    -114.19         0.00000
    -114.05         0.00000
    -113.89         0.00000
    -113.75         0.00000
    -113.60         0.00000
    -113.44         0.00000
    -113.30         0.00000
    -113.14         0.00000
    -113.00         0.00000
    -112.85         0.00000
    -112.69         0.00000
    -112.55         0.00000
    -112.39         0.00000
    -112.25         0.00000
    -112.10         0.00000
    -111.94         0.00000
    -111.80         0.00000
    -111.64         0.00000
    -111.50         0.00000
    -111.35         0.00000
    -111.19         0.00000
    -111.05         0.00000
    -110.89         0.00000
    -110.75         0.00000
    -110.60         0.00000
    -110.44         0.00000
    -110.30         0.00000
    -110.14         0.00000
    -110.00         0.00000
    -109.85         0.00000
    -109.69         0.00000
    -109.55         0.00000
    -109.39         0.00000
    -109.25         0.00000
    -109.10         0.00000
    -108.94         0.00000
    -108.80         0.00000
    -108.64         0.00000
    -108.50         0.00000
    -108.35         0.00000
    -108.19         0.00000
    -108.05         0.00000
    -107.89         0.00000
    -107.75         0.00000
    -107.60         0.00000
    -107.44         0.00000
    -107.30         0.00000
    -107.14         0.00000
    -107.00         0.00000
    -106.85         0.00000
    -106.69         0.00000
    -106.55         0.00000
    -106.39         0.00000
    -106.25         0.00000
    -106.10         0.00000
    -105.94         0.00000
    -105.80         0.00000
    -105.64         0.00000
    -105.50         0.00000
    -105.35         0.00000
    -105.19         0.00000
    -105.05         0.00000
    -104.89         0.00000
    -104.75         0.00000
    -104.60         0.00000
    -104.44         0.00000
    -104.30         0.00000
    -104.14         0.00000
    -104.00         0.00000
    -103.85         0.00000
    -103.69         0.00000
    -103.55         0.00000
    -103.39         0.00000
    -103.25         0.00000
    -103.10         0.00000
    -102.94         0.00000
    -102.80         0.00000
    -102.64         0.00000
    -102.50         0.00000
    -102.35         0.00000
    -102.19         0.00000
    -102.05         0.00000
    -101.89         0.00000
    -101.75         0.00000
    -101.60         0.00000
    -101.44         0.00000
    -101.30         0.00000
    -101.14         0.00000
    -101.00         0.00000
    -100.85         0.00000
    -100.69         0.00000
    -100.55         0.00000
    -100.39         0.00000
    -100.25         0.00000
    -100.10         0.00000
    -99.945         0.00000
    -99.795         0.00000
    -99.645         0.00000
    -99.495         0.00000
    -99.345         0.00000
    -99.195         0.00000
    -99.045         0.00000
    -98.895         0.00000
    -98.745         0.00000
    -98.595         0.00000
    -98.445         0.00000
    -98.295         0.00000
    -98.145         0.00000
    -97.995         0.00000
    -97.845         0.00000
    -97.695         0.00000
    -97.545         0.00000
    -97.395         0.00000
    -97.245         0.00000
    -97.095         0.00000
    -96.945         0.00000
    -96.795         0.00000
    -96.645         0.00000
    -96.495         0.00000
    -96.345         0.00000
    -96.195         0.00000
    -96.045         0.00000
    -95.895         0.00000
    -95.745         0.00000
    -95.595         0.00000
    -95.445         0.00000
    -95.295         0.00000
    -95.145         0.00000
    -94.995         0.00000
    -94.845         0.00000
    -94.695         0.00000
    -94.545         0.00000
    -94.395         0.00000
    -94.245         0.00000
    -94.095         0.00000
    -93.945         0.00000
    -93.795         0.00000
    -93.645         0.00000
    -93.495         0.00000
    -93.345         0.00000
    -93.195         0.00000
    -93.045         0.00000
    -92.895         0.00000
    -92.745         0.00000
    -92.595         0.00000
    -92.445         0.00000
    -92.295         0.00000
    -92.145         0.00000
    -91.995         0.00000
    -91.845         0.00000
    -91.695         0.00000
    -91.545         0.00000
    -91.395         0.00000
    -91.245         0.00000
    -91.095         0.00000
    -90.945         0.00000
    -90.795         0.00000
    -90.645         0.00000
    -90.495         0.00000
    -90.345         0.00000
    -90.195         0.00000
    -90.045         0.00000
    -89.895         0.00000
    -89.745         0.00000
    -89.595         0.00000
    -89.445         0.00000
    -89.295         0.00000
    -89.145         0.00000
    -88.995         0.00000
    -88.845         0.00000
    -88.695         0.00000
    -88.545         0.00000
    -88.395         0.00000
    -88.245         0.00000
    -88.095         0.00000
    -87.945         0.00000
    -87.795         0.00000
    -87.645         0.00000
    -87.495         0.00000
    -87.345         0.00000
    -87.195         0.00000
    -87.045         0.00000
    -86.895         0.00000
    -86.745         0.00000
    -86.595         0.00000
    -86.445         0.00000
    -86.295         0.00000
    -86.145         0.00000
    -85.995         0.00000
    -85.845         0.00000
    -85.695         0.00000
    -85.545         0.00000
    -85.395         0.00000
    -85.245         0.00000
    -85.095         0.00000
    -84.945         0.00000
    -84.795         0.00000
    -84.645         0.00000
    -84.495         0.00000
    -84.345         0.00000
    -84.195         0.00000
    -84.045         0.00000
    -83.895         0.00000
    -83.745         0.00000
    -83.595         0.00000
    -83.445         0.00000
    -83.295         0.00000
    -83.145         0.00000
    -82.995         0.00000
    -82.845         0.00000
    -82.695         0.00000
    -82.545         0.00000
    -82.395         0.00000
    -82.245         0.00000
    -82.095         0.00000
    -81.945         0.00000
    -81.795         0.00000
    -81.645         0.00000
    -81.495         0.00000
    -81.345         0.00000
    -81.195         0.00000
    -81.045         0.00000
    -80.895         0.00000
    -80.745         0.00000
    -80.595         0.00000
    -80.445         0.00000
    -80.295         0.00000
    -80.145         0.00000
    -79.995         0.00000
    -79.845         0.00000
    -79.695         0.00000
    -79.545         0.00000
    -79.395         0.00000
    -79.245         0.00000
    -79.095         0.00000
    -78.945         0.00000
    -78.795         0.00000
    -78.645         0.00000
    -78.495         0.00000
    -78.345         0.00000
    -78.195         0.00000
    -78.045         0.00000
    -77.895         0.00000
    -77.745         0.00000
    -77.595         0.00000
    -77.445         0.00000
    -77.295         0.00000
    -77.145         0.00000
    -76.995         0.00000
    -76.845         0.00000
    -76.695         0.00000
    -76.545         0.00000
    -76.395         0.00000
    -76.245         0.00000
    -76.095         0.00000
    -75.945         0.00000
    -75.795         0.00000
    -75.645         0.00000
    -75.495         0.00000
    -75.345         0.00000
    -75.195         0.00000
    -75.045         0.00000
    -74.895         0.00000
    -74.745         0.00000
    -74.595         0.00000
    -74.445         0.00000
    -74.295         0.00000
    -74.145         0.00000
    -73.995         0.00000
    -73.845         0.00000
    -73.695         0.00000
    -73.545         0.00000
    -73.395         0.00000
    -73.245         0.00000
    -73.095         0.00000
    -72.945         0.00000
    -72.795         0.00000
    -72.645         0.00000
    -72.495         0.00000
    -72.345         0.00000
    -72.195         0.00000
    -72.045         0.00000
    -71.895         0.00000
    -71.745         0.00000
    -71.595         0.00000
    -71.445         0.00000
    -71.295         0.00000
    -71.145         0.00000
    -70.995         0.00000
    -70.845         0.00000
    -70.695         0.00000
    -70.545         0.00000
    -70.395         0.00000
    -70.245         0.00000
    -70.095         0.00000
    -69.945         0.00000
    -69.795         0.00000
    -69.645         0.00000
    -69.495         0.00000
    -69.345         0.00000
    -69.195         0.00000
    -69.045         0.00000
    -68.895         0.00000
    -68.745         0.00000
    -68.595         0.00000
    -68.445         0.00000
    -68.295         0.00000
    -68.145         0.00000
    -67.995         0.00000
    -67.845         0.00000
    -67.695         0.00000
    -67.545         0.00000
    -67.395         0.00000
    -67.245         0.00000
    -67.095         0.00000
    -66.945         0.00000
    -66.795         0.00000
    -66.645         0.00000
    -66.495         0.00000
    -66.345         0.00000
    -66.195         0.00000
    -66.045         0.00000
    -65.895         0.00000
    -65.745         0.00000
    -65.595         0.00000
    -65.445         0.00000
    -65.295         0.00000
    -65.145         0.00000
    -64.995         0.00000
    -64.845         0.00000
    -64.695         0.00000
    -64.545         0.00000
    -64.395         0.00000
    -64.245         0.00000
    -64.095         0.00000
    -63.945         0.00000
    -63.795         0.00000
    -63.645         0.00000
    -63.495         0.00000
    -63.345         0.00000
    -63.195         0.00000
    -63.045         0.00000
    -62.895         0.00000
    -62.745         0.00000
    -62.595         0.00000
    -62.445         0.00000
    -62.295         0.00000
    -62.145         0.00000
    -61.995         0.00000
    -61.845         0.00000
    -61.695         0.00000
    -61.545         0.00000
    -61.395         0.00000
    -61.245         0.00000
    -61.095         0.00000
    -60.945         0.00000
    -60.795         0.00000
    -60.645         0.00000
    -60.495         0.00000
    -60.345         0.00000
    -60.195         0.00000
    -60.045         0.00000
    -59.895         0.00000
    -59.745         0.00000
    -59.595         0.00000
    -59.445         0.00000
    -59.295         0.00000
    -59.145         0.00000
    -58.995         0.00000
    -58.845         0.00000
    -58.695         0.00000
    -58.545         0.00000
    -58.395         0.00000
    -58.245         0.00000
    -58.095         0.00000
    -57.945         0.00000
    -57.795         0.00000
    -57.645         0.00000
    -57.495         0.00000
    -57.345         0.00000
    -57.195         0.00000
    -57.045         0.00000
    -56.895         0.00000
    -56.745         0.00000
    -56.595         0.00000
    -56.445         0.00000
    -56.295         0.00000
    -56.145         0.00000
    -55.995         0.00000
    -55.845         0.00000
    -55.695         0.00000
    -55.545         0.00000
    -55.395         0.00000
    -55.245         0.00000
    -55.095         0.00000
    -54.945         0.00000
    -54.795         0.00000
    -54.645         0.00000
    -54.495         0.00000
    -54.345         0.00000
    -54.195         0.00000
    -54.045         0.00000
    -53.895         0.00000
    -53.745         0.00000
    -53.595         0.00000
    -53.445         0.00000
    -53.295         0.00000
    -53.145         0.00000
    -52.995         0.00000
    -52.845         0.00000
    -52.695         0.00000
    -52.545         0.00000
    -52.395         0.00000
    -52.245         0.00000
    -52.095         0.00000
    -51.945         0.00000
    -51.795         0.00000
    -51.645         0.00000
    -51.495         0.00000
    -51.345         0.00000
    -51.195         0.00000
    -51.045         0.00000
    -50.895         0.00000
    -50.745         0.00000
    -50.595         0.00000
    -50.445         0.00000
    -50.295         0.00000
    -50.145         0.00000
    -49.995         0.00000
    -49.845         0.00000
    -49.695         0.00000
    -49.545         0.00000
    -49.395         0.00000
    -49.245         0.00000
    -49.095         0.00000
    -48.945         0.00000
    -48.795         0.00000
    -48.645         0.00000
    -48.495         0.00000
    -48.345         0.00000
    -48.195         0.00000
    -48.045         0.00000
    -47.895         0.00000
    -47.745         0.00000
    -47.595         0.00000
    -47.445         0.00000
    -47.295         0.00000
    -47.145         0.00000
    -46.995         0.00000
    -46.845         0.00000
    -46.695         0.00000
    -46.545         0.00000
    -46.395         0.00000
    -46.245         0.00000
    -46.095         0.00000
    -45.945         0.00000
    -45.795         0.00000
    -45.645         0.00000
    -45.495         0.00000
    -45.345         0.00000
    -45.195         0.00000
    -45.045         0.00000
    -44.895         0.00000
    -44.745         0.00000
    -44.595         0.00000
    -44.445         0.00000
    -44.295         0.00000
    -44.145         0.00000
    -43.995         0.00000
    -43.845         0.00000
    -43.695         0.00000
    -43.545         0.00000
    -43.395         0.00000
    -43.245         0.00000
    -43.095         0.00000
    -42.945         0.00000
    -42.795         0.00000
    -42.645         0.00000
    -42.495         0.00000
    -42.345         0.00000
    -42.195         0.00000
    -42.045         0.00000
    -41.895         0.00000
    -41.745         0.00000
    -41.595         0.00000
    -41.445         0.00000
    -41.295         0.00000
    -41.145         0.00000
    -40.995         0.00000
    -40.845         0.00000
    -40.695         0.00000
    -40.545         0.00000
    -40.395         0.00000
    -40.245         0.00000
    -40.095         0.00000
    -39.945         0.00000
    -39.795         0.00000
    -39.645         0.00000
    -39.495         0.00000
    -39.345         0.00000
    -39.195         0.00000
    -39.045         0.00000
    -38.895         0.00000
    -38.745         0.00000
    -38.595         0.00000
    -38.445         0.00000
    -38.295         0.00000
    -38.145         0.00000
    -37.995         0.00000
    -37.845         0.00000
    -37.695         0.00000
    -37.545         0.00000
    -37.395         0.00000
    -37.245         0.00000
    -37.095         0.00000
    -36.945         0.00000
    -36.795         0.00000
    -36.645         0.00000
    -36.495         0.00000
    -36.345         0.00000
    -36.195         0.00000
    -36.045         0.00000
    -35.895         0.00000
    -35.745         0.00000
    -35.595         0.00000
    -35.445         0.00000
    -35.295         0.00000
    -35.145         0.00000
    -34.995         0.00000
    -34.845         0.00000
    -34.695         0.00000
    -34.545         0.00000
    -34.395         0.00000
    -34.245         0.00000
    -34.095         0.00000
    -33.945         0.00000
    -33.795         0.00000
    -33.645         0.00000
    -33.495         0.00000
    -33.345         0.00000
    -33.195         0.00000
    -33.045         0.00000
    -32.895         0.00000
    -32.745         0.00000
    -32.595         0.00000
    -32.445         0.00000
    -32.295         0.00000
    -32.145         0.00000
    -31.995         0.00000
    -31.845         0.00000
    -31.695         0.00000
    -31.545         0.00000
    -31.395         0.00000
    -31.245         0.00000
    -31.095         0.00000
    -30.945         0.00000
    -30.795         0.00000
    -30.645         0.00000
    -30.495         0.00000
    -30.345         0.00000
    -30.195         0.00000
    -30.045         0.00000
    -29.895         0.00000
    -29.745         0.00000
    -29.595         0.00000
    -29.445         0.00000
    -29.295         0.00000
    -29.145         0.00000
    -28.995         0.00000
    -28.845         0.00000
    -28.695         0.00000
    -28.545         0.00000
    -28.395         0.00000
    -28.245         0.00000
    -28.095         0.00000
    -27.945         0.00000
    -27.795         0.00000
    -27.645         0.00000
    -27.495         0.00000
    -27.345         0.00000
    -27.195         0.00000
    -27.045         0.00000
    -26.895         0.00000
    -26.745         0.00000
    -26.595         0.00000
    -26.445         0.00000
    -26.295         0.00000
    -26.145         0.00000
    -25.995         0.00000
    -25.845         0.00000
    -25.695         0.00000
    -25.545         0.00000
    -25.395         0.00000
    -25.245         0.00000
    -25.095         0.00000
    -24.945         0.00000
    -24.795         0.00000
    -24.645         0.00000
    -24.495         0.00000
    -24.345         0.00000
    -24.195         0.00000
    -24.045         0.00000
    -23.895         0.00000
    -23.745         0.00000
    -23.595         0.00000
    -23.445         0.00000
    -23.295         0.00000
    -23.145         0.00000
    -22.995         0.00000
    -22.845         0.00000
    -22.695         0.00000
    -22.545         0.00000
    -22.395         0.00000
    -22.245         0.00000
    -22.095         0.00000
    -21.945         0.00000
    -21.795         0.00000
    -21.645         0.00000
    -21.495         0.00000
    -21.345         0.00000
    -21.195         0.00000
    -21.045         0.00000
    -20.895         0.00000
    -20.745         0.00000
    -20.595         0.00000
    -20.445         0.00000
    -20.295         0.00000
    -20.145         0.00000
    -19.995         0.00000
    -19.845         0.00000
    -19.695         0.00000
    -19.545         0.00000
    -19.395         0.00000
    -19.245         0.00000
    -19.095         0.00000
    -18.945         0.00000
    -18.795         0.00000
    -18.645         0.00000
    -18.495         0.00000
    -18.345         0.00000
    -18.195         0.00000
    -18.045         0.00000
    -17.895         0.00000
    -17.745         0.00000
    -17.595         0.00000
    -17.445         0.00000
    -17.295         0.00000
    -17.145         0.00000
    -16.995         0.00000
    -16.845         0.00000
    -16.695         0.00000
    -16.545         0.00000
    -16.395         0.00000
    -16.245         0.00000
    -16.095         0.00000
    -15.945         0.00000
    -15.795         0.00000
    -15.645         0.00000
    -15.495         0.00000
    -15.345         0.00000
    -15.195         0.00000
    -15.045        -0.00108
    -14.895        -0.00359
    -14.745        -0.02385
    -14.595        -0.09851
    -14.445        -0.21835
    -14.295        -0.37887
    -14.145        -0.63554
    -13.995        -0.92085
    -13.845        -1.27677
    -13.695        -1.69116
    -13.545        -2.20859
    -13.395        -2.75371
    -13.245        -3.35847
    -13.095        -3.92658
    -12.945        -4.49313
    -12.795        -5.10663
    -12.645        -5.68194
    -12.495        -6.31281
    -12.345        -6.91921
    -12.195        -7.60254
    -12.045        -8.25064
    -11.895        -8.91954
    -11.745        -9.56383
    -11.595       -10.16667
    -11.445       -10.72738
    -11.295       -11.30100
    -11.145       -11.82731
    -10.995       -12.35565
    -10.845       -12.85804
    -10.695       -13.35507
    -10.545       -13.85138
    -10.395       -14.31150
    -10.245       -14.77547
    -10.095       -15.26116
    -9.9450       -15.74127
    -9.7950       -16.22198
    -9.6450       -16.66490
    -9.4950       -17.17468
    -9.3450       -17.68402
    -9.1950       -18.21717
    -9.0450       -18.72877
    -8.8950       -19.29626
    -8.7450       -19.84522
    -8.5950       -20.46033
    -8.4450       -21.09005
    -8.2950       -21.76239
    -8.1450       -22.44955
    -7.9950       -23.17059
    -7.8450       -23.91313
    -7.6950       -24.71990
    -7.5450       -25.53731
    -7.3950       -26.37701
    -7.2450       -27.25493
    -7.0950       -28.10108
    -6.9450       -29.03293
    -6.7950       -29.96792
    -6.6450       -30.94003
    -6.4950       -31.99131
    -6.3450       -33.04408
    -6.1950       -34.11807
    -6.0450       -35.15718
    -5.8950       -36.20219
    -5.7450       -37.25651
    -5.5950       -38.29200
    -5.4450       -39.33589
    -5.2950       -40.35052
    -5.1450       -41.42131
    -4.9950       -42.50648
    -4.8450       -43.58998
    -4.6950       -44.71038
    -4.5450       -45.83380
    -4.3950       -46.95431
    -4.2450       -48.10314
    -4.0950       -49.29290
    -3.9450       -50.54433
    -3.7950       -51.83065
    -3.6450       -53.11239
    -3.4950       -54.48523
    -3.3450       -55.90810
    -3.1950       -57.35347
    -3.0450       -58.83858
    -2.8950       -60.41131
    -2.7450       -62.02107
    -2.5950       -63.75833
    -2.4450       -65.59926
    -2.2950       -67.61000
    -2.1450       -69.80866
    -1.9950       -72.27639
    -1.8450       -75.08758
    -1.6950       -78.34749
    -1.5450       -82.08964
    -1.3950       -86.29002
    -1.2450       -90.90085
    -1.0950       -95.84408
   -0.94500      -101.09428
   -0.79500      -106.62621
   -0.64500      -112.48667
   -0.49500      -118.87367
   -0.34500      -126.51418
   -0.22700      -129.55911
   -0.21300      -129.94486
   -0.20700      -130.33432
   -0.20100      -130.73345
   -0.19500      -131.13756
   -0.18900      -131.54678
   -0.18300      -131.96666
   -0.17700      -132.39371
   -0.17100      -132.83073
   -0.16500      -133.27462
   -0.15900      -133.73031
   -0.15300      -134.19903
   -0.14700      -134.67092
   -0.14100      -135.16052
   -0.13500      -135.66278
   -0.12900      -136.18347
   -0.12300      -136.71375
   -0.11700      -137.26125
   -0.11100      -137.82751
   -0.10500      -138.41586
   -0.99000E-01  -139.02341
   -0.93000E-01  -139.65592
   -0.87000E-01  -140.32053
   -0.81000E-01  -141.01723
   -0.75000E-01  -141.74971
   -0.69000E-01  -142.52396
   -0.63000E-01  -143.35414
   -0.57000E-01  -144.24794
   -0.51000E-01  -145.21907
   -0.45000E-01  -146.28803
   -0.39000E-01  -147.48989
   -0.33000E-01  -148.86896
   -0.27000E-01  -150.50580
   -0.21300E-01  -151.84262
   -0.19500E-01  -152.05880
   -0.18900E-01  -152.28175
   -0.18300E-01  -152.51047
   -0.17700E-01  -152.74741
   -0.17100E-01  -152.99253
   -0.16500E-01  -153.24573
   -0.15900E-01  -153.50785
   -0.15300E-01  -153.78045
   -0.14700E-01  -154.06488
   -0.14100E-01  -154.36217
   -0.13500E-01  -154.67330
   -0.12900E-01  -154.99981
   -0.12300E-01  -155.34381
   -0.11700E-01  -155.70843
   -0.11100E-01  -156.09581
   -0.10500E-01  -156.50894
   -0.99000E-02  -156.94898
   -0.93000E-02  -157.41970
   -0.87000E-02  -157.92225
   -0.81000E-02  -158.46111
   -0.75000E-02  -159.03948
   -0.69000E-02  -159.66093
   -0.63000E-02  -160.32660
   -0.57000E-02  -161.04103
   -0.51000E-02  -161.80759
   -0.45000E-02  -162.63078
   -0.39000E-02  -163.52274
   -0.33000E-02  -164.49257
   -0.27000E-02  -165.52218
   -0.21000E-02  -166.55577
   -0.15000E-02  -167.43559
   -0.90000E-03  -168.07927
   -0.30000E-03  -168.45443
    0.30000E-03  -168.43271
    0.90000E-03  -167.93915
    0.15000E-02  -167.06405
    0.21000E-02  -166.03353
    0.27000E-02  -165.00661
    0.33000E-02  -164.03852
    0.39000E-02  -163.14884
    0.45000E-02  -162.32685
    0.51000E-02  -161.56139
    0.57000E-02  -160.84798
    0.63000E-02  -160.18377
    0.69000E-02  -159.56310
    0.75000E-02  -158.98545
    0.81000E-02  -158.44708
    0.87000E-02  -157.94555
    0.93000E-02  -157.47591
    0.99000E-02  -157.03719
    0.10500E-01  -156.62561
    0.11100E-01  -156.24003
    0.11700E-01  -155.87800
    0.12300E-01  -155.53600
    0.12900E-01  -155.21133
    0.13500E-01  -154.90280
    0.14100E-01  -154.60858
    0.14700E-01  -154.32752
    0.15300E-01  -154.05701
    0.15900E-01  -153.79632
    0.16500E-01  -153.54574
    0.17100E-01  -153.30391
    0.17700E-01  -153.06896
    0.18300E-01  -152.84187
    0.18900E-01  -152.62193
    0.19500E-01  -152.40789
    0.21300E-01  -151.09374
    0.27000E-01  -149.48869
    0.33000E-01  -148.15149
    0.39000E-01  -147.00351
    0.45000E-01  -145.99226
    0.51000E-01  -145.08641
    0.57000E-01  -144.26899
    0.63000E-01  -143.51503
    0.69000E-01  -142.82208
    0.75000E-01  -142.17813
    0.81000E-01  -141.57402
    0.87000E-01  -141.00998
    0.93000E-01  -140.48087
    0.99000E-01  -139.98058
    0.10500      -139.50666
    0.11100      -139.05547
    0.11700      -138.63277
    0.12300      -138.22615
    0.12900      -137.83751
    0.13500      -137.46593
    0.14100      -137.11128
    0.14700      -136.76882
    0.15300      -136.43981
    0.15900      -136.12046
    0.16500      -135.81497
    0.17100      -135.52596
    0.17700      -135.24206
    0.18300      -134.96577
    0.18900      -134.69940
    0.19500      -134.44067
    0.20100      -134.19163
    0.20700      -133.94739
    0.21300      -133.71083
    0.22700      -131.94922
    0.34500      -128.26570
    0.49500      -125.93285
    0.64500      -124.18557
    0.79500      -122.70514
    0.94500      -121.42226
     1.0950      -120.26204
     1.2450      -119.19873
     1.3950      -118.23499
     1.5450      -117.35165
     1.6950      -116.53844
     1.8450      -115.81331
     1.9950      -115.13477
     2.1450      -114.50105
     2.2950      -113.92511
     2.4450      -113.40474
     2.5950      -112.89191
     2.7450      -112.41323
     2.8950      -111.97741
     3.0450      -111.59779
     3.1950      -111.22401
     3.3450      -110.86741
     3.4950      -110.54028
     3.6450      -110.24382
     3.7950      -109.96000
     3.9450      -109.66945
     4.0950      -109.43098
     4.2450      -109.20802
     4.3950      -108.98690
     4.5450      -108.76828
     4.6950      -108.55644
     4.8450      -108.37164
     4.9950      -108.18360
     5.1450      -108.01514
     5.2950      -107.85130
     5.4450      -107.68290
     5.5950      -107.52408
     5.7450      -107.36676
     5.8950      -107.20829
     6.0450      -107.06489
     6.1950      -106.92482
     6.3450      -106.79037
     6.4950      -106.65097
     6.6450      -106.51774
     6.7950      -106.39330
     6.9450      -106.26892
     7.0950      -106.14949
     7.2450      -106.02917
     7.3950      -105.91003
     7.5450      -105.79850
     7.6950      -105.68876
     7.8450      -105.58206
     7.9950      -105.47649
     8.1450      -105.37295
     8.2950      -105.26293
     8.4450      -105.16066
     8.5950      -105.06072
     8.7450      -104.96085
     8.8950      -104.86685
     9.0450      -104.77074
     9.1950      -104.67346
     9.3450      -104.58127
     9.4950      -104.48533
     9.6450      -104.39732
     9.7950      -104.30955
     9.9450      -104.22002
     10.095      -104.13553
     10.245      -104.04716
     10.395      -103.96070
     10.545      -103.87428
     10.695      -103.79624
     10.845      -103.70998
     10.995      -103.63403
     11.145      -103.55182
     11.295      -103.47430
     11.445      -103.39766
     11.595      -103.31769
     11.745      -103.23877
     11.895      -103.16025
     12.045      -103.08297
     12.195      -103.00987
     12.345      -102.93951
     12.495      -102.86970
     12.645      -102.79863
     12.795      -102.72823
     12.945      -102.65802
     13.095      -102.59124
     13.245      -102.52492
     13.395      -102.45974
     13.545      -102.39525
     13.695      -102.33002
     13.845      -102.26639
     13.995      -102.20037
     14.145      -102.13673
     14.295      -102.07567
     14.445      -102.01483
     14.595      -101.95460
     14.745      -101.89512
     14.895      -101.83457
     15.045      -101.77432
     15.195      -101.71490
     15.345      -101.65674
     15.495      -101.59919
     15.645      -101.54409
     15.795      -101.48991
     15.945      -101.43417
     16.095      -101.38156
     16.245      -101.32865
     16.395      -101.27345
     16.545      -101.21845
     16.695      -101.16333
     16.845      -101.10934
     16.995      -101.05535
     17.145      -101.00294
     17.295      -100.95226
     17.445      -100.90221
     17.595      -100.84776
     17.745      -100.79855
     17.895      -100.74768
     18.045      -100.69564
     18.195      -100.64561
     18.345      -100.59553
     18.495      -100.54567
     18.645      -100.49826
     18.795      -100.45125
     18.945      -100.40493
     19.095      -100.36068
     19.245      -100.31474
     19.395      -100.27068
     19.545      -100.22744
     19.695      -100.18096
     19.845      -100.13418
     19.995      -100.08693
     20.145      -100.04488
     20.295      -100.00137
     20.445       -99.95870
     20.595       -99.91628
     20.745       -99.87373
     20.895       -99.82751
     21.045       -99.78391
     21.195       -99.74184
     21.345       -99.70122
     21.495       -99.66018
     21.645       -99.61861
     21.795       -99.57986
     21.945       -99.53850
     22.095       -99.49590
     22.245       -99.45584
     22.395       -99.41342
     22.545       -99.37359
     22.695       -99.33146
     22.845       -99.29016
     22.995       -99.25102
     23.145       -99.21306
     23.295       -99.17552
     23.445       -99.13971
     23.595       -99.10153
     23.745       -99.06559
     23.895       -99.02901
     24.045       -98.99077
     24.195       -98.95390
     24.345       -98.91573
     24.495       -98.88072
     24.645       -98.84460
     24.795       -98.80848
     24.945       -98.77179
     25.095       -98.73373
     25.245       -98.69944
     25.395       -98.66314
     25.545       -98.62788
     25.695       -98.59383
     25.845       -98.55864
     25.995       -98.52399
     26.145       -98.48969
     26.295       -98.45647
     26.445       -98.42070
     26.595       -98.38742
     26.745       -98.35426
     26.895       -98.32127
     27.045       -98.28727
     27.195       -98.25215
     27.345       -98.21790
     27.495       -98.18696
     27.645       -98.15558
     27.795       -98.12327
     27.945       -98.09279
     28.095       -98.06217
     28.245       -98.02874
     28.395       -97.99699
     28.545       -97.96605
     28.695       -97.93477
     28.845       -97.90321
     28.995       -97.87290
     29.145       -97.84325
     29.295       -97.81285
     29.445       -97.78108
     29.595       -97.75102
     29.745       -97.72028
     29.895       -97.69048
     30.045       -97.66174
     30.195       -97.63135
     30.345       -97.60246
     30.495       -97.57406
     30.645       -97.54671
     30.795       -97.51687
     30.945       -97.48727
     31.095       -97.45744
     31.245       -97.42814
     31.395       -97.40102
     31.545       -97.37320
     31.695       -97.34538
     31.845       -97.31531
     31.995       -97.28728
     32.145       -97.26071
     32.295       -97.23151
     32.445       -97.20360
     32.595       -97.17620
     32.745       -97.14834
     32.895       -97.12207
     33.045       -97.09426
     33.195       -97.06721
     33.345       -97.04044
     33.495       -97.01555
     33.645       -96.99019
     33.795       -96.96384
     33.945       -96.93733
     34.095       -96.91137
     34.245       -96.88673
     34.395       -96.86022
     34.545       -96.83564
     34.695       -96.81116
     34.845       -96.78406
     34.995       -96.75918
     35.145       -96.73466
     35.295       -96.70847
     35.445       -96.68275
     35.595       -96.65802
     35.745       -96.63260
     35.895       -96.60779
     36.045       -96.58204
     36.195       -96.55733
     36.345       -96.53340
     36.495       -96.50998
     36.645       -96.48539
     36.795       -96.46169
     36.945       -96.43880
     37.095       -96.41539
     37.245       -96.39019
     37.395       -96.36681
     37.545       -96.34402
     37.695       -96.32112
     37.845       -96.29744
     37.995       -96.27330
     38.145       -96.24964
     38.295       -96.22777
     38.445       -96.20532
     38.595       -96.18024
     38.745       -96.15775
     38.895       -96.13407
     39.045       -96.11114
     39.195       -96.08766
     39.345       -96.06519
     39.495       -96.04160
     39.645       -96.01942
     39.795       -95.99568
     39.945       -95.97289
     40.095       -95.95107
     40.245       -95.92816
     40.395       -95.90624
     40.545       -95.88369
     40.695       -95.86203
     40.845       -95.84018
     40.995       -95.81897
     41.145       -95.79751
     41.295       -95.77685
     41.445       -95.75578
     41.595       -95.73564
     41.745       -95.71492
     41.895       -95.69369
     42.045       -95.67257
     42.195       -95.65158
     42.345       -95.63009
     42.495       -95.60899
     42.645       -95.58886
     42.795       -95.56852
     42.945       -95.54804
     43.095       -95.52774
     43.245       -95.50672
     43.395       -95.48652
     43.545       -95.46572
     43.695       -95.44615
     43.845       -95.42375
     43.995       -95.40313
     44.145       -95.38291
     44.295       -95.36178
     44.445       -95.34129
     44.595       -95.32157
     44.745       -95.30304
     44.895       -95.28301
     45.045       -95.26382
     45.195       -95.24417
     45.345       -95.22496
     45.495       -95.20601
     45.645       -95.18714
     45.795       -95.16813
     45.945       -95.14830
     46.095       -95.12792
     46.245       -95.10835
     46.395       -95.08902
     46.545       -95.06990
     46.695       -95.05131
     46.845       -95.03224
     46.995       -95.01418
     47.145       -94.99475
     47.295       -94.97696
     47.445       -94.95816
     47.595       -94.93912
     47.745       -94.92153
     47.895       -94.90296
     48.045       -94.88459
     48.195       -94.86549
     48.345       -94.84864
     48.495       -94.83029
     48.645       -94.81319
     48.795       -94.79407
     48.945       -94.77492
     49.095       -94.75701
     49.245       -94.74060
     49.395       -94.72175
     49.545       -94.70465
     49.695       -94.68696
     49.845       -94.67025
     49.995       -94.65207
     50.145       -94.63462
     50.295       -94.61811
     50.445       -94.59955
     50.595       -94.58256
     50.745       -94.56391
     50.895       -94.54684
     51.045       -94.52984
     51.195       -94.51197
     51.345       -94.49395
     51.495       -94.47586
     51.645       -94.45903
     51.795       -94.44057
     51.945       -94.42417
     52.095       -94.40627
     52.245       -94.38942
     52.395       -94.37178
     52.545       -94.35582
     52.695       -94.33854
     52.845       -94.32137
     52.995       -94.30420
     53.145       -94.28778
     53.295       -94.27032
     53.445       -94.25401
     53.595       -94.23765
     53.745       -94.22076
     53.895       -94.20517
     54.045       -94.18784
     54.195       -94.17130
     54.345       -94.15416
     54.495       -94.13829
     54.645       -94.12291
     54.795       -94.10577
     54.945       -94.08946
     55.095       -94.07404
     59.433       -92.79007
     80.646       -90.89690
     111.21       -89.01958
     153.36       -87.17806
     211.49       -85.34837
     291.64       -83.55361
     402.18       -81.78414
     554.60       -80.02769
     764.80       -78.29784
     1054.7       -76.60870
     1454.4       -74.96023
     2005.6       -73.34965
     2765.8       -71.77697
     3814.0       -70.23996
     5259.5       -68.73356
     7252.9       -67.25288
     10002.       -65.81354
     13793.       -64.40595
     19020.       -63.03582
     26229.       -61.70600
     36170.       -60.42598
     49878.       -59.19369
     68782.       -58.01630
     94851.       -56.88205
    0.13080E+06   -55.79637
    0.18038E+06   -54.76012
    0.24874E+06   -53.77352
    0.34301E+06   -52.83309
    0.47302E+06   -51.93179
    0.65229E+06   -51.06992
    0.89952E+06   -50.25463
    0.12404E+07   -49.47625
    0.17106E+07   -48.73208
    0.23589E+07   -48.02312
    0.32529E+07   -47.34648
    0.44858E+07   -46.70134
    0.61860E+07   -46.08794
    0.85305E+07   -45.50531
    0.11764E+08   -44.94658
    0.16222E+08   -44.41810
    0.22370E+08   -43.91769
    0.30849E+08   -43.44096
    0.42541E+08   -42.98959
    0.58664E+08   -42.56803
    0.80898E+08   -42.17017
    0.11156E+09   -41.80026
    0.15384E+09   -41.45618
    0.21215E+09   -41.13651
    0.29255E+09   -40.83475
    0.40343E+09   -40.55372
    0.55633E+09   -40.29205
    0.76719E+09   -40.05224
    0.10580E+10   -39.83315
    0.14589E+10   -39.63374
    0.20119E+10   -39.44872
    0.27744E+10   -39.27606
    0.38259E+10   -39.11907
    0.52760E+10   -38.97486
    0.72756E+10   -38.83928
    0.10033E+11   -38.71587
    0.13836E+11   -38.60159
    0.19079E+11   -38.49627
    0.26311E+11   -38.39819
    0.36283E+11   -38.30822
    0.50034E+11   -38.22559
    0.68997E+11   -38.14878
    0.10000E+12   -37.22605
