    -29.945        1     0.00000
    -29.795        1     0.00000
    -29.645        1     0.00000
    -29.495        1     0.00000
    -29.345        1     0.00000
    -29.195        1     0.00000
    -29.045        1     0.00000
    -28.895        1     0.00000
    -28.745        1     0.00000
    -28.595        1     0.00000
    -28.445        1     0.00000
    -28.295        1     0.00000
    -28.145        1     0.00000
    -27.995        1     0.00000
    -27.845        1     0.00000
    -27.695        1     0.00000
    -27.545        1     0.00000
    -27.395        1     0.00000
    -27.245        1     0.00000
    -27.095        1     0.00000
    -26.945        1     0.00000
    -26.795        1     0.00000
    -26.645        1     0.00000
    -26.495        1     0.00000
    -26.345        1     0.00000
    -26.195        1     0.00000
    -26.045        1     0.00000
    -25.895        1     0.00000
    -25.745        1     0.00000
    -25.595        1     0.00000
    -25.445        1     0.00000
    -25.295        1     0.00000
    -25.145        1     0.00000
    -24.995        1     0.00000
    -24.845        1     0.00000
    -24.695        1     0.00000
    -24.545        1     0.00000
    -24.395        1     0.00000
    -24.245        1     0.00000
    -24.095        1     0.00000
    -23.945        1     0.00000
    -23.795        1     0.00000
    -23.645        1     0.00000
    -23.495        1     0.00000
    -23.345        1     0.00000
    -23.195        1     0.00000
    -23.045        1     0.00000
    -22.895        1     0.00000
    -22.745        1     0.00000
    -22.595        1     0.00000
    -22.445        1     0.00000
    -22.295        1     0.00000
    -22.145        1     0.00000
    -21.995        1     0.00000
    -21.845        1     0.00000
    -21.695        1     0.00000
    -21.545        1     0.00000
    -21.395        1     0.00000
    -21.245        1     0.00000
    -21.095        1     0.00000
    -20.945        1     0.00000
    -20.795        1     0.00000
    -20.645        1     0.00000
    -20.495        1     0.00000
    -20.345        1     0.00000
    -20.195        1     0.00000
    -20.045        1     0.00000
    -19.895        1     0.00000
    -19.745        1     0.00000
    -19.595        1     0.00000
    -19.445        1     0.00000
    -19.295        1     0.00000
    -19.145        1     0.00000
    -18.995        1     0.00000
    -18.845        1     0.00000
    -18.695        1     0.00000
    -18.545        1     0.00000
    -18.395        1     0.00000
    -18.245        1     0.00000
    -18.095        1     0.00000
    -17.945        1     0.00000
    -17.795        1     0.00000
    -17.645        1     0.00000
    -17.495        1     0.00000
    -17.345        1     0.00000
    -17.195        1     0.00000
    -17.045        1     0.00000
    -16.895        1     0.00000
    -16.745        1     0.00000
    -16.595        1     0.00000
    -16.445        1     0.00000
    -16.295        1     0.00000
    -16.145        1     0.00000
    -15.995        1     0.00000
    -15.845        1     0.00000
    -15.695        1     0.00000
    -15.545        1     0.00000
    -15.395        1     0.00000
    -15.245        1     0.00000
    -15.095        1     0.00000
    -14.945        1     0.00000
    -14.795        1     0.00000
    -14.645        1     0.00000
    -14.495        1     0.00000
    -14.345        1     0.00000
    -14.195        1     0.00000
    -14.045        1     0.00000
    -13.895        1     0.00000
    -13.745        1     0.00000
    -13.595        1     0.00000
    -13.445        1     0.00000
    -13.295        1     0.00000
    -13.145        1     0.00000
    -12.995        1     0.00000
    -12.845        1     0.00000
    -12.695        1     0.00000
    -12.545        1     0.00000
    -12.395        1     0.00000
    -12.245        1     0.00000
    -12.095        1     0.00000
    -11.945        1     0.00000
    -11.795        1     0.00000
    -11.645        1     0.00000
    -11.495        1     0.00000
    -11.345        1     0.00000
    -11.195        1     0.00000
    -11.045        1     0.00000
    -10.895        1     0.00000
    -10.745        1     0.00000
    -10.595        1     0.00000
    -10.445        1     0.00000
    -10.295        1     0.00000
    -10.145        1     0.00000
    -9.9950        1     0.00000
    -9.8450        1     0.00000
    -9.6950        1     0.00000
    -9.5450        1     0.00000
    -9.3950        1     0.00000
    -9.2450        1     0.00000
    -9.0950        1     0.00000
    -8.9450        1     0.00000
    -8.7950        1     0.00000
    -8.6450        1     0.00000
    -8.4950        1     0.00000
    -8.3450        1    -0.00277
    -8.1950        1    -0.01092
    -8.0450        1    -0.02325
    -7.8950        1    -0.03941
    -7.7450        1    -0.05734
    -7.5950        1    -0.07849
    -7.4450        1    -0.10384
    -7.2950        1    -0.14388
    -7.1450        1    -0.19639
    -6.9950        1    -0.28603
    -6.8450        1    -0.40971
    -6.6950        1    -0.56554
    -6.5450        1    -0.75037
    -6.3950        1    -0.96852
    -6.2450        1    -1.21278
    -6.0950        1    -1.48900
    -5.9450        1    -1.82032
    -5.7950        1    -2.20394
    -5.6450        1    -2.63276
    -5.4950        1    -3.07380
    -5.3450        1    -3.53675
    -5.1950        1    -4.01262
    -5.0450        1    -4.51629
    -4.8950        1    -5.04222
    -4.7450        1    -5.60383
    -4.5950        1    -6.20526
    -4.4450        1    -6.82846
    -4.2950        1    -7.48335
    -4.1450        1    -8.18449
    -3.9950        1    -8.95045
    -3.8450        1    -9.78971
    -3.6950        1   -10.73957
    -3.5450        1   -11.74646
    -3.3950        1   -12.81282
    -3.2450        1   -13.93137
    -3.0950        1   -15.10079
    -2.9450        1   -16.32409
    -2.7950        1   -17.59305
    -2.6450        1   -18.93083
    -2.4950        1   -20.35394
    -2.3450        1   -21.88988
    -2.1950        1   -23.56719
    -2.0450        1   -25.41114
    -1.8950        1   -27.46230
    -1.7450        1   -29.76113
    -1.5950        1   -32.38864
    -1.4450        1   -35.46744
    -1.2950        1   -39.16992
    -1.1450        1   -43.80120
   -0.99500        1   -49.90045
   -0.84500        1   -58.60651
   -0.69500        1   -72.93514
   -0.54500        1  -107.03208
   -0.39500        1  -207.56369
   -0.25300        1  -258.59007
   -0.21500        1  -260.21406
   -0.20900        1  -261.71668
   -0.20300        1  -263.10658
   -0.19700        1  -264.39308
   -0.19100        1  -265.57511
   -0.18500        1  -266.63141
   -0.17900        1  -267.58901
   -0.17300        1  -268.45965
   -0.16700        1  -269.25427
   -0.16100        1  -269.97949
   -0.15500        1  -270.64161
   -0.14900        1  -271.24521
   -0.14300        1  -271.79601
   -0.13700        1  -272.29843
   -0.13100        1  -272.75640
   -0.12500        1  -273.17248
   -0.11900        1  -273.55005
   -0.11300        1  -273.89171
   -0.10700        1  -274.20049
   -0.10100        1  -274.47902
   -0.95000E-01    1  -274.72925
   -0.89000E-01    1  -274.95337
   -0.83000E-01    1  -275.15364
   -0.77000E-01    1  -275.33182
   -0.71000E-01    1  -275.48992
   -0.65000E-01    1  -275.62930
   -0.59000E-01    1  -275.75084
   -0.53000E-01    1  -275.85612
   -0.47000E-01    1  -275.94611
   -0.41000E-01    1  -276.02187
   -0.35000E-01    1  -276.08439
   -0.29000E-01    1  -276.13443
   -0.23000E-01    1  -276.17289
   -0.19700E-01    1  -276.17611
   -0.19100E-01    1  -276.17923
   -0.18500E-01    1  -276.18224
   -0.17900E-01    1  -276.18516
   -0.17300E-01    1  -276.18796
   -0.16700E-01    1  -276.19067
   -0.16100E-01    1  -276.19326
   -0.15500E-01    1  -276.19574
   -0.14900E-01    1  -276.19813
   -0.14300E-01    1  -276.20041
   -0.13700E-01    1  -276.20259
   -0.13100E-01    1  -276.20466
   -0.12500E-01    1  -276.20663
   -0.11900E-01    1  -276.20850
   -0.11300E-01    1  -276.21027
   -0.10700E-01    1  -276.21195
   -0.10100E-01    1  -276.21353
   -0.95000E-02    1  -276.21501
   -0.89000E-02    1  -276.21638
   -0.83000E-02    1  -276.21766
   -0.77000E-02    1  -276.21884
   -0.71000E-02    1  -276.21994
   -0.65000E-02    1  -276.22093
   -0.59000E-02    1  -276.22183
   -0.53000E-02    1  -276.22264
   -0.47000E-02    1  -276.22335
   -0.41000E-02    1  -276.22397
   -0.35000E-02    1  -276.22450
   -0.29000E-02    1  -276.22494
   -0.23000E-02    1  -276.22529
   -0.17000E-02    1  -276.22554
   -0.11000E-02    1  -276.22571
   -0.50000E-03    1  -276.22578
    0.10000E-03    1  -276.22577
    0.70000E-03    1  -276.22567
    0.13000E-02    1  -276.22548
    0.19000E-02    1  -276.22520
    0.25000E-02    1  -276.22484
    0.31000E-02    1  -276.22439
    0.37000E-02    1  -276.22386
    0.43000E-02    1  -276.22324
    0.49000E-02    1  -276.22254
    0.55000E-02    1  -276.22176
    0.61000E-02    1  -276.22089
    0.67000E-02    1  -276.21994
    0.73000E-02    1  -276.21890
    0.79000E-02    1  -276.21778
    0.85000E-02    1  -276.21659
    0.91000E-02    1  -276.21531
    0.97000E-02    1  -276.21395
    0.10300E-01    1  -276.21251
    0.10900E-01    1  -276.21099
    0.11500E-01    1  -276.20941
    0.12100E-01    1  -276.20772
    0.12700E-01    1  -276.20597
    0.13300E-01    1  -276.20414
    0.13900E-01    1  -276.20223
    0.14500E-01    1  -276.20024
    0.15100E-01    1  -276.19818
    0.15700E-01    1  -276.19603
    0.16300E-01    1  -276.19382
    0.16900E-01    1  -276.19152
    0.17500E-01    1  -276.18916
    0.18100E-01    1  -276.18674
    0.18700E-01    1  -276.18423
    0.19300E-01    1  -276.18164
    0.20200E-01    1  -276.17092
    0.25000E-01    1  -276.13845
    0.31000E-01    1  -276.09929
    0.37000E-01    1  -276.05393
    0.43000E-01    1  -276.00275
    0.49000E-01    1  -275.94590
    0.55000E-01    1  -275.88380
    0.61000E-01    1  -275.81675
    0.67000E-01    1  -275.74510
    0.73000E-01    1  -275.66908
    0.79000E-01    1  -275.58892
    0.85000E-01    1  -275.50485
    0.91000E-01    1  -275.41711
    0.97000E-01    1  -275.32613
    0.10300        1  -275.23178
    0.10900        1  -275.13444
    0.11500        1  -275.03408
    0.12100        1  -274.93117
    0.12700        1  -274.82584
    0.13300        1  -274.71795
    0.13900        1  -274.60789
    0.14500        1  -274.49566
    0.15100        1  -274.38148
    0.15700        1  -274.26545
    0.16300        1  -274.14778
    0.16900        1  -274.02851
    0.17500        1  -273.90766
    0.18100        1  -273.78549
    0.18700        1  -273.66231
    0.19300        1  -273.53741
    0.19900        1  -273.41170
    0.20500        1  -273.28479
    0.21100        1  -273.15680
    0.21700        1  -273.02797
    0.29500        1  -269.58813
    0.44500        1  -266.21832
    0.59500        1  -263.06627
    0.74500        1  -260.17309
    0.89500        1  -257.52826
     1.0450        1  -255.10949
     1.1950        1  -252.88776
     1.3450        1  -250.83740
     1.4950        1  -248.94486
     1.6450        1  -247.18998
     1.7950        1  -245.55136
     1.9450        1  -244.02086
     2.0950        1  -242.59150
     2.2450        1  -241.24857
     2.3950        1  -239.98022
     2.5450        1  -238.78200
     2.6950        1  -237.64378
     2.8450        1  -236.56162
     2.9950        1  -235.53200
     3.1450        1  -234.54937
     3.2950        1  -233.61140
     3.4450        1  -232.71368
     3.5950        1  -231.85556
     3.7450        1  -231.03195
     3.8950        1  -230.24291
     4.0450        1  -229.48381
     4.1950        1  -228.75201
     4.3450        1  -228.04635
     4.4950        1  -227.36877
     4.6450        1  -226.71378
     4.7950        1  -226.08207
     4.9450        1  -225.47255
     5.0950        1  -224.88375
     5.2450        1  -224.31382
     5.3950        1  -223.76200
     5.5450        1  -223.22830
     5.6950        1  -222.71011
     5.8450        1  -222.20838
     5.9950        1  -221.72088
     6.1450        1  -221.24613
     6.2950        1  -220.78450
     6.4450        1  -220.33597
     6.5950        1  -219.89873
     6.7450        1  -219.47187
     6.8950        1  -219.05667
     7.0450        1  -218.65158
     7.1950        1  -218.25663
     7.3450        1  -217.86899
     7.4950        1  -217.49141
     7.6450        1  -217.12265
     7.7950        1  -216.76152
     7.9450        1  -216.40685
     8.0950        1  -216.06055
     8.2450        1  -215.72206
     8.3950        1  -215.39009
     8.5450        1  -215.06512
     8.6950        1  -214.74616
     8.8450        1  -214.43227
     8.9950        1  -214.12526
     9.1450        1  -213.82389
     9.2950        1  -213.52820
     9.4450        1  -213.23692
     9.5950        1  -212.95095
     9.7450        1  -212.66940
     9.8950        1  -212.39327
     10.045        1  -212.12306
     10.195        1  -211.85773
     10.345        1  -211.59613
     10.495        1  -211.34115
     10.645        1  -211.08921
     10.795        1  -210.84197
     10.945        1  -210.59929
     11.095        1  -210.36249
     11.245        1  -210.13266
     11.395        1  -209.90868
     11.545        1  -209.68516
     11.695        1  -209.46942
     11.845        1  -209.25546
     11.995        1  -209.05027
     12.145        1  -208.84637
     12.295        1  -208.64427
     12.445        1  -208.45332
     12.595        1  -208.26101
     12.745        1  -208.07174
     12.895        1  -207.89128
     13.045        1  -207.71194
     13.195        1  -207.53605
     13.345        1  -207.36231
     13.495        1  -207.19272
     13.645        1  -207.02498
     13.795        1  -206.85734
     13.945        1  -206.69800
     14.095        1  -206.53964
     14.245        1  -206.38694
     14.395        1  -206.23836
     14.545        1  -206.09146
     14.695        1  -205.94651
     14.845        1  -205.80691
     14.995        1  -205.67179
     15.145        1  -205.54438
     15.295        1  -205.41468
     15.445        1  -205.29128
     15.595        1  -205.17437
     15.745        1  -205.05483
     15.895        1  -204.94112
     16.045        1  -204.83284
     16.195        1  -204.72310
     16.345        1  -204.61547
     16.495        1  -204.51846
     16.645        1  -204.41688
     16.795        1  -204.31359
     16.945        1  -204.21777
     17.095        1  -204.12163
     17.245        1  -204.02703
     17.395        1  -203.93281
     17.545        1  -203.84271
     17.695        1  -203.75467
     17.845        1  -203.66926
     17.995        1  -203.58443
     18.145        1  -203.50311
     18.295        1  -203.41968
     18.445        1  -203.34165
     18.595        1  -203.26174
     18.745        1  -203.18050
     18.895        1  -203.10397
     19.045        1  -203.02999
     19.195        1  -202.95594
     19.345        1  -202.88936
     19.495        1  -202.81797
     19.645        1  -202.74860
     19.795        1  -202.68095
     19.945        1  -202.61379
     20.095        1  -202.54600
     20.245        1  -202.48027
     20.395        1  -202.41664
     20.545        1  -202.35482
     20.695        1  -202.29406
     20.845        1  -202.23429
     20.995        1  -202.17381
     21.145        1  -202.11537
     21.295        1  -202.05753
     21.445        1  -201.99986
     21.595        1  -201.94244
     21.745        1  -201.88901
     21.895        1  -201.83633
     22.045        1  -201.78472
     22.195        1  -201.73300
     22.345        1  -201.68543
     22.495        1  -201.63366
     22.645        1  -201.58353
     22.795        1  -201.53379
     22.945        1  -201.48953
     23.095        1  -201.44588
     23.245        1  -201.40041
     23.395        1  -201.35789
     23.545        1  -201.32052
     23.695        1  -201.28235
     23.845        1  -201.24402
     23.995        1  -201.20959
     24.145        1  -201.17255
     24.295        1  -201.13755
     24.445        1  -201.10528
     24.595        1  -201.07724
     24.745        1  -201.04941
     24.895        1  -201.01901
     25.045        1  -200.99179
     25.195        1  -200.96583
     25.345        1  -200.94024
     25.495        1  -200.91670
     25.645        1  -200.89374
     25.795        1  -200.87229
     25.945        1  -200.85065
     26.095        1  -200.83231
     26.245        1  -200.81139
     26.395        1  -200.79092
     26.545        1  -200.77418
     26.695        1  -200.75650
     26.845        1  -200.73814
     26.995        1  -200.72212
     27.145        1  -200.70896
     27.295        1  -200.69261
     27.445        1  -200.67957
     27.595        1  -200.66724
     27.745        1  -200.65298
     27.895        1  -200.64116
     28.045        1  -200.62592
     28.195        1  -200.61186
     28.345        1  -200.59991
     28.495        1  -200.58894
     28.645        1  -200.57813
     28.795        1  -200.56707
     28.945        1  -200.55679
     29.095        1  -200.54651
     29.245        1  -200.53479
     29.395        1  -200.52358
     29.545        1  -200.51117
     29.695        1  -200.50258
     29.845        1  -200.49221
     29.995        1  -200.48360
     30.145        1  -200.47413
     30.295        1  -200.46567
     30.445        1  -200.45482
     30.595        1  -200.44688
     30.745        1  -200.43714
     30.895        1  -200.42924
     31.045        1  -200.42091
     31.195        1  -200.41312
     31.345        1  -200.40438
     31.495        1  -200.39668
     31.645        1  -200.38747
     31.795        1  -200.38048
     31.945        1  -200.37236
     32.095        1  -200.36535
     32.245        1  -200.35829
     32.395        1  -200.35134
     32.545        1  -200.34390
     32.695        1  -200.33611
     32.845        1  -200.32771
     32.995        1  -200.32094
     33.145        1  -200.31426
     33.295        1  -200.30752
     33.445        1  -200.30080
     33.595        1  -200.29415
     33.745        1  -200.28749
     33.895        1  -200.28090
     34.045        1  -200.27433
     34.195        1  -200.26778
     34.345        1  -200.26127
     34.495        1  -200.25481
     34.645        1  -200.24838
     34.795        1  -200.24210
     34.945        1  -200.23572
     35.095        1  -200.22943
     35.245        1  -200.22302
     35.395        1  -200.21675
     35.545        1  -200.20994
     35.695        1  -200.20370
     35.845        1  -200.19748
     35.995        1  -200.19137
     36.145        1  -200.18522
     36.295        1  -200.17917
     36.445        1  -200.17312
     36.595        1  -200.16706
     36.745        1  -200.16109
     36.895        1  -200.15507
     37.045        1  -200.14920
     37.195        1  -200.14323
     37.345        1  -200.13734
     37.495        1  -200.13144
     37.645        1  -200.12563
     37.795        1  -200.11983
     37.945        1  -200.11403
     38.095        1  -200.10825
     38.245        1  -200.10251
     38.395        1  -200.09676
     38.545        1  -200.09117
     38.695        1  -200.08552
     38.845        1  -200.07996
     38.995        1  -200.07437
     39.145        1  -200.06878
     39.295        1  -200.06324
     39.445        1  -200.05764
     39.595        1  -200.05216
     39.745        1  -200.04664
     39.895        1  -200.04114
     40.045        1  -200.03570
     40.195        1  -200.03027
     40.345        1  -200.02484
     40.495        1  -200.01945
     40.645        1  -200.01421
     40.795        1  -200.00891
     40.945        1  -200.00365
     41.095        1  -199.99836
     41.245        1  -199.99310
     41.395        1  -199.98780
     41.545        1  -199.98254
     41.695        1  -199.97734
     41.845        1  -199.97214
     41.995        1  -199.96700
     42.145        1  -199.96188
     42.295        1  -199.95686
     42.445        1  -199.95173
     42.595        1  -199.94669
     42.745        1  -199.94158
     42.895        1  -199.93650
     43.045        1  -199.93152
     43.195        1  -199.92652
     43.345        1  -199.92143
     43.495        1  -199.91640
     43.645        1  -199.91143
     43.795        1  -199.90650
     43.945        1  -199.90164
     44.095        1  -199.89666
     44.245        1  -199.89171
     44.395        1  -199.88683
     44.545        1  -199.88199
     44.695        1  -199.87713
     44.845        1  -199.87231
     44.995        1  -199.86753
     45.145        1  -199.86276
     45.295        1  -199.85791
     45.445        1  -199.85316
     45.595        1  -199.84844
     45.745        1  -199.84374
     45.895        1  -199.83898
     46.045        1  -199.83426
     46.195        1  -199.82954
     46.345        1  -199.82489
     46.495        1  -199.82029
     46.645        1  -199.81568
     46.795        1  -199.81095
     46.945        1  -199.80630
     47.095        1  -199.80176
     47.245        1  -199.79714
     47.395        1  -199.79256
     47.545        1  -199.78796
     47.695        1  -199.78337
     47.845        1  -199.77887
     47.995        1  -199.77442
     48.145        1  -199.76981
     48.295        1  -199.76523
     48.445        1  -199.76068
     48.595        1  -199.75623
     48.745        1  -199.75180
     48.895        1  -199.74736
     49.045        1  -199.74290
     49.195        1  -199.73841
     49.345        1  -199.73402
     49.495        1  -199.72961
     49.645        1  -199.72523
     49.795        1  -199.72088
     49.945        1  -199.71659
     50.095        1  -199.71222
     50.245        1  -199.70789
     50.395        1  -199.70358
     50.545        1  -199.69928
     50.695        1  -199.69506
     50.845        1  -199.69085
     50.995        1  -199.68660
     51.145        1  -199.68241
     51.295        1  -199.67826
     51.445        1  -199.67410
     51.595        1  -199.66989
     51.745        1  -199.66575
     51.895        1  -199.66160
     52.045        1  -199.65750
     52.195        1  -199.65341
     52.345        1  -199.64933
     52.495        1  -199.64527
     52.645        1  -199.64121
     52.795        1  -199.63713
     52.945        1  -199.63309
     53.095        1  -199.62907
     53.245        1  -199.62499
     53.395        1  -199.62090
     53.545        1  -199.61695
     53.695        1  -199.61291
     53.845        1  -199.60891
     53.995        1  -199.60493
     54.145        1  -199.60101
     54.295        1  -199.59712
     54.445        1  -199.59315
     54.595        1  -199.58924
     54.745        1  -199.58532
     54.895        1  -199.58145
     55.045        1  -199.57761
     55.195        1  -199.57377
     55.345        1  -199.56993
     55.495        1  -199.56613
     55.645        1  -199.56231
     55.795        1  -199.55849
     55.945        1  -199.55470
     56.095        1  -199.55095
     56.245        1  -199.54716
     56.395        1  -199.54338
     56.545        1  -199.53962
     56.695        1  -199.53592
     56.845        1  -199.53216
     56.995        1  -199.52845
     57.145        1  -199.52478
     57.295        1  -199.52107
     57.445        1  -199.51737
     57.595        1  -199.51372
     57.745        1  -199.51009
     57.895        1  -199.50646
     58.045        1  -199.50278
     58.195        1  -199.49917
     58.345        1  -199.49550
     58.495        1  -199.49195
     58.645        1  -199.48836
     58.795        1  -199.48482
     58.945        1  -199.48131
     59.095        1  -199.47782
     59.245        1  -199.47428
     59.395        1  -199.47081
     59.545        1  -199.46725
     59.695        1  -199.46370
     59.845        1  -199.46020
     59.995        1  -199.45670
     60.145        1  -199.45327
     60.295        1  -199.44979
     60.445        1  -199.44633
     60.595        1  -199.44283
     60.745        1  -199.43936
     60.895        1  -199.43593
     61.045        1  -199.43255
     61.195        1  -199.42914
     61.345        1  -199.42574
     61.495        1  -199.42235
     61.645        1  -199.41897
     61.795        1  -199.41559
     61.945        1  -199.41221
     62.095        1  -199.40881
     62.245        1  -199.40547
     62.395        1  -199.40216
     62.545        1  -199.39886
     62.695        1  -199.39556
     62.845        1  -199.39231
     62.995        1  -199.38897
     63.145        1  -199.38571
     63.295        1  -199.38244
     63.445        1  -199.37918
     63.595        1  -199.37589
     63.745        1  -199.37268
     63.895        1  -199.36946
     64.045        1  -199.36619
     64.195        1  -199.36297
     64.345        1  -199.35977
     64.495        1  -199.35656
     64.645        1  -199.35336
     64.795        1  -199.35022
     64.945        1  -199.34703
     65.095        1  -199.34391
     70.156        1  -199.05474
     94.967        1  -198.63316
     130.63        1  -198.21904
     179.69        1  -197.81157
     247.17        1  -197.41050
     340.00        1  -197.01727
     467.69        1  -196.62961
     643.33        1  -196.24504
     884.93        1  -195.86585
     1217.3        1  -195.48850
     1674.4        1  -195.11177
     2303.2        1  -194.73697
     3168.2        1  -194.36479
     4358.0        1  -193.99289
     5994.7        1  -193.62312
     8246.0        1  -193.25583
     11343.        1  -192.89207
     15603.        1  -192.53276
     21462.        1  -192.17793
     29522.        1  -191.83068
     40609.        1  -191.49162
     55860.        1  -191.16097
     76839.        1  -190.83981
    0.10570E+06    1  -190.52771
    0.14539E+06    1  -190.22552
    0.19999E+06    1  -189.93386
    0.27510E+06    1  -189.65332
    0.37841E+06    1  -189.38402
    0.52052E+06    1  -189.12620
    0.71601E+06    1  -188.88020
    0.98490E+06    1  -188.64574
    0.13548E+07    1  -188.42214
    0.18636E+07    1  -188.20884
    0.25634E+07    1  -188.00552
    0.35262E+07    1  -187.81169
    0.48504E+07    1  -187.62707
    0.66720E+07    1  -187.45115
    0.91776E+07    1  -187.28332
    0.12624E+08    1  -187.12356
    0.17365E+08    1  -186.97158
    0.23887E+08    1  -186.82680
    0.32858E+08    1  -186.68870
    0.45197E+08    1  -186.55724
    0.62171E+08    1  -186.43225
    0.85520E+08    1  -186.31309
    0.11764E+09    1  -186.19978
    0.16182E+09    1  -186.09206
    0.22259E+09    1  -185.98953
    0.30618E+09    1  -185.89308
    0.42116E+09    1  -185.80318
    0.57933E+09    1  -185.71979
    0.79690E+09    1  -185.64188
    0.10962E+10    1  -185.56917
    0.15078E+10    1  -185.50104
    0.20741E+10    1  -185.43693
    0.28531E+10    1  -185.37707
    0.39245E+10    1  -185.32116
    0.53984E+10    1  -185.27068
    0.74258E+10    1  -185.22431
    0.10215E+11    1  -185.18165
    0.14051E+11    1  -185.14224
    0.19327E+11    1  -185.10593
    0.26586E+11    1  -185.07248
    0.36570E+11    1  -185.04157
    0.50304E+11    1  -185.01304
    0.69195E+11    1  -184.98667
    0.10000E+12    1  -184.66877
    -149.95        2     0.00000
    -149.79        2     0.00000
    -149.65        2     0.00000
    -149.49        2     0.00000
    -149.34        2     0.00000
    -149.20        2     0.00000
    -149.04        2     0.00000
    -148.90        2     0.00000
    -148.74        2     0.00000
    -148.59        2     0.00000
    -148.45        2     0.00000
    -148.29        2     0.00000
    -148.15        2     0.00000
    -147.99        2     0.00000
    -147.84        2     0.00000
    -147.70        2     0.00000
    -147.54        2     0.00000
    -147.40        2     0.00000
    -147.24        2     0.00000
    -147.09        2     0.00000
    -146.95        2     0.00000
    -146.79        2     0.00000
    -146.65        2     0.00000
    -146.49        2     0.00000
    -146.34        2     0.00000
    -146.20        2     0.00000
    -146.04        2     0.00000
    -145.90        2     0.00000
    -145.74        2     0.00000
    -145.59        2     0.00000
    -145.45        2     0.00000
    -145.29        2     0.00000
    -145.15        2     0.00000
    -144.99        2     0.00000
    -144.84        2     0.00000
    -144.70        2     0.00000
    -144.54        2     0.00000
    -144.40        2     0.00000
    -144.24        2     0.00000
    -144.09        2     0.00000
    -143.95        2     0.00000
    -143.79        2     0.00000
    -143.65        2     0.00000
    -143.49        2     0.00000
    -143.34        2     0.00000
    -143.20        2     0.00000
    -143.04        2     0.00000
    -142.90        2     0.00000
    -142.74        2     0.00000
    -142.59        2     0.00000
    -142.45        2     0.00000
    -142.29        2     0.00000
    -142.15        2     0.00000
    -141.99        2     0.00000
    -141.84        2     0.00000
    -141.70        2     0.00000
    -141.54        2     0.00000
    -141.40        2     0.00000
    -141.24        2     0.00000
    -141.09        2     0.00000
    -140.95        2     0.00000
    -140.79        2     0.00000
    -140.65        2     0.00000
    -140.49        2     0.00000
    -140.34        2     0.00000
    -140.20        2     0.00000
    -140.04        2     0.00000
    -139.90        2     0.00000
    -139.74        2     0.00000
    -139.59        2     0.00000
    -139.45        2     0.00000
    -139.29        2     0.00000
    -139.15        2     0.00000
    -138.99        2     0.00000
    -138.84        2     0.00000
    -138.70        2     0.00000
    -138.54        2     0.00000
    -138.40        2     0.00000
    -138.24        2     0.00000
    -138.09        2     0.00000
    -137.95        2     0.00000
    -137.79        2     0.00000
    -137.65        2     0.00000
    -137.49        2     0.00000
    -137.34        2     0.00000
    -137.20        2     0.00000
    -137.04        2     0.00000
    -136.90        2     0.00000
    -136.74        2     0.00000
    -136.59        2     0.00000
    -136.45        2     0.00000
    -136.29        2     0.00000
    -136.15        2     0.00000
    -135.99        2     0.00000
    -135.84        2     0.00000
    -135.70        2     0.00000
    -135.54        2     0.00000
    -135.40        2     0.00000
    -135.24        2     0.00000
    -135.09        2     0.00000
    -134.95        2     0.00000
    -134.79        2     0.00000
    -134.65        2     0.00000
    -134.49        2     0.00000
    -134.34        2     0.00000
    -134.20        2     0.00000
    -134.04        2     0.00000
    -133.90        2     0.00000
    -133.74        2     0.00000
    -133.59        2     0.00000
    -133.45        2     0.00000
    -133.29        2     0.00000
    -133.15        2     0.00000
    -132.99        2     0.00000
    -132.84        2     0.00000
    -132.70        2     0.00000
    -132.54        2     0.00000
    -132.40        2     0.00000
    -132.24        2     0.00000
    -132.09        2     0.00000
    -131.95        2     0.00000
    -131.79        2     0.00000
    -131.65        2     0.00000
    -131.49        2     0.00000
    -131.34        2     0.00000
    -131.20        2     0.00000
    -131.04        2     0.00000
    -130.90        2     0.00000
    -130.74        2     0.00000
    -130.59        2     0.00000
    -130.45        2     0.00000
    -130.29        2     0.00000
    -130.15        2     0.00000
    -129.99        2     0.00000
    -129.84        2     0.00000
    -129.70        2     0.00000
    -129.54        2     0.00000
    -129.40        2     0.00000
    -129.24        2     0.00000
    -129.09        2     0.00000
    -128.95        2     0.00000
    -128.79        2     0.00000
    -128.65        2     0.00000
    -128.49        2     0.00000
    -128.34        2     0.00000
    -128.20        2     0.00000
    -128.04        2     0.00000
    -127.89        2     0.00000
    -127.75        2     0.00000
    -127.60        2     0.00000
    -127.44        2     0.00000
    -127.30        2     0.00000
    -127.14        2     0.00000
    -127.00        2     0.00000
    -126.85        2     0.00000
    -126.69        2     0.00000
    -126.55        2     0.00000
    -126.39        2     0.00000
    -126.25        2     0.00000
    -126.10        2     0.00000
    -125.94        2     0.00000
    -125.80        2     0.00000
    -125.64        2     0.00000
    -125.50        2     0.00000
    -125.35        2     0.00000
    -125.19        2     0.00000
    -125.05        2     0.00000
    -124.89        2     0.00000
    -124.75        2     0.00000
    -124.60        2     0.00000
    -124.44        2     0.00000
    -124.30        2     0.00000
    -124.14        2     0.00000
    -124.00        2     0.00000
    -123.85        2     0.00000
    -123.69        2     0.00000
    -123.55        2     0.00000
    -123.39        2     0.00000
    -123.25        2     0.00000
    -123.10        2     0.00000
    -122.94        2     0.00000
    -122.80        2     0.00000
    -122.64        2     0.00000
    -122.50        2     0.00000
    -122.35        2     0.00000
    -122.19        2     0.00000
    -122.05        2     0.00000
    -121.89        2     0.00000
    -121.75        2     0.00000
    -121.60        2     0.00000
    -121.44        2     0.00000
    -121.30        2     0.00000
    -121.14        2     0.00000
    -121.00        2     0.00000
    -120.85        2     0.00000
    -120.69        2     0.00000
    -120.55        2     0.00000
    -120.39        2     0.00000
    -120.25        2     0.00000
    -120.10        2     0.00000
    -119.94        2     0.00000
    -119.80        2     0.00000
    -119.64        2     0.00000
    -119.50        2     0.00000
    -119.35        2     0.00000
    -119.19        2     0.00000
    -119.05        2     0.00000
    -118.89        2     0.00000
    -118.75        2     0.00000
    -118.60        2     0.00000
    -118.44        2     0.00000
    -118.30        2     0.00000
    -118.14        2     0.00000
    -118.00        2     0.00000
    -117.85        2     0.00000
    -117.69        2     0.00000
    -117.55        2     0.00000
    -117.39        2     0.00000
    -117.25        2     0.00000
    -117.10        2     0.00000
    -116.94        2     0.00000
    -116.80        2     0.00000
    -116.64        2     0.00000
    -116.50        2     0.00000
    -116.35        2     0.00000
    -116.19        2     0.00000
    -116.05        2     0.00000
    -115.89        2     0.00000
    -115.75        2     0.00000
    -115.60        2     0.00000
    -115.44        2     0.00000
    -115.30        2     0.00000
    -115.14        2     0.00000
    -115.00        2     0.00000
    -114.85        2     0.00000
    -114.69        2     0.00000
    -114.55        2     0.00000
    -114.39        2     0.00000
    -114.25        2     0.00000
    -114.10        2     0.00000
    -113.94        2     0.00000
    -113.80        2     0.00000
    -113.64        2     0.00000
    -113.50        2     0.00000
    -113.35        2     0.00000
    -113.19        2     0.00000
    -113.05        2     0.00000
    -112.89        2     0.00000
    -112.75        2     0.00000
    -112.60        2     0.00000
    -112.44        2     0.00000
    -112.30        2     0.00000
    -112.14        2     0.00000
    -112.00        2     0.00000
    -111.85        2     0.00000
    -111.69        2     0.00000
    -111.55        2     0.00000
    -111.39        2     0.00000
    -111.25        2     0.00000
    -111.10        2     0.00000
    -110.94        2     0.00000
    -110.80        2     0.00000
    -110.64        2     0.00000
    -110.50        2     0.00000
    -110.35        2     0.00000
    -110.19        2     0.00000
    -110.05        2     0.00000
    -109.89        2     0.00000
    -109.75        2    -0.00064
    -109.60        2    -0.62717
    -109.44        2    -2.92204
    -109.30        2    -6.09433
    -109.14        2    -9.92064
    -109.00        2   -13.91601
    -108.85        2   -17.98203
    -108.69        2   -21.91603
    -108.55        2   -25.62293
    -108.39        2   -29.03301
    -108.25        2   -32.19402
    -108.10        2   -35.02441
    -107.94        2   -37.57495
    -107.80        2   -39.77625
    -107.64        2   -41.72962
    -107.50        2   -43.40230
    -107.35        2   -44.82944
    -107.19        2   -46.05838
    -107.05        2   -47.14316
    -106.89        2   -48.04844
    -106.75        2   -48.83821
    -106.60        2   -49.49489
    -106.44        2   -50.05738
    -106.30        2   -50.51338
    -106.14        2   -50.90590
    -106.00        2   -51.25668
    -105.85        2   -51.52772
    -105.69        2   -51.75545
    -105.55        2   -51.95136
    -105.39        2   -52.11853
    -105.25        2   -52.26127
    -105.10        2   -52.37842
    -104.94        2   -52.47349
    -104.80        2   -52.55140
    -104.64        2   -52.62515
    -104.50        2   -52.68302
    -104.35        2   -52.73488
    -104.19        2   -52.77630
    -104.05        2   -52.81352
    -103.89        2   -52.84824
    -103.75        2   -52.87204
    -103.60        2   -52.89227
    -103.44        2   -52.91280
    -103.30        2   -52.92673
    -103.14        2   -52.93649
    -103.00        2   -52.94538
    -102.85        2   -52.95332
    -102.69        2   -52.95877
    -102.55        2   -52.96628
    -102.39        2   -52.96966
    -102.25        2   -52.97427
    -102.10        2   -52.97673
    -101.94        2   -52.98086
    -101.80        2   -52.98305
    -101.64        2   -52.98594
    -101.50        2   -52.98677
    -101.35        2   -52.98761
    -101.19        2   -52.98811
    -101.05        2   -52.98828
    -100.89        2   -52.98877
    -100.75        2   -52.98962
    -100.60        2   -52.98980
    -100.44        2   -52.99066
    -100.30        2   -52.99119
    -100.14        2   -52.99172
    -99.995        2   -52.99190
    -99.845        2   -52.99246
    -99.695        2   -52.99261
    -99.545        2   -52.99311
    -99.395        2   -52.99333
    -99.245        2   -52.99347
    -99.095        2   -52.99362
    -98.945        2   -52.99382
    -98.795        2   -52.99401
    -98.645        2   -52.99420
    -98.495        2   -52.99439
    -98.345        2   -52.99457
    -98.195        2   -52.99478
    -98.045        2   -52.99499
    -97.895        2   -52.99520
    -97.745        2   -52.99538
    -97.595        2   -52.99555
    -97.445        2   -52.99575
    -97.295        2   -52.99593
    -97.145        2   -52.99614
    -96.995        2   -52.99631
    -96.845        2   -52.99651
    -96.695        2   -52.99673
    -96.545        2   -52.99692
    -96.395        2   -52.99709
    -96.245        2   -52.99733
    -96.095        2   -52.99757
    -95.945        2   -52.99778
    -95.795        2   -52.99802
    -95.645        2   -52.99826
    -95.495        2   -52.99843
    -95.345        2   -52.99870
    -95.195        2   -52.99891
    -95.045        2   -52.99907
    -94.895        2   -52.99926
    -94.745        2   -52.99946
    -94.595        2   -52.99971
    -94.445        2   -52.99993
    -94.295        2   -53.00015
    -94.145        2   -53.00041
    -93.995        2   -53.00061
    -93.845        2   -53.00083
    -93.695        2   -53.00107
    -93.545        2   -53.00131
    -93.395        2   -53.00157
    -93.245        2   -53.00183
    -93.095        2   -53.00206
    -92.945        2   -53.00228
    -92.795        2   -53.00251
    -92.645        2   -53.00274
    -92.495        2   -53.00298
    -92.345        2   -53.00319
    -92.195        2   -53.00345
    -92.045        2   -53.00365
    -91.895        2   -53.00386
    -91.745        2   -53.00415
    -91.595        2   -53.00440
    -91.445        2   -53.00462
    -91.295        2   -53.00490
    -91.145        2   -53.00512
    -90.995        2   -53.00539
    -90.845        2   -53.00564
    -90.695        2   -53.00587
    -90.545        2   -53.00606
    -90.395        2   -53.00629
    -90.245        2   -53.00658
    -90.095        2   -53.00684
    -89.945        2   -53.00713
    -89.795        2   -53.00738
    -89.645        2   -53.00761
    -89.495        2   -53.00789
    -89.345        2   -53.00815
    -89.195        2   -53.00841
    -89.045        2   -53.00871
    -88.895        2   -53.00898
    -88.745        2   -53.00928
    -88.595        2   -53.00953
    -88.445        2   -53.00978
    -88.295        2   -53.01001
    -88.145        2   -53.01029
    -87.995        2   -53.01053
    -87.845        2   -53.01082
    -87.695        2   -53.01101
    -87.545        2   -53.01128
    -87.395        2   -53.01150
    -87.245        2   -53.01180
    -87.095        2   -53.01206
    -86.945        2   -53.01234
    -86.795        2   -53.01261
    -86.645        2   -53.01286
    -86.495        2   -53.01313
    -86.345        2   -53.01336
    -86.195        2   -53.01364
    -86.045        2   -53.01390
    -85.895        2   -53.01415
    -85.745        2   -53.01443
    -85.595        2   -53.01469
    -85.445        2   -53.01493
    -85.295        2   -53.01518
    -85.145        2   -53.01543
    -84.995        2   -53.01567
    -84.845        2   -53.01596
    -84.695        2   -53.01621
    -84.545        2   -53.01652
    -84.395        2   -53.01673
    -84.245        2   -53.01704
    -84.095        2   -53.01728
    -83.945        2   -53.01756
    -83.795        2   -53.01788
    -83.645        2   -53.01811
    -83.495        2   -53.01844
    -83.345        2   -53.01876
    -83.195        2   -53.01903
    -83.045        2   -53.01933
    -82.895        2   -53.01965
    -82.745        2   -53.01994
    -82.595        2   -53.02023
    -82.445        2   -53.02053
    -82.295        2   -53.02080
    -82.145        2   -53.02105
    -81.995        2   -53.02136
    -81.845        2   -53.02157
    -81.695        2   -53.02187
    -81.545        2   -53.02209
    -81.395        2   -53.02235
    -81.245        2   -53.02264
    -81.095        2   -53.02294
    -80.945        2   -53.02327
    -80.795        2   -53.02354
    -80.645        2   -53.02381
    -80.495        2   -53.02404
    -80.345        2   -53.02425
    -80.195        2   -53.02445
    -80.045        2   -53.02468
    -79.895        2   -53.02500
    -79.745        2   -53.02525
    -79.595        2   -53.02549
    -79.445        2   -53.02575
    -79.295        2   -53.02610
    -79.145        2   -53.02637
    -78.995        2   -53.02661
    -78.845        2   -53.02685
    -78.695        2   -53.02708
    -78.545        2   -53.02741
    -78.395        2   -53.02770
    -78.245        2   -53.02794
    -78.095        2   -53.02822
    -77.945        2   -53.02851
    -77.795        2   -53.02874
    -77.645        2   -53.02898
    -77.495        2   -53.02934
    -77.345        2   -53.02960
    -77.195        2   -53.02988
    -77.045        2   -53.03019
    -76.895        2   -53.03045
    -76.745        2   -53.03067
    -76.595        2   -53.03096
    -76.445        2   -53.03124
    -76.295        2   -53.03158
    -76.145        2   -53.03182
    -75.995        2   -53.03210
    -75.845        2   -53.03238
    -75.695        2   -53.03261
    -75.545        2   -53.03294
    -75.395        2   -53.03315
    -75.245        2   -53.03345
    -75.095        2   -53.03374
    -74.945        2   -53.03399
    -74.795        2   -53.03418
    -74.645        2   -53.03447
    -74.495        2   -53.03475
    -74.345        2   -53.03495
    -74.195        2   -53.03525
    -74.045        2   -53.03551
    -73.895        2   -53.03572
    -73.745        2   -53.03601
    -73.595        2   -53.03628
    -73.445        2   -53.03662
    -73.295        2   -53.03689
    -73.145        2   -53.03721
    -72.995        2   -53.03751
    -72.845        2   -53.03776
    -72.695        2   -53.03799
    -72.545        2   -53.03821
    -72.395        2   -53.03847
    -72.245        2   -53.03873
    -72.095        2   -53.03898
    -71.945        2   -53.04904
    -71.795        2   -53.28655
    -71.645        2   -53.65089
    -71.495        2   -54.08329
    -71.345        2   -54.55057
    -71.195        2   -55.03749
    -71.045        2   -55.51853
    -70.895        2   -55.97708
    -70.745        2   -56.44867
    -70.595        2   -56.88021
    -70.445        2   -57.29458
    -70.295        2   -57.67106
    -70.145        2   -58.03976
    -69.995        2   -58.37751
    -69.845        2   -58.68047
    -69.695        2   -58.96840
    -69.545        2   -59.22851
    -69.395        2   -59.46722
    -69.245        2   -59.69463
    -69.095        2   -59.90062
    -68.945        2   -60.08956
    -68.795        2   -60.26311
    -68.645        2   -60.42274
    -68.495        2   -60.57331
    -68.345        2   -60.71485
    -68.195        2   -60.83478
    -68.045        2   -60.95209
    -67.895        2   -61.05132
    -67.745        2   -61.14960
    -67.595        2   -61.23961
    -67.445        2   -61.31792
    -67.295        2   -61.39906
    -67.145        2   -61.47184
    -66.995        2   -61.53782
    -66.845        2   -61.60779
    -66.695        2   -61.66320
    -66.545        2   -61.71812
    -66.395        2   -61.76912
    -66.245        2   -61.81601
    -66.095        2   -61.86474
    -65.945        2   -61.90973
    -65.795        2   -61.95193
    -65.645        2   -61.99298
    -65.495        2   -62.03034
    -65.345        2   -62.06437
    -65.195        2   -62.09911
    -65.045        2   -62.13120
    -64.895        2   -62.16314
    -64.745        2   -62.19330
    -64.595        2   -62.22371
    -64.445        2   -62.25492
    -64.295        2   -62.28152
    -64.145        2   -62.30765
    -63.995        2   -62.33065
    -63.845        2   -62.35454
    -63.695        2   -62.37821
    -63.545        2   -62.40615
    -63.395        2   -62.43141
    -63.245        2   -62.45312
    -63.095        2   -62.47629
    -62.945        2   -62.49907
    -62.795        2   -62.52214
    -62.645        2   -62.54216
    -62.495        2   -62.56398
    -62.345        2   -62.58393
    -62.195        2   -62.60669
    -62.045        2   -62.62496
    -61.895        2   -62.64330
    -61.745        2   -62.65870
    -61.595        2   -62.67461
    -61.445        2   -62.69016
    -61.295        2   -62.70694
    -61.145        2   -62.72609
    -60.995        2   -62.74212
    -60.845        2   -62.75798
    -60.695        2   -62.77449
    -60.545        2   -62.79033
    -60.395        2   -62.80458
    -60.245        2   -62.81838
    -60.095        2   -62.83545
    -59.945        2   -62.84912
    -59.795        2   -62.86503
    -59.645        2   -62.87682
    -59.495        2   -62.89106
    -59.345        2   -62.90468
    -59.195        2   -62.91818
    -59.045        2   -62.93064
    -58.895        2   -63.15904
    -58.745        2   -64.15200
    -58.595        2   -65.34904
    -58.445        2   -66.62716
    -58.295        2   -67.86958
    -58.145        2   -69.06684
    -57.995        2   -70.19771
    -57.845        2   -71.25592
    -57.695        2   -72.24479
    -57.545        2   -73.14523
    -57.395        2   -73.96752
    -57.245        2   -74.71375
    -57.095        2   -75.39797
    -56.945        2   -76.01552
    -56.795        2   -76.57964
    -56.645        2   -77.07369
    -56.495        2   -77.52514
    -56.345        2   -77.94387
    -56.195        2   -78.31331
    -56.045        2   -78.64466
    -55.895        2   -78.95594
    -55.745        2   -79.23399
    -55.595        2   -79.49153
    -55.445        2   -79.72735
    -55.295        2   -79.94556
    -55.145        2   -80.14103
    -54.995        2   -80.32749
    -54.845        2   -80.50001
    -54.695        2   -80.67138
    -54.545        2   -81.61448
    -54.395        2   -83.70375
    -54.245        2   -86.18377
    -54.095        2   -88.75913
    -53.945        2   -91.28034
    -53.795        2   -93.71327
    -53.645        2   -95.89477
    -53.495        2   -97.86176
    -53.345        2   -99.58988
    -53.195        2  -101.09856
    -53.045        2  -102.41695
    -52.895        2  -103.54632
    -52.745        2  -104.50732
    -52.595        2  -105.31641
    -52.445        2  -106.01515
    -52.295        2  -106.61540
    -52.145        2  -107.14983
    -51.995        2  -107.60438
    -51.845        2  -108.00508
    -51.695        2  -108.36883
    -51.545        2  -108.69835
    -51.395        2  -108.99937
    -51.245        2  -109.28401
    -51.095        2  -109.54339
    -50.945        2  -109.78060
    -50.795        2  -110.01765
    -50.645        2  -110.24965
    -50.495        2  -110.47077
    -50.345        2  -110.68507
    -50.195        2  -110.88981
    -50.045        2  -111.09661
    -49.895        2  -111.30323
    -49.745        2  -111.51590
    -49.595        2  -111.71514
    -49.445        2  -111.91862
    -49.295        2  -112.12244
    -49.145        2  -112.31899
    -48.995        2  -112.51496
    -48.845        2  -112.71425
    -48.695        2  -112.91483
    -48.545        2  -113.11344
    -48.395        2  -113.30869
    -48.245        2  -113.50891
    -48.095        2  -113.69419
    -47.945        2  -113.88881
    -47.795        2  -114.07900
    -47.645        2  -114.26805
    -47.495        2  -114.45691
    -47.345        2  -114.64452
    -47.195        2  -114.82973
    -47.045        2  -115.00387
    -46.895        2  -115.18087
    -46.745        2  -115.35599
    -46.595        2  -115.52776
    -46.445        2  -115.70165
    -46.295        2  -115.86773
    -46.145        2  -116.03440
    -45.995        2  -116.19443
    -45.845        2  -116.35583
    -45.695        2  -116.51629
    -45.545        2  -116.66780
    -45.395        2  -116.82344
    -45.245        2  -116.97460
    -45.095        2  -117.12320
    -44.945        2  -117.26695
    -44.795        2  -117.41072
    -44.645        2  -117.54968
    -44.495        2  -117.68693
    -44.345        2  -117.81968
    -44.195        2  -117.95337
    -44.045        2  -118.07964
    -43.895        2  -118.20709
    -43.745        2  -118.32781
    -43.595        2  -118.45069
    -43.445        2  -118.56971
    -43.295        2  -118.68613
    -43.145        2  -118.79688
    -42.995        2  -118.90712
    -42.845        2  -119.01860
    -42.695        2  -119.13031
    -42.545        2  -119.23710
    -42.395        2  -119.34089
    -42.245        2  -119.44341
    -42.095        2  -119.53755
    -41.945        2  -119.63911
    -41.795        2  -119.73387
    -41.645        2  -119.82808
    -41.495        2  -119.92318
    -41.345        2  -120.01503
    -41.195        2  -120.10378
    -41.045        2  -120.19124
    -40.895        2  -120.27777
    -40.745        2  -120.36273
    -40.595        2  -120.44758
    -40.445        2  -120.52821
    -40.295        2  -120.60712
    -40.145        2  -120.68815
    -39.995        2  -120.76968
    -39.845        2  -120.84975
    -39.695        2  -120.92815
    -39.545        2  -121.00256
    -39.395        2  -121.07627
    -39.245        2  -121.15321
    -39.095        2  -121.22584
    -38.945        2  -121.29798
    -38.795        2  -121.36790
    -38.645        2  -121.43228
    -38.495        2  -121.49965
    -38.345        2  -121.56478
    -38.195        2  -121.63234
    -38.045        2  -121.70426
    -37.895        2  -121.76979
    -37.745        2  -121.83068
    -37.595        2  -121.89789
    -37.445        2  -121.96299
    -37.295        2  -122.02451
    -37.145        2  -122.08709
    -36.995        2  -122.14815
    -36.845        2  -122.21143
    -36.695        2  -122.27464
    -36.545        2  -122.33405
    -36.395        2  -122.39110
    -36.245        2  -122.44941
    -36.095        2  -122.50955
    -35.945        2  -122.56780
    -35.795        2  -122.62510
    -35.645        2  -122.68352
    -35.495        2  -122.74382
    -35.345        2  -122.80438
    -35.195        2  -122.86801
    -35.045        2  -122.92180
    -34.895        2  -122.98272
    -34.745        2  -123.03793
    -34.595        2  -123.09506
    -34.445        2  -123.14691
    -34.295        2  -123.20275
    -34.145        2  -123.25713
    -33.995        2  -123.31216
    -33.845        2  -123.37111
    -33.695        2  -123.42485
    -33.545        2  -123.47328
    -33.395        2  -123.52740
    -33.245        2  -123.58065
    -33.095        2  -123.63217
    -32.945        2  -123.68688
    -32.795        2  -123.73944
    -32.645        2  -123.78923
    -32.495        2  -123.84009
    -32.345        2  -123.88880
    -32.195        2  -123.93990
    -32.045        2  -123.98893
    -31.895        2  -124.03886
    -31.745        2  -124.08964
    -31.595        2  -124.13839
    -31.445        2  -124.18941
    -31.295        2  -124.24329
    -31.145        2  -124.29573
    -30.995        2  -124.34826
    -30.845        2  -124.40280
    -30.695        2  -124.45841
    -30.545        2  -124.50951
    -30.395        2  -124.56038
    -30.245        2  -124.61017
    -30.095        2  -124.66383
    -29.945        2  -124.71960
    -29.795        2  -124.77124
    -29.645        2  -124.82679
    -29.495        2  -124.88223
    -29.345        2  -124.93432
    -29.195        2  -124.99352
    -29.045        2  -125.04534
    -28.895        2  -125.10177
    -28.745        2  -125.16067
    -28.595        2  -125.21547
    -28.445        2  -125.27419
    -28.295        2  -125.32913
    -28.145        2  -125.39016
    -27.995        2  -125.44765
    -27.845        2  -125.50233
    -27.695        2  -125.56276
    -27.545        2  -125.61802
    -27.395        2  -125.67401
    -27.245        2  -125.72761
    -27.095        2  -125.78498
    -26.945        2  -125.84518
    -26.795        2  -125.90810
    -26.645        2  -125.96602
    -26.495        2  -126.02763
    -26.345        2  -126.08855
    -26.195        2  -126.15182
    -26.045        2  -126.21344
    -25.895        2  -126.27491
    -25.745        2  -126.33582
    -25.595        2  -126.39878
    -25.445        2  -126.45942
    -25.295        2  -126.52215
    -25.145        2  -126.58530
    -24.995        2  -126.64715
    -24.845        2  -126.70664
    -24.695        2  -126.77278
    -24.545        2  -126.83482
    -24.395        2  -126.90117
    -24.245        2  -126.96541
    -24.095        2  -127.02662
    -23.945        2  -127.09157
    -23.795        2  -127.15869
    -23.645        2  -127.22436
    -23.495        2  -127.28887
    -23.345        2  -127.35924
    -23.195        2  -127.43041
    -23.045        2  -127.49671
    -22.895        2  -127.56850
    -22.745        2  -127.63170
    -22.595        2  -127.70040
    -22.445        2  -127.76797
    -22.295        2  -127.83514
    -22.145        2  -127.90460
    -21.995        2  -127.97148
    -21.845        2  -128.04072
    -21.695        2  -128.10729
    -21.545        2  -128.17916
    -21.395        2  -128.24876
    -21.245        2  -128.31785
    -21.095        2  -128.38893
    -20.945        2  -128.45785
    -20.795        2  -128.53145
    -20.645        2  -128.60497
    -20.495        2  -128.67745
    -20.345        2  -128.75284
    -20.195        2  -128.82474
    -20.045        2  -128.90109
    -19.895        2  -128.97787
    -19.745        2  -129.05430
    -19.595        2  -129.13315
    -19.445        2  -129.21346
    -19.295        2  -129.28857
    -19.145        2  -129.36606
    -18.995        2  -129.44185
    -18.845        2  -129.52424
    -18.695        2  -129.60709
    -18.545        2  -129.68709
    -18.395        2  -129.77331
    -18.245        2  -129.85658
    -18.095        2  -129.94193
    -17.945        2  -130.02727
    -17.795        2  -130.11765
    -17.645        2  -130.21051
    -17.495        2  -130.30195
    -17.345        2  -130.39403
    -17.195        2  -130.48853
    -17.045        2  -130.58860
    -16.895        2  -130.68781
    -16.745        2  -130.78799
    -16.595        2  -130.89078
    -16.445        2  -130.99677
    -16.295        2  -131.10995
    -16.145        2  -131.22365
    -15.995        2  -131.34211
    -15.845        2  -131.46225
    -15.695        2  -131.58257
    -15.545        2  -131.70520
    -15.395        2  -131.83151
    -15.245        2  -131.96286
    -15.095        2  -132.09416
    -14.945        2  -132.22861
    -14.795        2  -132.36475
    -14.645        2  -132.50034
    -14.495        2  -132.63939
    -14.345        2  -132.77991
    -14.195        2  -132.92530
    -14.045        2  -133.06942
    -13.895        2  -133.21512
    -13.745        2  -133.36498
    -13.595        2  -133.51824
    -13.445        2  -133.67364
    -13.295        2  -133.82787
    -13.145        2  -133.98543
    -12.995        2  -134.14724
    -12.845        2  -134.31176
    -12.695        2  -134.47934
    -12.545        2  -134.64767
    -12.395        2  -134.82136
    -12.245        2  -134.99862
    -12.095        2  -135.17706
    -11.945        2  -135.36169
    -11.795        2  -135.55037
    -11.645        2  -135.73956
    -11.495        2  -135.93653
    -11.345        2  -136.13558
    -11.195        2  -136.33982
    -11.045        2  -136.54853
    -10.895        2  -136.76237
    -10.745        2  -136.98157
    -10.595        2  -137.20515
    -10.445        2  -137.44017
    -10.295        2  -137.67661
    -10.145        2  -137.92199
    -9.9950        2  -138.17057
    -9.8450        2  -138.42515
    -9.6950        2  -138.69036
    -9.5450        2  -138.95810
    -9.3950        2  -139.23732
    -9.2450        2  -139.52022
    -9.0950        2  -139.80932
    -8.9450        2  -140.10493
    -8.7950        2  -140.40927
    -8.6450        2  -140.71528
    -8.4950        2  -141.02787
    -8.3450        2  -141.34594
    -8.1950        2  -141.66975
    -8.0450        2  -141.99869
    -7.8950        2  -142.33219
    -7.7450        2  -142.67412
    -7.5950        2  -143.02092
    -7.4450        2  -143.37447
    -7.2950        2  -143.73802
    -7.1450        2  -144.11515
    -6.9950        2  -144.50076
    -6.8450        2  -144.89619
    -6.6950        2  -145.30552
    -6.5450        2  -145.72784
    -6.3950        2  -146.16834
    -6.2450        2  -146.61892
    -6.0950        2  -147.08845
    -5.9450        2  -147.57413
    -5.7950        2  -148.07783
    -5.6450        2  -148.60140
    -5.4950        2  -149.14144
    -5.3450        2  -149.69984
    -5.1950        2  -150.27833
    -5.0450        2  -150.87768
    -4.8950        2  -151.50053
    -4.7450        2  -152.14708
    -4.5950        2  -152.81476
    -4.4450        2  -153.50264
    -4.2950        2  -154.21759
    -4.1450        2  -154.95730
    -3.9950        2  -155.73016
    -3.8450        2  -156.53227
    -3.6950        2  -157.36906
    -3.5450        2  -158.24838
    -3.3950        2  -159.16735
    -3.2450        2  -160.13229
    -3.0950        2  -161.14654
    -2.9450        2  -162.21572
    -2.7950        2  -163.34029
    -2.6450        2  -164.52045
    -2.4950        2  -165.76077
    -2.3450        2  -167.07853
    -2.1950        2  -168.46494
    -2.0450        2  -169.94149
    -1.8950        2  -171.51692
    -1.7450        2  -173.20687
    -1.5950        2  -175.02828
    -1.4450        2  -176.99342
    -1.2950        2  -179.12351
    -1.1450        2  -181.43496
   -0.99500        2  -183.94833
   -0.84500        2  -186.69204
   -0.69500        2  -189.68569
   -0.54500        2  -192.94243
   -0.39500        2  -196.38986
   -0.25300        2  -198.56067
   -0.21500        2  -198.68985
   -0.20900        2  -198.81805
   -0.20300        2  -198.94548
   -0.19700        2  -199.07151
   -0.19100        2  -199.19665
   -0.18500        2  -199.32008
   -0.17900        2  -199.44228
   -0.17300        2  -199.56306
   -0.16700        2  -199.68224
   -0.16100        2  -199.79993
   -0.15500        2  -199.91591
   -0.14900        2  -200.02976
   -0.14300        2  -200.14173
   -0.13700        2  -200.25147
   -0.13100        2  -200.35908
   -0.12500        2  -200.46407
   -0.11900        2  -200.56628
   -0.11300        2  -200.66582
   -0.10700        2  -200.76237
   -0.10100        2  -200.85584
   -0.95000E-01    2  -200.94599
   -0.89000E-01    2  -201.03259
   -0.83000E-01    2  -201.11536
   -0.77000E-01    2  -201.19407
   -0.71000E-01    2  -201.26875
   -0.65000E-01    2  -201.33901
   -0.59000E-01    2  -201.40466
   -0.53000E-01    2  -201.46507
   -0.47000E-01    2  -201.52014
   -0.41000E-01    2  -201.56957
   -0.35000E-01    2  -201.61303
   -0.29000E-01    2  -201.64999
   -0.23000E-01    2  -201.68022
   -0.19700E-01    2  -201.68285
   -0.19100E-01    2  -201.68541
   -0.18500E-01    2  -201.68790
   -0.17900E-01    2  -201.69030
   -0.17300E-01    2  -201.69264
   -0.16700E-01    2  -201.69490
   -0.16100E-01    2  -201.69710
   -0.15500E-01    2  -201.69922
   -0.14900E-01    2  -201.70125
   -0.14300E-01    2  -201.70322
   -0.13700E-01    2  -201.70511
   -0.13100E-01    2  -201.70692
   -0.12500E-01    2  -201.70865
   -0.11900E-01    2  -201.71030
   -0.11300E-01    2  -201.71187
   -0.10700E-01    2  -201.71336
   -0.10100E-01    2  -201.71478
   -0.95000E-02    2  -201.71612
   -0.89000E-02    2  -201.71737
   -0.83000E-02    2  -201.71855
   -0.77000E-02    2  -201.71965
   -0.71000E-02    2  -201.72067
   -0.65000E-02    2  -201.72160
   -0.59000E-02    2  -201.72244
   -0.53000E-02    2  -201.72321
   -0.47000E-02    2  -201.72389
   -0.41000E-02    2  -201.72448
   -0.35000E-02    2  -201.72499
   -0.29000E-02    2  -201.72541
   -0.23000E-02    2  -201.72575
   -0.17000E-02    2  -201.72600
   -0.11000E-02    2  -201.72617
   -0.50000E-03    2  -201.72624
    0.10000E-03    2  -201.72623
    0.70000E-03    2  -201.72613
    0.13000E-02    2  -201.72594
    0.19000E-02    2  -201.72566
    0.25000E-02    2  -201.72529
    0.31000E-02    2  -201.72483
    0.37000E-02    2  -201.72428
    0.43000E-02    2  -201.72363
    0.49000E-02    2  -201.72289
    0.55000E-02    2  -201.72206
    0.61000E-02    2  -201.72114
    0.67000E-02    2  -201.72012
    0.73000E-02    2  -201.71900
    0.79000E-02    2  -201.71779
    0.85000E-02    2  -201.71649
    0.91000E-02    2  -201.71509
    0.97000E-02    2  -201.71358
    0.10300E-01    2  -201.71199
    0.10900E-01    2  -201.71029
    0.11500E-01    2  -201.70850
    0.12100E-01    2  -201.70660
    0.12700E-01    2  -201.70459
    0.13300E-01    2  -201.70249
    0.13900E-01    2  -201.70030
    0.14500E-01    2  -201.69800
    0.15100E-01    2  -201.69559
    0.15700E-01    2  -201.69307
    0.16300E-01    2  -201.69045
    0.16900E-01    2  -201.68772
    0.17500E-01    2  -201.68489
    0.18100E-01    2  -201.68195
    0.18700E-01    2  -201.67891
    0.19300E-01    2  -201.67576
    0.20200E-01    2  -201.66244
    0.25000E-01    2  -201.62028
    0.31000E-01    2  -201.56623
    0.37000E-01    2  -201.49945
    0.43000E-01    2  -201.41920
    0.49000E-01    2  -201.32426
    0.55000E-01    2  -201.21383
    0.61000E-01    2  -201.08656
    0.67000E-01    2  -200.94119
    0.73000E-01    2  -200.77664
    0.79000E-01    2  -200.59100
    0.85000E-01    2  -200.38295
    0.91000E-01    2  -200.15059
    0.97000E-01    2  -199.89130
    0.10300        2  -199.60304
    0.10900        2  -199.28404
    0.11500        2  -198.93126
    0.12100        2  -198.54216
    0.12700        2  -198.11369
    0.13300        2  -197.64255
    0.13900        2  -197.12491
    0.14500        2  -196.55709
    0.15100        2  -195.93427
    0.15700        2  -195.25158
    0.16300        2  -194.50335
    0.16900        2  -193.68307
    0.17500        2  -192.78237
    0.18100        2  -191.79223
    0.18700        2  -190.69594
    0.19300        2  -189.47529
    0.19900        2  -188.15519
    0.20500        2  -186.72757
    0.21100        2  -185.18362
    0.21700        2  -183.51620
    0.29500        2   -90.15423
    0.44500        2   -16.51693
    0.59500        2     7.64026
    0.74500        2    19.60795
    0.89500        2    27.31251
     1.0450        2    32.91555
     1.1950        2    37.26657
     1.3450        2    40.81834
     1.4950        2    43.80555
     1.6450        2    46.36792
     1.7950        2    48.60903
     1.9450        2    50.59843
     2.0950        2    52.39294
     2.2450        2    53.97116
     2.3950        2    55.36822
     2.5450        2    56.61295
     2.6950        2    57.73431
     2.8450        2    58.75544
     2.9950        2    59.68039
     3.1450        2    60.51812
     3.2950        2    61.28031
     3.4450        2    61.97689
     3.5950        2    62.61921
     3.7450        2    63.21213
     3.8950        2    63.75880
     4.0450        2    64.26529
     4.1950        2    64.73351
     4.3450        2    65.16614
     4.4950        2    65.56568
     4.6450        2    65.93358
     4.7950        2    66.26981
     4.9450        2    66.57979
     5.0950        2    66.85479
     5.2450        2    67.09380
     5.3950        2    67.30698
     5.5450        2    67.49262
     5.6950        2    67.65351
     5.8450        2    67.79051
     5.9950        2    67.90454
     6.1450        2    67.99307
     6.2950        2    68.06557
     6.4450        2    68.12564
     6.5950        2    68.17538
     6.7450        2    68.21592
     6.8950        2    68.25077
     7.0450        2    68.27867
     7.1950        2    68.30302
     7.3450        2    68.32524
     7.4950        2    68.34497
     7.6450        2    68.36199
     7.7950        2    68.37836
     7.9450        2    68.39314
     8.0950        2    68.40702
     8.2450        2    68.42024
     8.3950        2    68.43275
     8.5450        2    68.44340
     8.6950        2    68.45462
     8.8450        2    68.46539
     8.9950        2    68.47561
     9.1450        2    68.48564
     9.2950        2    68.49480
     9.4450        2    68.50374
     9.5950        2    68.51272
     9.7450        2    68.52076
     9.8950        2    68.52948
     10.045        2    68.53770
     10.195        2    68.54538
     10.345        2    68.55292
     10.495        2    68.56069
     10.645        2    68.56771
     10.795        2    68.57473
     10.945        2    68.58112
     11.095        2    68.58780
     11.245        2    68.59414
     11.395        2    68.60001
     11.545        2    68.60615
     11.695        2    68.61185
     11.845        2    68.61783
     11.995        2    68.62379
     12.145        2    68.62944
     12.295        2    68.63387
     12.445        2    68.63925
     12.595        2    68.64476
     12.745        2    68.64990
     12.895        2    68.65421
     13.045        2    68.65928
     13.195        2    68.66407
     13.345        2    68.66840
     13.495        2    68.67280
     13.645        2    68.67764
     13.795        2    68.68167
     13.945        2    68.68624
     14.095        2    68.69085
     14.245        2    68.69486
     14.395        2    68.69929
     14.545        2    68.70353
     14.695        2    68.70748
     14.845        2    68.71172
     14.995        2    68.71615
     15.145        2    68.72041
     15.295        2    68.72446
     15.445        2    68.72861
     15.595        2    68.73246
     15.745        2    68.73614
     15.895        2    68.74009
     16.045        2    68.74361
     16.195        2    68.74704
     16.345        2    68.75055
     16.495        2    68.75426
     16.645        2    68.75762
     16.795        2    68.76130
     16.945        2    68.76445
     17.095        2    68.76796
     17.245        2    68.77134
     17.395        2    68.77447
     17.545        2    68.77779
     17.695        2    68.78114
     17.845        2    68.78438
     17.995        2    68.78768
     18.145        2    68.79095
     18.295        2    68.79440
     18.445        2    68.79749
     18.595        2    68.80055
     18.745        2    68.80344
     18.895        2    68.80664
     19.045        2    68.80949
     19.195        2    68.81216
     19.345        2    68.81476
     19.495        2    68.81719
     19.645        2    68.82012
     19.795        2    68.82298
     19.945        2    68.82541
     20.095        2    68.82799
     21.836        2    68.90676
     30.068        2    69.01938
     42.097        2    69.12688
     58.937        2    69.22847
     82.515        2    69.32814
     115.53        2    69.42383
     161.74        2    69.51672
     226.45        2    69.61095
     317.04        2    69.70178
     443.87        2    69.78934
     621.44        2    69.87627
     870.05        2    69.96292
     1218.1        2    70.04481
     1705.4        2    70.13081
     2387.7        2    70.21490
     3342.9        2    70.29527
     4680.2        2    70.36849
     6552.5        2    70.43936
     9173.8        2    70.51084
     12844.        2    70.57799
     17982.        2    70.64128
     25176.        2    70.70002
     35247.        2    70.75622
     49348.        2    70.80895
     69090.        2    70.85865
     96729.        2    70.90472
    0.13543E+06    2    70.94763
    0.18960E+06    2    70.98762
    0.26545E+06    2    71.02382
    0.37165E+06    2    71.05922
    0.52033E+06    2    71.08960
    0.72849E+06    2    71.12057
    0.10199E+07    2    71.14873
    0.14279E+07    2    71.17345
    0.19992E+07    2    71.19772
    0.27990E+07    2    71.22018
    0.39187E+07    2    71.24147
    0.54864E+07    2    71.25894
    0.76812E+07    2    71.27512
    0.10754E+08    2    71.29009
    0.15056E+08    2    71.30433
    0.21080E+08    2    71.31750
    0.29513E+08    2    71.33023
    0.41319E+08    2    71.34200
    0.57849E+08    2    71.35281
    0.80991E+08    2    71.36330
    0.11339E+09    2    71.37320
    0.15875E+09    2    71.38180
    0.22226E+09    2    71.38958
    0.31118E+09    2    71.39675
    0.43567E+09    2    71.40304
    0.60996E+09    2    71.40784
    0.85398E+09    2    71.41270
    0.11956E+10    2    71.41816
    0.16739E+10    2    71.42335
    0.23436E+10    2    71.42740
    0.32811E+10    2    71.43094
    0.45937E+10    2    71.43401
    0.64315E+10    2    71.43732
    0.90044E+10    2    71.43980
    0.12607E+11    2    71.44273
    0.17650E+11    2    71.44497
    0.24711E+11    2    71.44688
    0.34596E+11    2    71.44868
    0.48437E+11    2    71.45080
    0.67814E+11    2    71.45250
    0.10000E+12    2    71.47206
    -29.945        3     0.00000
    -29.795        3     0.00000
    -29.645        3     0.00000
    -29.495        3     0.00000
    -29.345        3     0.00000
    -29.195        3     0.00000
    -29.045        3     0.00000
    -28.895        3     0.00000
    -28.745        3     0.00000
    -28.595        3     0.00000
    -28.445        3     0.00000
    -28.295        3     0.00000
    -28.145        3     0.00000
    -27.995        3     0.00000
    -27.845        3     0.00000
    -27.695        3     0.00000
    -27.545        3     0.00000
    -27.395        3     0.00000
    -27.245        3     0.00000
    -27.095        3     0.00000
    -26.945        3     0.00000
    -26.795        3     0.00000
    -26.645        3     0.00000
    -26.495        3     0.00000
    -26.345        3     0.00000
    -26.195        3     0.00000
    -26.045        3     0.00000
    -25.895        3     0.00000
    -25.745        3     0.00000
    -25.595        3     0.00000
    -25.445        3     0.00000
    -25.295        3     0.00000
    -25.145        3     0.00000
    -24.995        3     0.00000
    -24.845        3     0.00000
    -24.695        3     0.00000
    -24.545        3     0.00000
    -24.395        3     0.00000
    -24.245        3     0.00000
    -24.095        3     0.00000
    -23.945        3     0.00000
    -23.795        3     0.00000
    -23.645        3     0.00000
    -23.495        3     0.00000
    -23.345        3     0.00000
    -23.195        3     0.00000
    -23.045        3     0.00000
    -22.895        3     0.00000
    -22.745        3     0.00000
    -22.595        3     0.00000
    -22.445        3     0.00000
    -22.295        3     0.00000
    -22.145        3     0.00000
    -21.995        3     0.00000
    -21.845        3     0.00000
    -21.695        3     0.00000
    -21.545        3     0.00000
    -21.395        3     0.00000
    -21.245        3     0.00000
    -21.095        3     0.00000
    -20.945        3     0.00000
    -20.795        3     0.00000
    -20.645        3     0.00000
    -20.495        3     0.00000
    -20.345        3     0.00000
    -20.195        3     0.00000
    -20.045        3     0.00000
    -19.895        3     0.00000
    -19.745        3     0.00000
    -19.595        3     0.00000
    -19.445        3     0.00000
    -19.295        3     0.00000
    -19.145        3     0.00000
    -18.995        3     0.00000
    -18.845        3     0.00000
    -18.695        3    -0.00000
    -18.545        3    -0.00000
    -18.395        3     0.00000
    -18.245        3     0.00000
    -18.095        3     0.00001
    -17.945        3     0.00002
    -17.795        3     0.00002
    -17.645        3     0.00003
    -17.495        3     0.00003
    -17.345        3     0.00004
    -17.195        3     0.00005
    -17.045        3     0.00008
    -16.895        3     0.00011
    -16.745        3     0.00015
    -16.595        3     0.00018
    -16.445        3     0.00022
    -16.295        3     0.00028
    -16.145        3     0.00034
    -15.995        3     0.00041
    -15.845        3     0.00048
    -15.695        3     0.00055
    -15.545        3     0.00064
    -15.395        3     0.00045
    -15.245        3    -0.00308
    -15.095        3    -0.02771
    -14.945        3    -0.09734
    -14.795        3    -0.22011
    -14.645        3    -0.39538
    -14.495        3    -0.61595
    -14.345        3    -0.88095
    -14.195        3    -1.20248
    -14.045        3    -1.58503
    -13.895        3    -2.04065
    -13.745        3    -2.55043
    -13.595        3    -3.10398
    -13.445        3    -3.69055
    -13.295        3    -4.29608
    -13.145        3    -4.91133
    -12.995        3    -5.52125
    -12.845        3    -6.11645
    -12.695        3    -6.69692
    -12.545        3    -7.26917
    -12.395        3    -7.82267
    -12.245        3    -8.35813
    -12.095        3    -8.88406
    -11.945        3    -9.39908
    -11.795        3    -9.88907
    -11.645        3   -10.36081
    -11.495        3   -10.81711
    -11.345        3   -11.25966
    -11.195        3   -11.68837
    -11.045        3   -12.10428
    -10.895        3   -12.51347
    -10.745        3   -12.91616
    -10.595        3   -13.32083
    -10.445        3   -13.72847
    -10.295        3   -14.15334
    -10.145        3   -14.58222
    -9.9950        3   -15.02524
    -9.8450        3   -15.48306
    -9.6950        3   -15.95744
    -9.5450        3   -16.44256
    -9.3950        3   -16.94395
    -9.2450        3   -17.46542
    -9.0950        3   -18.01022
    -8.9450        3   -18.57616
    -8.7950        3   -19.16988
    -8.6450        3   -19.79569
    -8.4950        3   -20.45658
    -8.3450        3   -21.15997
    -8.1950        3   -21.91599
    -8.0450        3   -22.73106
    -7.8950        3   -23.60848
    -7.7450        3   -24.54983
    -7.5950        3   -25.54894
    -7.4450        3   -26.60631
    -7.2950        3   -27.71493
    -7.1450        3   -28.86433
    -6.9950        3   -30.05788
    -6.8450        3   -31.29006
    -6.6950        3   -32.55554
    -6.5450        3   -33.84848
    -6.3950        3   -35.17448
    -6.2450        3   -36.51618
    -6.0950        3   -37.87299
    -5.9450        3   -39.23948
    -5.7950        3   -40.62600
    -5.6450        3   -42.01760
    -5.4950        3   -43.42867
    -5.3450        3   -44.83939
    -5.1950        3   -46.25440
    -5.0450        3   -47.66872
    -4.8950        3   -49.07839
    -4.7450        3   -50.48419
    -4.5950        3   -51.88961
    -4.4450        3   -53.29275
    -4.2950        3   -54.69765
    -4.1450        3   -56.11344
    -3.9950        3   -57.53632
    -3.8450        3   -58.97621
    -3.6950        3   -60.44177
    -3.5450        3   -61.94102
    -3.3950        3   -63.49153
    -3.2450        3   -65.10598
    -3.0950        3   -66.79765
    -2.9450        3   -68.59580
    -2.7950        3   -70.51270
    -2.6450        3   -72.59069
    -2.4950        3   -74.86090
    -2.3450        3   -77.36922
    -2.1950        3   -80.17288
    -2.0450        3   -83.36904
    -1.8950        3   -87.08563
    -1.7450        3   -91.44211
    -1.5950        3   -96.49662
    -1.4450        3  -102.23930
    -1.2950        3  -108.64840
    -1.1450        3  -115.74475
   -0.99500        3  -123.43262
   -0.84500        3  -131.53587
   -0.69500        3  -140.02788
   -0.54500        3  -149.10894
   -0.39500        3  -159.47701
   -0.25300        3  -167.44790
   -0.21500        3  -167.99468
   -0.20900        3  -168.54986
   -0.20300        3  -169.11441
   -0.19700        3  -169.68800
   -0.19100        3  -170.27113
   -0.18500        3  -170.86467
   -0.17900        3  -171.47042
   -0.17300        3  -172.08726
   -0.16700        3  -172.71611
   -0.16100        3  -173.35877
   -0.15500        3  -174.01494
   -0.14900        3  -174.68684
   -0.14300        3  -175.37431
   -0.13700        3  -176.08025
   -0.13100        3  -176.80544
   -0.12500        3  -177.55294
   -0.11900        3  -178.32348
   -0.11300        3  -179.11927
   -0.10700        3  -179.94297
   -0.10100        3  -180.79844
   -0.95000E-01    3  -181.69026
   -0.89000E-01    3  -182.62283
   -0.83000E-01    3  -183.60140
   -0.77000E-01    3  -184.63209
   -0.71000E-01    3  -185.72260
   -0.65000E-01    3  -186.88416
   -0.59000E-01    3  -188.13134
   -0.53000E-01    3  -189.48354
   -0.47000E-01    3  -190.96500
   -0.41000E-01    3  -192.61345
   -0.35000E-01    3  -194.48841
   -0.29000E-01    3  -196.68829
   -0.23000E-01    3  -199.40473
   -0.19700E-01    3  -199.71441
   -0.19100E-01    3  -200.03403
   -0.18500E-01    3  -200.36454
   -0.17900E-01    3  -200.70675
   -0.17300E-01    3  -201.06137
   -0.16700E-01    3  -201.42923
   -0.16100E-01    3  -201.81152
   -0.15500E-01    3  -202.20933
   -0.14900E-01    3  -202.62361
   -0.14300E-01    3  -203.05513
   -0.13700E-01    3  -203.50507
   -0.13100E-01    3  -203.97392
   -0.12500E-01    3  -204.46280
   -0.11900E-01    3  -204.97237
   -0.11300E-01    3  -205.50361
   -0.10700E-01    3  -206.05756
   -0.10100E-01    3  -206.63574
   -0.95000E-02    3  -207.24001
   -0.89000E-02    3  -207.87184
   -0.83000E-02    3  -208.53173
   -0.77000E-02    3  -209.22124
   -0.71000E-02    3  -209.94238
   -0.65000E-02    3  -210.69652
   -0.59000E-02    3  -211.48684
   -0.53000E-02    3  -212.31966
   -0.47000E-02    3  -213.20056
   -0.41000E-02    3  -214.12650
   -0.35000E-02    3  -215.08435
   -0.29000E-02    3  -216.04556
   -0.23000E-02    3  -216.94935
   -0.17000E-02    3  -217.71265
   -0.11000E-02    3  -218.24651
   -0.50000E-03    3  -218.49744
    0.10000E-03    3  -218.44683
    0.70000E-03    3  -218.09846
    0.13000E-02    3  -217.47948
    0.19000E-02    3  -216.65959
    0.25000E-02    3  -215.72806
    0.31000E-02    3  -214.76603
    0.37000E-02    3  -213.83323
    0.43000E-02    3  -212.94362
    0.49000E-02    3  -212.09478
    0.55000E-02    3  -211.28572
    0.61000E-02    3  -210.51168
    0.67000E-02    3  -209.77044
    0.73000E-02    3  -209.06107
    0.79000E-02    3  -208.38228
    0.85000E-02    3  -207.73247
    0.91000E-02    3  -207.11037
    0.97000E-02    3  -206.51542
    0.10300E-01    3  -205.94560
    0.10900E-01    3  -205.39957
    0.11500E-01    3  -204.87608
    0.12100E-01    3  -204.37382
    0.12700E-01    3  -203.89206
    0.13300E-01    3  -203.42981
    0.13900E-01    3  -202.98620
    0.14500E-01    3  -202.56081
    0.15100E-01    3  -202.15219
    0.15700E-01    3  -201.75979
    0.16300E-01    3  -201.38237
    0.16900E-01    3  -201.01893
    0.17500E-01    3  -200.66855
    0.18100E-01    3  -200.33032
    0.18700E-01    3  -200.00360
    0.19300E-01    3  -199.68727
    0.20200E-01    3  -198.54370
    0.25000E-01    3  -196.03651
    0.31000E-01    3  -193.96786
    0.37000E-01    3  -192.18776
    0.43000E-01    3  -190.61661
    0.49000E-01    3  -189.20650
    0.55000E-01    3  -187.92528
    0.61000E-01    3  -186.75140
    0.67000E-01    3  -185.66679
    0.73000E-01    3  -184.65973
    0.79000E-01    3  -183.72029
    0.85000E-01    3  -182.84077
    0.91000E-01    3  -182.01432
    0.97000E-01    3  -181.23459
    0.10300        3  -180.49656
    0.10900        3  -179.79603
    0.11500        3  -179.12889
    0.12100        3  -178.49213
    0.12700        3  -177.88230
    0.13300        3  -177.29683
    0.13900        3  -176.73428
    0.14500        3  -176.19272
    0.15100        3  -175.67083
    0.15700        3  -175.16681
    0.16300        3  -174.68034
    0.16900        3  -174.20893
    0.17500        3  -173.75227
    0.18100        3  -173.30984
    0.18700        3  -172.88082
    0.19300        3  -172.46489
    0.19900        3  -172.06016
    0.20500        3  -171.66720
    0.21100        3  -171.28501
    0.21700        3  -170.91331
    0.29500        3  -163.71207
    0.44500        3  -159.34556
    0.59500        3  -156.21285
    0.74500        3  -153.71511
    0.89500        3  -151.57659
     1.0450        3  -149.67105
     1.1950        3  -147.92953
     1.3450        3  -146.31071
     1.4950        3  -144.78671
     1.6450        3  -143.33964
     1.7950        3  -141.95092
     1.9450        3  -140.61288
     2.0950        3  -139.31092
     2.2450        3  -138.04129
     2.3950        3  -136.79429
     2.5450        3  -135.56382
     2.6950        3  -134.34445
     2.8450        3  -133.13396
     2.9950        3  -131.92932
     3.1450        3  -130.72626
     3.2950        3  -129.52225
     3.4450        3  -128.31596
     3.5950        3  -127.10201
     3.7450        3  -125.87357
     3.8950        3  -124.63556
     4.0450        3  -123.38672
     4.1950        3  -122.13444
     4.3450        3  -120.87465
     4.4950        3  -119.61902
     4.6450        3  -118.37127
     4.7950        3  -117.13952
     4.9450        3  -115.92987
     5.0950        3  -114.75644
     5.2450        3  -113.62814
     5.3950        3  -112.55665
     5.5450        3  -111.54855
     5.6950        3  -110.60404
     5.8450        3  -109.73650
     5.9950        3  -108.92900
     6.1450        3  -108.20386
     6.2950        3  -107.53331
     6.4450        3  -106.91980
     6.5950        3  -106.36744
     6.7450        3  -105.86668
     6.8950        3  -105.41191
     7.0450        3  -104.99606
     7.1950        3  -104.61018
     7.3450        3  -104.25764
     7.4950        3  -103.93280
     7.6450        3  -103.63161
     7.7950        3  -103.34979
     7.9450        3  -103.08434
     8.0950        3  -102.83371
     8.2450        3  -102.59463
     8.3950        3  -102.36880
     8.5450        3  -102.15128
     8.6950        3  -101.94128
     8.8450        3  -101.73785
     8.9950        3  -101.53930
     9.1450        3  -101.35177
     9.2950        3  -101.16620
     9.4450        3  -100.98626
     9.5950        3  -100.80849
     9.7450        3  -100.63676
     9.8950        3  -100.46792
     10.045        3  -100.30304
     10.195        3  -100.13927
     10.345        3   -99.97917
     10.495        3   -99.82116
     10.645        3   -99.66561
     10.795        3   -99.51202
     10.945        3   -99.36076
     11.095        3   -99.21257
     11.245        3   -99.06585
     11.395        3   -98.92136
     11.545        3   -98.77833
     11.695        3   -98.63662
     11.845        3   -98.49757
     11.995        3   -98.35969
     12.145        3   -98.22380
     12.295        3   -98.09024
     12.445        3   -97.95774
     12.595        3   -97.82662
     12.745        3   -97.69702
     12.895        3   -97.56852
     13.045        3   -97.44165
     13.195        3   -97.31608
     13.345        3   -97.19222
     13.495        3   -97.06932
     13.645        3   -96.94795
     13.795        3   -96.82718
     13.945        3   -96.70759
     14.095        3   -96.58957
     14.245        3   -96.47267
     14.395        3   -96.35698
     14.545        3   -96.24250
     14.695        3   -96.12939
     14.845        3   -96.01695
     14.995        3   -95.90603
     15.145        3   -95.79571
     15.295        3   -95.68642
     15.445        3   -95.57799
     15.595        3   -95.47066
     15.745        3   -95.36432
     15.895        3   -95.25929
     16.045        3   -95.15444
     16.195        3   -95.05092
     16.345        3   -94.94838
     16.495        3   -94.84677
     16.645        3   -94.74556
     16.795        3   -94.64523
     16.945        3   -94.54596
     17.095        3   -94.44754
     17.245        3   -94.35009
     17.395        3   -94.25304
     17.545        3   -94.15701
     17.695        3   -94.06179
     17.845        3   -93.96717
     17.995        3   -93.87345
     18.145        3   -93.78032
     18.295        3   -93.68766
     18.445        3   -93.59641
     18.595        3   -93.50537
     18.745        3   -93.41495
     18.895        3   -93.32549
     19.045        3   -93.23673
     19.195        3   -93.14839
     19.345        3   -93.06087
     19.495        3   -92.97405
     19.645        3   -92.88775
     19.795        3   -92.80256
     19.945        3   -92.71763
     20.095        3   -92.63296
     21.836        3   -90.05027
     30.068        3   -86.17340
     42.097        3   -82.24681
     58.937        3   -78.27046
     82.515        3   -74.26840
     115.53        3   -70.24760
     161.74        3   -66.19743
     226.45        3   -62.11274
     317.04        3   -58.02749
     443.87        3   -53.93335
     621.44        3   -49.83124
     870.05        3   -45.74002
     1218.1        3   -41.67380
     1705.4        3   -37.64372
     2387.7        3   -33.66048
     3342.9        3   -29.74250
     4680.2        3   -25.91564
     6552.5        3   -22.18487
     9173.8        3   -18.55311
     12844.        3   -15.03603
     17982.        3   -11.62656
     25176.        3    -8.34188
     35247.        3    -5.18547
     49348.        3    -2.16042
     69090.        3     0.73203
     96729.        3     3.49172
    0.13543E+06    3     6.12049
    0.18960E+06    3     8.62315
    0.26545E+06    3    11.00618
    0.37165E+06    3    13.27149
    0.52033E+06    3    15.42815
    0.72849E+06    3    17.47904
    0.10199E+07    3    19.42874
    0.14279E+07    3    21.28362
    0.19992E+07    3    23.04729
    0.27990E+07    3    24.72323
    0.39187E+07    3    26.31558
    0.54864E+07    3    27.82859
    0.76812E+07    3    29.26538
    0.10754E+08    3    30.63070
    0.15056E+08    3    31.92902
    0.21080E+08    3    33.16236
    0.29513E+08    3    34.33114
    0.41319E+08    3    35.43589
    0.57849E+08    3    36.46495
    0.80991E+08    3    37.41668
    0.11339E+09    3    38.29992
    0.15875E+09    3    39.12254
    0.22226E+09    3    39.89121
    0.31118E+09    3    40.60977
    0.43567E+09    3    41.28119
    0.60996E+09    3    41.89553
    0.85398E+09    3    42.45149
    0.11956E+10    3    42.96015
    0.16739E+10    3    43.42676
    0.23436E+10    3    43.85498
    0.32811E+10    3    44.24872
    0.45937E+10    3    44.61075
    0.64315E+10    3    44.94345
    0.90044E+10    3    45.24885
    0.12607E+11    3    45.52971
    0.17650E+11    3    45.78800
    0.24711E+11    3    46.02525
    0.34596E+11    3    46.24336
    0.48437E+11    3    46.44389
    0.67814E+11    3    46.62836
    0.10000E+12    3    48.73297
