    -29.945        1     0.00000
    -29.795        1     0.00000
    -29.645        1     0.00000
    -29.495        1     0.00000
    -29.345        1     0.00000
    -29.195        1     0.00000
    -29.045        1     0.00000
    -28.895        1     0.00000
    -28.745        1     0.00000
    -28.595        1     0.00000
    -28.445        1     0.00000
    -28.295        1     0.00000
    -28.145        1     0.00000
    -27.995        1     0.00000
    -27.845        1     0.00000
    -27.695        1     0.00000
    -27.545        1     0.00000
    -27.395        1     0.00000
    -27.245        1     0.00000
    -27.095        1     0.00000
    -26.945        1     0.00000
    -26.795        1     0.00000
    -26.645        1     0.00000
    -26.495        1     0.00000
    -26.345        1     0.00000
    -26.195        1     0.00000
    -26.045        1     0.00000
    -25.895        1     0.00000
    -25.745        1     0.00000
    -25.595        1     0.00000
    -25.445        1     0.00000
    -25.295        1     0.00000
    -25.145        1     0.00000
    -24.995        1     0.00000
    -24.845        1     0.00000
    -24.695        1     0.00000
    -24.545        1     0.00000
    -24.395        1     0.00000
    -24.245        1     0.00000
    -24.095        1     0.00000
    -23.945        1     0.00000
    -23.795        1     0.00000
    -23.645        1     0.00000
    -23.495        1     0.00000
    -23.345        1     0.00000
    -23.195        1     0.00000
    -23.045        1     0.00000
    -22.895        1     0.00000
    -22.745        1     0.00000
    -22.595        1     0.00000
    -22.445        1     0.00000
    -22.295        1     0.00000
    -22.145        1     0.00000
    -21.995        1     0.00000
    -21.845        1     0.00000
    -21.695        1     0.00000
    -21.545        1     0.00000
    -21.395        1     0.00000
    -21.245        1     0.00000
    -21.095        1     0.00000
    -20.945        1     0.00000
    -20.795        1     0.00000
    -20.645        1     0.00000
    -20.495        1     0.00000
    -20.345        1     0.00000
    -20.195        1     0.00000
    -20.045        1     0.00000
    -19.895        1     0.00000
    -19.745        1     0.00000
    -19.595        1     0.00000
    -19.445        1     0.00000
    -19.295        1     0.00000
    -19.145        1     0.00000
    -18.995        1     0.00000
    -18.845        1     0.00000
    -18.695        1     0.00000
    -18.545        1     0.00000
    -18.395        1     0.00000
    -18.245        1     0.00000
    -18.095        1     0.00000
    -17.945        1     0.00000
    -17.795        1     0.00000
    -17.645        1     0.00000
    -17.495        1     0.00000
    -17.345        1     0.00000
    -17.195        1     0.00000
    -17.045        1     0.00000
    -16.895        1     0.00000
    -16.745        1     0.00000
    -16.595        1     0.00000
    -16.445        1     0.00000
    -16.295        1     0.00000
    -16.145        1     0.00000
    -15.995        1     0.00000
    -15.845        1     0.00000
    -15.695        1     0.00000
    -15.545        1     0.00000
    -15.395        1     0.00000
    -15.245        1     0.00000
    -15.095        1     0.00000
    -14.945        1     0.00000
    -14.795        1     0.00000
    -14.645        1     0.00000
    -14.495        1     0.00000
    -14.345        1     0.00000
    -14.195        1     0.00000
    -14.045        1     0.00000
    -13.895        1     0.00000
    -13.745        1     0.00000
    -13.595        1    -0.00266
    -13.445        1    -0.00971
    -13.295        1    -0.01890
    -13.145        1    -0.02980
    -12.995        1    -0.04165
    -12.845        1    -0.06045
    -12.695        1    -0.09833
    -12.545        1    -0.14723
    -12.395        1    -0.19989
    -12.245        1    -0.25709
    -12.095        1    -0.31474
    -11.945        1    -0.37161
    -11.795        1    -0.43031
    -11.645        1    -0.49365
    -11.495        1    -0.56136
    -11.345        1    -0.63152
    -11.195        1    -0.70360
    -11.045        1    -0.78141
    -10.895        1    -0.86144
    -10.745        1    -0.94811
    -10.595        1    -1.03788
    -10.445        1    -1.13292
    -10.295        1    -1.23335
    -10.145        1    -1.33569
    -9.9950        1    -1.44134
    -9.8450        1    -1.55343
    -9.6950        1    -1.67096
    -9.5450        1    -1.78999
    -9.3950        1    -1.91109
    -9.2450        1    -2.03960
    -9.0950        1    -2.17566
    -8.9450        1    -2.32473
    -8.7950        1    -2.48796
    -8.6450        1    -2.66122
    -8.4950        1    -2.84274
    -8.3450        1    -3.02970
    -8.1950        1    -3.22622
    -8.0450        1    -3.43054
    -7.8950        1    -3.64421
    -7.7450        1    -3.86480
    -7.5950        1    -4.09852
    -7.4450        1    -4.34017
    -7.2950        1    -4.59079
    -7.1450        1    -4.84999
    -6.9950        1    -5.11873
    -6.8450        1    -5.39788
    -6.6950        1    -5.68940
    -6.5450        1    -5.99770
    -6.3950        1    -6.31759
    -6.2450        1    -6.64814
    -6.0950        1    -6.98991
    -5.9450        1    -7.34215
    -5.7950        1    -7.70718
    -5.6450        1    -8.08796
    -5.4950        1    -8.49039
    -5.3450        1    -8.90672
    -5.1950        1    -9.34272
    -5.0450        1    -9.80223
    -4.8950        1   -10.28583
    -4.7450        1   -10.80201
    -4.5950        1   -11.35886
    -4.4450        1   -11.95158
    -4.2950        1   -12.58392
    -4.1450        1   -13.26191
    -3.9950        1   -13.98066
    -3.8450        1   -14.73814
    -3.6950        1   -15.53925
    -3.5450        1   -16.39336
    -3.3950        1   -17.30455
    -3.2450        1   -18.27820
    -3.0950        1   -19.30792
    -2.9450        1   -20.40051
    -2.7950        1   -21.56976
    -2.6450        1   -22.82293
    -2.4950        1   -24.17133
    -2.3450        1   -25.63127
    -2.1950        1   -27.21233
    -2.0450        1   -28.94698
    -1.8950        1   -30.86684
    -1.7450        1   -33.02040
    -1.5950        1   -35.46877
    -1.4450        1   -38.28373
    -1.2950        1   -41.58253
    -1.1450        1   -45.54505
   -0.99500        1   -50.45203
   -0.84500        1   -56.53913
   -0.69500        1   -64.69129
   -0.54500        1   -77.25865
   -0.39500        1  -100.61897
   -0.25300        1  -119.36901
   -0.21500        1  -120.39048
   -0.20900        1  -121.39239
   -0.20300        1  -122.32123
   -0.19700        1  -123.19638
   -0.19100        1  -124.02698
   -0.18500        1  -124.81574
   -0.17900        1  -125.54359
   -0.17300        1  -126.21651
   -0.16700        1  -126.84350
   -0.16100        1  -127.42755
   -0.15500        1  -127.97116
   -0.14900        1  -128.47627
   -0.14300        1  -128.94209
   -0.13700        1  -129.36867
   -0.13100        1  -129.75962
   -0.12500        1  -130.11654
   -0.11900        1  -130.44306
   -0.11300        1  -130.74109
   -0.10700        1  -131.01304
   -0.10100        1  -131.26088
   -0.95000E-01    1  -131.48543
   -0.89000E-01    1  -131.68870
   -0.83000E-01    1  -131.87181
   -0.77000E-01    1  -132.03588
   -0.71000E-01    1  -132.18217
   -0.65000E-01    1  -132.31173
   -0.59000E-01    1  -132.42551
   -0.53000E-01    1  -132.52454
   -0.47000E-01    1  -132.60967
   -0.41000E-01    1  -132.68168
   -0.35000E-01    1  -132.74134
   -0.29000E-01    1  -132.78937
   -0.23000E-01    1  -132.82636
   -0.19700E-01    1  -132.82947
   -0.19100E-01    1  -132.83248
   -0.18500E-01    1  -132.83539
   -0.17900E-01    1  -132.83819
   -0.17300E-01    1  -132.84090
   -0.16700E-01    1  -132.84352
   -0.16100E-01    1  -132.84603
   -0.15500E-01    1  -132.84845
   -0.14900E-01    1  -132.85075
   -0.14300E-01    1  -132.85296
   -0.13700E-01    1  -132.85507
   -0.13100E-01    1  -132.85709
   -0.12500E-01    1  -132.85901
   -0.11900E-01    1  -132.86083
   -0.11300E-01    1  -132.86256
   -0.10700E-01    1  -132.86418
   -0.10100E-01    1  -132.86572
   -0.95000E-02    1  -132.86715
   -0.89000E-02    1  -132.86849
   -0.83000E-02    1  -132.86974
   -0.77000E-02    1  -132.87089
   -0.71000E-02    1  -132.87196
   -0.65000E-02    1  -132.87292
   -0.59000E-02    1  -132.87380
   -0.53000E-02    1  -132.87459
   -0.47000E-02    1  -132.87528
   -0.41000E-02    1  -132.87589
   -0.35000E-02    1  -132.87640
   -0.29000E-02    1  -132.87683
   -0.23000E-02    1  -132.87717
   -0.17000E-02    1  -132.87741
   -0.11000E-02    1  -132.87757
   -0.50000E-03    1  -132.87765
    0.10000E-03    1  -132.87763
    0.70000E-03    1  -132.87753
    0.13000E-02    1  -132.87735
    0.19000E-02    1  -132.87708
    0.25000E-02    1  -132.87672
    0.31000E-02    1  -132.87628
    0.37000E-02    1  -132.87576
    0.43000E-02    1  -132.87515
    0.49000E-02    1  -132.87445
    0.55000E-02    1  -132.87368
    0.61000E-02    1  -132.87282
    0.67000E-02    1  -132.87189
    0.73000E-02    1  -132.87087
    0.79000E-02    1  -132.86977
    0.85000E-02    1  -132.86858
    0.91000E-02    1  -132.86732
    0.97000E-02    1  -132.86598
    0.10300E-01    1  -132.86456
    0.10900E-01    1  -132.86307
    0.11500E-01    1  -132.86149
    0.12100E-01    1  -132.85984
    0.12700E-01    1  -132.85810
    0.13300E-01    1  -132.85628
    0.13900E-01    1  -132.85440
    0.14500E-01    1  -132.85244
    0.15100E-01    1  -132.85040
    0.15700E-01    1  -132.84829
    0.16300E-01    1  -132.84610
    0.16900E-01    1  -132.84384
    0.17500E-01    1  -132.84150
    0.18100E-01    1  -132.83909
    0.18700E-01    1  -132.83661
    0.19300E-01    1  -132.83406
    0.20200E-01    1  -132.82341
    0.25000E-01    1  -132.79104
    0.31000E-01    1  -132.75195
    0.37000E-01    1  -132.70645
    0.43000E-01    1  -132.65486
    0.49000E-01    1  -132.59757
    0.55000E-01    1  -132.53475
    0.61000E-01    1  -132.46681
    0.67000E-01    1  -132.39406
    0.73000E-01    1  -132.31920
    0.79000E-01    1  -132.24163
    0.85000E-01    1  -132.16133
    0.91000E-01    1  -132.07847
    0.97000E-01    1  -131.99315
    0.10300        1  -131.90530
    0.10900        1  -131.81520
    0.11500        1  -131.72301
    0.12100        1  -131.62898
    0.12700        1  -131.53342
    0.13300        1  -131.43624
    0.13900        1  -131.33735
    0.14500        1  -131.23698
    0.15100        1  -131.13570
    0.15700        1  -131.03309
    0.16300        1  -130.92952
    0.16900        1  -130.82511
    0.17500        1  -130.72000
    0.18100        1  -130.61433
    0.18700        1  -130.50800
    0.19300        1  -130.40108
    0.19900        1  -130.29318
    0.20500        1  -130.18514
    0.21100        1  -130.07691
    0.21700        1  -129.96851
    0.29500        1  -127.25601
    0.44500        1  -124.85630
    0.59500        1  -122.77693
    0.74500        1  -121.05858
    0.89500        1  -119.60278
     1.0450        1  -118.33157
     1.1950        1  -117.20336
     1.3450        1  -116.18954
     1.4950        1  -115.26666
     1.6450        1  -114.42227
     1.7950        1  -113.64260
     1.9450        1  -112.91733
     2.0950        1  -112.24181
     2.2450        1  -111.60992
     2.3950        1  -111.01604
     2.5450        1  -110.45884
     2.6950        1  -109.93369
     2.8450        1  -109.43660
     2.9950        1  -108.96378
     3.1450        1  -108.51440
     3.2950        1  -108.08529
     3.4450        1  -107.67323
     3.5950        1  -107.27839
     3.7450        1  -106.89893
     3.8950        1  -106.53230
     4.0450        1  -106.17876
     4.1950        1  -105.83670
     4.3450        1  -105.50641
     4.4950        1  -105.18722
     4.6450        1  -104.87886
     4.7950        1  -104.58063
     4.9450        1  -104.29292
     5.0950        1  -104.01235
     5.2450        1  -103.74150
     5.3950        1  -103.47893
     5.5450        1  -103.22452
     5.6950        1  -102.97666
     5.8450        1  -102.73633
     5.9950        1  -102.50282
     6.1450        1  -102.27536
     6.2950        1  -102.05393
     6.4450        1  -101.83845
     6.5950        1  -101.62761
     6.7450        1  -101.42222
     6.8950        1  -101.22114
     7.0450        1  -101.02375
     7.1950        1  -100.83102
     7.3450        1  -100.64092
     7.4950        1  -100.45664
     7.6450        1  -100.27401
     7.7950        1  -100.09374
     7.9450        1   -99.91630
     8.0950        1   -99.74302
     8.2450        1   -99.57327
     8.3950        1   -99.40497
     8.5450        1   -99.23977
     8.6950        1   -99.07736
     8.8450        1   -98.91559
     8.9950        1   -98.75790
     9.1450        1   -98.60228
     9.2950        1   -98.44861
     9.4450        1   -98.29765
     9.5950        1   -98.14879
     9.7450        1   -98.00272
     9.8950        1   -97.85874
     10.045        1   -97.71595
     10.195        1   -97.57515
     10.345        1   -97.43827
     10.495        1   -97.30249
     10.645        1   -97.16971
     10.795        1   -97.03804
     10.945        1   -96.90922
     11.095        1   -96.78357
     11.245        1   -96.66021
     11.395        1   -96.53853
     11.545        1   -96.41960
     11.695        1   -96.30480
     11.845        1   -96.19305
     11.995        1   -96.08280
     12.145        1   -95.97989
     12.295        1   -95.87725
     12.445        1   -95.77737
     12.595        1   -95.67891
     12.745        1   -95.58532
     12.895        1   -95.49458
     13.045        1   -95.40910
     13.195        1   -95.32761
     13.345        1   -95.24902
     13.495        1   -95.17374
     13.645        1   -95.10275
     13.795        1   -95.03532
     13.945        1   -94.97287
     14.095        1   -94.91501
     14.245        1   -94.85784
     14.395        1   -94.80501
     14.545        1   -94.75469
     14.695        1   -94.71356
     14.845        1   -94.66737
     14.995        1   -94.62232
     15.145        1   -94.58118
     15.295        1   -94.54593
     15.445        1   -94.51021
     15.595        1   -94.47646
     15.745        1   -94.44428
     15.895        1   -94.41508
     16.045        1   -94.38606
     16.195        1   -94.35925
     16.345        1   -94.33131
     16.495        1   -94.30833
     16.645        1   -94.28401
     16.795        1   -94.25890
     16.945        1   -94.23514
     17.095        1   -94.21037
     17.245        1   -94.18788
     17.395        1   -94.16413
     17.545        1   -94.14219
     17.695        1   -94.11869
     17.845        1   -94.09512
     17.995        1   -94.07224
     18.145        1   -94.05074
     18.295        1   -94.02900
     18.445        1   -94.00781
     18.595        1   -93.98453
     18.745        1   -93.96200
     18.895        1   -93.94367
     19.045        1   -93.92203
     19.195        1   -93.90221
     19.345        1   -93.88225
     19.495        1   -93.85928
     19.645        1   -93.83971
     19.795        1   -93.81679
     19.945        1   -93.79351
     20.095        1   -93.76816
     20.245        1   -93.74276
     20.395        1   -93.71743
     20.545        1   -93.69261
     20.695        1   -93.66600
     20.845        1   -93.64156
     20.995        1   -93.61468
     21.145        1   -93.58958
     21.295        1   -93.56137
     21.445        1   -93.53737
     21.595        1   -93.51074
     21.745        1   -93.48245
     21.895        1   -93.45486
     22.045        1   -93.42560
     22.195        1   -93.39317
     22.345        1   -93.36801
     22.495        1   -93.33648
     22.645        1   -93.30476
     22.795        1   -93.27710
     22.945        1   -93.24688
     23.095        1   -93.21621
     23.245        1   -93.18446
     23.395        1   -93.15118
     23.545        1   -93.11909
     23.695        1   -93.08655
     23.845        1   -93.05363
     23.995        1   -93.01938
     24.145        1   -92.98923
     24.295        1   -92.95479
     24.445        1   -92.91975
     24.595        1   -92.88700
     24.745        1   -92.85235
     24.895        1   -92.81725
     25.045        1   -92.78667
     25.195        1   -92.75322
     25.345        1   -92.71870
     25.495        1   -92.68506
     25.645        1   -92.65144
     25.795        1   -92.61623
     25.945        1   -92.58354
     26.095        1   -92.54708
     26.245        1   -92.51510
     26.395        1   -92.48069
     26.545        1   -92.44643
     26.695        1   -92.41350
     26.845        1   -92.37958
     26.995        1   -92.34398
     27.145        1   -92.30849
     27.295        1   -92.27535
     27.445        1   -92.23823
     27.595        1   -92.20713
     27.745        1   -92.17331
     27.895        1   -92.14012
     28.045        1   -92.10739
     28.195        1   -92.07398
     28.345        1   -92.04164
     28.495        1   -92.01052
     28.645        1   -91.97801
     28.795        1   -91.94807
     28.945        1   -91.91671
     29.095        1   -91.88507
     29.245        1   -91.85272
     29.395        1   -91.82138
     29.545        1   -91.79173
     29.695        1   -91.76105
     29.845        1   -91.73295
     29.995        1   -91.70664
     30.145        1   -91.67708
     30.295        1   -91.64566
     30.445        1   -91.61878
     30.595        1   -91.59139
     30.745        1   -91.56243
     30.895        1   -91.53543
     31.045        1   -91.51095
     31.195        1   -91.48506
     31.345        1   -91.45831
     31.495        1   -91.43179
     31.645        1   -91.40532
     31.795        1   -91.38174
     31.945        1   -91.35900
     32.095        1   -91.33724
     32.245        1   -91.31422
     32.395        1   -91.29241
     32.545        1   -91.27145
     32.695        1   -91.25059
     32.845        1   -91.23054
     32.995        1   -91.21428
     33.145        1   -91.19804
     33.295        1   -91.17952
     33.445        1   -91.16531
     33.595        1   -91.15061
     33.745        1   -91.13751
     33.895        1   -91.12417
     34.045        1   -91.11270
     34.195        1   -91.10162
     34.345        1   -91.08871
     34.495        1   -91.07891
     34.645        1   -91.06984
     34.795        1   -91.06031
     34.945        1   -91.05311
     35.095        1   -91.04302
     35.245        1   -91.03660
     35.395        1   -91.02645
     35.545        1   -91.02148
     35.695        1   -91.01711
     35.845        1   -91.01181
     35.995        1   -91.00589
     36.145        1   -91.00152
     36.295        1   -90.99655
     36.445        1   -90.99217
     36.595        1   -90.98840
     36.745        1   -90.98358
     36.895        1   -90.97759
     37.045        1   -90.97379
     37.195        1   -90.96833
     37.345        1   -90.96457
     37.495        1   -90.96092
     37.645        1   -90.95725
     37.795        1   -90.95302
     37.945        1   -90.94990
     38.095        1   -90.94682
     38.245        1   -90.94324
     38.395        1   -90.93960
     38.545        1   -90.93653
     38.695        1   -90.93291
     38.845        1   -90.92991
     38.995        1   -90.92633
     39.145        1   -90.92264
     39.295        1   -90.91913
     39.445        1   -90.91619
     39.595        1   -90.91325
     39.745        1   -90.90970
     39.895        1   -90.90679
     40.045        1   -90.90393
     40.195        1   -90.90095
     40.345        1   -90.89805
     40.495        1   -90.89511
     40.645        1   -90.89227
     40.795        1   -90.88941
     40.945        1   -90.88654
     41.095        1   -90.88373
     41.245        1   -90.88078
     41.395        1   -90.87805
     41.545        1   -90.87523
     41.695        1   -90.87240
     41.845        1   -90.86891
     41.995        1   -90.86611
     42.145        1   -90.86334
     42.295        1   -90.86064
     42.445        1   -90.85789
     42.595        1   -90.85521
     42.745        1   -90.85252
     42.895        1   -90.84980
     43.045        1   -90.84712
     43.195        1   -90.84446
     43.345        1   -90.84182
     43.495        1   -90.83919
     43.645        1   -90.83647
     43.795        1   -90.83384
     43.945        1   -90.83126
     44.095        1   -90.82856
     44.245        1   -90.82591
     44.395        1   -90.82334
     44.545        1   -90.82076
     44.695        1   -90.81822
     44.845        1   -90.81569
     44.995        1   -90.81309
     45.145        1   -90.81043
     45.295        1   -90.80794
     45.445        1   -90.80527
     45.595        1   -90.80270
     45.745        1   -90.80023
     45.895        1   -90.79769
     46.045        1   -90.79519
     46.195        1   -90.79273
     46.345        1   -90.79019
     46.495        1   -90.78767
     46.645        1   -90.78523
     46.795        1   -90.78279
     46.945        1   -90.78032
     47.095        1   -90.77787
     47.245        1   -90.77539
     47.395        1   -90.77297
     47.545        1   -90.77053
     47.695        1   -90.76811
     47.845        1   -90.76565
     47.995        1   -90.76330
     48.145        1   -90.76092
     48.295        1   -90.75860
     48.445        1   -90.75621
     48.595        1   -90.75385
     48.745        1   -90.75146
     48.895        1   -90.74910
     49.045        1   -90.74671
     49.195        1   -90.74436
     49.345        1   -90.74198
     49.495        1   -90.73974
     49.645        1   -90.73742
     49.795        1   -90.73511
     49.945        1   -90.73279
     50.095        1   -90.73052
     50.245        1   -90.72823
     50.395        1   -90.72596
     50.545        1   -90.72367
     50.695        1   -90.72145
     50.845        1   -90.71930
     50.995        1   -90.71707
     51.145        1   -90.71484
     51.295        1   -90.71254
     51.445        1   -90.71034
     51.595        1   -90.70811
     51.745        1   -90.70589
     51.895        1   -90.70369
     52.045        1   -90.70147
     52.195        1   -90.69932
     52.345        1   -90.69712
     52.495        1   -90.69496
     52.645        1   -90.69275
     52.795        1   -90.69054
     52.945        1   -90.68831
     53.095        1   -90.68614
     53.245        1   -90.68395
     53.395        1   -90.68184
     53.545        1   -90.67967
     53.695        1   -90.67754
     53.845        1   -90.67547
     53.995        1   -90.67340
     54.145        1   -90.67127
     54.295        1   -90.66921
     54.445        1   -90.66709
     54.595        1   -90.66505
     54.745        1   -90.66300
     54.895        1   -90.66088
     55.045        1   -90.65880
     55.195        1   -90.65672
     55.345        1   -90.65460
     55.495        1   -90.65252
     55.645        1   -90.65042
     55.795        1   -90.64839
     55.945        1   -90.64637
     56.095        1   -90.64428
     56.245        1   -90.64229
     56.395        1   -90.64025
     56.545        1   -90.63824
     56.695        1   -90.63620
     56.845        1   -90.63417
     56.995        1   -90.63215
     57.145        1   -90.63009
     57.295        1   -90.62807
     57.445        1   -90.62611
     57.595        1   -90.62411
     57.745        1   -90.62212
     57.895        1   -90.62009
     58.045        1   -90.61807
     58.195        1   -90.61611
     58.345        1   -90.61416
     58.495        1   -90.61224
     58.645        1   -90.61033
     58.795        1   -90.60840
     58.945        1   -90.60652
     59.095        1   -90.60459
     59.245        1   -90.60269
     59.395        1   -90.60077
     59.545        1   -90.59880
     59.695        1   -90.59688
     59.845        1   -90.59504
     59.995        1   -90.59314
     60.145        1   -90.59131
     60.295        1   -90.58938
     60.445        1   -90.58752
     60.595        1   -90.58564
     60.745        1   -90.58372
     60.895        1   -90.58185
     61.045        1   -90.57998
     61.195        1   -90.57811
     61.345        1   -90.57629
     61.495        1   -90.57447
     61.645        1   -90.57267
     61.795        1   -90.57083
     61.945        1   -90.56899
     62.095        1   -90.56713
     62.245        1   -90.56534
     62.395        1   -90.56351
     62.545        1   -90.56171
     62.695        1   -90.55993
     62.845        1   -90.55810
     62.995        1   -90.55634
     63.145        1   -90.55454
     63.295        1   -90.55271
     63.445        1   -90.55093
     63.595        1   -90.54917
     63.745        1   -90.54742
     63.895        1   -90.54561
     64.045        1   -90.54386
     64.195        1   -90.54207
     64.345        1   -90.54031
     64.495        1   -90.53854
     64.645        1   -90.53682
     64.795        1   -90.53509
     64.945        1   -90.53333
     65.095        1   -90.53155
     70.156        1   -90.37222
     94.967        1   -90.13285
     130.63        1   -89.89788
     179.69        1   -89.66958
     247.17        1   -89.44611
     340.00        1   -89.22723
     467.69        1   -89.01382
     643.33        1   -88.80508
     884.93        1   -88.60134
     1217.3        1   -88.40140
     1674.4        1   -88.20531
     2303.2        1   -88.01326
     3168.2        1   -87.82386
     4358.0        1   -87.63706
     5994.7        1   -87.45268
     8246.0        1   -87.27197
     11343.        1   -87.09483
     15603.        1   -86.92160
     21462.        1   -86.75163
     29522.        1   -86.58531
     40609.        1   -86.42331
     55860.        1   -86.26556
     76839.        1   -86.11144
    0.10570E+06    1   -85.96238
    0.14539E+06    1   -85.81781
    0.19999E+06    1   -85.67780
    0.27510E+06    1   -85.54306
    0.37841E+06    1   -85.41334
    0.52052E+06    1   -85.28966
    0.71601E+06    1   -85.17158
    0.98490E+06    1   -85.05861
    0.13548E+07    1   -84.95103
    0.18636E+07    1   -84.84857
    0.25634E+07    1   -84.75061
    0.35262E+07    1   -84.65720
    0.48504E+07    1   -84.56814
    0.66720E+07    1   -84.48339
    0.91776E+07    1   -84.40287
    0.12624E+08    1   -84.32594
    0.17365E+08    1   -84.25262
    0.23887E+08    1   -84.18272
    0.32858E+08    1   -84.11621
    0.45197E+08    1   -84.05277
    0.62171E+08    1   -83.99243
    0.85520E+08    1   -83.93511
    0.11764E+09    1   -83.88042
    0.16182E+09    1   -83.82841
    0.22259E+09    1   -83.77904
    0.30618E+09    1   -83.73275
    0.42116E+09    1   -83.68959
    0.57933E+09    1   -83.64932
    0.79690E+09    1   -83.61187
    0.10962E+10    1   -83.57681
    0.15078E+10    1   -83.54395
    0.20741E+10    1   -83.51312
    0.28531E+10    1   -83.48422
    0.39245E+10    1   -83.45733
    0.53984E+10    1   -83.43304
    0.74258E+10    1   -83.41063
    0.10215E+11    1   -83.39008
    0.14051E+11    1   -83.37106
    0.19327E+11    1   -83.35352
    0.26586E+11    1   -83.33734
    0.36570E+11    1   -83.32236
    0.50304E+11    1   -83.30862
    0.69195E+11    1   -83.29589
    0.10000E+12    1   -83.14238
    -149.95        2     0.00000
    -149.80        2     0.00000
    -149.65        2     0.00000
    -149.49        2     0.00000
    -149.34        2     0.00000
    -149.20        2     0.00000
    -149.05        2     0.00000
    -148.90        2     0.00000
    -148.74        2     0.00000
    -148.59        2     0.00000
    -148.45        2     0.00000
    -148.30        2     0.00000
    -148.15        2     0.00000
    -147.99        2     0.00000
    -147.84        2     0.00000
    -147.70        2     0.00000
    -147.55        2     0.00000
    -147.40        2     0.00000
    -147.24        2     0.00000
    -147.09        2     0.00000
    -146.95        2     0.00000
    -146.80        2     0.00000
    -146.65        2     0.00000
    -146.49        2     0.00000
    -146.34        2     0.00000
    -146.20        2     0.00000
    -146.05        2     0.00000
    -145.90        2     0.00000
    -145.74        2     0.00000
    -145.59        2     0.00000
    -145.45        2     0.00000
    -145.30        2     0.00000
    -145.15        2     0.00000
    -144.99        2     0.00000
    -144.84        2     0.00000
    -144.70        2     0.00000
    -144.55        2     0.00000
    -144.40        2     0.00000
    -144.24        2     0.00000
    -144.09        2     0.00000
    -143.95        2     0.00000
    -143.80        2     0.00000
    -143.65        2     0.00000
    -143.49        2     0.00000
    -143.34        2     0.00000
    -143.20        2     0.00000
    -143.05        2     0.00000
    -142.90        2     0.00000
    -142.74        2     0.00000
    -142.59        2     0.00000
    -142.45        2     0.00000
    -142.30        2     0.00000
    -142.15        2     0.00000
    -141.99        2     0.00000
    -141.84        2     0.00000
    -141.70        2     0.00000
    -141.55        2     0.00000
    -141.40        2     0.00000
    -141.24        2     0.00000
    -141.09        2     0.00000
    -140.95        2     0.00000
    -140.80        2     0.00000
    -140.65        2     0.00000
    -140.49        2     0.00000
    -140.34        2     0.00000
    -140.20        2     0.00000
    -140.05        2     0.00000
    -139.90        2     0.00000
    -139.74        2     0.00000
    -139.59        2     0.00000
    -139.45        2     0.00000
    -139.30        2     0.00000
    -139.15        2     0.00000
    -138.99        2     0.00000
    -138.84        2     0.00000
    -138.70        2     0.00000
    -138.55        2     0.00000
    -138.40        2     0.00000
    -138.24        2     0.00000
    -138.09        2     0.00000
    -137.95        2     0.00000
    -137.80        2     0.00000
    -137.65        2     0.00000
    -137.49        2     0.00000
    -137.34        2     0.00000
    -137.20        2     0.00000
    -137.05        2     0.00000
    -136.90        2     0.00000
    -136.74        2     0.00000
    -136.59        2     0.00000
    -136.45        2     0.00000
    -136.30        2     0.00000
    -136.15        2     0.00000
    -135.99        2     0.00000
    -135.84        2     0.00000
    -135.70        2     0.00000
    -135.55        2     0.00000
    -135.40        2     0.00000
    -135.24        2     0.00000
    -135.09        2     0.00000
    -134.95        2     0.00000
    -134.80        2     0.00000
    -134.65        2     0.00000
    -134.49        2     0.00000
    -134.34        2     0.00000
    -134.20        2     0.00000
    -134.05        2     0.00000
    -133.90        2     0.00000
    -133.74        2     0.00000
    -133.59        2     0.00000
    -133.45        2     0.00000
    -133.30        2     0.00000
    -133.15        2     0.00000
    -132.99        2     0.00000
    -132.84        2     0.00000
    -132.70        2     0.00000
    -132.55        2     0.00000
    -132.40        2     0.00000
    -132.24        2     0.00000
    -132.09        2     0.00000
    -131.95        2     0.00000
    -131.80        2     0.00000
    -131.65        2     0.00000
    -131.49        2     0.00000
    -131.34        2     0.00000
    -131.20        2     0.00000
    -131.05        2     0.00000
    -130.90        2     0.00000
    -130.74        2     0.00000
    -130.59        2     0.00000
    -130.45        2     0.00000
    -130.30        2     0.00000
    -130.15        2     0.00000
    -129.99        2     0.00000
    -129.84        2     0.00000
    -129.70        2     0.00000
    -129.55        2     0.00000
    -129.40        2     0.00000
    -129.24        2     0.00000
    -129.09        2     0.00000
    -128.95        2     0.00000
    -128.80        2     0.00000
    -128.65        2     0.00000
    -128.49        2     0.00000
    -128.34        2     0.00000
    -128.20        2     0.00000
    -128.05        2     0.00000
    -127.89        2     0.00000
    -127.75        2     0.00000
    -127.60        2     0.00000
    -127.44        2     0.00000
    -127.30        2     0.00000
    -127.14        2     0.00000
    -127.00        2     0.00000
    -126.85        2     0.00000
    -126.69        2     0.00000
    -126.55        2     0.00000
    -126.39        2     0.00000
    -126.25        2     0.00000
    -126.10        2     0.00000
    -125.94        2     0.00000
    -125.80        2     0.00000
    -125.64        2     0.00000
    -125.50        2     0.00000
    -125.35        2     0.00000
    -125.19        2     0.00000
    -125.05        2     0.00000
    -124.89        2     0.00000
    -124.75        2     0.00000
    -124.60        2     0.00000
    -124.44        2     0.00000
    -124.30        2     0.00000
    -124.14        2     0.00000
    -124.00        2     0.00000
    -123.85        2     0.00000
    -123.69        2     0.00000
    -123.55        2     0.00000
    -123.39        2     0.00000
    -123.25        2     0.00000
    -123.10        2     0.00000
    -122.94        2     0.00000
    -122.80        2     0.00000
    -122.64        2     0.00000
    -122.50        2     0.00000
    -122.35        2     0.00000
    -122.19        2     0.00000
    -122.05        2     0.00000
    -121.89        2     0.00000
    -121.75        2     0.00000
    -121.60        2     0.00000
    -121.44        2     0.00000
    -121.30        2     0.00000
    -121.14        2     0.00000
    -121.00        2     0.00000
    -120.85        2     0.00000
    -120.69        2     0.00000
    -120.55        2     0.00000
    -120.39        2     0.00000
    -120.25        2     0.00000
    -120.10        2     0.00000
    -119.94        2     0.00000
    -119.80        2     0.00000
    -119.64        2     0.00000
    -119.50        2     0.00000
    -119.35        2     0.00000
    -119.19        2     0.00000
    -119.05        2     0.00000
    -118.89        2     0.00000
    -118.75        2     0.00000
    -118.60        2     0.00000
    -118.44        2     0.00000
    -118.30        2     0.00000
    -118.14        2     0.00000
    -118.00        2     0.00000
    -117.85        2     0.00000
    -117.69        2     0.00000
    -117.55        2     0.00000
    -117.39        2     0.00000
    -117.25        2     0.00000
    -117.10        2     0.00000
    -116.94        2     0.00000
    -116.80        2     0.00000
    -116.64        2     0.00000
    -116.50        2     0.00000
    -116.35        2     0.00000
    -116.19        2     0.00000
    -116.05        2     0.00000
    -115.89        2     0.00000
    -115.75        2     0.00000
    -115.60        2     0.00000
    -115.44        2     0.00000
    -115.30        2     0.00000
    -115.14        2     0.00000
    -115.00        2     0.00000
    -114.85        2     0.00000
    -114.69        2     0.00000
    -114.55        2     0.00000
    -114.39        2     0.00000
    -114.25        2     0.00000
    -114.10        2     0.00000
    -113.94        2     0.00000
    -113.80        2     0.00000
    -113.64        2     0.00000
    -113.50        2     0.00000
    -113.35        2     0.00000
    -113.19        2     0.00000
    -113.05        2     0.00000
    -112.89        2     0.00000
    -112.75        2     0.00000
    -112.60        2     0.00000
    -112.44        2     0.00000
    -112.30        2     0.00000
    -112.14        2     0.00000
    -112.00        2     0.00000
    -111.85        2     0.00000
    -111.69        2     0.00000
    -111.55        2     0.00000
    -111.39        2     0.00000
    -111.25        2     0.00000
    -111.10        2     0.00000
    -110.94        2     0.00000
    -110.80        2     0.00000
    -110.64        2     0.00000
    -110.50        2     0.00000
    -110.35        2     0.00000
    -110.19        2     0.00000
    -110.05        2     0.00000
    -109.89        2     0.00000
    -109.75        2     0.00000
    -109.60        2     0.00000
    -109.44        2     0.00000
    -109.30        2     0.00000
    -109.14        2     0.00000
    -109.00        2     0.00000
    -108.85        2     0.00000
    -108.69        2     0.00000
    -108.55        2     0.00000
    -108.39        2     0.00000
    -108.25        2     0.00000
    -108.10        2     0.00000
    -107.94        2     0.00000
    -107.80        2     0.00000
    -107.64        2     0.00000
    -107.50        2     0.00000
    -107.35        2     0.00000
    -107.19        2     0.00000
    -107.05        2     0.00000
    -106.89        2     0.00000
    -106.75        2     0.00000
    -106.60        2     0.00000
    -106.44        2     0.00000
    -106.30        2     0.00000
    -106.14        2     0.00000
    -106.00        2     0.00000
    -105.85        2     0.00000
    -105.69        2     0.00000
    -105.55        2     0.00000
    -105.39        2     0.00000
    -105.25        2     0.00000
    -105.10        2     0.00000
    -104.94        2     0.00000
    -104.80        2     0.00000
    -104.64        2     0.00000
    -104.50        2     0.00000
    -104.35        2     0.00000
    -104.19        2     0.00000
    -104.05        2     0.00000
    -103.89        2     0.00000
    -103.75        2     0.00000
    -103.60        2     0.00000
    -103.44        2     0.00000
    -103.30        2     0.00000
    -103.14        2     0.00000
    -103.00        2     0.00000
    -102.85        2     0.00000
    -102.69        2     0.00000
    -102.55        2     0.00000
    -102.39        2     0.00000
    -102.25        2     0.00000
    -102.10        2     0.00000
    -101.94        2     0.00000
    -101.80        2     0.00000
    -101.64        2     0.00000
    -101.50        2     0.00000
    -101.35        2     0.00000
    -101.19        2     0.00000
    -101.05        2     0.00000
    -100.89        2     0.00000
    -100.75        2     0.00000
    -100.60        2     0.00000
    -100.44        2     0.00000
    -100.30        2     0.00000
    -100.14        2     0.00000
    -99.995        2     0.00000
    -99.845        2     0.00000
    -99.695        2     0.00000
    -99.545        2     0.00000
    -99.395        2     0.00000
    -99.245        2     0.00000
    -99.095        2     0.00000
    -98.945        2     0.00000
    -98.795        2     0.00000
    -98.645        2     0.00000
    -98.495        2     0.00000
    -98.345        2     0.00000
    -98.195        2     0.00000
    -98.045        2     0.00000
    -97.895        2     0.00000
    -97.745        2     0.00000
    -97.595        2     0.00000
    -97.445        2     0.00000
    -97.295        2     0.00000
    -97.145        2    -0.00001
    -96.995        2    -0.00002
    -96.845        2    -0.00004
    -96.695        2    -0.00007
    -96.545        2    -0.00009
    -96.395        2    -0.00011
    -96.245        2    -0.00014
    -96.095        2    -0.00018
    -95.945        2    -0.00020
    -95.795        2    -0.00023
    -95.645        2    -0.00026
    -95.495        2    -0.00030
    -95.345        2    -0.00034
    -95.195        2    -0.00038
    -95.045        2    -0.00042
    -94.895        2    -0.00047
    -94.745        2    -0.00051
    -94.595        2    -0.00058
    -94.445        2    -0.00064
    -94.295        2    -0.00069
    -94.145        2    -0.00074
    -93.995        2    -0.00080
    -93.845        2    -0.00085
    -93.695        2    -0.00092
    -93.545        2    -0.00098
    -93.395        2    -0.00103
    -93.245        2    -0.00110
    -93.095        2    -0.00115
    -92.945        2    -0.00122
    -92.795        2    -0.00127
    -92.645        2    -0.00134
    -92.495        2    -0.00138
    -92.345        2    -0.00144
    -92.195        2    -0.00152
    -92.045        2    -0.00160
    -91.895        2    -0.00167
    -91.745        2    -0.00173
    -91.595        2    -0.00185
    -91.445        2    -0.00321
    -91.295        2    -0.00665
    -91.145        2    -0.01460
    -90.995        2    -0.02709
    -90.845        2    -0.04926
    -90.695        2    -0.08118
    -90.545        2    -0.13098
    -90.395        2    -0.20074
    -90.245        2    -0.29387
    -90.095        2    -0.41210
    -89.945        2    -0.55233
    -89.795        2    -0.74369
    -89.645        2    -0.96530
    -89.495        2    -1.21751
    -89.345        2    -1.52422
    -89.195        2    -1.86416
    -89.045        2    -2.26163
    -88.895        2    -2.68485
    -88.745        2    -3.17536
    -88.595        2    -3.71277
    -88.445        2    -4.29292
    -88.295        2    -4.91544
    -88.145        2    -5.60191
    -87.995        2    -6.32698
    -87.845        2    -7.09341
    -87.695        2    -7.89572
    -87.545        2    -8.74078
    -87.395        2    -9.62736
    -87.245        2   -10.53396
    -87.095        2   -11.50106
    -86.945        2   -12.47769
    -86.795        2   -13.47369
    -86.645        2   -14.47712
    -86.495        2   -15.53845
    -86.345        2   -16.61581
    -86.195        2   -17.65902
    -86.045        2   -18.74479
    -85.895        2   -19.81752
    -85.745        2   -20.91263
    -85.595        2   -21.95159
    -85.445        2   -22.99467
    -85.295        2   -24.05399
    -85.145        2   -25.05678
    -84.995        2   -26.04991
    -84.845        2   -27.00141
    -84.695        2   -27.93667
    -84.545        2   -28.83220
    -84.395        2   -29.73434
    -84.245        2   -30.58137
    -84.095        2   -31.39423
    -83.945        2   -32.16362
    -83.795        2   -32.90136
    -83.645        2   -33.59536
    -83.495        2   -34.25112
    -83.345        2   -34.86984
    -83.195        2   -35.45162
    -83.045        2   -36.01414
    -82.895        2   -36.52430
    -82.745        2   -37.02473
    -82.595        2   -37.48857
    -82.445        2   -37.90648
    -82.295        2   -38.30196
    -82.145        2   -38.67940
    -81.995        2   -39.01162
    -81.845        2   -39.32534
    -81.695        2   -39.61969
    -81.545        2   -39.88411
    -81.395        2   -40.12720
    -81.245        2   -40.35397
    -81.095        2   -40.55968
    -80.945        2   -40.74628
    -80.795        2   -40.91694
    -80.645        2   -41.08746
    -80.495        2   -41.22880
    -80.345        2   -41.36232
    -80.195        2   -41.48776
    -80.045        2   -41.59921
    -79.895        2   -41.69690
    -79.745        2   -41.79031
    -79.595        2   -41.87485
    -79.445        2   -41.94900
    -79.295        2   -42.01814
    -79.145        2   -42.08504
    -78.995        2   -42.14580
    -78.845        2   -42.19771
    -78.695        2   -42.24688
    -78.545        2   -42.28742
    -78.395        2   -42.32680
    -78.245        2   -42.36866
    -78.095        2   -42.40706
    -77.945        2   -42.43602
    -77.795        2   -42.46400
    -77.645        2   -42.48893
    -77.495        2   -42.51396
    -77.345        2   -42.53845
    -77.195        2   -42.56125
    -77.045        2   -42.58145
    -76.895        2   -42.59829
    -76.745        2   -42.61475
    -76.595        2   -42.62622
    -76.445        2   -42.64013
    -76.295        2   -42.65710
    -76.145        2   -42.67710
    -75.995        2   -42.69897
    -75.845        2   -42.73135
    -75.695        2   -42.77353
    -75.545        2   -42.83507
    -75.395        2   -42.91729
    -75.245        2   -43.02015
    -75.095        2   -43.16519
    -74.945        2   -43.33501
    -74.795        2   -43.53751
    -74.645        2   -43.78810
    -74.495        2   -44.07429
    -74.345        2   -44.41723
    -74.195        2   -44.80684
    -74.045        2   -45.25117
    -73.895        2   -45.74174
    -73.745        2   -46.28537
    -73.595        2   -46.88216
    -73.445        2   -47.52239
    -73.295        2   -48.23813
    -73.145        2   -48.98033
    -72.995        2   -49.75655
    -72.845        2   -50.54880
    -72.695        2   -51.40445
    -72.545        2   -52.28900
    -72.395        2   -53.18132
    -72.245        2   -54.10075
    -72.095        2   -55.02835
    -71.945        2   -55.98393
    -71.795        2   -56.93232
    -71.645        2   -57.87240
    -71.495        2   -58.80345
    -71.345        2   -59.74953
    -71.195        2   -60.65452
    -71.045        2   -61.55518
    -70.895        2   -62.42443
    -70.745        2   -63.27826
    -70.595        2   -64.12035
    -70.445        2   -64.92955
    -70.295        2   -65.71100
    -70.145        2   -66.47599
    -69.995        2   -67.22165
    -69.845        2   -67.90658
    -69.695        2   -68.59843
    -69.545        2   -69.22691
    -69.395        2   -69.83775
    -69.245        2   -70.40465
    -69.095        2   -70.93972
    -68.945        2   -71.46049
    -68.795        2   -71.94000
    -68.645        2   -72.40193
    -68.495        2   -72.83333
    -68.345        2   -73.23851
    -68.195        2   -73.60881
    -68.045        2   -73.96236
    -67.895        2   -74.29703
    -67.745        2   -74.59268
    -67.595        2   -74.88814
    -67.445        2   -75.15692
    -67.295        2   -75.40631
    -67.145        2   -75.63831
    -66.995        2   -75.86120
    -66.845        2   -76.06739
    -66.695        2   -76.24961
    -66.545        2   -76.42475
    -66.395        2   -76.58564
    -66.245        2   -76.73323
    -66.095        2   -76.86462
    -65.945        2   -76.98398
    -65.795        2   -77.10189
    -65.645        2   -77.21198
    -65.495        2   -77.30895
    -65.345        2   -77.40142
    -65.195        2   -77.49058
    -65.045        2   -77.56878
    -64.895        2   -77.64172
    -64.745        2   -77.70958
    -64.595        2   -77.77230
    -64.445        2   -77.83043
    -64.295        2   -77.88481
    -64.145        2   -77.93127
    -63.995        2   -77.97793
    -63.845        2   -78.02140
    -63.695        2   -78.06081
    -63.545        2   -78.09725
    -63.395        2   -78.13182
    -63.245        2   -78.16469
    -63.095        2   -78.19722
    -62.945        2   -78.22539
    -62.795        2   -78.25381
    -62.645        2   -78.27820
    -62.495        2   -78.30112
    -62.345        2   -78.32372
    -62.195        2   -78.34135
    -62.045        2   -78.36230
    -61.895        2   -78.38103
    -61.745        2   -78.39814
    -61.595        2   -78.41357
    -61.445        2   -78.43077
    -61.295        2   -78.44724
    -61.145        2   -78.46022
    -60.995        2   -78.47430
    -60.845        2   -78.48628
    -60.695        2   -78.49989
    -60.545        2   -78.50982
    -60.395        2   -78.52036
    -60.245        2   -78.53069
    -60.095        2   -78.53831
    -59.945        2   -78.54842
    -59.795        2   -78.55729
    -59.645        2   -78.56431
    -59.495        2   -78.57224
    -59.345        2   -78.57874
    -59.195        2   -78.58615
    -59.045        2   -78.59136
    -58.895        2   -78.59720
    -58.745        2   -78.60151
    -58.595        2   -78.60759
    -58.445        2   -78.61139
    -58.295        2   -78.62490
    -58.145        2   -78.64450
    -57.995        2   -78.66869
    -57.845        2   -78.69828
    -57.695        2   -78.73567
    -57.545        2   -78.77379
    -57.395        2   -78.81978
    -57.245        2   -78.86709
    -57.095        2   -78.91742
    -56.945        2   -78.96852
    -56.795        2   -79.02497
    -56.645        2   -79.07743
    -56.495        2   -79.13801
    -56.345        2   -79.26683
    -56.195        2   -79.53568
    -56.045        2   -79.88381
    -55.895        2   -80.27001
    -55.745        2   -80.69364
    -55.595        2   -81.13217
    -55.445        2   -81.58040
    -55.295        2   -82.04084
    -55.145        2   -82.49436
    -54.995        2   -82.94984
    -54.845        2   -83.38816
    -54.695        2   -83.80728
    -54.545        2   -84.21711
    -54.395        2   -84.60488
    -54.245        2   -84.98116
    -54.095        2   -85.34896
    -53.945        2   -85.69137
    -53.795        2   -86.02198
    -53.645        2   -86.34445
    -53.495        2   -86.69761
    -53.345        2   -87.03541
    -53.195        2   -87.37615
    -53.045        2   -87.72233
    -52.895        2   -88.05615
    -52.745        2   -88.39679
    -52.595        2   -88.72825
    -52.445        2   -89.04386
    -52.295        2   -89.36421
    -52.145        2   -89.66985
    -51.995        2   -89.96591
    -51.845        2   -90.26460
    -51.695        2   -90.54429
    -51.545        2   -90.81226
    -51.395        2   -91.06918
    -51.245        2   -91.31730
    -51.095        2   -91.55326
    -50.945        2   -91.79286
    -50.795        2   -92.01071
    -50.645        2   -92.22828
    -50.495        2   -92.43850
    -50.345        2   -92.64163
    -50.195        2   -92.83355
    -50.045        2   -93.00994
    -49.895        2   -93.18337
    -49.745        2   -93.35035
    -49.595        2   -93.50786
    -49.445        2   -93.66255
    -49.295        2   -93.79620
    -49.145        2   -93.93345
    -48.995        2   -94.06611
    -48.845        2   -94.18671
    -48.695        2   -94.30694
    -48.545        2   -94.42613
    -48.395        2   -94.53532
    -48.245        2   -94.64155
    -48.095        2   -94.74809
    -47.945        2   -94.84919
    -47.795        2   -94.94372
    -47.645        2   -95.03928
    -47.495        2   -95.12471
    -47.345        2   -95.21457
    -47.195        2   -95.29555
    -47.045        2   -95.37639
    -46.895        2   -95.45381
    -46.745        2   -95.52853
    -46.595        2   -95.60368
    -46.445        2   -95.67637
    -46.295        2   -95.74310
    -46.145        2   -95.81222
    -45.995        2   -95.87882
    -45.845        2   -95.94646
    -45.695        2   -96.00870
    -45.545        2   -96.07134
    -45.395        2   -96.12868
    -45.245        2   -96.18583
    -45.095        2   -96.24280
    -44.945        2   -96.29851
    -44.795        2   -96.35277
    -44.645        2   -96.40344
    -44.495        2   -96.45106
    -44.345        2   -96.49925
    -44.195        2   -96.54574
    -44.045        2   -96.59421
    -43.895        2   -96.63729
    -43.745        2   -96.68089
    -43.595        2   -96.72595
    -43.445        2   -96.77149
    -43.295        2   -96.81199
    -43.145        2   -96.85228
    -42.995        2   -96.88825
    -42.845        2   -96.92597
    -42.695        2   -96.96500
    -42.545        2   -96.99762
    -42.395        2   -97.03072
    -42.245        2   -97.06707
    -42.095        2   -97.10161
    -41.945        2   -97.13716
    -41.795        2   -97.17426
    -41.645        2   -97.20749
    -41.495        2   -97.24074
    -41.345        2   -97.27458
    -41.195        2   -97.30953
    -41.045        2   -97.34437
    -40.895        2   -97.37877
    -40.745        2   -97.41292
    -40.595        2   -97.44315
    -40.445        2   -97.47260
    -40.295        2   -97.50571
    -40.145        2   -97.53570
    -39.995        2   -97.56794
    -39.845        2   -97.60075
    -39.695        2   -97.63195
    -39.545        2   -97.66312
    -39.395        2   -97.69495
    -39.245        2   -97.72637
    -39.095        2   -97.75840
    -38.945        2   -97.78788
    -38.795        2   -97.82010
    -38.645        2   -97.85380
    -38.495        2   -97.88480
    -38.345        2   -97.91836
    -38.195        2   -97.94781
    -38.045        2   -97.98038
    -37.895        2   -98.01083
    -37.745        2   -98.03934
    -37.595        2   -98.07073
    -37.445        2   -98.10247
    -37.295        2   -98.13512
    -37.145        2   -98.16511
    -36.995        2   -98.19546
    -36.845        2   -98.22711
    -36.695        2   -98.25499
    -36.545        2   -98.28555
    -36.395        2   -98.31554
    -36.245        2   -98.34467
    -36.095        2   -98.37483
    -35.945        2   -98.40580
    -35.795        2   -98.44251
    -35.645        2   -98.48507
    -35.495        2   -98.53141
    -35.345        2   -98.58179
    -35.195        2   -98.63397
    -35.045        2   -98.68502
    -34.895        2   -98.73899
    -34.745        2   -98.79688
    -34.595        2   -98.85282
    -34.445        2   -98.91207
    -34.295        2   -98.97278
    -34.145        2   -99.03181
    -33.995        2   -99.08795
    -33.845        2   -99.15155
    -33.695        2   -99.21021
    -33.545        2   -99.26975
    -33.395        2   -99.32644
    -33.245        2   -99.38595
    -33.095        2   -99.44056
    -32.945        2   -99.49720
    -32.795        2   -99.55033
    -32.645        2   -99.60287
    -32.495        2   -99.65387
    -32.345        2   -99.70589
    -32.195        2   -99.75658
    -32.045        2   -99.80755
    -31.895        2   -99.85596
    -31.745        2   -99.90241
    -31.595        2   -99.94644
    -31.445        2   -99.99202
    -31.295        2  -100.03444
    -31.145        2  -100.07558
    -30.995        2  -100.11548
    -30.845        2  -100.15572
    -30.695        2  -100.19293
    -30.545        2  -100.22855
    -30.395        2  -100.26601
    -30.245        2  -100.30177
    -30.095        2  -100.33482
    -29.945        2  -100.36877
    -29.795        2  -100.40327
    -29.645        2  -100.43657
    -29.495        2  -100.47004
    -29.345        2  -100.49982
    -29.195        2  -100.52865
    -29.045        2  -100.55995
    -28.895        2  -100.58641
    -28.745        2  -100.61499
    -28.595        2  -100.63800
    -28.445        2  -100.66346
    -28.295        2  -100.68875
    -28.145        2  -100.71571
    -27.995        2  -100.73857
    -27.845        2  -100.76336
    -27.695        2  -100.79026
    -27.545        2  -100.81498
    -27.395        2  -100.83666
    -27.245        2  -100.85829
    -27.095        2  -100.87922
    -26.945        2  -100.90124
    -26.795        2  -100.92140
    -26.645        2  -100.94266
    -26.495        2  -100.96132
    -26.345        2  -100.98156
    -26.195        2  -101.00226
    -26.045        2  -101.02096
    -25.895        2  -101.03941
    -25.745        2  -101.05962
    -25.595        2  -101.07744
    -25.445        2  -101.09533
    -25.295        2  -101.11229
    -25.145        2  -101.13071
    -24.995        2  -101.15038
    -24.845        2  -101.16948
    -24.695        2  -101.18836
    -24.545        2  -101.20721
    -24.395        2  -101.22503
    -24.245        2  -101.24301
    -24.095        2  -101.26379
    -23.945        2  -101.28121
    -23.795        2  -101.30016
    -23.645        2  -101.31733
    -23.495        2  -101.33432
    -23.345        2  -101.35118
    -23.195        2  -101.37054
    -23.045        2  -101.38890
    -22.895        2  -101.40960
    -22.745        2  -101.42842
    -22.595        2  -101.45177
    -22.445        2  -101.47122
    -22.295        2  -101.48999
    -22.145        2  -101.50849
    -21.995        2  -101.52779
    -21.845        2  -101.54566
    -21.695        2  -101.56600
    -21.545        2  -101.58655
    -21.395        2  -101.60582
    -21.245        2  -101.62942
    -21.095        2  -101.65133
    -20.945        2  -101.67497
    -20.795        2  -101.69804
    -20.645        2  -101.72195
    -20.495        2  -101.74433
    -20.345        2  -101.76858
    -20.195        2  -101.79353
    -20.045        2  -101.81691
    -19.895        2  -101.84251
    -19.745        2  -101.86640
    -19.595        2  -101.88981
    -19.445        2  -101.91612
    -19.295        2  -101.93910
    -19.145        2  -101.96653
    -18.995        2  -101.99353
    -18.845        2  -102.02438
    -18.695        2  -102.05442
    -18.545        2  -102.08295
    -18.395        2  -102.11247
    -18.245        2  -102.14247
    -18.095        2  -102.17359
    -17.945        2  -102.20550
    -17.795        2  -102.23876
    -17.645        2  -102.27118
    -17.495        2  -102.30366
    -17.345        2  -102.33382
    -17.195        2  -102.37162
    -17.045        2  -102.40666
    -16.895        2  -102.44121
    -16.745        2  -102.47771
    -16.595        2  -102.51326
    -16.445        2  -102.55114
    -16.295        2  -102.58982
    -16.145        2  -102.63065
    -15.995        2  -102.66869
    -15.845        2  -102.70969
    -15.695        2  -102.75061
    -15.545        2  -102.79233
    -15.395        2  -102.83337
    -15.245        2  -102.87752
    -15.095        2  -102.92017
    -14.945        2  -102.96449
    -14.795        2  -103.00845
    -14.645        2  -103.05576
    -14.495        2  -103.10513
    -14.345        2  -103.15269
    -14.195        2  -103.20289
    -14.045        2  -103.25330
    -13.895        2  -103.30571
    -13.745        2  -103.35651
    -13.595        2  -103.40685
    -13.445        2  -103.46251
    -13.295        2  -103.51361
    -13.145        2  -103.56558
    -12.995        2  -103.62380
    -12.845        2  -103.68188
    -12.695        2  -103.74534
    -12.545        2  -103.80888
    -12.395        2  -103.87602
    -12.245        2  -103.94231
    -12.095        2  -104.00726
    -11.945        2  -104.07860
    -11.795        2  -104.15554
    -11.645        2  -104.23182
    -11.495        2  -104.30835
    -11.345        2  -104.38961
    -11.195        2  -104.46947
    -11.045        2  -104.55505
    -10.895        2  -104.64352
    -10.745        2  -104.73403
    -10.595        2  -104.82578
    -10.445        2  -104.92156
    -10.295        2  -105.01835
    -10.145        2  -105.11818
    -9.9950        2  -105.22015
    -9.8450        2  -105.32331
    -9.6950        2  -105.43018
    -9.5450        2  -105.54413
    -9.3950        2  -105.66034
    -9.2450        2  -105.78259
    -9.0950        2  -105.90349
    -8.9450        2  -106.02970
    -8.7950        2  -106.16075
    -8.6450        2  -106.29397
    -8.4950        2  -106.43348
    -8.3450        2  -106.57472
    -8.1950        2  -106.72285
    -8.0450        2  -106.87371
    -7.8950        2  -107.03160
    -7.7450        2  -107.19204
    -7.5950        2  -107.35789
    -7.4450        2  -107.53088
    -7.2950        2  -107.70829
    -7.1450        2  -107.89192
    -6.9950        2  -108.07967
    -6.8450        2  -108.27290
    -6.6950        2  -108.47101
    -6.5450        2  -108.67163
    -6.3950        2  -108.87975
    -6.2450        2  -109.09402
    -6.0950        2  -109.31524
    -5.9450        2  -109.54304
    -5.7950        2  -109.77702
    -5.6450        2  -110.01913
    -5.4950        2  -110.26858
    -5.3450        2  -110.52434
    -5.1950        2  -110.79017
    -5.0450        2  -111.06590
    -4.8950        2  -111.35164
    -4.7450        2  -111.64607
    -4.5950        2  -111.95035
    -4.4450        2  -112.26539
    -4.2950        2  -112.59137
    -4.1450        2  -112.92744
    -3.9950        2  -113.27825
    -3.8450        2  -113.64601
    -3.6950        2  -114.02984
    -3.5450        2  -114.43047
    -3.3950        2  -114.85025
    -3.2450        2  -115.29042
    -3.0950        2  -115.75367
    -2.9450        2  -116.23951
    -2.7950        2  -116.75320
    -2.6450        2  -117.29631
    -2.4950        2  -117.87275
    -2.3450        2  -118.48397
    -2.1950        2  -119.13631
    -2.0450        2  -119.83591
    -1.8950        2  -120.58423
    -1.7450        2  -121.39303
    -1.5950        2  -122.27647
    -1.4450        2  -123.24319
    -1.2950        2  -124.31079
    -1.1450        2  -125.50352
   -0.99500        2  -126.85381
   -0.84500        2  -128.40874
   -0.69500        2  -130.25911
   -0.54500        2  -132.46020
   -0.39500        2  -134.99101
   -0.25300        2  -136.73517
   -0.21500        2  -136.84321
   -0.20900        2  -136.95089
   -0.20300        2  -137.05766
   -0.19700        2  -137.16398
   -0.19100        2  -137.26995
   -0.18500        2  -137.37530
   -0.17900        2  -137.48014
   -0.17300        2  -137.58422
   -0.16700        2  -137.68719
   -0.16100        2  -137.78941
   -0.15500        2  -137.89106
   -0.14900        2  -137.99154
   -0.14300        2  -138.09071
   -0.13700        2  -138.18845
   -0.13100        2  -138.28488
   -0.12500        2  -138.37954
   -0.11900        2  -138.47255
   -0.11300        2  -138.56369
   -0.10700        2  -138.65283
   -0.10100        2  -138.73978
   -0.95000E-01    2  -138.82443
   -0.89000E-01    2  -138.90667
   -0.83000E-01    2  -138.98598
   -0.77000E-01    2  -139.06287
   -0.71000E-01    2  -139.13744
   -0.65000E-01    2  -139.20859
   -0.59000E-01    2  -139.27467
   -0.53000E-01    2  -139.33553
   -0.47000E-01    2  -139.39098
   -0.41000E-01    2  -139.44057
   -0.35000E-01    2  -139.48389
   -0.29000E-01    2  -139.52073
   -0.23000E-01    2  -139.55070
   -0.19700E-01    2  -139.55331
   -0.19100E-01    2  -139.55583
   -0.18500E-01    2  -139.55828
   -0.17900E-01    2  -139.56068
   -0.17300E-01    2  -139.56299
   -0.16700E-01    2  -139.56522
   -0.16100E-01    2  -139.56738
   -0.15500E-01    2  -139.56946
   -0.14900E-01    2  -139.57147
   -0.14300E-01    2  -139.57340
   -0.13700E-01    2  -139.57526
   -0.13100E-01    2  -139.57704
   -0.12500E-01    2  -139.57874
   -0.11900E-01    2  -139.58037
   -0.11300E-01    2  -139.58192
   -0.10700E-01    2  -139.58339
   -0.10100E-01    2  -139.58478
   -0.95000E-02    2  -139.58609
   -0.89000E-02    2  -139.58733
   -0.83000E-02    2  -139.58848
   -0.77000E-02    2  -139.58956
   -0.71000E-02    2  -139.59055
   -0.65000E-02    2  -139.59146
   -0.59000E-02    2  -139.59229
   -0.53000E-02    2  -139.59304
   -0.47000E-02    2  -139.59370
   -0.41000E-02    2  -139.59428
   -0.35000E-02    2  -139.59478
   -0.29000E-02    2  -139.59519
   -0.23000E-02    2  -139.59552
   -0.17000E-02    2  -139.59577
   -0.11000E-02    2  -139.59592
   -0.50000E-03    2  -139.59600
    0.10000E-03    2  -139.59598
    0.70000E-03    2  -139.59588
    0.13000E-02    2  -139.59570
    0.19000E-02    2  -139.59542
    0.25000E-02    2  -139.59506
    0.31000E-02    2  -139.59461
    0.37000E-02    2  -139.59406
    0.43000E-02    2  -139.59343
    0.49000E-02    2  -139.59271
    0.55000E-02    2  -139.59190
    0.61000E-02    2  -139.59099
    0.67000E-02    2  -139.59000
    0.73000E-02    2  -139.58891
    0.79000E-02    2  -139.58773
    0.85000E-02    2  -139.58645
    0.91000E-02    2  -139.58508
    0.97000E-02    2  -139.58362
    0.10300E-01    2  -139.58206
    0.10900E-01    2  -139.58041
    0.11500E-01    2  -139.57866
    0.12100E-01    2  -139.57682
    0.12700E-01    2  -139.57487
    0.13300E-01    2  -139.57283
    0.13900E-01    2  -139.57069
    0.14500E-01    2  -139.56846
    0.15100E-01    2  -139.56612
    0.15700E-01    2  -139.56368
    0.16300E-01    2  -139.56116
    0.16900E-01    2  -139.55852
    0.17500E-01    2  -139.55579
    0.18100E-01    2  -139.55294
    0.18700E-01    2  -139.54999
    0.19300E-01    2  -139.54694
    0.20200E-01    2  -139.53409
    0.25000E-01    2  -139.49354
    0.31000E-01    2  -139.44178
    0.37000E-01    2  -139.37810
    0.43000E-01    2  -139.30170
    0.49000E-01    2  -139.21191
    0.55000E-01    2  -139.10794
    0.61000E-01    2  -138.98876
    0.67000E-01    2  -138.85360
    0.73000E-01    2  -138.70149
    0.79000E-01    2  -138.53112
    0.85000E-01    2  -138.34168
    0.91000E-01    2  -138.13191
    0.97000E-01    2  -137.90029
    0.10300        2  -137.64494
    0.10900        2  -137.36488
    0.11500        2  -137.05747
    0.12100        2  -136.72052
    0.12700        2  -136.35228
    0.13300        2  -135.95033
    0.13900        2  -135.51245
    0.14500        2  -135.03375
    0.15100        2  -134.51588
    0.15700        2  -133.95713
    0.16300        2  -133.35715
    0.16900        2  -132.71331
    0.17500        2  -132.02253
    0.18100        2  -131.27433
    0.18700        2  -130.47513
    0.19300        2  -129.63358
    0.19900        2  -128.74610
    0.20500        2  -127.80282
    0.21100        2  -126.80026
    0.21700        2  -125.78420
    0.29500        2   -96.68969
    0.44500        2   -77.87999
    0.59500        2   -67.18716
    0.74500        2   -59.84911
    0.89500        2   -54.18860
     1.0450        2   -49.63901
     1.1950        2   -45.95980
     1.3450        2   -42.88635
     1.4950        2   -40.25693
     1.6450        2   -37.96923
     1.7950        2   -35.94149
     1.9450        2   -34.12766
     2.0950        2   -32.48968
     2.2450        2   -30.99909
     2.3950        2   -29.63168
     2.5450        2   -28.36888
     2.6950        2   -27.19621
     2.8450        2   -26.10524
     2.9950        2   -25.08242
     3.1450        2   -24.12080
     3.2950        2   -23.21661
     3.4450        2   -22.36326
     3.5950        2   -21.56080
     3.7450        2   -20.81035
     3.8950        2   -20.10102
     4.0450        2   -19.43085
     4.1950        2   -18.79470
     4.3450        2   -18.19151
     4.4950        2   -17.61566
     4.6450        2   -17.06947
     4.7950        2   -16.54873
     4.9450        2   -16.05291
     5.0950        2   -15.58127
     5.2450        2   -15.13074
     5.3950        2   -14.70176
     5.5450        2   -14.29388
     5.6950        2   -13.90458
     5.8450        2   -13.53410
     5.9950        2   -13.18240
     6.1450        2   -12.84936
     6.2950        2   -12.53242
     6.4450        2   -12.23390
     6.5950        2   -11.95541
     6.7450        2   -11.68769
     6.8950        2   -11.43484
     7.0450        2   -11.19835
     7.1950        2   -10.97521
     7.3450        2   -10.76700
     7.4950        2   -10.57328
     7.6450        2   -10.39817
     7.7950        2   -10.23316
     7.9450        2   -10.07880
     8.0950        2    -9.93331
     8.2450        2    -9.80438
     8.3950        2    -9.68641
     8.5450        2    -9.57555
     8.6950        2    -9.47883
     8.8450        2    -9.38973
     8.9950        2    -9.30279
     9.1450        2    -9.22789
     9.2950        2    -9.15926
     9.4450        2    -9.09743
     9.5950        2    -9.03611
     9.7450        2    -8.98114
     9.8950        2    -8.93350
     10.045        2    -8.89321
     10.195        2    -8.85766
     10.345        2    -8.82127
     10.495        2    -8.79173
     10.645        2    -8.76512
     10.795        2    -8.74355
     10.945        2    -8.72212
     11.095        2    -8.70569
     11.245        2    -8.69401
     11.395        2    -8.68229
     11.545        2    -8.67351
     11.695        2    -8.66665
     11.845        2    -8.66092
     11.995        2    -8.65591
     12.145        2    -8.65174
     12.295        2    -8.64756
     12.445        2    -8.64422
     12.595        2    -8.64178
     12.745        2    -8.63940
     12.895        2    -8.63658
     13.045        2    -8.63449
     13.195        2    -8.63252
     13.345        2    -8.63050
     13.495        2    -8.62870
     13.645        2    -8.62687
     13.795        2    -8.62536
     13.945        2    -8.62394
     14.095        2    -8.62241
     14.245        2    -8.62101
     14.395        2    -8.61943
     14.545        2    -8.61791
     14.695        2    -8.61666
     14.845        2    -8.61562
     14.995        2    -8.61439
     15.145        2    -8.61244
     15.295        2    -8.61084
     15.445        2    -8.60954
     15.595        2    -8.60825
     15.745        2    -8.60745
     15.895        2    -8.60648
     16.045        2    -8.60501
     16.195        2    -8.60387
     16.345        2    -8.60250
     16.495        2    -8.60153
     16.645        2    -8.60087
     16.795        2    -8.59997
     16.945        2    -8.59879
     17.095        2    -8.59772
     17.245        2    -8.59661
     17.395        2    -8.59554
     17.545        2    -8.59491
     17.695        2    -8.59404
     17.845        2    -8.59328
     17.995        2    -8.59245
     18.145        2    -8.59150
     18.295        2    -8.59070
     18.445        2    -8.59015
     18.595        2    -8.58950
     18.745        2    -8.58875
     18.895        2    -8.58845
     19.045        2    -8.58774
     19.195        2    -8.58725
     19.345        2    -8.58635
     19.495        2    -8.58561
     19.645        2    -8.58510
     19.795        2    -8.58433
     19.945        2    -8.58343
     20.095        2    -8.58240
     21.836        2    -8.56195
     30.068        2    -8.53743
     42.097        2    -8.51986
     58.937        2    -8.50552
     82.515        2    -8.49731
     115.53        2    -8.49266
     161.74        2    -8.49062
     226.45        2    -8.49077
     317.04        2    -8.49026
     443.87        2    -8.49402
     621.44        2    -8.49828
     870.05        2    -8.50524
     1218.1        2    -8.51111
     1705.4        2    -8.51572
     2387.7        2    -8.51834
     3342.9        2    -8.52283
     4680.2        2    -8.52924
     6552.5        2    -8.53348
     9173.8        2    -8.53848
     12844.        2    -8.54179
     17982.        2    -8.54808
     25176.        2    -8.55514
     35247.        2    -8.56150
     49348.        2    -8.56954
     69090.        2    -8.57705
     96729.        2    -8.58489
    0.13543E+06    2    -8.59319
    0.18960E+06    2    -8.60044
    0.26545E+06    2    -8.60834
    0.37165E+06    2    -8.61525
    0.52033E+06    2    -8.62354
    0.72849E+06    2    -8.63103
    0.10199E+07    2    -8.63867
    0.14279E+07    2    -8.64556
    0.19992E+07    2    -8.65327
    0.27990E+07    2    -8.66189
    0.39187E+07    2    -8.67132
    0.54864E+07    2    -8.67820
    0.76812E+07    2    -8.68642
    0.10754E+08    2    -8.69428
    0.15056E+08    2    -8.70146
    0.21080E+08    2    -8.70818
    0.29513E+08    2    -8.71434
    0.41319E+08    2    -8.71908
    0.57849E+08    2    -8.72461
    0.80991E+08    2    -8.72906
    0.11339E+09    2    -8.73402
    0.15875E+09    2    -8.73848
    0.22226E+09    2    -8.74220
    0.31118E+09    2    -8.74577
    0.43567E+09    2    -8.74875
    0.60996E+09    2    -8.75158
    0.85398E+09    2    -8.75462
    0.11956E+10    2    -8.75743
    0.16739E+10    2    -8.76018
    0.23436E+10    2    -8.76229
    0.32811E+10    2    -8.76446
    0.45937E+10    2    -8.76609
    0.64315E+10    2    -8.76778
    0.90044E+10    2    -8.76946
    0.12607E+11    2    -8.77085
    0.17650E+11    2    -8.77183
    0.24711E+11    2    -8.77333
    0.34596E+11    2    -8.77458
    0.48437E+11    2    -8.77612
    0.67814E+11    2    -8.77679
    0.10000E+12    2    -8.78881
    -29.945        3     0.00000
    -29.795        3     0.00000
    -29.645        3     0.00000
    -29.495        3     0.00000
    -29.345        3     0.00000
    -29.195        3     0.00000
    -29.045        3     0.00000
    -28.895        3     0.00000
    -28.745        3     0.00000
    -28.595        3     0.00000
    -28.445        3     0.00000
    -28.295        3     0.00000
    -28.145        3     0.00000
    -27.995        3     0.00000
    -27.845        3     0.00000
    -27.695        3     0.00000
    -27.545        3     0.00000
    -27.395        3     0.00000
    -27.245        3     0.00000
    -27.095        3     0.00000
    -26.945        3     0.00000
    -26.795        3     0.00000
    -26.645        3     0.00000
    -26.495        3     0.00000
    -26.345        3     0.00000
    -26.195        3     0.00000
    -26.045        3     0.00000
    -25.895        3     0.00000
    -25.745        3     0.00000
    -25.595        3     0.00000
    -25.445        3     0.00000
    -25.295        3     0.00000
    -25.145        3     0.00000
    -24.995        3     0.00000
    -24.845        3     0.00000
    -24.695        3     0.00000
    -24.545        3     0.00000
    -24.395        3     0.00000
    -24.245        3     0.00000
    -24.095        3     0.00000
    -23.945        3     0.00000
    -23.795        3     0.00000
    -23.645        3     0.00000
    -23.495        3     0.00000
    -23.345        3     0.00000
    -23.195        3     0.00000
    -23.045        3     0.00000
    -22.895        3     0.00000
    -22.745        3     0.00000
    -22.595        3     0.00000
    -22.445        3     0.00000
    -22.295        3     0.00000
    -22.145        3     0.00000
    -21.995        3     0.00000
    -21.845        3     0.00000
    -21.695        3     0.00000
    -21.545        3     0.00000
    -21.395        3     0.00000
    -21.245        3     0.00000
    -21.095        3     0.00000
    -20.945        3     0.00000
    -20.795        3     0.00000
    -20.645        3     0.00000
    -20.495        3     0.00000
    -20.345        3     0.00000
    -20.195        3     0.00000
    -20.045        3     0.00000
    -19.895        3     0.00000
    -19.745        3     0.00000
    -19.595        3     0.00000
    -19.445        3     0.00000
    -19.295        3     0.00000
    -19.145        3     0.00000
    -18.995        3     0.00000
    -18.845        3     0.00000
    -18.695        3    -0.00006
    -18.545        3    -0.00247
    -18.395        3    -0.02309
    -18.245        3    -0.08423
    -18.095        3    -0.20211
    -17.945        3    -0.37570
    -17.795        3    -0.59197
    -17.645        3    -0.84712
    -17.495        3    -1.13569
    -17.345        3    -1.44509
    -17.195        3    -1.76961
    -17.045        3    -2.09701
    -16.895        3    -2.41731
    -16.745        3    -2.73284
    -16.595        3    -3.04241
    -16.445        3    -3.33514
    -16.295        3    -3.61445
    -16.145        3    -3.87707
    -15.995        3    -4.12298
    -15.845        3    -4.35089
    -15.695        3    -4.56499
    -15.545        3    -4.76089
    -15.395        3    -4.94253
    -15.245        3    -5.10536
    -15.095        3    -5.26133
    -14.945        3    -5.41356
    -14.795        3    -5.57073
    -14.645        3    -5.73788
    -14.495        3    -5.91595
    -14.345        3    -6.10646
    -14.195        3    -6.31613
    -14.045        3    -6.54933
    -13.895        3    -6.81388
    -13.745        3    -7.10640
    -13.595        3    -7.42518
    -13.445        3    -7.76618
    -13.295        3    -8.12987
    -13.145        3    -8.52074
    -12.995        3    -8.92546
    -12.845        3    -9.35168
    -12.695        3    -9.79369
    -12.545        3   -10.25562
    -12.395        3   -10.72799
    -12.245        3   -11.21485
    -12.095        3   -11.69939
    -11.945        3   -12.20361
    -11.795        3   -12.74676
    -11.645        3   -13.37874
    -11.495        3   -14.09360
    -11.345        3   -14.87011
    -11.195        3   -15.67177
    -11.045        3   -16.48109
    -10.895        3   -17.28933
    -10.745        3   -18.08392
    -10.595        3   -18.85894
    -10.445        3   -19.62199
    -10.295        3   -20.38138
    -10.145        3   -21.14519
    -9.9950        3   -21.93513
    -9.8450        3   -22.75038
    -9.6950        3   -23.59547
    -9.5450        3   -24.47332
    -9.3950        3   -25.38783
    -9.2450        3   -26.34045
    -9.0950        3   -27.32846
    -8.9450        3   -28.34611
    -8.7950        3   -29.38371
    -8.6450        3   -30.43630
    -8.4950        3   -31.51725
    -8.3450        3   -32.62511
    -8.1950        3   -33.77620
    -8.0450        3   -34.97437
    -7.8950        3   -36.22791
    -7.7450        3   -37.53843
    -7.5950        3   -38.92952
    -7.4450        3   -40.39781
    -7.2950        3   -41.94776
    -7.1450        3   -43.57815
    -6.9950        3   -45.27546
    -6.8450        3   -47.04079
    -6.6950        3   -48.83392
    -6.5450        3   -50.64036
    -6.3950        3   -52.44891
    -6.2450        3   -54.25650
    -6.0950        3   -56.06141
    -5.9450        3   -57.86352
    -5.7950        3   -59.66843
    -5.6450        3   -61.47539
    -5.4950        3   -63.28538
    -5.3450        3   -65.10035
    -5.1950        3   -66.91487
    -5.0450        3   -68.72361
    -4.8950        3   -70.52146
    -4.7450        3   -72.31959
    -4.5950        3   -74.11809
    -4.4450        3   -75.92273
    -4.2950        3   -77.72334
    -4.1450        3   -79.53746
    -3.9950        3   -81.37029
    -3.8450        3   -83.22821
    -3.6950        3   -85.11503
    -3.5450        3   -87.05135
    -3.3950        3   -89.05423
    -3.2450        3   -91.13498
    -3.0950        3   -93.31148
    -2.9450        3   -95.61336
    -2.7950        3   -98.07400
    -2.6450        3  -100.74142
    -2.4950        3  -103.66129
    -2.3450        3  -106.90359
    -2.1950        3  -110.55170
    -2.0450        3  -114.70955
    -1.8950        3  -119.50738
    -1.7450        3  -125.08497
    -1.5950        3  -131.51644
    -1.4450        3  -138.82755
    -1.2950        3  -147.00878
    -1.1450        3  -155.96672
   -0.99500        3  -165.61093
   -0.84500        3  -175.86461
   -0.69500        3  -186.72854
   -0.54500        3  -198.50346
   -0.39500        3  -212.04608
   -0.25300        3  -222.62363
   -0.21500        3  -223.35691
   -0.20900        3  -224.10251
   -0.20300        3  -224.86014
   -0.19700        3  -225.63139
   -0.19100        3  -226.41731
   -0.18500        3  -227.21654
   -0.17900        3  -228.03183
   -0.17300        3  -228.86361
   -0.16700        3  -229.71248
   -0.16100        3  -230.57940
   -0.15500        3  -231.46556
   -0.14900        3  -232.37310
   -0.14300        3  -233.30288
   -0.13700        3  -234.25746
   -0.13100        3  -235.23831
   -0.12500        3  -236.24752
   -0.11900        3  -237.28853
   -0.11300        3  -238.36329
   -0.10700        3  -239.47546
   -0.10100        3  -240.63022
   -0.95000E-01    3  -241.83186
   -0.89000E-01    3  -243.08648
   -0.83000E-01    3  -244.40245
   -0.77000E-01    3  -245.78901
   -0.71000E-01    3  -247.25798
   -0.65000E-01    3  -248.82456
   -0.59000E-01    3  -250.50906
   -0.53000E-01    3  -252.33996
   -0.47000E-01    3  -254.35899
   -0.41000E-01    3  -256.62668
   -0.35000E-01    3  -259.24603
   -0.29000E-01    3  -262.42401
   -0.23000E-01    3  -266.57763
   -0.19700E-01    3  -267.05786
   -0.19100E-01    3  -267.55270
   -0.18500E-01    3  -268.06249
   -0.17900E-01    3  -268.58781
   -0.17300E-01    3  -269.12924
   -0.16700E-01    3  -269.68675
   -0.16100E-01    3  -270.26082
   -0.15500E-01    3  -270.85193
   -0.14900E-01    3  -271.46029
   -0.14300E-01    3  -272.08661
   -0.13700E-01    3  -272.73120
   -0.13100E-01    3  -273.39446
   -0.12500E-01    3  -274.07689
   -0.11900E-01    3  -274.77891
   -0.11300E-01    3  -275.50122
   -0.10700E-01    3  -276.24460
   -0.10100E-01    3  -277.01025
   -0.95000E-02    3  -277.79917
   -0.89000E-02    3  -278.61330
   -0.83000E-02    3  -279.45504
   -0.77000E-02    3  -280.32714
   -0.71000E-02    3  -281.23341
   -0.65000E-02    3  -282.17544
   -0.59000E-02    3  -283.14612
   -0.53000E-02    3  -284.13318
   -0.47000E-02    3  -285.11864
   -0.41000E-02    3  -286.08087
   -0.35000E-02    3  -286.99136
   -0.29000E-02    3  -287.81020
   -0.23000E-02    3  -288.49622
   -0.17000E-02    3  -289.02269
   -0.11000E-02    3  -289.37176
   -0.50000E-03    3  -289.53261
    0.10000E-03    3  -289.50033
    0.70000E-03    3  -289.27591
    0.13000E-02    3  -288.86617
    0.19000E-02    3  -288.28413
    0.25000E-02    3  -287.55003
    0.31000E-02    3  -286.69535
    0.37000E-02    3  -285.76375
    0.43000E-02    3  -284.79091
    0.49000E-02    3  -283.80270
    0.55000E-02    3  -282.81935
    0.61000E-02    3  -281.85723
    0.67000E-02    3  -280.92690
    0.73000E-02    3  -280.03279
    0.79000E-02    3  -279.17131
    0.85000E-02    3  -278.33915
    0.91000E-02    3  -277.53400
    0.97000E-02    3  -276.75364
    0.10300E-01    3  -275.99609
    0.10900E-01    3  -275.26027
    0.11500E-01    3  -274.54542
    0.12100E-01    3  -273.85062
    0.12700E-01    3  -273.17536
    0.13300E-01    3  -272.51922
    0.13900E-01    3  -271.88159
    0.14500E-01    3  -271.26219
    0.15100E-01    3  -270.66048
    0.15700E-01    3  -270.07622
    0.16300E-01    3  -269.50900
    0.16900E-01    3  -268.95855
    0.17500E-01    3  -268.42414
    0.18100E-01    3  -267.90559
    0.18700E-01    3  -267.40264
    0.19300E-01    3  -266.91455
    0.20200E-01    3  -265.15154
    0.25000E-01    3  -261.40473
    0.31000E-01    3  -258.48891
    0.37000E-01    3  -256.05543
    0.43000E-01    3  -253.94454
    0.49000E-01    3  -252.06987
    0.55000E-01    3  -250.37671
    0.61000E-01    3  -248.82969
    0.67000E-01    3  -247.40290
    0.73000E-01    3  -246.07724
    0.79000E-01    3  -244.83669
    0.85000E-01    3  -243.67069
    0.91000E-01    3  -242.56868
    0.97000E-01    3  -241.52538
    0.10300        3  -240.53375
    0.10900        3  -239.58885
    0.11500        3  -238.68626
    0.12100        3  -237.82344
    0.12700        3  -236.99583
    0.13300        3  -236.20132
    0.13900        3  -235.43710
    0.14500        3  -234.70171
    0.15100        3  -233.99267
    0.15700        3  -233.30861
    0.16300        3  -232.64815
    0.16900        3  -232.01081
    0.17500        3  -231.39499
    0.18100        3  -230.79973
    0.18700        3  -230.22376
    0.19300        3  -229.66705
    0.19900        3  -229.12803
    0.20500        3  -228.60512
    0.21100        3  -228.09899
    0.21700        3  -227.60708
    0.29500        3  -218.22607
    0.44500        3  -212.74375
    0.59500        3  -208.91235
    0.74500        3  -205.84372
    0.89500        3  -203.21664
     1.0450        3  -200.87380
     1.1950        3  -198.72460
     1.3450        3  -196.71114
     1.4950        3  -194.79611
     1.6450        3  -192.96131
     1.7950        3  -191.19709
     1.9450        3  -189.50434
     2.0950        3  -187.88241
     2.2450        3  -186.32589
     2.3950        3  -184.83274
     2.5450        3  -183.40014
     2.6950        3  -182.01597
     2.8450        3  -180.67074
     2.9950        3  -179.36263
     3.1450        3  -178.06872
     3.2950        3  -176.78695
     3.4450        3  -175.50657
     3.5950        3  -174.22591
     3.7450        3  -172.95200
     3.8950        3  -171.66333
     4.0450        3  -170.36764
     4.1950        3  -169.05894
     4.3450        3  -167.73367
     4.4950        3  -166.39342
     4.6450        3  -165.03283
     4.7950        3  -163.65923
     4.9450        3  -162.26517
     5.0950        3  -160.85196
     5.2450        3  -159.41817
     5.3950        3  -157.97406
     5.5450        3  -156.51977
     5.6950        3  -155.05914
     5.8450        3  -153.60056
     5.9950        3  -152.14781
     6.1450        3  -150.70973
     6.2950        3  -149.28454
     6.4450        3  -147.89394
     6.5950        3  -146.53913
     6.7450        3  -145.23248
     6.8950        3  -143.97253
     7.0450        3  -142.76136
     7.1950        3  -141.61533
     7.3450        3  -140.54711
     7.4950        3  -139.55459
     7.6450        3  -138.64620
     7.7950        3  -137.81037
     7.9450        3  -137.04587
     8.0950        3  -136.35717
     8.2450        3  -135.73238
     8.3950        3  -135.18492
     8.5450        3  -134.69116
     8.6950        3  -134.25201
     8.8450        3  -133.84706
     8.9950        3  -133.48237
     9.1450        3  -133.14973
     9.2950        3  -132.84754
     9.4450        3  -132.56980
     9.5950        3  -132.30516
     9.7450        3  -132.05954
     9.8950        3  -131.82815
     10.045        3  -131.60534
     10.195        3  -131.39187
     10.345        3  -131.18535
     10.495        3  -130.98667
     10.645        3  -130.79195
     10.795        3  -130.60094
     10.945        3  -130.41437
     11.095        3  -130.23160
     11.245        3  -130.05144
     11.395        3  -129.87654
     11.545        3  -129.70412
     11.695        3  -129.53459
     11.845        3  -129.36643
     11.995        3  -129.20019
     12.145        3  -129.03477
     12.295        3  -128.87280
     12.445        3  -128.71186
     12.595        3  -128.55382
     12.745        3  -128.39821
     12.895        3  -128.24341
     13.045        3  -128.09085
     13.195        3  -127.94039
     13.345        3  -127.79158
     13.495        3  -127.64418
     13.645        3  -127.49859
     13.795        3  -127.35342
     13.945        3  -127.21077
     14.095        3  -127.07003
     14.245        3  -126.92945
     14.395        3  -126.79068
     14.545        3  -126.65280
     14.695        3  -126.51604
     14.845        3  -126.38150
     14.995        3  -126.24815
     15.145        3  -126.11582
     15.295        3  -125.98506
     15.445        3  -125.85481
     15.595        3  -125.72593
     15.745        3  -125.59895
     15.895        3  -125.47244
     16.045        3  -125.34725
     16.195        3  -125.22345
     16.345        3  -125.10051
     16.495        3  -124.97875
     16.645        3  -124.85828
     16.795        3  -124.73867
     16.945        3  -124.62002
     17.095        3  -124.50202
     17.245        3  -124.38491
     17.395        3  -124.26911
     17.545        3  -124.15420
     17.695        3  -124.04094
     17.845        3  -123.92791
     17.995        3  -123.81588
     18.145        3  -123.70458
     18.295        3  -123.59427
     18.445        3  -123.48450
     18.595        3  -123.37589
     18.745        3  -123.26805
     18.895        3  -123.16116
     19.045        3  -123.05520
     19.195        3  -122.94959
     19.345        3  -122.84460
     19.495        3  -122.74043
     19.645        3  -122.63668
     19.795        3  -122.53421
     19.945        3  -122.43271
     20.095        3  -122.33212
     21.836        3  -119.25026
     30.068        3  -114.65516
     42.097        3  -110.04428
     58.937        3  -105.43843
     82.515        3  -100.84550
     115.53        3   -96.27751
     161.74        3   -91.74309
     226.45        3   -87.26102
     317.04        3   -82.82055
     443.87        3   -78.41996
     621.44        3   -74.05447
     870.05        3   -69.74287
     1218.1        3   -65.50616
     1705.4        3   -61.35518
     2387.7        3   -57.28236
     3342.9        3   -53.29391
     4680.2        3   -49.40017
     6552.5        3   -45.60555
     9173.8        3   -41.91485
     12844.        3   -38.33333
     17982.        3   -34.86058
     25176.        3   -31.50728
     35247.        3   -28.28244
     49348.        3   -25.18741
     69090.        3   -22.22961
     96729.        3   -19.40972
    0.13543E+06    3   -16.71709
    0.18960E+06    3   -14.15105
    0.26545E+06    3   -11.70799
    0.37165E+06    3    -9.38145
    0.52033E+06    3    -7.16936
    0.72849E+06    3    -5.06098
    0.10199E+07    3    -3.05753
    0.14279E+07    3    -1.15174
    0.19992E+07    3     0.66029
    0.27990E+07    3     2.38334
    0.39187E+07    3     4.02128
    0.54864E+07    3     5.57728
    0.76812E+07    3     7.05848
    0.10754E+08    3     8.46540
    0.15056E+08    3     9.80214
    0.21080E+08    3    11.07203
    0.29513E+08    3    12.27723
    0.41319E+08    3    13.41089
    0.57849E+08    3    14.46700
    0.80991E+08    3    15.44516
    0.11339E+09    3    16.35246
    0.15875E+09    3    17.19783
    0.22226E+09    3    17.98781
    0.31118E+09    3    18.72505
    0.43567E+09    3    19.41447
    0.60996E+09    3    20.04596
    0.85398E+09    3    20.61762
    0.11956E+10    3    21.13980
    0.16739E+10    3    21.61904
    0.23436E+10    3    22.05874
    0.32811E+10    3    22.46281
    0.45937E+10    3    22.83483
    0.64315E+10    3    23.17664
    0.90044E+10    3    23.49122
    0.12607E+11    3    23.77995
    0.17650E+11    3    24.04560
    0.24711E+11    3    24.28990
    0.34596E+11    3    24.51434
    0.48437E+11    3    24.72069
    0.67814E+11    3    24.91059
    0.10000E+12    3    27.07443
