    -29.945        1     0.00000
    -29.795        1     0.00000
    -29.645        1     0.00000
    -29.495        1     0.00000
    -29.345        1     0.00000
    -29.195        1     0.00000
    -29.045        1     0.00000
    -28.895        1     0.00000
    -28.745        1     0.00000
    -28.595        1     0.00000
    -28.445        1     0.00000
    -28.295        1     0.00000
    -28.145        1     0.00000
    -27.995        1     0.00000
    -27.845        1     0.00000
    -27.695        1     0.00000
    -27.545        1     0.00000
    -27.395        1     0.00000
    -27.245        1     0.00000
    -27.095        1     0.00000
    -26.945        1     0.00000
    -26.795        1     0.00000
    -26.645        1     0.00000
    -26.495        1     0.00000
    -26.345        1     0.00000
    -26.195        1     0.00000
    -26.045        1     0.00000
    -25.895        1     0.00000
    -25.745        1     0.00000
    -25.595        1     0.00000
    -25.445        1     0.00000
    -25.295        1     0.00000
    -25.145        1     0.00000
    -24.995        1     0.00000
    -24.845        1     0.00000
    -24.695        1     0.00000
    -24.545        1     0.00000
    -24.395        1     0.00000
    -24.245        1     0.00000
    -24.095        1     0.00000
    -23.945        1     0.00000
    -23.795        1     0.00000
    -23.645        1     0.00000
    -23.495        1     0.00000
    -23.345        1     0.00000
    -23.195        1     0.00000
    -23.045        1     0.00000
    -22.895        1     0.00000
    -22.745        1     0.00000
    -22.595        1     0.00000
    -22.445        1     0.00000
    -22.295        1     0.00000
    -22.145        1     0.00000
    -21.995        1     0.00000
    -21.845        1     0.00000
    -21.695        1     0.00000
    -21.545        1     0.00000
    -21.395        1     0.00000
    -21.245        1     0.00000
    -21.095        1     0.00000
    -20.945        1     0.00000
    -20.795        1     0.00000
    -20.645        1     0.00000
    -20.495        1     0.00000
    -20.345        1     0.00000
    -20.195        1     0.00000
    -20.045        1     0.00000
    -19.895        1     0.00000
    -19.745        1     0.00000
    -19.595        1     0.00000
    -19.445        1     0.00000
    -19.295        1     0.00000
    -19.145        1     0.00000
    -18.995        1     0.00000
    -18.845        1     0.00000
    -18.695        1     0.00000
    -18.545        1     0.00000
    -18.395        1     0.00000
    -18.245        1     0.00000
    -18.095        1     0.00000
    -17.945        1     0.00000
    -17.795        1     0.00000
    -17.645        1     0.00000
    -17.495        1     0.00000
    -17.345        1     0.00000
    -17.195        1     0.00000
    -17.045        1     0.00000
    -16.895        1     0.00000
    -16.745        1     0.00000
    -16.595        1     0.00000
    -16.445        1     0.00000
    -16.295        1     0.00000
    -16.145        1     0.00000
    -15.995        1     0.00000
    -15.845        1     0.00000
    -15.695        1     0.00000
    -15.545        1     0.00000
    -15.395        1     0.00000
    -15.245        1     0.00000
    -15.095        1     0.00000
    -14.945        1    -0.00140
    -14.795        1    -0.00531
    -14.645        1    -0.01122
    -14.495        1    -0.01906
    -14.345        1    -0.02860
    -14.195        1    -0.04162
    -14.045        1    -0.05767
    -13.895        1    -0.07585
    -13.745        1    -0.11031
    -13.595        1    -0.17169
    -13.445        1    -0.24191
    -13.295        1    -0.31907
    -13.145        1    -0.40036
    -12.995        1    -0.48584
    -12.845        1    -0.57440
    -12.695        1    -0.66633
    -12.545        1    -0.76464
    -12.395        1    -0.86786
    -12.245        1    -0.97235
    -12.095        1    -1.08615
    -11.945        1    -1.20548
    -11.795        1    -1.32439
    -11.645        1    -1.45073
    -11.495        1    -1.58339
    -11.345        1    -1.71882
    -11.195        1    -1.85935
    -11.045        1    -2.00956
    -10.895        1    -2.16400
    -10.745        1    -2.32588
    -10.595        1    -2.49441
    -10.445        1    -2.67029
    -10.295        1    -2.84921
    -10.145        1    -3.03527
    -9.9950        1    -3.22500
    -9.8450        1    -3.41912
    -9.6950        1    -3.61792
    -9.5450        1    -3.82256
    -9.3950        1    -4.02954
    -9.2450        1    -4.24327
    -9.0950        1    -4.46035
    -8.9450        1    -4.68245
    -8.7950        1    -4.91452
    -8.6450        1    -5.16285
    -8.4950        1    -5.41715
    -8.3450        1    -5.67959
    -8.1950        1    -5.96259
    -8.0450        1    -6.26040
    -7.8950        1    -6.59582
    -7.7450        1    -6.98665
    -7.5950        1    -7.40802
    -7.4450        1    -7.85708
    -7.2950        1    -8.32645
    -7.1450        1    -8.81302
    -6.9950        1    -9.31878
    -6.8450        1    -9.84678
    -6.6950        1   -10.38818
    -6.5450        1   -10.94281
    -6.3950        1   -11.51034
    -6.2450        1   -12.09257
    -6.0950        1   -12.69921
    -5.9450        1   -13.33175
    -5.7950        1   -14.00994
    -5.6450        1   -14.72750
    -5.4950        1   -15.46536
    -5.3450        1   -16.21913
    -5.1950        1   -16.99935
    -5.0450        1   -17.81545
    -4.8950        1   -18.66746
    -4.7450        1   -19.55268
    -4.5950        1   -20.47791
    -4.4450        1   -21.44743
    -4.2950        1   -22.47064
    -4.1450        1   -23.55740
    -3.9950        1   -24.71125
    -3.8450        1   -25.94442
    -3.6950        1   -27.25678
    -3.5450        1   -28.65654
    -3.3950        1   -30.14774
    -3.2450        1   -31.73201
    -3.0950        1   -33.41966
    -2.9450        1   -35.22934
    -2.7950        1   -37.17938
    -2.6450        1   -39.28510
    -2.4950        1   -41.58105
    -2.3450        1   -44.10164
    -2.1950        1   -46.87819
    -2.0450        1   -49.96425
    -1.8950        1   -53.40116
    -1.7450        1   -57.28549
    -1.5950        1   -61.71936
    -1.4450        1   -66.88828
    -1.2950        1   -73.00202
    -1.1450        1   -80.43166
   -0.99500        1   -89.70756
   -0.84500        1  -101.94418
   -0.69500        1  -119.56513
   -0.54500        1  -148.10888
   -0.39500        1  -201.70994
   -0.25300        1  -244.99401
   -0.21500        1  -247.41072
   -0.20900        1  -249.66683
   -0.20300        1  -251.72312
   -0.19700        1  -253.63908
   -0.19100        1  -255.43249
   -0.18500        1  -257.11548
   -0.17900        1  -258.69218
   -0.17300        1  -260.16698
   -0.16700        1  -261.54643
   -0.16100        1  -262.83761
   -0.15500        1  -264.04586
   -0.14900        1  -265.17553
   -0.14300        1  -266.22977
   -0.13700        1  -267.19365
   -0.13100        1  -268.07865
   -0.12500        1  -268.88276
   -0.11900        1  -269.58937
   -0.11300        1  -270.21997
   -0.10700        1  -270.78554
   -0.10100        1  -271.29307
   -0.95000E-01    1  -271.74860
   -0.89000E-01    1  -272.15701
   -0.83000E-01    1  -272.52101
   -0.77000E-01    1  -272.84448
   -0.71000E-01    1  -273.13104
   -0.65000E-01    1  -273.38303
   -0.59000E-01    1  -273.60288
   -0.53000E-01    1  -273.79277
   -0.47000E-01    1  -273.95485
   -0.41000E-01    1  -274.09113
   -0.35000E-01    1  -274.20327
   -0.29000E-01    1  -274.29285
   -0.23000E-01    1  -274.36144
   -0.19700E-01    1  -274.36723
   -0.19100E-01    1  -274.37280
   -0.18500E-01    1  -274.37819
   -0.17900E-01    1  -274.38338
   -0.17300E-01    1  -274.38840
   -0.16700E-01    1  -274.39321
   -0.16100E-01    1  -274.39783
   -0.15500E-01    1  -274.40227
   -0.14900E-01    1  -274.40653
   -0.14300E-01    1  -274.41060
   -0.13700E-01    1  -274.41449
   -0.13100E-01    1  -274.41821
   -0.12500E-01    1  -274.42175
   -0.11900E-01    1  -274.42510
   -0.11300E-01    1  -274.42828
   -0.10700E-01    1  -274.43127
   -0.10100E-01    1  -274.43409
   -0.95000E-02    1  -274.43674
   -0.89000E-02    1  -274.43921
   -0.83000E-02    1  -274.44152
   -0.77000E-02    1  -274.44364
   -0.71000E-02    1  -274.44561
   -0.65000E-02    1  -274.44741
   -0.59000E-02    1  -274.44905
   -0.53000E-02    1  -274.45052
   -0.47000E-02    1  -274.45183
   -0.41000E-02    1  -274.45297
   -0.35000E-02    1  -274.45395
   -0.29000E-02    1  -274.45477
   -0.23000E-02    1  -274.45544
   -0.17000E-02    1  -274.45594
   -0.11000E-02    1  -274.45630
   -0.50000E-03    1  -274.45649
    0.10000E-03    1  -274.45654
    0.70000E-03    1  -274.45642
    0.13000E-02    1  -274.45615
    0.19000E-02    1  -274.45573
    0.25000E-02    1  -274.45517
    0.31000E-02    1  -274.45445
    0.37000E-02    1  -274.45360
    0.43000E-02    1  -274.45259
    0.49000E-02    1  -274.45145
    0.55000E-02    1  -274.45015
    0.61000E-02    1  -274.44870
    0.67000E-02    1  -274.44711
    0.73000E-02    1  -274.44539
    0.79000E-02    1  -274.44352
    0.85000E-02    1  -274.44150
    0.91000E-02    1  -274.43935
    0.97000E-02    1  -274.43705
    0.10300E-01    1  -274.43462
    0.10900E-01    1  -274.43206
    0.11500E-01    1  -274.42938
    0.12100E-01    1  -274.42655
    0.12700E-01    1  -274.42360
    0.13300E-01    1  -274.42051
    0.13900E-01    1  -274.41729
    0.14500E-01    1  -274.41395
    0.15100E-01    1  -274.41046
    0.15700E-01    1  -274.40685
    0.16300E-01    1  -274.40313
    0.16900E-01    1  -274.39927
    0.17500E-01    1  -274.39528
    0.18100E-01    1  -274.39118
    0.18700E-01    1  -274.38697
    0.19300E-01    1  -274.38262
    0.20200E-01    1  -274.36452
    0.25000E-01    1  -274.30983
    0.31000E-01    1  -274.24440
    0.37000E-01    1  -274.16886
    0.43000E-01    1  -274.08395
    0.49000E-01    1  -273.99041
    0.55000E-01    1  -273.88866
    0.61000E-01    1  -273.77954
    0.67000E-01    1  -273.66323
    0.73000E-01    1  -273.54046
    0.79000E-01    1  -273.41142
    0.85000E-01    1  -273.27643
    0.91000E-01    1  -273.13597
    0.97000E-01    1  -272.99065
    0.10300        1  -272.84009
    0.10900        1  -272.68523
    0.11500        1  -272.52595
    0.12100        1  -272.36283
    0.12700        1  -272.19611
    0.13300        1  -272.02566
    0.13900        1  -271.85221
    0.14500        1  -271.67582
    0.15100        1  -271.49625
    0.15700        1  -271.31422
    0.16300        1  -271.12957
    0.16900        1  -270.94284
    0.17500        1  -270.75401
    0.18100        1  -270.56294
    0.18700        1  -270.37014
    0.19300        1  -270.17531
    0.19900        1  -269.97920
    0.20500        1  -269.78216
    0.21100        1  -269.58355
    0.21700        1  -269.38378
    0.29500        1  -264.11673
    0.44500        1  -259.02561
    0.59500        1  -254.35371
    0.74500        1  -250.13541
    0.89500        1  -246.33501
     1.0450        1  -242.90259
     1.1950        1  -239.79551
     1.3450        1  -236.96843
     1.4950        1  -234.38281
     1.6450        1  -232.00890
     1.7950        1  -229.82155
     1.9450        1  -227.79888
     2.0950        1  -225.92490
     2.2450        1  -224.17383
     2.3950        1  -222.53476
     2.5450        1  -220.99614
     2.6950        1  -219.54836
     2.8450        1  -218.18014
     2.9950        1  -216.88468
     3.1450        1  -215.65497
     3.2950        1  -214.48808
     3.4450        1  -213.37545
     3.5950        1  -212.31420
     3.7450        1  -211.29909
     3.8950        1  -210.32838
     4.0450        1  -209.39650
     4.1950        1  -208.50082
     4.3450        1  -207.64009
     4.4950        1  -206.81193
     4.6450        1  -206.01349
     4.7950        1  -205.24301
     4.9450        1  -204.49907
     5.0950        1  -203.78166
     5.2450        1  -203.08955
     5.3950        1  -202.42165
     5.5450        1  -201.77814
     5.6950        1  -201.15778
     5.8450        1  -200.55957
     5.9950        1  -199.97938
     6.1450        1  -199.41692
     6.2950        1  -198.87156
     6.4450        1  -198.33919
     6.5950        1  -197.82157
     6.7450        1  -197.31807
     6.8950        1  -196.82682
     7.0450        1  -196.34788
     7.1950        1  -195.87933
     7.3450        1  -195.42201
     7.4950        1  -194.97509
     7.6450        1  -194.53822
     7.7950        1  -194.10969
     7.9450        1  -193.68898
     8.0950        1  -193.27630
     8.2450        1  -192.87391
     8.3950        1  -192.47735
     8.5450        1  -192.08925
     8.6950        1  -191.70757
     8.8450        1  -191.33040
     8.9950        1  -190.96146
     9.1450        1  -190.59945
     9.2950        1  -190.24314
     9.4450        1  -189.89261
     9.5950        1  -189.54813
     9.7450        1  -189.20713
     9.8950        1  -188.87249
     10.045        1  -188.54384
     10.195        1  -188.21621
     10.345        1  -187.89685
     10.495        1  -187.58032
     10.645        1  -187.27018
     10.795        1  -186.96074
     10.945        1  -186.65941
     11.095        1  -186.36232
     11.245        1  -186.06661
     11.395        1  -185.77593
     11.545        1  -185.49022
     11.695        1  -185.20684
     11.845        1  -184.92837
     11.995        1  -184.65294
     12.145        1  -184.38070
     12.295        1  -184.11098
     12.445        1  -183.84567
     12.595        1  -183.58341
     12.745        1  -183.32401
     12.895        1  -183.06950
     13.045        1  -182.81305
     13.195        1  -182.56367
     13.345        1  -182.31550
     13.495        1  -182.07064
     13.645        1  -181.82932
     13.795        1  -181.58972
     13.945        1  -181.35352
     14.095        1  -181.12064
     14.245        1  -180.88908
     14.395        1  -180.65890
     14.545        1  -180.43273
     14.695        1  -180.20950
     14.845        1  -179.98500
     14.995        1  -179.76742
     15.145        1  -179.54905
     15.295        1  -179.33197
     15.445        1  -179.11946
     15.595        1  -178.90686
     15.745        1  -178.69331
     15.895        1  -178.48270
     16.045        1  -178.27213
     16.195        1  -178.06674
     16.345        1  -177.85963
     16.495        1  -177.65209
     16.645        1  -177.44654
     16.795        1  -177.24429
     16.945        1  -177.04086
     17.095        1  -176.84039
     17.245        1  -176.63858
     17.395        1  -176.44109
     17.545        1  -176.24332
     17.695        1  -176.05023
     17.845        1  -175.85728
     17.995        1  -175.66665
     18.145        1  -175.48155
     18.295        1  -175.29857
     18.445        1  -175.11516
     18.595        1  -174.93385
     18.745        1  -174.75965
     18.895        1  -174.58946
     19.045        1  -174.42316
     19.195        1  -174.25955
     19.345        1  -174.09870
     19.495        1  -173.94473
     19.645        1  -173.79686
     19.795        1  -173.65260
     19.945        1  -173.51464
     20.095        1  -173.38159
     20.245        1  -173.25433
     20.395        1  -173.13879
     20.545        1  -173.02274
     20.695        1  -172.91633
     20.845        1  -172.81125
     20.995        1  -172.71437
     21.145        1  -172.61472
     21.295        1  -172.52592
     21.445        1  -172.43140
     21.595        1  -172.35036
     21.745        1  -172.26500
     21.895        1  -172.18811
     22.045        1  -172.11219
     22.195        1  -172.03698
     22.345        1  -171.96559
     22.495        1  -171.88794
     22.645        1  -171.81148
     22.795        1  -171.73477
     22.945        1  -171.65965
     23.095        1  -171.58968
     23.245        1  -171.51447
     23.395        1  -171.43571
     23.545        1  -171.36039
     23.695        1  -171.28277
     23.845        1  -171.20965
     23.995        1  -171.14108
     24.145        1  -171.06700
     24.295        1  -170.99831
     24.445        1  -170.92645
     24.595        1  -170.85135
     24.745        1  -170.77878
     24.895        1  -170.70631
     25.045        1  -170.63329
     25.195        1  -170.55388
     25.345        1  -170.47936
     25.495        1  -170.40244
     25.645        1  -170.32626
     25.795        1  -170.25674
     25.945        1  -170.18238
     26.095        1  -170.10452
     26.245        1  -170.02843
     26.395        1  -169.95318
     26.545        1  -169.88285
     26.695        1  -169.80963
     26.845        1  -169.73416
     26.995        1  -169.66012
     27.145        1  -169.58558
     27.295        1  -169.51419
     27.445        1  -169.43625
     27.595        1  -169.36468
     27.745        1  -169.28976
     27.895        1  -169.21280
     28.045        1  -169.13439
     28.195        1  -169.06085
     28.345        1  -168.98750
     28.495        1  -168.91088
     28.645        1  -168.83886
     28.795        1  -168.76459
     28.945        1  -168.68866
     29.095        1  -168.61809
     29.245        1  -168.54533
     29.395        1  -168.47438
     29.545        1  -168.40324
     29.695        1  -168.32663
     29.845        1  -168.25537
     29.995        1  -168.18484
     30.145        1  -168.11454
     30.295        1  -168.04571
     30.445        1  -167.97250
     30.595        1  -167.89675
     30.745        1  -167.82342
     30.895        1  -167.75251
     31.045        1  -167.68126
     31.195        1  -167.61205
     31.345        1  -167.53941
     31.495        1  -167.46878
     31.645        1  -167.39586
     31.795        1  -167.32581
     31.945        1  -167.25575
     32.095        1  -167.18469
     32.245        1  -167.11150
     32.395        1  -167.04023
     32.545        1  -166.97010
     32.695        1  -166.89882
     32.845        1  -166.82983
     32.995        1  -166.75827
     33.145        1  -166.68966
     33.295        1  -166.62226
     33.445        1  -166.55631
     33.595        1  -166.49087
     33.745        1  -166.42292
     33.895        1  -166.35291
     34.045        1  -166.29051
     34.195        1  -166.22639
     34.345        1  -166.16271
     34.495        1  -166.09769
     34.645        1  -166.03646
     34.795        1  -165.97780
     34.945        1  -165.91533
     35.095        1  -165.85140
     35.245        1  -165.79625
     35.395        1  -165.73505
     35.545        1  -165.67855
     35.695        1  -165.62212
     35.845        1  -165.56667
     35.995        1  -165.51207
     36.145        1  -165.46576
     36.295        1  -165.41254
     36.445        1  -165.36327
     36.595        1  -165.31812
     36.745        1  -165.27312
     36.895        1  -165.23286
     37.045        1  -165.19082
     37.195        1  -165.14815
     37.345        1  -165.11432
     37.495        1  -165.07494
     37.645        1  -165.04089
     37.795        1  -165.00821
     37.945        1  -164.97702
     38.095        1  -164.95016
     38.245        1  -164.92226
     38.395        1  -164.89517
     38.545        1  -164.87169
     38.695        1  -164.85026
     38.845        1  -164.83282
     38.995        1  -164.81210
     39.145        1  -164.79303
     39.295        1  -164.77685
     39.445        1  -164.76430
     39.595        1  -164.74928
     39.745        1  -164.73405
     39.895        1  -164.72145
     40.045        1  -164.70841
     40.195        1  -164.69589
     40.345        1  -164.68621
     40.495        1  -164.67569
     40.645        1  -164.66586
     40.795        1  -164.65931
     40.945        1  -164.65013
     41.095        1  -164.64308
     41.245        1  -164.63605
     41.395        1  -164.63018
     41.545        1  -164.62432
     41.695        1  -164.61850
     41.845        1  -164.61208
     41.995        1  -164.60561
     42.145        1  -164.60060
     42.295        1  -164.59552
     42.445        1  -164.59060
     42.595        1  -164.58569
     42.745        1  -164.57996
     42.895        1  -164.57504
     43.045        1  -164.57006
     43.195        1  -164.56500
     43.345        1  -164.56010
     43.495        1  -164.55384
     43.645        1  -164.54894
     43.795        1  -164.54413
     43.945        1  -164.53918
     44.095        1  -164.53426
     44.245        1  -164.52929
     44.395        1  -164.52461
     44.545        1  -164.51991
     44.695        1  -164.51512
     44.845        1  -164.50973
     44.995        1  -164.50496
     45.145        1  -164.49944
     45.295        1  -164.49474
     45.445        1  -164.49008
     45.595        1  -164.48543
     45.745        1  -164.48083
     45.895        1  -164.47617
     46.045        1  -164.47154
     46.195        1  -164.46698
     46.345        1  -164.46238
     46.495        1  -164.45788
     46.645        1  -164.45339
     46.795        1  -164.44891
     46.945        1  -164.44444
     47.095        1  -164.44006
     47.245        1  -164.43555
     47.395        1  -164.43108
     47.545        1  -164.42668
     47.695        1  -164.42214
     47.845        1  -164.41763
     47.995        1  -164.41316
     48.145        1  -164.40868
     48.295        1  -164.40426
     48.445        1  -164.39996
     48.595        1  -164.39560
     48.745        1  -164.39134
     48.895        1  -164.38695
     49.045        1  -164.38270
     49.195        1  -164.37835
     49.345        1  -164.37416
     49.495        1  -164.37004
     49.645        1  -164.36570
     49.795        1  -164.36149
     49.945        1  -164.35717
     50.095        1  -164.35296
     50.245        1  -164.34892
     50.395        1  -164.34466
     50.545        1  -164.34049
     50.695        1  -164.33640
     50.845        1  -164.33221
     50.995        1  -164.32806
     51.145        1  -164.32391
     51.295        1  -164.31989
     51.445        1  -164.31578
     51.595        1  -164.31169
     51.745        1  -164.30758
     51.895        1  -164.30353
     52.045        1  -164.29951
     52.195        1  -164.29546
     52.345        1  -164.29149
     52.495        1  -164.28761
     52.645        1  -164.28351
     52.795        1  -164.27957
     52.945        1  -164.27563
     53.095        1  -164.27171
     53.245        1  -164.26769
     53.395        1  -164.26371
     53.545        1  -164.25978
     53.695        1  -164.25586
     53.845        1  -164.25213
     53.995        1  -164.24823
     54.145        1  -164.24446
     54.295        1  -164.24064
     54.445        1  -164.23681
     54.595        1  -164.23298
     54.745        1  -164.22922
     54.895        1  -164.22537
     55.045        1  -164.22169
     55.195        1  -164.21794
     55.345        1  -164.21428
     55.495        1  -164.21044
     55.645        1  -164.20665
     55.795        1  -164.20297
     55.945        1  -164.19930
     56.095        1  -164.19554
     56.245        1  -164.19179
     56.395        1  -164.18816
     56.545        1  -164.18449
     56.695        1  -164.18094
     56.845        1  -164.17726
     56.995        1  -164.17372
     57.145        1  -164.17017
     57.295        1  -164.16644
     57.445        1  -164.16287
     57.595        1  -164.15929
     57.745        1  -164.15567
     57.895        1  -164.15213
     58.045        1  -164.14859
     58.195        1  -164.14506
     58.345        1  -164.14151
     58.495        1  -164.13796
     58.645        1  -164.13436
     58.795        1  -164.13088
     58.945        1  -164.12738
     59.095        1  -164.12386
     59.245        1  -164.12033
     59.395        1  -164.11688
     59.545        1  -164.11345
     59.695        1  -164.10996
     59.845        1  -164.10644
     59.995        1  -164.10296
     60.145        1  -164.09952
     60.295        1  -164.09608
     60.445        1  -164.09261
     60.595        1  -164.08919
     60.745        1  -164.08578
     60.895        1  -164.08237
     61.045        1  -164.07906
     61.195        1  -164.07569
     61.345        1  -164.07240
     61.495        1  -164.06904
     61.645        1  -164.06574
     61.795        1  -164.06246
     61.945        1  -164.05916
     62.095        1  -164.05592
     62.245        1  -164.05256
     62.395        1  -164.04925
     62.545        1  -164.04603
     62.695        1  -164.04269
     62.845        1  -164.03940
     62.995        1  -164.03617
     63.145        1  -164.03284
     63.295        1  -164.02958
     63.445        1  -164.02628
     63.595        1  -164.02302
     63.745        1  -164.01984
     63.895        1  -164.01663
     64.045        1  -164.01339
     64.195        1  -164.01025
     64.345        1  -164.00694
     64.495        1  -164.00383
     64.645        1  -164.00070
     64.795        1  -163.99742
     64.945        1  -163.99427
     65.095        1  -163.99111
     70.156        1  -163.69893
     94.967        1  -163.27530
     130.63        1  -162.86537
     179.69        1  -162.46239
     247.17        1  -162.06449
     340.00        1  -161.67099
     467.69        1  -161.28075
     643.33        1  -160.89223
     884.93        1  -160.50728
     1217.3        1  -160.12459
     1674.4        1  -159.74240
     2303.2        1  -159.36129
     3168.2        1  -158.98150
     4358.0        1  -158.60399
     5994.7        1  -158.22800
     8246.0        1  -157.85544
     11343.        1  -157.48744
     15603.        1  -157.12721
     21462.        1  -156.77642
     29522.        1  -156.43353
     40609.        1  -156.10028
     55860.        1  -155.77565
     76839.        1  -155.45994
    0.10570E+06    1  -155.15392
    0.14539E+06    1  -154.85652
    0.19999E+06    1  -154.56838
    0.27510E+06    1  -154.29090
    0.37841E+06    1  -154.02536
    0.52052E+06    1  -153.77087
    0.71601E+06    1  -153.52742
    0.98490E+06    1  -153.29563
    0.13548E+07    1  -153.07460
    0.18636E+07    1  -152.86379
    0.25634E+07    1  -152.66290
    0.35262E+07    1  -152.47114
    0.48504E+07    1  -152.28858
    0.66720E+07    1  -152.11444
    0.91776E+07    1  -151.94840
    0.12624E+08    1  -151.79047
    0.17365E+08    1  -151.64026
    0.23887E+08    1  -151.49664
    0.32858E+08    1  -151.36012
    0.45197E+08    1  -151.23006
    0.62171E+08    1  -151.10621
    0.85520E+08    1  -150.98786
    0.11764E+09    1  -150.87559
    0.16182E+09    1  -150.76867
    0.22259E+09    1  -150.66722
    0.30618E+09    1  -150.57164
    0.42116E+09    1  -150.48258
    0.57933E+09    1  -150.39961
    0.79690E+09    1  -150.32234
    0.10962E+10    1  -150.24975
    0.15078E+10    1  -150.18199
    0.20741E+10    1  -150.11853
    0.28531E+10    1  -150.05888
    0.39245E+10    1  -150.00364
    0.53984E+10    1  -149.95352
    0.74258E+10    1  -149.90745
    0.10215E+11    1  -149.86512
    0.14051E+11    1  -149.82607
    0.19327E+11    1  -149.79022
    0.26586E+11    1  -149.75691
    0.36570E+11    1  -149.72600
    0.50304E+11    1  -149.69774
    0.69195E+11    1  -149.67169
    0.10000E+12    1  -149.35649
    -149.95        2     0.00000
    -149.79        2     0.00000
    -149.65        2     0.00000
    -149.49        2     0.00000
    -149.34        2     0.00000
    -149.20        2     0.00000
    -149.04        2     0.00000
    -148.90        2     0.00000
    -148.74        2     0.00000
    -148.59        2     0.00000
    -148.45        2     0.00000
    -148.29        2     0.00000
    -148.15        2     0.00000
    -147.99        2     0.00000
    -147.84        2     0.00000
    -147.70        2     0.00000
    -147.54        2     0.00000
    -147.40        2     0.00000
    -147.24        2     0.00000
    -147.09        2     0.00000
    -146.95        2     0.00000
    -146.79        2     0.00000
    -146.65        2     0.00000
    -146.49        2     0.00000
    -146.34        2     0.00000
    -146.20        2     0.00000
    -146.04        2     0.00000
    -145.90        2     0.00000
    -145.74        2     0.00000
    -145.59        2     0.00000
    -145.45        2     0.00000
    -145.29        2     0.00000
    -145.15        2     0.00000
    -144.99        2     0.00000
    -144.84        2     0.00000
    -144.70        2     0.00000
    -144.54        2     0.00000
    -144.40        2     0.00000
    -144.24        2     0.00000
    -144.09        2     0.00000
    -143.95        2     0.00000
    -143.79        2     0.00000
    -143.65        2     0.00000
    -143.49        2     0.00000
    -143.34        2     0.00000
    -143.20        2     0.00000
    -143.04        2     0.00000
    -142.90        2     0.00000
    -142.74        2     0.00000
    -142.59        2     0.00000
    -142.45        2     0.00000
    -142.29        2     0.00000
    -142.15        2     0.00000
    -141.99        2     0.00000
    -141.84        2     0.00000
    -141.70        2     0.00000
    -141.54        2     0.00000
    -141.40        2     0.00000
    -141.24        2     0.00000
    -141.09        2     0.00000
    -140.95        2     0.00000
    -140.79        2     0.00000
    -140.65        2     0.00000
    -140.49        2     0.00000
    -140.34        2     0.00000
    -140.20        2     0.00000
    -140.04        2     0.00000
    -139.90        2     0.00000
    -139.74        2     0.00000
    -139.59        2     0.00000
    -139.45        2     0.00000
    -139.29        2     0.00000
    -139.15        2     0.00000
    -138.99        2     0.00000
    -138.84        2     0.00000
    -138.70        2     0.00000
    -138.54        2     0.00000
    -138.40        2     0.00000
    -138.24        2     0.00000
    -138.09        2     0.00000
    -137.95        2     0.00000
    -137.79        2     0.00000
    -137.65        2     0.00000
    -137.49        2     0.00000
    -137.34        2     0.00000
    -137.20        2     0.00000
    -137.04        2     0.00000
    -136.90        2     0.00000
    -136.74        2     0.00000
    -136.59        2     0.00000
    -136.45        2     0.00000
    -136.29        2     0.00000
    -136.15        2     0.00000
    -135.99        2     0.00000
    -135.84        2     0.00000
    -135.70        2     0.00000
    -135.54        2     0.00000
    -135.40        2     0.00000
    -135.24        2     0.00000
    -135.09        2     0.00000
    -134.95        2     0.00000
    -134.79        2     0.00000
    -134.65        2     0.00000
    -134.49        2     0.00000
    -134.34        2     0.00000
    -134.20        2     0.00000
    -134.04        2     0.00000
    -133.90        2     0.00000
    -133.74        2     0.00000
    -133.59        2     0.00000
    -133.45        2     0.00000
    -133.29        2     0.00000
    -133.15        2     0.00000
    -132.99        2     0.00000
    -132.84        2     0.00000
    -132.70        2     0.00000
    -132.54        2     0.00000
    -132.40        2     0.00000
    -132.24        2     0.00000
    -132.09        2     0.00000
    -131.95        2     0.00000
    -131.79        2     0.00000
    -131.65        2     0.00000
    -131.49        2     0.00000
    -131.34        2     0.00000
    -131.20        2     0.00000
    -131.04        2     0.00000
    -130.90        2     0.00000
    -130.74        2     0.00000
    -130.59        2     0.00000
    -130.45        2     0.00000
    -130.29        2     0.00000
    -130.15        2     0.00000
    -129.99        2     0.00000
    -129.84        2     0.00000
    -129.70        2     0.00000
    -129.54        2     0.00000
    -129.40        2     0.00000
    -129.24        2     0.00000
    -129.09        2     0.00000
    -128.95        2     0.00000
    -128.79        2     0.00000
    -128.65        2     0.00000
    -128.49        2     0.00000
    -128.34        2     0.00000
    -128.20        2     0.00000
    -128.04        2     0.00000
    -127.89        2     0.00000
    -127.75        2     0.00000
    -127.60        2     0.00000
    -127.44        2     0.00000
    -127.30        2     0.00000
    -127.14        2     0.00000
    -127.00        2     0.00000
    -126.85        2     0.00000
    -126.69        2     0.00000
    -126.55        2     0.00000
    -126.39        2     0.00000
    -126.25        2     0.00000
    -126.10        2     0.00000
    -125.94        2     0.00000
    -125.80        2     0.00000
    -125.64        2     0.00000
    -125.50        2     0.00000
    -125.35        2     0.00000
    -125.19        2     0.00000
    -125.05        2     0.00000
    -124.89        2     0.00000
    -124.75        2     0.00000
    -124.60        2     0.00000
    -124.44        2     0.00000
    -124.30        2     0.00000
    -124.14        2     0.00000
    -124.00        2     0.00000
    -123.85        2     0.00000
    -123.69        2     0.00000
    -123.55        2     0.00000
    -123.39        2     0.00000
    -123.25        2     0.00000
    -123.10        2     0.00000
    -122.94        2     0.00000
    -122.80        2     0.00000
    -122.64        2     0.00000
    -122.50        2     0.00000
    -122.35        2     0.00000
    -122.19        2     0.00000
    -122.05        2     0.00000
    -121.89        2     0.00000
    -121.75        2     0.00000
    -121.60        2     0.00000
    -121.44        2     0.00000
    -121.30        2     0.00000
    -121.14        2     0.00000
    -121.00        2     0.00000
    -120.85        2     0.00000
    -120.69        2     0.00000
    -120.55        2     0.00000
    -120.39        2     0.00000
    -120.25        2     0.00000
    -120.10        2     0.00000
    -119.94        2     0.00000
    -119.80        2     0.00000
    -119.64        2     0.00000
    -119.50        2     0.00000
    -119.35        2     0.00000
    -119.19        2     0.00000
    -119.05        2     0.00000
    -118.89        2     0.00000
    -118.75        2     0.00000
    -118.60        2     0.00000
    -118.44        2     0.00000
    -118.30        2     0.00000
    -118.14        2     0.00000
    -118.00        2     0.00000
    -117.85        2     0.00000
    -117.69        2     0.00000
    -117.55        2     0.00000
    -117.39        2     0.00000
    -117.25        2     0.00000
    -117.10        2     0.00000
    -116.94        2     0.00000
    -116.80        2     0.00000
    -116.64        2     0.00000
    -116.50        2     0.00000
    -116.35        2     0.00000
    -116.19        2     0.00000
    -116.05        2     0.00000
    -115.89        2     0.00000
    -115.75        2     0.00000
    -115.60        2     0.00000
    -115.44        2     0.00000
    -115.30        2     0.00000
    -115.14        2     0.00000
    -115.00        2     0.00000
    -114.85        2     0.00000
    -114.69        2     0.00000
    -114.55        2     0.00000
    -114.39        2     0.00000
    -114.25        2     0.00000
    -114.10        2     0.00000
    -113.94        2     0.00000
    -113.80        2     0.00000
    -113.64        2     0.00000
    -113.50        2     0.00000
    -113.35        2     0.00000
    -113.19        2     0.00000
    -113.05        2     0.00000
    -112.89        2     0.00000
    -112.75        2     0.00000
    -112.60        2     0.00000
    -112.44        2     0.00000
    -112.30        2     0.00000
    -112.14        2     0.00000
    -112.00        2     0.00000
    -111.85        2     0.00000
    -111.69        2     0.00000
    -111.55        2     0.00000
    -111.39        2     0.00000
    -111.25        2     0.00000
    -111.10        2     0.00000
    -110.94        2     0.00000
    -110.80        2     0.00000
    -110.64        2     0.00000
    -110.50        2     0.00000
    -110.35        2     0.00000
    -110.19        2     0.00000
    -110.05        2     0.00000
    -109.89        2     0.00000
    -109.75        2     0.00000
    -109.60        2     0.00000
    -109.44        2     0.00000
    -109.30        2     0.00000
    -109.14        2     0.00000
    -109.00        2     0.00000
    -108.85        2     0.00000
    -108.69        2     0.00000
    -108.55        2     0.00000
    -108.39        2     0.00000
    -108.25        2     0.00000
    -108.10        2     0.00000
    -107.94        2     0.00000
    -107.80        2     0.00000
    -107.64        2     0.00000
    -107.50        2     0.00000
    -107.35        2     0.00000
    -107.19        2     0.00000
    -107.05        2     0.00000
    -106.89        2     0.00000
    -106.75        2     0.00000
    -106.60        2     0.00000
    -106.44        2     0.00000
    -106.30        2     0.00000
    -106.14        2     0.00000
    -106.00        2     0.00000
    -105.85        2     0.00000
    -105.69        2     0.00000
    -105.55        2     0.00000
    -105.39        2     0.00000
    -105.25        2     0.00000
    -105.10        2     0.00000
    -104.94        2     0.00000
    -104.80        2     0.00000
    -104.64        2     0.00000
    -104.50        2     0.00000
    -104.35        2     0.00000
    -104.19        2     0.00000
    -104.05        2     0.00000
    -103.89        2     0.00000
    -103.75        2     0.00000
    -103.60        2     0.00000
    -103.44        2     0.00000
    -103.30        2     0.00000
    -103.14        2     0.00000
    -103.00        2     0.00000
    -102.85        2     0.00000
    -102.69        2     0.00000
    -102.55        2     0.00000
    -102.39        2     0.00000
    -102.25        2     0.00000
    -102.10        2     0.00000
    -101.94        2     0.00000
    -101.80        2     0.00000
    -101.64        2     0.00000
    -101.50        2     0.00000
    -101.35        2     0.00000
    -101.19        2     0.00000
    -101.05        2     0.00000
    -100.89        2     0.00000
    -100.75        2     0.00000
    -100.60        2     0.00000
    -100.44        2     0.00000
    -100.30        2     0.00000
    -100.14        2     0.00000
    -99.995        2     0.00000
    -99.845        2     0.00000
    -99.695        2     0.00000
    -99.545        2     0.00000
    -99.395        2     0.00000
    -99.245        2     0.00000
    -99.095        2     0.00000
    -98.945        2     0.00000
    -98.795        2     0.00000
    -98.645        2     0.00000
    -98.495        2     0.00000
    -98.345        2     0.00000
    -98.195        2     0.00000
    -98.045        2     0.00000
    -97.895        2     0.00000
    -97.745        2     0.00000
    -97.595        2     0.00000
    -97.445        2     0.00000
    -97.295        2     0.00000
    -97.145        2     0.00000
    -96.995        2     0.00000
    -96.845        2     0.00000
    -96.695        2     0.00000
    -96.545        2     0.00000
    -96.395        2     0.00000
    -96.245        2     0.00000
    -96.095        2     0.00000
    -95.945        2     0.00000
    -95.795        2     0.00000
    -95.645        2     0.00000
    -95.495        2     0.00000
    -95.345        2     0.00000
    -95.195        2     0.00000
    -95.045        2     0.00000
    -94.895        2     0.00000
    -94.745        2     0.00000
    -94.595        2     0.00000
    -94.445        2     0.00000
    -94.295        2     0.00000
    -94.145        2    -0.00018
    -93.995        2    -0.33062
    -93.845        2    -1.02492
    -93.695        2    -1.99734
    -93.545        2    -3.16814
    -93.395        2    -4.56759
    -93.245        2    -6.10442
    -93.095        2    -7.72747
    -92.945        2    -9.40349
    -92.795        2   -11.15205
    -92.645        2   -12.86896
    -92.495        2   -14.59086
    -92.345        2   -16.26169
    -92.195        2   -17.92998
    -92.045        2   -19.50703
    -91.895        2   -20.99988
    -91.745        2   -22.45924
    -91.595        2   -23.83055
    -91.445        2   -25.14995
    -91.295        2   -26.42845
    -91.145        2   -27.59712
    -90.995        2   -28.69343
    -90.845        2   -29.70525
    -90.695        2   -30.68241
    -90.545        2   -31.56675
    -90.395        2   -32.39500
    -90.245        2   -33.21297
    -90.095        2   -33.94254
    -89.945        2   -34.61961
    -89.795        2   -35.26365
    -89.645        2   -35.87192
    -89.495        2   -36.44293
    -89.345        2   -36.97805
    -89.195        2   -37.48871
    -89.045        2   -37.95754
    -88.895        2   -38.46501
    -88.745        2   -39.16156
    -88.595        2   -40.02350
    -88.445        2   -40.99632
    -88.295        2   -42.11330
    -88.145        2   -43.29954
    -87.995        2   -44.58795
    -87.845        2   -45.98717
    -87.695        2   -47.49367
    -87.545        2   -49.07840
    -87.395        2   -50.65637
    -87.245        2   -52.27425
    -87.095        2   -53.89854
    -86.945        2   -55.50593
    -86.795        2   -57.09709
    -86.645        2   -58.70486
    -86.495        2   -60.23411
    -86.345        2   -61.79310
    -86.195        2   -63.24053
    -86.045        2   -64.67026
    -85.895        2   -66.06312
    -85.745        2   -67.37870
    -85.595        2   -68.65020
    -85.445        2   -69.84228
    -85.295        2   -70.97455
    -85.145        2   -72.03840
    -84.995        2   -73.07035
    -84.845        2   -74.00907
    -84.695        2   -74.91880
    -84.545        2   -75.79778
    -84.395        2   -76.60365
    -84.245        2   -77.35266
    -84.095        2   -78.04453
    -83.945        2   -78.70034
    -83.795        2   -79.30554
    -83.645        2   -79.87472
    -83.495        2   -80.38273
    -83.345        2   -80.86253
    -83.195        2   -81.31651
    -83.045        2   -81.74593
    -82.895        2   -82.13475
    -82.745        2   -82.49444
    -82.595        2   -82.82682
    -82.445        2   -83.14238
    -82.295        2   -83.41778
    -82.145        2   -83.68763
    -81.995        2   -83.92168
    -81.845        2   -84.12829
    -81.695        2   -84.33504
    -81.545        2   -84.53304
    -81.395        2   -84.70650
    -81.245        2   -84.86598
    -81.095        2   -85.01335
    -80.945        2   -85.14043
    -80.795        2   -85.26903
    -80.645        2   -85.38787
    -80.495        2   -85.49202
    -80.345        2   -85.59242
    -80.195        2   -85.68877
    -80.045        2   -85.77919
    -79.895        2   -85.86042
    -79.745        2   -85.93770
    -79.595        2   -86.01109
    -79.445        2   -86.07473
    -79.295        2   -86.13623
    -79.145        2   -86.19528
    -78.995        2   -86.24849
    -78.845        2   -86.29828
    -78.695        2   -86.34032
    -78.545        2   -86.38564
    -78.395        2   -86.42640
    -78.245        2   -86.46142
    -78.095        2   -86.49797
    -77.945        2   -86.53596
    -77.795        2   -86.56621
    -77.645        2   -86.59653
    -77.495        2   -86.62466
    -77.345        2   -86.64917
    -77.195        2   -86.67390
    -77.045        2   -86.69930
    -76.895        2   -86.72383
    -76.745        2   -86.74654
    -76.595        2   -86.76610
    -76.445        2   -86.78560
    -76.295        2   -86.80161
    -76.145        2   -86.81781
    -75.995        2   -86.83475
    -75.845        2   -86.85048
    -75.695        2   -86.86322
    -75.545        2   -86.87644
    -75.395        2   -86.89168
    -75.245        2   -86.90201
    -75.095        2   -86.91267
    -74.945        2   -86.92313
    -74.795        2   -86.93220
    -74.645        2   -86.94372
    -74.495        2   -86.95276
    -74.345        2   -86.96095
    -74.195        2   -86.96742
    -74.045        2   -86.97585
    -73.895        2   -86.98365
    -73.745        2   -86.98832
    -73.595        2   -86.99419
    -73.445        2   -86.99990
    -73.295        2   -87.00619
    -73.145        2   -87.01089
    -72.995        2   -87.01845
    -72.845        2   -87.02343
    -72.695        2   -87.02747
    -72.545        2   -87.02998
    -72.395        2   -87.03448
    -72.245        2   -87.03785
    -72.095        2   -87.04261
    -71.945        2   -87.04589
    -71.795        2   -87.04886
    -71.645        2   -87.05094
    -71.495        2   -87.05287
    -71.345        2   -87.05482
    -71.195        2   -87.05862
    -71.045        2   -87.06090
    -70.895        2   -87.06206
    -70.745        2   -87.06464
    -70.595        2   -87.06528
    -70.445        2   -87.06621
    -70.295        2   -87.06810
    -70.145        2   -87.06975
    -69.995        2   -87.07128
    -69.845        2   -87.07319
    -69.695        2   -87.07424
    -69.545        2   -87.07556
    -69.395        2   -87.07633
    -69.245        2   -87.07745
    -69.095        2   -87.07872
    -68.945        2   -87.08059
    -68.795        2   -87.08168
    -68.645        2   -87.08294
    -68.495        2   -87.08385
    -68.345        2   -87.08456
    -68.195        2   -87.08620
    -68.045        2   -87.08744
    -67.895        2   -87.08831
    -67.745        2   -87.08913
    -67.595        2   -87.08976
    -67.445        2   -87.09055
    -67.295        2   -87.09149
    -67.145        2   -87.09220
    -66.995        2   -87.09297
    -66.845        2   -87.09383
    -66.695        2   -87.09547
    -66.545        2   -87.09723
    -66.395        2   -87.09789
    -66.245        2   -87.09871
    -66.095        2   -87.09953
    -65.945        2   -87.10099
    -65.795        2   -87.10194
    -65.645        2   -87.10221
    -65.495        2   -87.10382
    -65.345        2   -87.10464
    -65.195        2   -87.10538
    -65.045        2   -87.10618
    -64.895        2   -87.10719
    -64.745        2   -87.10803
    -64.595        2   -87.10909
    -64.445        2   -87.11023
    -64.295        2   -87.11107
    -64.145        2   -87.11199
    -63.995        2   -87.11320
    -63.845        2   -87.11400
    -63.695        2   -87.11469
    -63.545        2   -87.11550
    -63.395        2   -87.11639
    -63.245        2   -87.11733
    -63.095        2   -87.11844
    -62.945        2   -87.11917
    -62.795        2   -87.12015
    -62.645        2   -87.12117
    -62.495        2   -87.12212
    -62.345        2   -87.12332
    -62.195        2   -87.12382
    -62.045        2   -87.12483
    -61.895        2   -87.12576
    -61.745        2   -87.12670
    -61.595        2   -87.12768
    -61.445        2   -87.12871
    -61.295        2   -87.12986
    -61.145        2   -87.13082
    -60.995        2   -87.13155
    -60.845        2   -87.13246
    -60.695        2   -87.13365
    -60.545        2   -87.13473
    -60.395        2   -87.13578
    -60.245        2   -87.13632
    -60.095        2   -87.13745
    -59.945        2   -87.13872
    -59.795        2   -87.13954
    -59.645        2   -87.14068
    -59.495        2   -87.14179
    -59.345        2   -87.14277
    -59.195        2   -87.14373
    -59.045        2   -87.14501
    -58.895        2   -87.14610
    -58.745        2   -87.14761
    -58.595        2   -87.14875
    -58.445        2   -87.14990
    -58.295        2   -87.15105
    -58.145        2   -87.15237
    -57.995        2   -87.15338
    -57.845        2   -87.15457
    -57.695        2   -87.15568
    -57.545        2   -87.15679
    -57.395        2   -87.15818
    -57.245        2   -87.15928
    -57.095        2   -87.16063
    -56.945        2   -87.16203
    -56.795        2   -87.16322
    -56.645        2   -87.16443
    -56.495        2   -87.16581
    -56.345        2   -87.16688
    -56.195        2   -87.16831
    -56.045        2   -87.16918
    -55.895        2   -87.17061
    -55.745        2   -87.17212
    -55.595        2   -87.17354
    -55.445        2   -87.17455
    -55.295        2   -87.17589
    -55.145        2   -87.17719
    -54.995        2   -87.17865
    -54.845        2   -87.18017
    -54.695        2   -87.18151
    -54.545        2   -87.18293
    -54.395        2   -87.18437
    -54.245        2   -87.18587
    -54.095        2   -87.18691
    -53.945        2   -87.18773
    -53.795        2   -87.18869
    -53.645        2   -87.18985
    -53.495        2   -87.19100
    -53.345        2   -87.19259
    -53.195        2   -87.19401
    -53.045        2   -87.19522
    -52.895        2   -87.19659
    -52.745        2   -87.19797
    -52.595        2   -87.19909
    -52.445        2   -87.20040
    -52.295        2   -87.20174
    -52.145        2   -87.20306
    -51.995        2   -87.20409
    -51.845        2   -87.20570
    -51.695        2   -87.20675
    -51.545        2   -87.20801
    -51.395        2   -87.20948
    -51.245        2   -87.21036
    -51.095        2   -87.21154
    -50.945        2   -87.21316
    -50.795        2   -87.21454
    -50.645        2   -87.21572
    -50.495        2   -87.21722
    -50.345        2   -87.21866
    -50.195        2   -87.21993
    -50.045        2   -87.22165
    -49.895        2   -87.22299
    -49.745        2   -87.22409
    -49.595        2   -87.22564
    -49.445        2   -87.22703
    -49.295        2   -87.22835
    -49.145        2   -87.22989
    -48.995        2   -87.23147
    -48.845        2   -87.23284
    -48.695        2   -87.23392
    -48.545        2   -87.23496
    -48.395        2   -87.23672
    -48.245        2   -87.23789
    -48.095        2   -87.23925
    -47.945        2   -87.24054
    -47.795        2   -87.24201
    -47.645        2   -87.24367
    -47.495        2   -87.24528
    -47.345        2   -87.24672
    -47.195        2   -87.24860
    -47.045        2   -87.24988
    -46.895        2   -87.25176
    -46.745        2   -87.25315
    -46.595        2   -87.25469
    -46.445        2   -87.25654
    -46.295        2   -87.25815
    -46.145        2   -87.25987
    -45.995        2   -87.26181
    -45.845        2   -87.26317
    -45.695        2   -87.26473
    -45.545        2   -87.26601
    -45.395        2   -87.26762
    -45.245        2   -87.26948
    -45.095        2   -87.27125
    -44.945        2   -87.27298
    -44.795        2   -87.27478
    -44.645        2   -87.27680
    -44.495        2   -87.27855
    -44.345        2   -87.28016
    -44.195        2   -87.28177
    -44.045        2   -87.28369
    -43.895        2   -87.28539
    -43.745        2   -87.28746
    -43.595        2   -87.28944
    -43.445        2   -87.29223
    -43.295        2   -87.29721
    -43.145        2   -87.30297
    -42.995        2   -87.31088
    -42.845        2   -87.32010
    -42.695        2   -87.32988
    -42.545        2   -87.34221
    -42.395        2   -87.35449
    -42.245        2   -87.36604
    -42.095        2   -87.37772
    -41.945        2   -87.39091
    -41.795        2   -87.40325
    -41.645        2   -87.41761
    -41.495        2   -87.43378
    -41.345        2   -87.45122
    -41.195        2   -87.46930
    -41.045        2   -87.48606
    -40.895        2   -87.50489
    -40.745        2   -87.52348
    -40.595        2   -87.54285
    -40.445        2   -87.56359
    -40.295        2   -87.58643
    -40.145        2   -87.60924
    -39.995        2   -87.63386
    -39.845        2   -87.65491
    -39.695        2   -87.67622
    -39.545        2   -87.70010
    -39.395        2   -87.72568
    -39.245        2   -87.75337
    -39.095        2   -87.77774
    -38.945        2   -87.80485
    -38.795        2   -87.82915
    -38.645        2   -87.85562
    -38.495        2   -87.88134
    -38.345        2   -87.91086
    -38.195        2   -87.93634
    -38.045        2   -87.96627
    -37.895        2   -87.99327
    -37.745        2   -88.02546
    -37.595        2   -88.05520
    -37.445        2   -88.08004
    -37.295        2   -88.11280
    -37.145        2   -88.13900
    -36.995        2   -88.17134
    -36.845        2   -88.19883
    -36.695        2   -88.22774
    -36.545        2   -88.25446
    -36.395        2   -88.28262
    -36.245        2   -88.31174
    -36.095        2   -88.33933
    -35.945        2   -88.37293
    -35.795        2   -88.40100
    -35.645        2   -88.43137
    -35.495        2   -88.45910
    -35.345        2   -88.48995
    -35.195        2   -88.51729
    -35.045        2   -88.54963
    -34.895        2   -88.58004
    -34.745        2   -88.61174
    -34.595        2   -88.64137
    -34.445        2   -88.66955
    -34.295        2   -88.69529
    -34.145        2   -88.72127
    -33.995        2   -88.74891
    -33.845        2   -88.77456
    -33.695        2   -88.80154
    -33.545        2   -88.82853
    -33.395        2   -88.86118
    -33.245        2   -88.88806
    -33.095        2   -88.91710
    -32.945        2   -88.94367
    -32.795        2   -88.97327
    -32.645        2   -89.00533
    -32.495        2   -89.03299
    -32.345        2   -89.06068
    -32.195        2   -89.09149
    -32.045        2   -89.11935
    -31.895        2   -89.14737
    -31.745        2   -89.17811
    -31.595        2   -89.21091
    -31.445        2   -89.24411
    -31.295        2   -89.27358
    -31.145        2   -89.30727
    -30.995        2   -89.33818
    -30.845        2   -89.36883
    -30.695        2   -89.40238
    -30.545        2   -89.42839
    -30.395        2   -89.46095
    -30.245        2   -89.49264
    -30.095        2   -89.52757
    -29.945        2   -89.55609
    -29.795        2   -89.59122
    -29.645        2   -89.62797
    -29.495        2   -89.66261
    -29.345        2   -89.69606
    -29.195        2   -89.72888
    -29.045        2   -89.76560
    -28.895        2   -89.80274
    -28.745        2   -89.84287
    -28.595        2   -89.88149
    -28.445        2   -89.94966
    -28.295        2   -90.03210
    -28.145        2   -90.12274
    -27.995        2   -90.21728
    -27.845        2   -90.31737
    -27.695        2   -90.42416
    -27.545        2   -90.53086
    -27.395        2   -90.64114
    -27.245        2   -90.75299
    -27.095        2   -90.86048
    -26.945        2   -90.97487
    -26.795        2   -91.08594
    -26.645        2   -91.19859
    -26.495        2   -91.30377
    -26.345        2   -91.41029
    -26.195        2   -91.51647
    -26.045        2   -91.62334
    -25.895        2   -91.72883
    -25.745        2   -91.83510
    -25.595        2   -91.93657
    -25.445        2   -92.03909
    -25.295        2   -92.14631
    -25.145        2   -92.24917
    -24.995        2   -92.34975
    -24.845        2   -92.45259
    -24.695        2   -92.55594
    -24.545        2   -92.65809
    -24.395        2   -92.75547
    -24.245        2   -92.85664
    -24.095        2   -92.95574
    -23.945        2   -93.05674
    -23.795        2   -93.15280
    -23.645        2   -93.25210
    -23.495        2   -93.34756
    -23.345        2   -93.44931
    -23.195        2   -93.54932
    -23.045        2   -93.65091
    -22.895        2   -93.75221
    -22.745        2   -93.85101
    -22.595        2   -93.95502
    -22.445        2   -94.05766
    -22.295        2   -94.16555
    -22.145        2   -94.27650
    -21.995        2   -94.39243
    -21.845        2   -94.51402
    -21.695        2   -94.63271
    -21.545        2   -94.75401
    -21.395        2   -94.87962
    -21.245        2   -95.00659
    -21.095        2   -95.13496
    -20.945        2   -95.26812
    -20.795        2   -95.40660
    -20.645        2   -95.54116
    -20.495        2   -95.68016
    -20.345        2   -95.81721
    -20.195        2   -95.95841
    -20.045        2   -96.10300
    -19.895        2   -96.24797
    -19.745        2   -96.39184
    -19.595        2   -96.53924
    -19.445        2   -96.67931
    -19.295        2   -96.82658
    -19.145        2   -96.97822
    -18.995        2   -97.12413
    -18.845        2   -97.26989
    -18.695        2   -97.41920
    -18.545        2   -97.56310
    -18.395        2   -97.70883
    -18.245        2   -97.85239
    -18.095        2   -98.00126
    -17.945        2   -98.14788
    -17.795        2   -98.29812
    -17.645        2   -98.44785
    -17.495        2   -98.59498
    -17.345        2   -98.73930
    -17.195        2   -98.88313
    -17.045        2   -99.03162
    -16.895        2   -99.18190
    -16.745        2   -99.33080
    -16.595        2   -99.48293
    -16.445        2   -99.63303
    -16.295        2   -99.78310
    -16.145        2   -99.93381
    -15.995        2  -100.08934
    -15.845        2  -100.24574
    -15.695        2  -100.39826
    -15.545        2  -100.55565
    -15.395        2  -100.71445
    -15.245        2  -100.87056
    -15.095        2  -101.03225
    -14.945        2  -101.19525
    -14.795        2  -101.35659
    -14.645        2  -101.52550
    -14.495        2  -101.69491
    -14.345        2  -101.87056
    -14.195        2  -102.05015
    -14.045        2  -102.23110
    -13.895        2  -102.41395
    -13.745        2  -102.60252
    -13.595        2  -102.78887
    -13.445        2  -102.97861
    -13.295        2  -103.17226
    -13.145        2  -103.36799
    -12.995        2  -103.56695
    -12.845        2  -103.77355
    -12.695        2  -103.97895
    -12.545        2  -104.18540
    -12.395        2  -104.40073
    -12.245        2  -104.62130
    -12.095        2  -104.84532
    -11.945        2  -105.07267
    -11.795        2  -105.30210
    -11.645        2  -105.53303
    -11.495        2  -105.77274
    -11.345        2  -106.01345
    -11.195        2  -106.25757
    -11.045        2  -106.51022
    -10.895        2  -106.76833
    -10.745        2  -107.03011
    -10.595        2  -107.29825
    -10.445        2  -107.57156
    -10.295        2  -107.84755
    -10.145        2  -108.13101
    -9.9950        2  -108.42200
    -9.8450        2  -108.71734
    -9.6950        2  -109.01966
    -9.5450        2  -109.32887
    -9.3950        2  -109.64472
    -9.2450        2  -109.96868
    -9.0950        2  -110.30176
    -8.9450        2  -110.64248
    -8.7950        2  -110.99556
    -8.6450        2  -111.35131
    -8.4950        2  -111.72538
    -8.3450        2  -112.10486
    -8.1950        2  -112.50125
    -8.0450        2  -112.90427
    -7.8950        2  -113.31843
    -7.7450        2  -113.74623
    -7.5950        2  -114.18585
    -7.4450        2  -114.63768
    -7.2950        2  -115.10511
    -7.1450        2  -115.58236
    -6.9950        2  -116.07426
    -6.8450        2  -116.57978
    -6.6950        2  -117.09657
    -6.5450        2  -117.62909
    -6.3950        2  -118.17787
    -6.2450        2  -118.74408
    -6.0950        2  -119.32816
    -5.9450        2  -119.92819
    -5.7950        2  -120.55136
    -5.6450        2  -121.19391
    -5.4950        2  -121.86251
    -5.3450        2  -122.54976
    -5.1950        2  -123.26626
    -5.0450        2  -124.00633
    -4.8950        2  -124.77419
    -4.7450        2  -125.57077
    -4.5950        2  -126.39820
    -4.4450        2  -127.26020
    -4.2950        2  -128.15774
    -4.1450        2  -129.09098
    -3.9950        2  -130.06850
    -3.8450        2  -131.08974
    -3.6950        2  -132.15963
    -3.5450        2  -133.28276
    -3.3950        2  -134.46453
    -3.2450        2  -135.70002
    -3.0950        2  -136.99983
    -2.9450        2  -138.36415
    -2.7950        2  -139.80231
    -2.6450        2  -141.31740
    -2.4950        2  -142.92591
    -2.3450        2  -144.63731
    -2.1950        2  -146.46880
    -2.0450        2  -148.42818
    -1.8950        2  -150.54001
    -1.7450        2  -152.81474
    -1.5950        2  -155.27885
    -1.4450        2  -157.96598
    -1.2950        2  -160.91772
    -1.1450        2  -164.16142
   -0.99500        2  -167.74239
   -0.84500        2  -171.71276
   -0.69500        2  -176.10017
   -0.54500        2  -180.93082
   -0.39500        2  -186.13485
   -0.25300        2  -189.46960
   -0.21500        2  -189.66925
   -0.20900        2  -189.86777
   -0.20300        2  -190.06481
   -0.19700        2  -190.26031
   -0.19100        2  -190.45450
   -0.18500        2  -190.64673
   -0.17900        2  -190.83695
   -0.17300        2  -191.02560
   -0.16700        2  -191.21188
   -0.16100        2  -191.39591
   -0.15500        2  -191.57725
   -0.14900        2  -191.75596
   -0.14300        2  -191.93174
   -0.13700        2  -192.10499
   -0.13100        2  -192.27476
   -0.12500        2  -192.44072
   -0.11900        2  -192.60286
   -0.11300        2  -192.76094
   -0.10700        2  -192.91459
   -0.10100        2  -193.06379
   -0.95000E-01    2  -193.20814
   -0.89000E-01    2  -193.34694
   -0.83000E-01    2  -193.48037
   -0.77000E-01    2  -193.60793
   -0.71000E-01    2  -193.72924
   -0.65000E-01    2  -193.84379
   -0.59000E-01    2  -193.95102
   -0.53000E-01    2  -194.05072
   -0.47000E-01    2  -194.14218
   -0.41000E-01    2  -194.22471
   -0.35000E-01    2  -194.29772
   -0.29000E-01    2  -194.36052
   -0.23000E-01    2  -194.41223
   -0.19700E-01    2  -194.41676
   -0.19100E-01    2  -194.42116
   -0.18500E-01    2  -194.42545
   -0.17900E-01    2  -194.42962
   -0.17300E-01    2  -194.43366
   -0.16700E-01    2  -194.43757
   -0.16100E-01    2  -194.44137
   -0.15500E-01    2  -194.44504
   -0.14900E-01    2  -194.44858
   -0.14300E-01    2  -194.45200
   -0.13700E-01    2  -194.45529
   -0.13100E-01    2  -194.45844
   -0.12500E-01    2  -194.46146
   -0.11900E-01    2  -194.46435
   -0.11300E-01    2  -194.46713
   -0.10700E-01    2  -194.46976
   -0.10100E-01    2  -194.47226
   -0.95000E-02    2  -194.47461
   -0.89000E-02    2  -194.47684
   -0.83000E-02    2  -194.47892
   -0.77000E-02    2  -194.48087
   -0.71000E-02    2  -194.48267
   -0.65000E-02    2  -194.48434
   -0.59000E-02    2  -194.48586
   -0.53000E-02    2  -194.48725
   -0.47000E-02    2  -194.48849
   -0.41000E-02    2  -194.48960
   -0.35000E-02    2  -194.49055
   -0.29000E-02    2  -194.49135
   -0.23000E-02    2  -194.49200
   -0.17000E-02    2  -194.49249
   -0.11000E-02    2  -194.49286
   -0.50000E-03    2  -194.49306
    0.10000E-03    2  -194.49311
    0.70000E-03    2  -194.49301
    0.13000E-02    2  -194.49276
    0.19000E-02    2  -194.49237
    0.25000E-02    2  -194.49180
    0.31000E-02    2  -194.49107
    0.37000E-02    2  -194.49018
    0.43000E-02    2  -194.48912
    0.49000E-02    2  -194.48792
    0.55000E-02    2  -194.48655
    0.61000E-02    2  -194.48502
    0.67000E-02    2  -194.48334
    0.73000E-02    2  -194.48149
    0.79000E-02    2  -194.47947
    0.85000E-02    2  -194.47726
    0.91000E-02    2  -194.47489
    0.97000E-02    2  -194.47235
    0.10300E-01    2  -194.46964
    0.10900E-01    2  -194.46677
    0.11500E-01    2  -194.46371
    0.12100E-01    2  -194.46049
    0.12700E-01    2  -194.45708
    0.13300E-01    2  -194.45349
    0.13900E-01    2  -194.44975
    0.14500E-01    2  -194.44581
    0.15100E-01    2  -194.44167
    0.15700E-01    2  -194.43737
    0.16300E-01    2  -194.43290
    0.16900E-01    2  -194.42820
    0.17500E-01    2  -194.42335
    0.18100E-01    2  -194.41828
    0.18700E-01    2  -194.41306
    0.19300E-01    2  -194.40760
    0.20200E-01    2  -194.38450
    0.25000E-01    2  -194.31125
    0.31000E-01    2  -194.21667
    0.37000E-01    2  -194.09930
    0.43000E-01    2  -193.95729
    0.49000E-01    2  -193.78877
    0.55000E-01    2  -193.59155
    0.61000E-01    2  -193.36359
    0.67000E-01    2  -193.10239
    0.73000E-01    2  -192.80554
    0.79000E-01    2  -192.47005
    0.85000E-01    2  -192.09250
    0.91000E-01    2  -191.67009
    0.97000E-01    2  -191.19840
    0.10300        2  -190.67208
    0.10900        2  -190.08491
    0.11500        2  -189.42989
    0.12100        2  -188.69306
    0.12700        2  -187.85999
    0.13300        2  -186.94949
    0.13900        2  -185.95589
    0.14500        2  -184.87911
    0.15100        2  -183.72837
    0.15700        2  -182.49697
    0.16300        2  -181.18066
    0.16900        2  -179.77509
    0.17500        2  -178.27314
    0.18100        2  -176.66550
    0.18700        2  -174.95033
    0.19300        2  -173.12396
    0.19900        2  -171.17496
    0.20500        2  -169.08469
    0.21100        2  -166.79281
    0.21700        2  -164.39018
    0.29500        2   -97.30348
    0.44500        2   -54.10696
    0.59500        2   -29.96352
    0.74500        2   -14.51280
    0.89500        2    -3.39676
     1.0450        2     5.20831
     1.1950        2    12.13776
     1.3450        2    17.88247
     1.4950        2    22.76684
     1.6450        2    26.99494
     1.7950        2    30.71690
     1.9450        2    34.03078
     2.0950        2    37.01236
     2.2450        2    39.71272
     2.3950        2    42.17840
     2.5450        2    44.45267
     2.6950        2    46.55536
     2.8450        2    48.51099
     2.9950        2    50.33263
     3.1450        2    52.03138
     3.2950        2    53.61879
     3.4450        2    55.10550
     3.5950        2    56.49627
     3.7450        2    57.80017
     3.8950        2    59.00522
     4.0450        2    60.12680
     4.1950        2    61.17532
     4.3450        2    62.16286
     4.4950        2    63.09363
     4.6450        2    63.97083
     4.7950        2    64.80287
     4.9450        2    65.59209
     5.0950        2    66.34262
     5.2450        2    67.05680
     5.3950        2    67.72909
     5.5450        2    68.36383
     5.6950        2    68.96541
     5.8450        2    69.53446
     5.9950        2    70.06928
     6.1450        2    70.57299
     6.2950        2    71.04577
     6.4450        2    71.49050
     6.5950        2    71.90699
     6.7450        2    72.30153
     6.8950        2    72.66632
     7.0450        2    73.00878
     7.1950        2    73.33488
     7.3450        2    73.64579
     7.4950        2    73.94200
     7.6450        2    74.21744
     7.7950        2    74.47805
     7.9450        2    74.71930
     8.0950        2    74.95103
     8.2450        2    75.16488
     8.3950        2    75.36646
     8.5450        2    75.55566
     8.6950        2    75.73023
     8.8450        2    75.88469
     8.9950        2    76.03753
     9.1450        2    76.17516
     9.2950        2    76.30549
     9.4450        2    76.42216
     9.5950        2    76.53483
     9.7450        2    76.63645
     9.8950        2    76.73118
     10.045        2    76.82818
     10.195        2    76.91501
     10.345        2    77.00380
     10.495        2    77.08591
     10.645        2    77.17422
     10.795        2    77.24942
     10.945        2    77.31852
     11.095        2    77.37789
     11.245        2    77.42951
     11.395        2    77.47721
     11.545        2    77.51613
     11.695        2    77.54756
     11.845        2    77.57458
     11.995        2    77.59957
     12.145        2    77.62040
     12.295        2    77.63941
     12.445        2    77.65606
     12.595        2    77.67005
     12.745        2    77.68456
     12.895        2    77.69667
     13.045        2    77.70670
     13.195        2    77.71601
     13.345        2    77.72511
     13.495        2    77.73577
     13.645        2    77.74534
     13.795        2    77.75525
     13.945        2    77.76420
     14.095        2    77.77248
     14.245        2    77.78063
     14.395        2    77.78788
     14.545        2    77.79561
     14.695        2    77.80253
     14.845        2    77.80983
     14.995        2    77.81631
     15.145        2    77.82259
     15.295        2    77.83030
     15.445        2    77.83585
     15.595        2    77.84246
     15.745        2    77.84928
     15.895        2    77.85460
     16.045        2    77.85995
     16.195        2    77.86516
     16.345        2    77.87112
     16.495        2    77.87626
     16.645        2    77.88198
     16.795        2    77.88633
     16.945        2    77.89171
     17.095        2    77.89654
     17.245        2    77.90127
     17.395        2    77.90635
     17.545        2    77.91115
     17.695        2    77.91689
     17.845        2    77.92116
     17.995        2    77.92587
     18.145        2    77.93074
     18.295        2    77.93522
     18.445        2    77.93940
     18.595        2    77.94319
     18.745        2    77.94772
     18.895        2    77.95152
     19.045        2    77.95569
     19.195        2    77.95950
     19.345        2    77.96289
     19.495        2    77.96719
     19.645        2    77.97111
     19.795        2    77.97538
     19.945        2    77.97875
     20.095        2    77.98226
     21.836        2    78.08997
     30.068        2    78.22662
     42.097        2    78.35180
     58.937        2    78.47168
     82.515        2    78.58412
     115.53        2    78.69477
     161.74        2    78.80473
     226.45        2    78.91178
     317.04        2    79.01291
     443.87        2    79.11782
     621.44        2    79.22107
     870.05        2    79.32263
     1218.1        2    79.41417
     1705.4        2    79.50918
     2387.7        2    79.59942
     3342.9        2    79.69148
     4680.2        2    79.77838
     6552.5        2    79.85648
     9173.8        2    79.93745
     12844.        2    80.01244
     17982.        2    80.08350
     25176.        2    80.15244
     35247.        2    80.21588
     49348.        2    80.27286
     69090.        2    80.32916
     96729.        2    80.38217
    0.13543E+06    2    80.43183
    0.18960E+06    2    80.48098
    0.26545E+06    2    80.52189
    0.37165E+06    2    80.56339
    0.52033E+06    2    80.59978
    0.72849E+06    2    80.63291
    0.10199E+07    2    80.66568
    0.14279E+07    2    80.69768
    0.19992E+07    2    80.72415
    0.27990E+07    2    80.74991
    0.39187E+07    2    80.77369
    0.54864E+07    2    80.79584
    0.76812E+07    2    80.81475
    0.10754E+08    2    80.83546
    0.15056E+08    2    80.85586
    0.21080E+08    2    80.87339
    0.29513E+08    2    80.88766
    0.41319E+08    2    80.90378
    0.57849E+08    2    80.91786
    0.80991E+08    2    80.93111
    0.11339E+09    2    80.94265
    0.15875E+09    2    80.95117
    0.22226E+09    2    80.95957
    0.31118E+09    2    80.96688
    0.43567E+09    2    80.97549
    0.60996E+09    2    80.98089
    0.85398E+09    2    80.98595
    0.11956E+10    2    80.99183
    0.16739E+10    2    80.99664
    0.23436E+10    2    81.00038
    0.32811E+10    2    81.00469
    0.45937E+10    2    81.00867
    0.64315E+10    2    81.01266
    0.90044E+10    2    81.01504
    0.12607E+11    2    81.01833
    0.17650E+11    2    81.02115
    0.24711E+11    2    81.02361
    0.34596E+11    2    81.02567
    0.48437E+11    2    81.02771
    0.67814E+11    2    81.02958
    0.10000E+12    2    81.05061
    -29.945        3     0.00000
    -29.795        3     0.00000
    -29.645        3     0.00000
    -29.495        3     0.00000
    -29.345        3     0.00000
    -29.195        3     0.00000
    -29.045        3     0.00000
    -28.895        3     0.00000
    -28.745        3     0.00000
    -28.595        3     0.00000
    -28.445        3     0.00000
    -28.295        3     0.00000
    -28.145        3     0.00000
    -27.995        3     0.00000
    -27.845        3     0.00000
    -27.695        3     0.00000
    -27.545        3     0.00000
    -27.395        3     0.00000
    -27.245        3     0.00000
    -27.095        3     0.00000
    -26.945        3     0.00000
    -26.795        3     0.00000
    -26.645        3     0.00000
    -26.495        3     0.00000
    -26.345        3     0.00000
    -26.195        3     0.00000
    -26.045        3     0.00000
    -25.895        3     0.00000
    -25.745        3     0.00000
    -25.595        3     0.00000
    -25.445        3     0.00000
    -25.295        3     0.00000
    -25.145        3     0.00000
    -24.995        3     0.00000
    -24.845        3     0.00000
    -24.695        3     0.00000
    -24.545        3     0.00000
    -24.395        3     0.00000
    -24.245        3     0.00000
    -24.095        3     0.00000
    -23.945        3     0.00000
    -23.795        3     0.00000
    -23.645        3     0.00000
    -23.495        3     0.00000
    -23.345        3     0.00000
    -23.195        3     0.00000
    -23.045        3     0.00000
    -22.895        3     0.00000
    -22.745        3     0.00000
    -22.595        3     0.00000
    -22.445        3     0.00000
    -22.295        3     0.00000
    -22.145        3     0.00000
    -21.995        3     0.00000
    -21.845        3     0.00000
    -21.695        3     0.00000
    -21.545        3     0.00000
    -21.395        3     0.00000
    -21.245        3     0.00000
    -21.095        3     0.00000
    -20.945        3     0.00000
    -20.795        3     0.00000
    -20.645        3     0.00000
    -20.495        3     0.00000
    -20.345        3     0.00000
    -20.195        3     0.00000
    -20.045        3     0.00000
    -19.895        3     0.00000
    -19.745        3     0.00000
    -19.595        3     0.00000
    -19.445        3     0.00000
    -19.295        3     0.00000
    -19.145        3     0.00000
    -18.995        3     0.00000
    -18.845        3     0.00000
    -18.695        3     0.00000
    -18.545        3     0.00000
    -18.395        3     0.00000
    -18.245        3     0.00000
    -18.095        3     0.00000
    -17.945        3    -0.00083
    -17.795        3    -0.01225
    -17.645        3    -0.05320
    -17.495        3    -0.14356
    -17.345        3    -0.29923
    -17.195        3    -0.50881
    -17.045        3    -0.77874
    -16.895        3    -1.08573
    -16.745        3    -1.43255
    -16.595        3    -1.79796
    -16.445        3    -2.18850
    -16.295        3    -2.61323
    -16.145        3    -3.07346
    -15.995        3    -3.57976
    -15.845        3    -4.12085
    -15.695        3    -4.70499
    -15.545        3    -5.35357
    -15.395        3    -6.08597
    -15.245        3    -6.85828
    -15.095        3    -7.67115
    -14.945        3    -8.50027
    -14.795        3    -9.32163
    -14.645        3   -10.12173
    -14.495        3   -10.89582
    -14.345        3   -11.62810
    -14.195        3   -12.32130
    -14.045        3   -12.98575
    -13.895        3   -13.62884
    -13.745        3   -14.25348
    -13.595        3   -14.85254
    -13.445        3   -15.43193
    -13.295        3   -15.97565
    -13.145        3   -16.49007
    -12.995        3   -16.97401
    -12.845        3   -17.42497
    -12.695        3   -17.84098
    -12.545        3   -18.24262
    -12.395        3   -18.64823
    -12.245        3   -19.07319
    -12.095        3   -19.52001
    -11.945        3   -19.99924
    -11.795        3   -20.50709
    -11.645        3   -21.02271
    -11.495        3   -21.54434
    -11.345        3   -22.05872
    -11.195        3   -22.56224
    -11.045        3   -23.05785
    -10.895        3   -23.53377
    -10.745        3   -23.99799
    -10.595        3   -24.44255
    -10.445        3   -24.87563
    -10.295        3   -25.29394
    -10.145        3   -25.70240
    -9.9950        3   -26.10082
    -9.8450        3   -26.49582
    -9.6950        3   -26.88775
    -9.5450        3   -27.28488
    -9.3950        3   -27.68789
    -9.2450        3   -28.09783
    -9.0950        3   -28.52136
    -8.9450        3   -28.95751
    -8.7950        3   -29.40950
    -8.6450        3   -29.88446
    -8.4950        3   -30.38700
    -8.3450        3   -30.92603
    -8.1950        3   -31.50931
    -8.0450        3   -32.15359
    -7.8950        3   -32.86018
    -7.7450        3   -33.65254
    -7.5950        3   -34.54709
    -7.4450        3   -35.53717
    -7.2950        3   -36.62885
    -7.1450        3   -37.80391
    -6.9950        3   -39.06997
    -6.8450        3   -40.40359
    -6.6950        3   -41.80448
    -6.5450        3   -43.24383
    -6.3950        3   -44.72584
    -6.2450        3   -46.24367
    -6.0950        3   -47.80675
    -5.9450        3   -49.40662
    -5.7950        3   -51.06776
    -5.6450        3   -52.78550
    -5.4950        3   -54.53914
    -5.3450        3   -56.33137
    -5.1950        3   -58.13897
    -5.0450        3   -59.96037
    -4.8950        3   -61.78249
    -4.7450        3   -63.59447
    -4.5950        3   -65.39330
    -4.4450        3   -67.17585
    -4.2950        3   -68.94407
    -4.1450        3   -70.71112
    -3.9950        3   -72.47733
    -3.8450        3   -74.25800
    -3.6950        3   -76.06202
    -3.5450        3   -77.90476
    -3.3950        3   -79.80324
    -3.2450        3   -81.78211
    -3.0950        3   -83.86307
    -2.9450        3   -86.07370
    -2.7950        3   -88.45779
    -2.6450        3   -91.05852
    -2.4950        3   -93.93857
    -2.3450        3   -97.17094
    -2.1950        3  -100.80496
    -2.0450        3  -104.88160
    -1.8950        3  -109.43678
    -1.7450        3  -114.54397
    -1.5950        3  -120.26595
    -1.4450        3  -126.60632
    -1.2950        3  -133.52104
    -1.1450        3  -140.92833
   -0.99500        3  -148.76127
   -0.84500        3  -156.98200
   -0.69500        3  -165.67730
   -0.54500        3  -175.17311
   -0.39500        3  -186.28457
   -0.25300        3  -195.07222
   -0.21500        3  -195.68542
   -0.20900        3  -196.30928
   -0.20300        3  -196.94443
   -0.19700        3  -197.59217
   -0.19100        3  -198.25222
   -0.18500        3  -198.92737
   -0.17900        3  -199.61702
   -0.17300        3  -200.32127
   -0.16700        3  -201.04269
   -0.16100        3  -201.78229
   -0.15500        3  -202.54193
   -0.14900        3  -203.32211
   -0.14300        3  -204.12433
   -0.13700        3  -204.95221
   -0.13100        3  -205.80609
   -0.12500        3  -206.68960
   -0.11900        3  -207.60559
   -0.11300        3  -208.55775
   -0.10700        3  -209.55030
   -0.10100        3  -210.58764
   -0.95000E-01    3  -211.67614
   -0.89000E-01    3  -212.82149
   -0.83000E-01    3  -214.03211
   -0.77000E-01    3  -215.31852
   -0.71000E-01    3  -216.69453
   -0.65000E-01    3  -218.17654
   -0.59000E-01    3  -219.78741
   -0.53000E-01    3  -221.55700
   -0.47000E-01    3  -223.52708
   -0.41000E-01    3  -225.76025
   -0.35000E-01    3  -228.35708
   -0.29000E-01    3  -231.50094
   -0.23000E-01    3  -235.53302
   -0.19700E-01    3  -236.00013
   -0.19100E-01    3  -236.48190
   -0.18500E-01    3  -236.97842
   -0.17900E-01    3  -237.48983
   -0.17300E-01    3  -238.01662
   -0.16700E-01    3  -238.55906
   -0.16100E-01    3  -239.11746
   -0.15500E-01    3  -239.69235
   -0.14900E-01    3  -240.28361
   -0.14300E-01    3  -240.89199
   -0.13700E-01    3  -241.51795
   -0.13100E-01    3  -242.16193
   -0.12500E-01    3  -242.82410
   -0.11900E-01    3  -243.50520
   -0.11300E-01    3  -244.20581
   -0.10700E-01    3  -244.92686
   -0.10100E-01    3  -245.66943
   -0.95000E-02    3  -246.43479
   -0.89000E-02    3  -247.22491
   -0.83000E-02    3  -248.04255
   -0.77000E-02    3  -248.89087
   -0.71000E-02    3  -249.77394
   -0.65000E-02    3  -250.68968
   -0.59000E-02    3  -251.63249
   -0.53000E-02    3  -252.59441
   -0.47000E-02    3  -253.56427
   -0.41000E-02    3  -254.52546
   -0.35000E-02    3  -255.44698
   -0.29000E-02    3  -256.28644
   -0.23000E-02    3  -257.00231
   -0.17000E-02    3  -257.55906
   -0.11000E-02    3  -257.93200
   -0.50000E-03    3  -258.10515
    0.10000E-03    3  -258.07032
    0.70000E-03    3  -257.82925
    0.13000E-02    3  -257.39283
    0.19000E-02    3  -256.77950
    0.25000E-02    3  -256.01792
    0.31000E-02    3  -255.14606
    0.37000E-02    3  -254.20696
    0.43000E-02    3  -253.24088
    0.49000E-02    3  -252.27448
    0.55000E-02    3  -251.32057
    0.61000E-02    3  -250.38820
    0.67000E-02    3  -249.48458
    0.73000E-02    3  -248.61482
    0.79000E-02    3  -247.77819
    0.85000E-02    3  -246.97025
    0.91000E-02    3  -246.18841
    0.97000E-02    3  -245.43054
    0.10300E-01    3  -244.69505
    0.10900E-01    3  -243.98053
    0.11500E-01    3  -243.28610
    0.12100E-01    3  -242.61114
    0.12700E-01    3  -241.95510
    0.13300E-01    3  -241.31727
    0.13900E-01    3  -240.69722
    0.14500E-01    3  -240.09458
    0.15100E-01    3  -239.50920
    0.15700E-01    3  -238.94052
    0.16300E-01    3  -238.38807
    0.16900E-01    3  -237.85158
    0.17500E-01    3  -237.33039
    0.18100E-01    3  -236.82470
    0.18700E-01    3  -236.33418
    0.19300E-01    3  -235.85811
    0.20200E-01    3  -234.14248
    0.25000E-01    3  -230.47792
    0.31000E-01    3  -227.56376
    0.37000E-01    3  -225.12466
    0.43000E-01    3  -223.01229
    0.49000E-01    3  -221.14433
    0.55000E-01    3  -219.46679
    0.61000E-01    3  -217.94209
    0.67000E-01    3  -216.54304
    0.73000E-01    3  -215.24912
    0.79000E-01    3  -214.04405
    0.85000E-01    3  -212.91565
    0.91000E-01    3  -211.85363
    0.97000E-01    3  -210.85136
    0.10300        3  -209.90126
    0.10900        3  -208.99834
    0.11500        3  -208.13831
    0.12100        3  -207.31709
    0.12700        3  -206.53141
    0.13300        3  -205.77806
    0.13900        3  -205.05552
    0.14500        3  -204.36073
    0.15100        3  -203.69168
    0.15700        3  -203.04664
    0.16300        3  -202.42402
    0.16900        3  -201.82158
    0.17500        3  -201.23861
    0.18100        3  -200.67355
    0.18700        3  -200.12572
    0.19300        3  -199.59429
    0.19900        3  -199.07827
    0.20500        3  -198.57641
    0.21100        3  -198.08841
    0.21700        3  -197.61374
    0.29500        3  -188.30880
    0.44500        3  -182.47432
    0.59500        3  -178.29393
    0.74500        3  -175.06035
    0.89500        3  -172.39685
     1.0450        3  -170.09059
     1.1950        3  -168.03371
     1.3450        3  -166.14981
     1.4950        3  -164.40049
     1.6450        3  -162.75673
     1.7950        3  -161.20030
     1.9450        3  -159.71726
     2.0950        3  -158.29823
     2.2450        3  -156.93633
     2.3950        3  -155.62411
     2.5450        3  -154.35979
     2.6950        3  -153.13805
     2.8450        3  -151.95524
     2.9950        3  -150.81102
     3.1450        3  -149.70991
     3.2950        3  -148.65031
     3.4450        3  -147.61976
     3.5950        3  -146.62621
     3.7450        3  -145.65553
     3.8950        3  -144.70379
     4.0450        3  -143.76361
     4.1950        3  -142.83376
     4.3450        3  -141.89690
     4.4950        3  -140.96208
     4.6450        3  -140.02084
     4.7950        3  -139.05780
     4.9450        3  -138.07297
     5.0950        3  -137.06783
     5.2450        3  -136.03768
     5.3950        3  -134.98515
     5.5450        3  -133.90488
     5.6950        3  -132.80428
     5.8450        3  -131.69643
     5.9950        3  -130.57595
     6.1450        3  -129.45467
     6.2950        3  -128.32754
     6.4450        3  -127.20436
     6.5950        3  -126.08588
     6.7450        3  -124.98058
     6.8950        3  -123.88527
     7.0450        3  -122.80407
     7.1950        3  -121.74131
     7.3450        3  -120.70035
     7.4950        3  -119.68367
     7.6450        3  -118.69305
     7.7950        3  -117.74828
     7.9450        3  -116.84367
     8.0950        3  -115.99146
     8.2450        3  -115.19781
     8.3950        3  -114.45455
     8.5450        3  -113.78392
     8.6950        3  -113.17595
     8.8450        3  -112.63256
     8.9950        3  -112.15009
     9.1450        3  -111.71819
     9.2950        3  -111.33299
     9.4450        3  -110.99397
     9.5950        3  -110.69006
     9.7450        3  -110.42406
     9.8950        3  -110.17836
     10.045        3  -109.95068
     10.195        3  -109.73780
     10.345        3  -109.54316
     10.495        3  -109.35798
     10.645        3  -109.18005
     10.795        3  -109.01066
     10.945        3  -108.84185
     11.095        3  -108.68323
     11.245        3  -108.52677
     11.395        3  -108.37394
     11.545        3  -108.22484
     11.695        3  -108.07911
     11.845        3  -107.93405
     11.995        3  -107.79167
     12.145        3  -107.65402
     12.295        3  -107.51745
     12.445        3  -107.38275
     12.595        3  -107.24920
     12.745        3  -107.11639
     12.895        3  -106.98668
     13.045        3  -106.85885
     13.195        3  -106.73142
     13.345        3  -106.60601
     13.495        3  -106.48196
     13.645        3  -106.35861
     13.795        3  -106.23651
     13.945        3  -106.11599
     14.095        3  -105.99659
     14.245        3  -105.87886
     14.395        3  -105.76154
     14.545        3  -105.64593
     14.695        3  -105.53151
     14.845        3  -105.41826
     14.995        3  -105.30576
     15.145        3  -105.19481
     15.295        3  -105.08412
     15.445        3  -104.97466
     15.595        3  -104.86623
     15.745        3  -104.75920
     15.895        3  -104.65269
     16.045        3  -104.54767
     16.195        3  -104.44274
     16.345        3  -104.33897
     16.495        3  -104.23661
     16.645        3  -104.13551
     16.795        3  -104.03488
     16.945        3  -103.93439
     17.095        3  -103.83542
     17.245        3  -103.73593
     17.395        3  -103.63825
     17.545        3  -103.54078
     17.695        3  -103.44453
     17.845        3  -103.34978
     17.995        3  -103.25528
     18.145        3  -103.16187
     18.295        3  -103.06840
     18.445        3  -102.97668
     18.595        3  -102.88498
     18.745        3  -102.79413
     18.895        3  -102.70353
     19.045        3  -102.61362
     19.195        3  -102.52407
     19.345        3  -102.43536
     19.495        3  -102.34869
     19.645        3  -102.26164
     19.795        3  -102.17468
     19.945        3  -102.08871
     20.095        3  -102.00368
     21.836        3   -99.39141
     30.068        3   -95.45448
     42.097        3   -91.44174
     58.937        3   -87.37854
     82.515        3   -83.28250
     115.53        3   -79.16277
     161.74        3   -75.02280
     226.45        3   -70.83281
     317.04        3   -66.64107
     443.87        3   -62.44953
     621.44        3   -58.26175
     870.05        3   -54.08152
     1218.1        3   -49.93124
     1705.4        3   -45.85147
     2387.7        3   -41.87350
     3342.9        3   -37.98874
     4680.2        3   -34.20734
     6552.5        3   -30.52101
     9173.8        3   -26.94662
     12844.        3   -23.48048
     17982.        3   -20.11850
     25176.        3   -16.86116
     35247.        3   -13.73145
     49348.        3   -10.72988
     69090.        3    -7.85861
     96729.        3    -5.11916
    0.13543E+06    3    -2.51248
    0.18960E+06    3    -0.02700
    0.26545E+06    3     2.33895
    0.37165E+06    3     4.59108
    0.52033E+06    3     6.73496
    0.72849E+06    3     8.77348
    0.10199E+07    3    10.71175
    0.14279E+07    3    12.55479
    0.19992E+07    3    14.30625
    0.27990E+07    3    15.97102
    0.39187E+07    3    17.55123
    0.54864E+07    3    19.05434
    0.76812E+07    3    20.48523
    0.10754E+08    3    21.84484
    0.15056E+08    3    23.13554
    0.21080E+08    3    24.36176
    0.29513E+08    3    25.52394
    0.41319E+08    3    26.62061
    0.57849E+08    3    27.64360
    0.80991E+08    3    28.59091
    0.11339E+09    3    29.46983
    0.15875E+09    3    30.28976
    0.22226E+09    3    31.05465
    0.31118E+09    3    31.76946
    0.43567E+09    3    32.43711
    0.60996E+09    3    33.04800
    0.85398E+09    3    33.60054
    0.11956E+10    3    34.10715
    0.16739E+10    3    34.57111
    0.23436E+10    3    34.99665
    0.32811E+10    3    35.38767
    0.45937E+10    3    35.74725
    0.64315E+10    3    36.07882
    0.90044E+10    3    36.38320
    0.12607E+11    3    36.66298
    0.17650E+11    3    36.91993
    0.24711E+11    3    37.15679
    0.34596E+11    3    37.37456
    0.48437E+11    3    37.57422
    0.67814E+11    3    37.75806
    0.10000E+12    3    39.85317
