    -29.945        1     0.00000
    -29.795        1     0.00000
    -29.645        1     0.00000
    -29.495        1     0.00000
    -29.345        1     0.00000
    -29.195        1     0.00000
    -29.045        1     0.00000
    -28.895        1     0.00000
    -28.745        1     0.00000
    -28.595        1     0.00000
    -28.445        1     0.00000
    -28.295        1     0.00000
    -28.145        1     0.00000
    -27.995        1     0.00000
    -27.845        1     0.00000
    -27.695        1     0.00000
    -27.545        1     0.00000
    -27.395        1     0.00000
    -27.245        1     0.00000
    -27.095        1     0.00000
    -26.945        1     0.00000
    -26.795        1     0.00000
    -26.645        1     0.00000
    -26.495        1     0.00000
    -26.345        1     0.00000
    -26.195        1     0.00000
    -26.045        1     0.00000
    -25.895        1     0.00000
    -25.745        1     0.00000
    -25.595        1     0.00000
    -25.445        1     0.00000
    -25.295        1     0.00000
    -25.145        1     0.00000
    -24.995        1     0.00000
    -24.845        1     0.00000
    -24.695        1     0.00000
    -24.545        1     0.00000
    -24.395        1     0.00000
    -24.245        1     0.00000
    -24.095        1     0.00000
    -23.945        1     0.00000
    -23.795        1     0.00000
    -23.645        1     0.00000
    -23.495        1     0.00000
    -23.345        1     0.00000
    -23.195        1     0.00000
    -23.045        1     0.00000
    -22.895        1     0.00000
    -22.745        1     0.00000
    -22.595        1     0.00000
    -22.445        1     0.00000
    -22.295        1     0.00000
    -22.145        1     0.00000
    -21.995        1     0.00000
    -21.845        1     0.00000
    -21.695        1     0.00000
    -21.545        1     0.00000
    -21.395        1     0.00000
    -21.245        1     0.00000
    -21.095        1     0.00000
    -20.945        1     0.00000
    -20.795        1     0.00000
    -20.645        1     0.00000
    -20.495        1     0.00000
    -20.345        1     0.00000
    -20.195        1     0.00000
    -20.045        1     0.00000
    -19.895        1     0.00000
    -19.745        1     0.00000
    -19.595        1     0.00000
    -19.445        1     0.00000
    -19.295        1     0.00000
    -19.145        1     0.00000
    -18.995        1     0.00000
    -18.845        1     0.00000
    -18.695        1     0.00000
    -18.545        1     0.00000
    -18.395        1     0.00000
    -18.245        1     0.00000
    -18.095        1     0.00000
    -17.945        1     0.00000
    -17.795        1     0.00000
    -17.645        1     0.00000
    -17.495        1     0.00000
    -17.345        1     0.00000
    -17.195        1     0.00000
    -17.045        1     0.00000
    -16.895        1     0.00000
    -16.745        1     0.00000
    -16.595        1     0.00000
    -16.445        1     0.00000
    -16.295        1     0.00000
    -16.145        1     0.00000
    -15.995        1     0.00000
    -15.845        1     0.00000
    -15.695        1     0.00000
    -15.545        1     0.00000
    -15.395        1     0.00000
    -15.245        1     0.00000
    -15.095        1     0.00000
    -14.945        1     0.00000
    -14.795        1     0.00000
    -14.645        1     0.00000
    -14.495        1     0.00000
    -14.345        1     0.00000
    -14.195        1     0.00000
    -14.045        1     0.00000
    -13.895        1     0.00000
    -13.745        1     0.00000
    -13.595        1     0.00000
    -13.445        1     0.00000
    -13.295        1     0.00000
    -13.145        1     0.00000
    -12.995        1     0.00000
    -12.845        1     0.00000
    -12.695        1     0.00000
    -12.545        1     0.00000
    -12.395        1     0.00000
    -12.245        1     0.00000
    -12.095        1     0.00000
    -11.945        1     0.00000
    -11.795        1     0.00000
    -11.645        1     0.00000
    -11.495        1     0.00000
    -11.345        1     0.00000
    -11.195        1     0.00000
    -11.045        1     0.00000
    -10.895        1     0.00000
    -10.745        1     0.00000
    -10.595        1     0.00000
    -10.445        1     0.00000
    -10.295        1     0.00000
    -10.145        1     0.00000
    -9.9950        1     0.00000
    -9.8450        1     0.00000
    -9.6950        1     0.00000
    -9.5450        1     0.00000
    -9.3950        1     0.00000
    -9.2450        1     0.00000
    -9.0950        1     0.00000
    -8.9450        1    -0.00049
    -8.7950        1    -0.01249
    -8.6450        1    -0.04785
    -8.4950        1    -0.10138
    -8.3450        1    -0.16694
    -8.1950        1    -0.24736
    -8.0450        1    -0.33980
    -7.8950        1    -0.44100
    -7.7450        1    -0.55193
    -7.5950        1    -0.67769
    -7.4450        1    -0.81454
    -7.2950        1    -0.96861
    -7.1450        1    -1.14434
    -6.9950        1    -1.33974
    -6.8450        1    -1.55803
    -6.6950        1    -1.79525
    -6.5450        1    -2.05255
    -6.3950        1    -2.33837
    -6.2450        1    -2.63893
    -6.0950        1    -2.94857
    -5.9450        1    -3.26894
    -5.7950        1    -3.59834
    -5.6450        1    -3.94912
    -5.4950        1    -4.33488
    -5.3450        1    -4.75403
    -5.1950        1    -5.19469
    -5.0450        1    -5.65270
    -4.8950        1    -6.13543
    -4.7450        1    -6.64617
    -4.5950        1    -7.18688
    -4.4450        1    -7.75543
    -4.2950        1    -8.34902
    -4.1450        1    -8.97807
    -3.9950        1    -9.65160
    -3.8450        1   -10.36389
    -3.6950        1   -11.11732
    -3.5450        1   -11.94138
    -3.3950        1   -12.84337
    -3.2450        1   -13.78971
    -3.0950        1   -14.78401
    -2.9450        1   -15.82944
    -2.7950        1   -16.93693
    -2.6450        1   -18.12074
    -2.4950        1   -19.39836
    -2.3450        1   -20.78146
    -2.1950        1   -22.28402
    -2.0450        1   -23.93282
    -1.8950        1   -25.76628
    -1.7450        1   -27.83334
    -1.5950        1   -30.21123
    -1.4450        1   -33.03648
    -1.2950        1   -36.51783
    -1.1450        1   -41.04734
   -0.99500        1   -47.29220
   -0.84500        1   -56.74908
   -0.69500        1   -72.52576
   -0.54500        1  -101.77667
   -0.39500        1  -194.90493
   -0.25300        1  -255.98402
   -0.21500        1  -257.99003
   -0.20900        1  -259.82585
   -0.20300        1  -261.50520
   -0.19700        1  -263.03000
   -0.19100        1  -264.39121
   -0.18500        1  -265.62246
   -0.17900        1  -266.73786
   -0.17300        1  -267.75000
   -0.16700        1  -268.66874
   -0.16100        1  -269.50432
   -0.15500        1  -270.26504
   -0.14900        1  -270.95625
   -0.14300        1  -271.58344
   -0.13700        1  -272.15131
   -0.13100        1  -272.66511
   -0.12500        1  -273.12912
   -0.11900        1  -273.53191
   -0.11300        1  -273.88579
   -0.10700        1  -274.19909
   -0.10100        1  -274.47655
   -0.95000E-01    1  -274.72244
   -0.89000E-01    1  -274.93980
   -0.83000E-01    1  -275.13130
   -0.77000E-01    1  -275.29943
   -0.71000E-01    1  -275.44660
   -0.65000E-01    1  -275.57473
   -0.59000E-01    1  -275.68562
   -0.53000E-01    1  -275.78046
   -0.47000E-01    1  -275.86075
   -0.41000E-01    1  -275.92784
   -0.35000E-01    1  -275.98257
   -0.29000E-01    1  -276.02607
   -0.23000E-01    1  -276.05915
   -0.19700E-01    1  -276.06192
   -0.19100E-01    1  -276.06459
   -0.18500E-01    1  -276.06717
   -0.17900E-01    1  -276.06965
   -0.17300E-01    1  -276.07205
   -0.16700E-01    1  -276.07436
   -0.16100E-01    1  -276.07656
   -0.15500E-01    1  -276.07868
   -0.14900E-01    1  -276.08071
   -0.14300E-01    1  -276.08266
   -0.13700E-01    1  -276.08451
   -0.13100E-01    1  -276.08627
   -0.12500E-01    1  -276.08795
   -0.11900E-01    1  -276.08953
   -0.11300E-01    1  -276.09103
   -0.10700E-01    1  -276.09244
   -0.10100E-01    1  -276.09378
   -0.95000E-02    1  -276.09503
   -0.89000E-02    1  -276.09619
   -0.83000E-02    1  -276.09727
   -0.77000E-02    1  -276.09827
   -0.71000E-02    1  -276.09919
   -0.65000E-02    1  -276.10003
   -0.59000E-02    1  -276.10079
   -0.53000E-02    1  -276.10147
   -0.47000E-02    1  -276.10207
   -0.41000E-02    1  -276.10259
   -0.35000E-02    1  -276.10303
   -0.29000E-02    1  -276.10339
   -0.23000E-02    1  -276.10368
   -0.17000E-02    1  -276.10389
   -0.11000E-02    1  -276.10403
   -0.50000E-03    1  -276.10409
    0.10000E-03    1  -276.10408
    0.70000E-03    1  -276.10400
    0.13000E-02    1  -276.10384
    0.19000E-02    1  -276.10360
    0.25000E-02    1  -276.10330
    0.31000E-02    1  -276.10292
    0.37000E-02    1  -276.10248
    0.43000E-02    1  -276.10196
    0.49000E-02    1  -276.10137
    0.55000E-02    1  -276.10071
    0.61000E-02    1  -276.09999
    0.67000E-02    1  -276.09919
    0.73000E-02    1  -276.09833
    0.79000E-02    1  -276.09740
    0.85000E-02    1  -276.09640
    0.91000E-02    1  -276.09533
    0.97000E-02    1  -276.09420
    0.10300E-01    1  -276.09301
    0.10900E-01    1  -276.09175
    0.11500E-01    1  -276.09042
    0.12100E-01    1  -276.08902
    0.12700E-01    1  -276.08757
    0.13300E-01    1  -276.08606
    0.13900E-01    1  -276.08447
    0.14500E-01    1  -276.08283
    0.15100E-01    1  -276.08113
    0.15700E-01    1  -276.07936
    0.16300E-01    1  -276.07752
    0.16900E-01    1  -276.07564
    0.17500E-01    1  -276.07370
    0.18100E-01    1  -276.07170
    0.18700E-01    1  -276.06963
    0.19300E-01    1  -276.06750
    0.20200E-01    1  -276.05868
    0.25000E-01    1  -276.03209
    0.31000E-01    1  -276.00027
    0.37000E-01    1  -275.96364
    0.43000E-01    1  -275.92246
    0.49000E-01    1  -275.87713
    0.55000E-01    1  -275.82799
    0.61000E-01    1  -275.77525
    0.67000E-01    1  -275.71919
    0.73000E-01    1  -275.66015
    0.79000E-01    1  -275.59818
    0.85000E-01    1  -275.53365
    0.91000E-01    1  -275.46659
    0.97000E-01    1  -275.39723
    0.10300        1  -275.32589
    0.10900        1  -275.25248
    0.11500        1  -275.17730
    0.12100        1  -275.10050
    0.12700        1  -275.02201
    0.13300        1  -274.94214
    0.13900        1  -274.86098
    0.14500        1  -274.77851
    0.15100        1  -274.69494
    0.15700        1  -274.61017
    0.16300        1  -274.52452
    0.16900        1  -274.43815
    0.17500        1  -274.35077
    0.18100        1  -274.26281
    0.18700        1  -274.17396
    0.19300        1  -274.08463
    0.19900        1  -273.99497
    0.20500        1  -273.90438
    0.21100        1  -273.81336
    0.21700        1  -273.72217
    0.29500        1  -271.36621
    0.44500        1  -269.16133
    0.59500        1  -267.16902
    0.74500        1  -265.37807
    0.89500        1  -263.76064
     1.0450        1  -262.29488
     1.1950        1  -260.95816
     1.3450        1  -259.73122
     1.4950        1  -258.59675
     1.6450        1  -257.54313
     1.7950        1  -256.56461
     1.9450        1  -255.65307
     2.0950        1  -254.79737
     2.2450        1  -253.98933
     2.3950        1  -253.22605
     2.5450        1  -252.50141
     2.6950        1  -251.81149
     2.8450        1  -251.14937
     2.9950        1  -250.51707
     3.1450        1  -249.90944
     3.2950        1  -249.32431
     3.4450        1  -248.76114
     3.5950        1  -248.21757
     3.7450        1  -247.69200
     3.8950        1  -247.18274
     4.0450        1  -246.68882
     4.1950        1  -246.20978
     4.3450        1  -245.74598
     4.4950        1  -245.29409
     4.6450        1  -244.85513
     4.7950        1  -244.42797
     4.9450        1  -244.01139
     5.0950        1  -243.60449
     5.2450        1  -243.20931
     5.3950        1  -242.82263
     5.5450        1  -242.44449
     5.6950        1  -242.07498
     5.8450        1  -241.71427
     5.9950        1  -241.36179
     6.1450        1  -241.01551
     6.2950        1  -240.67636
     6.4450        1  -240.34335
     6.5950        1  -240.01898
     6.7450        1  -239.70055
     6.8950        1  -239.38779
     7.0450        1  -239.08038
     7.1950        1  -238.77990
     7.3450        1  -238.48324
     7.4950        1  -238.19102
     7.6450        1  -237.90410
     7.7950        1  -237.62150
     7.9450        1  -237.34305
     8.0950        1  -237.07041
     8.2450        1  -236.79950
     8.3950        1  -236.53381
     8.5450        1  -236.26999
     8.6950        1  -236.00989
     8.8450        1  -235.75422
     8.9950        1  -235.50351
     9.1450        1  -235.25508
     9.2950        1  -235.00759
     9.4450        1  -234.76479
     9.5950        1  -234.52434
     9.7450        1  -234.28486
     9.8950        1  -234.05140
     10.045        1  -233.82113
     10.195        1  -233.59379
     10.345        1  -233.36819
     10.495        1  -233.14828
     10.645        1  -232.92929
     10.795        1  -232.71217
     10.945        1  -232.49973
     11.095        1  -232.29138
     11.245        1  -232.08253
     11.395        1  -231.87640
     11.545        1  -231.67207
     11.695        1  -231.46968
     11.845        1  -231.27066
     11.995        1  -231.07345
     12.145        1  -230.87945
     12.295        1  -230.68508
     12.445        1  -230.49279
     12.595        1  -230.30234
     12.745        1  -230.11416
     12.895        1  -229.92908
     13.045        1  -229.74152
     13.195        1  -229.55816
     13.345        1  -229.37729
     13.495        1  -229.19716
     13.645        1  -229.02143
     13.795        1  -228.84891
     13.945        1  -228.67728
     14.095        1  -228.50681
     14.245        1  -228.34031
     14.395        1  -228.17617
     14.545        1  -228.01773
     14.695        1  -227.85983
     14.845        1  -227.70747
     14.995        1  -227.55696
     15.145        1  -227.41324
     15.295        1  -227.26892
     15.445        1  -227.13105
     15.595        1  -226.99965
     15.745        1  -226.86850
     15.895        1  -226.74855
     16.045        1  -226.62810
     16.195        1  -226.51708
     16.345        1  -226.40700
     16.495        1  -226.30116
     16.645        1  -226.20231
     16.795        1  -226.09905
     16.945        1  -225.99962
     17.095        1  -225.90945
     17.245        1  -225.82070
     17.395        1  -225.73239
     17.545        1  -225.64473
     17.695        1  -225.56109
     17.845        1  -225.47921
     17.995        1  -225.40254
     18.145        1  -225.32332
     18.295        1  -225.24797
     18.445        1  -225.17814
     18.595        1  -225.10894
     18.745        1  -225.04464
     18.895        1  -224.97831
     19.045        1  -224.91822
     19.195        1  -224.85710
     19.345        1  -224.79724
     19.495        1  -224.73684
     19.645        1  -224.67947
     19.795        1  -224.62209
     19.945        1  -224.56526
     20.095        1  -224.51315
     20.245        1  -224.46380
     20.395        1  -224.40872
     20.545        1  -224.35623
     20.695        1  -224.30764
     20.845        1  -224.25320
     20.995        1  -224.20332
     21.145        1  -224.15008
     21.295        1  -224.10158
     21.445        1  -224.05374
     21.595        1  -224.00432
     21.745        1  -223.95922
     21.895        1  -223.91401
     22.045        1  -223.86494
     22.195        1  -223.82112
     22.345        1  -223.77750
     22.495        1  -223.73426
     22.645        1  -223.69047
     22.795        1  -223.65084
     22.945        1  -223.61035
     23.095        1  -223.56939
     23.245        1  -223.52907
     23.395        1  -223.49218
     23.545        1  -223.45372
     23.695        1  -223.41620
     23.845        1  -223.38231
     23.995        1  -223.34649
     24.145        1  -223.31167
     24.295        1  -223.27629
     24.445        1  -223.24173
     24.595        1  -223.21118
     24.745        1  -223.17624
     24.895        1  -223.14151
     25.045        1  -223.11303
     25.195        1  -223.08323
     25.345        1  -223.05315
     25.495        1  -223.02675
     25.645        1  -222.99787
     25.795        1  -222.96844
     25.945        1  -222.93827
     26.095        1  -222.90844
     26.245        1  -222.88209
     26.395        1  -222.85800
     26.545        1  -222.83169
     26.695        1  -222.80831
     26.845        1  -222.78485
     26.995        1  -222.75914
     27.145        1  -222.73550
     27.295        1  -222.71276
     27.445        1  -222.69055
     27.595        1  -222.66919
     27.745        1  -222.64656
     27.895        1  -222.62375
     28.045        1  -222.60115
     28.195        1  -222.58122
     28.345        1  -222.56152
     28.495        1  -222.53879
     28.645        1  -222.51885
     28.795        1  -222.50042
     28.945        1  -222.48160
     29.095        1  -222.46508
     29.245        1  -222.44719
     29.395        1  -222.42755
     29.545        1  -222.41028
     29.695        1  -222.39089
     29.845        1  -222.37372
     29.995        1  -222.35713
     30.145        1  -222.34109
     30.295        1  -222.32523
     30.445        1  -222.30795
     30.595        1  -222.29305
     30.745        1  -222.27742
     30.895        1  -222.26247
     31.045        1  -222.24949
     31.195        1  -222.23840
     31.345        1  -222.22638
     31.495        1  -222.21378
     31.645        1  -222.20294
     31.795        1  -222.19189
     31.945        1  -222.18048
     32.095        1  -222.17212
     32.245        1  -222.16386
     32.395        1  -222.15355
     32.545        1  -222.14536
     32.695        1  -222.13569
     32.845        1  -222.12646
     32.995        1  -222.11729
     33.145        1  -222.10869
     33.295        1  -222.09967
     33.445        1  -222.09112
     33.595        1  -222.08101
     33.745        1  -222.07322
     33.895        1  -222.06530
     34.045        1  -222.05745
     34.195        1  -222.04860
     34.345        1  -222.04030
     34.495        1  -222.03255
     34.645        1  -222.02487
     34.795        1  -222.01718
     34.945        1  -222.00942
     35.095        1  -222.00176
     35.245        1  -221.99411
     35.395        1  -221.98643
     35.545        1  -221.97881
     35.695        1  -221.97060
     35.845        1  -221.96307
     35.995        1  -221.95547
     36.145        1  -221.94799
     36.295        1  -221.94061
     36.445        1  -221.93314
     36.595        1  -221.92579
     36.745        1  -221.91843
     36.895        1  -221.91116
     37.045        1  -221.90389
     37.195        1  -221.89676
     37.345        1  -221.88964
     37.495        1  -221.88250
     37.645        1  -221.87536
     37.795        1  -221.86831
     37.945        1  -221.86065
     38.095        1  -221.85369
     38.245        1  -221.84675
     38.395        1  -221.83980
     38.545        1  -221.83293
     38.695        1  -221.82616
     38.845        1  -221.81937
     38.995        1  -221.81262
     39.145        1  -221.80585
     39.295        1  -221.79909
     39.445        1  -221.79242
     39.595        1  -221.78574
     39.745        1  -221.77902
     39.895        1  -221.77239
     40.045        1  -221.76583
     40.195        1  -221.75929
     40.345        1  -221.75274
     40.495        1  -221.74618
     40.645        1  -221.73969
     40.795        1  -221.73317
     40.945        1  -221.72663
     41.095        1  -221.72022
     41.245        1  -221.71382
     41.395        1  -221.70741
     41.545        1  -221.70106
     41.695        1  -221.69478
     41.845        1  -221.68851
     41.995        1  -221.68223
     42.145        1  -221.67597
     42.295        1  -221.66971
     42.445        1  -221.66355
     42.595        1  -221.65729
     42.745        1  -221.65105
     42.895        1  -221.64486
     43.045        1  -221.63868
     43.195        1  -221.63252
     43.345        1  -221.62635
     43.495        1  -221.62023
     43.645        1  -221.61419
     43.795        1  -221.60814
     43.945        1  -221.60212
     44.095        1  -221.59618
     44.245        1  -221.59024
     44.395        1  -221.58435
     44.545        1  -221.57847
     44.695        1  -221.57255
     44.845        1  -221.56669
     44.995        1  -221.56089
     45.145        1  -221.55505
     45.295        1  -221.54929
     45.445        1  -221.54357
     45.595        1  -221.53794
     45.745        1  -221.53227
     45.895        1  -221.52662
     46.045        1  -221.52092
     46.195        1  -221.51520
     46.345        1  -221.50960
     46.495        1  -221.50399
     46.645        1  -221.49839
     46.795        1  -221.49283
     46.945        1  -221.48725
     47.095        1  -221.48171
     47.245        1  -221.47626
     47.395        1  -221.47074
     47.545        1  -221.46524
     47.695        1  -221.45978
     47.845        1  -221.45435
     47.995        1  -221.44897
     48.145        1  -221.44356
     48.295        1  -221.43820
     48.445        1  -221.43285
     48.595        1  -221.42754
     48.745        1  -221.42217
     48.895        1  -221.41682
     49.045        1  -221.41157
     49.195        1  -221.40626
     49.345        1  -221.40097
     49.495        1  -221.39573
     49.645        1  -221.39051
     49.795        1  -221.38530
     49.945        1  -221.38013
     50.095        1  -221.37494
     50.245        1  -221.36984
     50.395        1  -221.36477
     50.545        1  -221.35966
     50.695        1  -221.35457
     50.845        1  -221.34948
     50.995        1  -221.34446
     51.145        1  -221.33956
     51.295        1  -221.33449
     51.445        1  -221.32958
     51.595        1  -221.32469
     51.745        1  -221.31973
     51.895        1  -221.31481
     52.045        1  -221.30994
     52.195        1  -221.30498
     52.345        1  -221.30014
     52.495        1  -221.29532
     52.645        1  -221.29050
     52.795        1  -221.28566
     52.945        1  -221.28091
     53.095        1  -221.27613
     53.245        1  -221.27142
     53.395        1  -221.26665
     53.545        1  -221.26187
     53.695        1  -221.25714
     53.845        1  -221.25246
     53.995        1  -221.24781
     54.145        1  -221.24316
     54.295        1  -221.23851
     54.445        1  -221.23385
     54.595        1  -221.22916
     54.745        1  -221.22456
     54.895        1  -221.21995
     55.045        1  -221.21541
     55.195        1  -221.21081
     55.345        1  -221.20621
     55.495        1  -221.20165
     55.645        1  -221.19717
     55.795        1  -221.19261
     55.945        1  -221.18817
     56.095        1  -221.18372
     56.245        1  -221.17928
     56.395        1  -221.17479
     56.545        1  -221.17035
     56.695        1  -221.16584
     56.845        1  -221.16136
     56.995        1  -221.15696
     57.145        1  -221.15258
     57.295        1  -221.14816
     57.445        1  -221.14379
     57.595        1  -221.13946
     57.745        1  -221.13513
     57.895        1  -221.13081
     58.045        1  -221.12647
     58.195        1  -221.12217
     58.345        1  -221.11791
     58.495        1  -221.11368
     58.645        1  -221.10939
     58.795        1  -221.10514
     58.945        1  -221.10094
     59.095        1  -221.09672
     59.245        1  -221.09252
     59.395        1  -221.08834
     59.545        1  -221.08415
     59.695        1  -221.07998
     59.845        1  -221.07583
     59.995        1  -221.07169
     60.145        1  -221.06756
     60.295        1  -221.06347
     60.445        1  -221.05933
     60.595        1  -221.05526
     60.745        1  -221.05123
     60.895        1  -221.04715
     61.045        1  -221.04311
     61.195        1  -221.03904
     61.345        1  -221.03501
     61.495        1  -221.03097
     61.645        1  -221.02699
     61.795        1  -221.02302
     61.945        1  -221.01906
     62.095        1  -221.01512
     62.245        1  -221.01123
     62.395        1  -221.00730
     62.545        1  -221.00339
     62.695        1  -220.99951
     62.845        1  -220.99554
     62.995        1  -220.99162
     63.145        1  -220.98777
     63.295        1  -220.98392
     63.445        1  -220.98001
     63.595        1  -220.97618
     63.745        1  -220.97235
     63.895        1  -220.96849
     64.045        1  -220.96473
     64.195        1  -220.96092
     64.345        1  -220.95715
     64.495        1  -220.95343
     64.645        1  -220.94968
     64.795        1  -220.94591
     64.945        1  -220.94217
     65.095        1  -220.93838
     70.156        1  -220.60001
     94.967        1  -220.11774
     130.63        1  -219.65522
     179.69        1  -219.20749
     247.17        1  -218.77108
     340.00        1  -218.34677
     467.69        1  -217.93327
     643.33        1  -217.52733
     884.93        1  -217.12761
     1217.3        1  -216.73550
     1674.4        1  -216.34912
     2303.2        1  -215.96816
     3168.2        1  -215.59228
     4358.0        1  -215.22158
     5994.7        1  -214.85681
     8246.0        1  -214.49587
     11343.        1  -214.13711
     15603.        1  -213.78117
     21462.        1  -213.43046
     29522.        1  -213.08861
     40609.        1  -212.75571
     55860.        1  -212.43003
     76839.        1  -212.11227
    0.10570E+06    1  -211.80330
    0.14539E+06    1  -211.50307
    0.19999E+06    1  -211.21180
    0.27510E+06    1  -210.93209
    0.37841E+06    1  -210.66361
    0.52052E+06    1  -210.40683
    0.71601E+06    1  -210.16165
    0.98490E+06    1  -209.92737
    0.13548E+07    1  -209.70423
    0.18636E+07    1  -209.49129
    0.25634E+07    1  -209.28877
    0.35262E+07    1  -209.09532
    0.48504E+07    1  -208.91111
    0.66720E+07    1  -208.73558
    0.91776E+07    1  -208.56855
    0.12624E+08    1  -208.40910
    0.17365E+08    1  -208.25716
    0.23887E+08    1  -208.11235
    0.32858E+08    1  -207.97443
    0.45197E+08    1  -207.84330
    0.62171E+08    1  -207.71849
    0.85520E+08    1  -207.59951
    0.11764E+09    1  -207.48632
    0.16182E+09    1  -207.37826
    0.22259E+09    1  -207.27602
    0.30618E+09    1  -207.17998
    0.42116E+09    1  -207.09028
    0.57933E+09    1  -207.00698
    0.79690E+09    1  -206.92909
    0.10962E+10    1  -206.85637
    0.15078E+10    1  -206.78812
    0.20741E+10    1  -206.72432
    0.28531E+10    1  -206.66445
    0.39245E+10    1  -206.60870
    0.53984E+10    1  -206.55819
    0.74258E+10    1  -206.51196
    0.10215E+11    1  -206.46930
    0.14051E+11    1  -206.43003
    0.19327E+11    1  -206.39369
    0.26586E+11    1  -206.36019
    0.36570E+11    1  -206.32929
    0.50304E+11    1  -206.30074
    0.69195E+11    1  -206.27440
    0.10000E+12    1  -205.95686
    -149.95        2     0.00000
    -149.79        2     0.00000
    -149.65        2     0.00000
    -149.49        2     0.00000
    -149.34        2     0.00000
    -149.20        2     0.00000
    -149.04        2     0.00000
    -148.90        2     0.00000
    -148.74        2     0.00000
    -148.59        2     0.00000
    -148.45        2     0.00000
    -148.29        2     0.00000
    -148.15        2     0.00000
    -147.99        2     0.00000
    -147.84        2     0.00000
    -147.70        2     0.00000
    -147.54        2     0.00000
    -147.40        2     0.00000
    -147.24        2     0.00000
    -147.09        2     0.00000
    -146.95        2     0.00000
    -146.79        2     0.00000
    -146.65        2     0.00000
    -146.49        2     0.00000
    -146.34        2     0.00000
    -146.20        2     0.00000
    -146.04        2     0.00000
    -145.90        2     0.00000
    -145.74        2     0.00000
    -145.59        2     0.00000
    -145.45        2     0.00000
    -145.29        2     0.00000
    -145.15        2     0.00000
    -144.99        2     0.00000
    -144.84        2     0.00000
    -144.70        2     0.00000
    -144.54        2     0.00000
    -144.40        2     0.00000
    -144.24        2     0.00000
    -144.09        2     0.00000
    -143.95        2     0.00000
    -143.79        2     0.00000
    -143.65        2     0.00000
    -143.49        2     0.00000
    -143.34        2     0.00000
    -143.20        2     0.00000
    -143.04        2     0.00000
    -142.90        2     0.00000
    -142.74        2     0.00000
    -142.59        2     0.00000
    -142.45        2     0.00000
    -142.29        2     0.00000
    -142.15        2     0.00000
    -141.99        2     0.00000
    -141.84        2     0.00000
    -141.70        2     0.00000
    -141.54        2     0.00000
    -141.40        2     0.00000
    -141.24        2     0.00000
    -141.09        2     0.00000
    -140.95        2     0.00000
    -140.79        2     0.00000
    -140.65        2     0.00000
    -140.49        2     0.00000
    -140.34        2     0.00000
    -140.20        2     0.00000
    -140.04        2     0.00000
    -139.90        2     0.00000
    -139.74        2     0.00000
    -139.59        2     0.00000
    -139.45        2     0.00000
    -139.29        2     0.00000
    -139.15        2     0.00000
    -138.99        2     0.00000
    -138.84        2     0.00000
    -138.70        2     0.00000
    -138.54        2     0.00000
    -138.40        2     0.00000
    -138.24        2     0.00000
    -138.09        2     0.00000
    -137.95        2     0.00000
    -137.79        2     0.00000
    -137.65        2     0.00000
    -137.49        2     0.00000
    -137.34        2     0.00000
    -137.20        2     0.00000
    -137.04        2     0.00000
    -136.90        2     0.00000
    -136.74        2     0.00000
    -136.59        2     0.00000
    -136.45        2     0.00000
    -136.29        2     0.00000
    -136.15        2     0.00000
    -135.99        2     0.00000
    -135.84        2     0.00000
    -135.70        2     0.00000
    -135.54        2     0.00000
    -135.40        2     0.00000
    -135.24        2     0.00000
    -135.09        2     0.00000
    -134.95        2     0.00000
    -134.79        2     0.00000
    -134.65        2     0.00000
    -134.49        2     0.00000
    -134.34        2     0.00000
    -134.20        2     0.00000
    -134.04        2     0.00000
    -133.90        2     0.00000
    -133.74        2     0.00000
    -133.59        2     0.00000
    -133.45        2     0.00000
    -133.29        2     0.00000
    -133.15        2     0.00000
    -132.99        2     0.00000
    -132.84        2     0.00000
    -132.70        2     0.00000
    -132.54        2     0.00000
    -132.40        2     0.00000
    -132.24        2     0.00000
    -132.09        2     0.00000
    -131.95        2     0.00000
    -131.79        2     0.00000
    -131.65        2     0.00000
    -131.49        2     0.00000
    -131.34        2     0.00000
    -131.20        2     0.00000
    -131.04        2     0.00000
    -130.90        2     0.00000
    -130.74        2     0.00000
    -130.59        2     0.00000
    -130.45        2     0.00000
    -130.29        2     0.00000
    -130.15        2     0.00000
    -129.99        2     0.00000
    -129.84        2     0.00000
    -129.70        2     0.00000
    -129.54        2     0.00000
    -129.40        2     0.00000
    -129.24        2     0.00000
    -129.09        2     0.00000
    -128.95        2     0.00000
    -128.79        2     0.00000
    -128.65        2     0.00000
    -128.49        2     0.00000
    -128.34        2     0.00000
    -128.20        2     0.00000
    -128.04        2     0.00000
    -127.89        2     0.00000
    -127.75        2     0.00000
    -127.60        2     0.00000
    -127.44        2     0.00000
    -127.30        2     0.00000
    -127.14        2     0.00000
    -127.00        2     0.00000
    -126.85        2     0.00000
    -126.69        2     0.00000
    -126.55        2     0.00000
    -126.39        2     0.00000
    -126.25        2     0.00000
    -126.10        2     0.00000
    -125.94        2     0.00000
    -125.80        2     0.00000
    -125.64        2     0.00000
    -125.50        2     0.00000
    -125.35        2     0.00000
    -125.19        2     0.00000
    -125.05        2     0.00000
    -124.89        2     0.00000
    -124.75        2     0.00000
    -124.60        2     0.00000
    -124.44        2     0.00000
    -124.30        2     0.00000
    -124.14        2     0.00000
    -124.00        2     0.00000
    -123.85        2     0.00000
    -123.69        2     0.00000
    -123.55        2     0.00000
    -123.39        2     0.00000
    -123.25        2     0.00000
    -123.10        2     0.00000
    -122.94        2     0.00000
    -122.80        2     0.00000
    -122.64        2     0.00000
    -122.50        2     0.00000
    -122.35        2     0.00000
    -122.19        2     0.00000
    -122.05        2     0.00000
    -121.89        2     0.00000
    -121.75        2     0.00000
    -121.60        2     0.00000
    -121.44        2     0.00000
    -121.30        2     0.00000
    -121.14        2     0.00000
    -121.00        2     0.00000
    -120.85        2     0.00000
    -120.69        2     0.00000
    -120.55        2     0.00000
    -120.39        2     0.00000
    -120.25        2     0.00000
    -120.10        2     0.00000
    -119.94        2     0.00000
    -119.80        2     0.00000
    -119.64        2     0.00000
    -119.50        2     0.00000
    -119.35        2     0.00000
    -119.19        2     0.00000
    -119.05        2     0.00000
    -118.89        2     0.00000
    -118.75        2     0.00000
    -118.60        2     0.00000
    -118.44        2     0.00000
    -118.30        2     0.00000
    -118.14        2     0.00000
    -118.00        2     0.00000
    -117.85        2     0.00000
    -117.69        2     0.00000
    -117.55        2     0.00000
    -117.39        2     0.00000
    -117.25        2     0.00000
    -117.10        2     0.00000
    -116.94        2     0.00000
    -116.80        2     0.00000
    -116.64        2     0.00000
    -116.50        2     0.00000
    -116.35        2     0.00000
    -116.19        2     0.00000
    -116.05        2     0.00000
    -115.89        2     0.00000
    -115.75        2     0.00000
    -115.60        2     0.00000
    -115.44        2     0.00000
    -115.30        2     0.00000
    -115.14        2     0.00000
    -115.00        2     0.00000
    -114.85        2     0.00000
    -114.69        2     0.00000
    -114.55        2     0.00000
    -114.39        2     0.00000
    -114.25        2     0.00000
    -114.10        2     0.00000
    -113.94        2     0.00000
    -113.80        2     0.00000
    -113.64        2     0.00000
    -113.50        2     0.00000
    -113.35        2     0.00000
    -113.19        2     0.00000
    -113.05        2     0.00000
    -112.89        2     0.00000
    -112.75        2     0.00000
    -112.60        2     0.00000
    -112.44        2     0.00000
    -112.30        2     0.00000
    -112.14        2     0.00000
    -112.00        2     0.00000
    -111.85        2     0.00000
    -111.69        2     0.00000
    -111.55        2     0.00000
    -111.39        2     0.00000
    -111.25        2     0.00000
    -111.10        2     0.00000
    -110.94        2     0.00000
    -110.80        2     0.00000
    -110.64        2     0.00000
    -110.50        2     0.00000
    -110.35        2     0.00000
    -110.19        2     0.00000
    -110.05        2     0.00000
    -109.89        2     0.00000
    -109.75        2     0.00000
    -109.60        2     0.00000
    -109.44        2     0.00000
    -109.30        2     0.00000
    -109.14        2     0.00000
    -109.00        2     0.00000
    -108.85        2     0.00000
    -108.69        2     0.00000
    -108.55        2     0.00000
    -108.39        2     0.00000
    -108.25        2     0.00000
    -108.10        2     0.00000
    -107.94        2     0.00000
    -107.80        2     0.00000
    -107.64        2     0.00000
    -107.50        2     0.00000
    -107.35        2     0.00000
    -107.19        2     0.00000
    -107.05        2     0.00000
    -106.89        2     0.00000
    -106.75        2     0.00000
    -106.60        2     0.00000
    -106.44        2     0.00000
    -106.30        2     0.00000
    -106.14        2     0.00000
    -106.00        2     0.00000
    -105.85        2     0.00000
    -105.69        2     0.00000
    -105.55        2     0.00000
    -105.39        2     0.00000
    -105.25        2     0.00000
    -105.10        2     0.00000
    -104.94        2     0.00000
    -104.80        2     0.00000
    -104.64        2     0.00000
    -104.50        2     0.00000
    -104.35        2     0.00000
    -104.19        2     0.00000
    -104.05        2     0.00000
    -103.89        2     0.00000
    -103.75        2     0.00000
    -103.60        2     0.00000
    -103.44        2     0.00000
    -103.30        2     0.00000
    -103.14        2     0.00000
    -103.00        2     0.00000
    -102.85        2     0.00000
    -102.69        2     0.00000
    -102.55        2     0.00000
    -102.39        2     0.00000
    -102.25        2     0.00000
    -102.10        2     0.00000
    -101.94        2     0.00000
    -101.80        2     0.00000
    -101.64        2     0.00000
    -101.50        2     0.00000
    -101.35        2     0.00000
    -101.19        2     0.00000
    -101.05        2     0.00000
    -100.89        2     0.00000
    -100.75        2     0.00000
    -100.60        2     0.00000
    -100.44        2     0.00000
    -100.30        2     0.00000
    -100.14        2     0.00000
    -99.995        2     0.00000
    -99.845        2     0.00000
    -99.695        2     0.00000
    -99.545        2     0.00000
    -99.395        2     0.00000
    -99.245        2     0.00000
    -99.095        2     0.00000
    -98.945        2     0.00000
    -98.795        2     0.00000
    -98.645        2     0.00000
    -98.495        2     0.00000
    -98.345        2     0.00000
    -98.195        2     0.00000
    -98.045        2     0.00000
    -97.895        2     0.00000
    -97.745        2    -0.00001
    -97.595        2    -0.00002
    -97.445        2    -0.00005
    -97.295        2    -0.00011
    -97.145        2    -0.00015
    -96.995        2    -0.00019
    -96.845        2    -0.00026
    -96.695        2    -0.00106
    -96.545        2    -0.00210
    -96.395        2    -0.00391
    -96.245        2    -0.00622
    -96.095        2    -0.00922
    -95.945        2    -0.01690
    -95.795        2    -0.03283
    -95.645        2    -0.05001
    -95.495        2    -0.08242
    -95.345        2    -0.11686
    -95.195        2    -0.16976
    -95.045        2    -0.24768
    -94.895        2    -0.35368
    -94.745        2    -0.48137
    -94.595        2    -0.66280
    -94.445        2    -0.87793
    -94.295        2    -1.14222
    -94.145        2    -1.47020
    -93.995        2    -1.87686
    -93.845        2    -2.34724
    -93.695        2    -2.91350
    -93.545        2    -3.57883
    -93.395        2    -4.32147
    -93.245        2    -5.13196
    -93.095        2    -6.03284
    -92.945        2    -7.01740
    -92.795        2    -8.07081
    -92.645        2    -9.20192
    -92.495        2   -10.41243
    -92.345        2   -11.65650
    -92.195        2   -12.95827
    -92.045        2   -14.28051
    -91.895        2   -15.63823
    -91.745        2   -17.03926
    -91.595        2   -18.43974
    -91.445        2   -19.85925
    -91.295        2   -21.27385
    -91.145        2   -22.68837
    -90.995        2   -24.04508
    -90.845        2   -25.41451
    -90.695        2   -26.72872
    -90.545        2   -28.00017
    -90.395        2   -29.22353
    -90.245        2   -30.36668
    -90.095        2   -31.50555
    -89.945        2   -32.56959
    -89.795        2   -33.59670
    -89.645        2   -34.57380
    -89.495        2   -35.47239
    -89.345        2   -36.30729
    -89.195        2   -37.09209
    -89.045        2   -37.83382
    -88.895        2   -38.52559
    -88.745        2   -39.17324
    -88.595        2   -39.76469
    -88.445        2   -40.30698
    -88.295        2   -40.78344
    -88.145        2   -41.25623
    -87.995        2   -41.66654
    -87.845        2   -42.02992
    -87.695        2   -42.36356
    -87.545        2   -42.68189
    -87.395        2   -42.95299
    -87.245        2   -43.19368
    -87.095        2   -43.43654
    -86.945        2   -43.63673
    -86.795        2   -43.81350
    -86.645        2   -43.97888
    -86.495        2   -44.12189
    -86.345        2   -44.24792
    -86.195        2   -44.35891
    -86.045        2   -44.45737
    -85.895        2   -44.54574
    -85.745        2   -44.62146
    -85.595        2   -44.69279
    -85.445        2   -44.75721
    -85.295        2   -44.81368
    -85.145        2   -44.86633
    -84.995        2   -44.91048
    -84.845        2   -44.95066
    -84.695        2   -44.98141
    -84.545        2   -45.01359
    -84.395        2   -45.03920
    -84.245        2   -45.06144
    -84.095        2   -45.08355
    -83.945        2   -45.10099
    -83.795        2   -45.12118
    -83.645        2   -45.13619
    -83.495        2   -45.15099
    -83.345        2   -45.16199
    -83.195        2   -45.17461
    -83.045        2   -45.18648
    -82.895        2   -45.19341
    -82.745        2   -45.19738
    -82.595        2   -45.20413
    -82.445        2   -45.20728
    -82.295        2   -45.21304
    -82.145        2   -45.21710
    -81.995        2   -45.21856
    -81.845        2   -45.22034
    -81.695        2   -45.22240
    -81.545        2   -45.22429
    -81.395        2   -45.22689
    -81.245        2   -45.22798
    -81.095        2   -45.22881
    -80.945        2   -45.23010
    -80.795        2   -45.23077
    -80.645        2   -45.23160
    -80.495        2   -45.23208
    -80.345        2   -45.23226
    -80.195        2   -45.23308
    -80.045        2   -45.23322
    -79.895        2   -45.23372
    -79.745        2   -45.23450
    -79.595        2   -45.23501
    -79.445        2   -45.23519
    -79.295        2   -45.23539
    -79.145        2   -45.23557
    -78.995        2   -45.23582
    -78.845        2   -45.23627
    -78.695        2   -45.23678
    -78.545        2   -45.23702
    -78.395        2   -45.23726
    -78.245        2   -45.23774
    -78.095        2   -45.23798
    -77.945        2   -45.23815
    -77.795        2   -45.23829
    -77.645        2   -45.23855
    -77.495        2   -45.23872
    -77.345        2   -45.23887
    -77.195        2   -45.23908
    -77.045        2   -45.23930
    -76.895        2   -45.23947
    -76.745        2   -45.23962
    -76.595        2   -45.23975
    -76.445        2   -45.23992
    -76.295        2   -45.24008
    -76.145        2   -45.24027
    -75.995        2   -45.24048
    -75.845        2   -45.24061
    -75.695        2   -45.24075
    -75.545        2   -45.24093
    -75.395        2   -45.24114
    -75.245        2   -45.24132
    -75.095        2   -45.24148
    -74.945        2   -45.24160
    -74.795        2   -45.24176
    -74.645        2   -45.24189
    -74.495        2   -45.24201
    -74.345        2   -45.24216
    -74.195        2   -45.24236
    -74.045        2   -45.24258
    -73.895        2   -45.24278
    -73.745        2   -45.24300
    -73.595        2   -45.24312
    -73.445        2   -45.24334
    -73.295        2   -45.24355
    -73.145        2   -45.24371
    -72.995        2   -45.24395
    -72.845        2   -45.24405
    -72.695        2   -45.24428
    -72.545        2   -45.24444
    -72.395        2   -45.24461
    -72.245        2   -45.24473
    -72.095        2   -45.24494
    -71.945        2   -45.24510
    -71.795        2   -45.24528
    -71.645        2   -45.24546
    -71.495        2   -45.24570
    -71.345        2   -45.24593
    -71.195        2   -45.24615
    -71.045        2   -45.24660
    -70.895        2   -45.24687
    -70.745        2   -45.28480
    -70.595        2   -46.05767
    -70.445        2   -47.25715
    -70.295        2   -48.54583
    -70.145        2   -49.85827
    -69.995        2   -51.12872
    -69.845        2   -52.35328
    -69.695        2   -53.51025
    -69.545        2   -54.58364
    -69.395        2   -55.56233
    -69.245        2   -56.46285
    -69.095        2   -57.28222
    -68.945        2   -58.00619
    -68.795        2   -58.65368
    -68.645        2   -59.27854
    -68.495        2   -60.00010
    -68.345        2   -60.73730
    -68.195        2   -61.52898
    -68.045        2   -62.29260
    -67.895        2   -63.05624
    -67.745        2   -63.81747
    -67.595        2   -64.57868
    -67.445        2   -65.29926
    -67.295        2   -66.01588
    -67.145        2   -66.70752
    -66.995        2   -67.37088
    -66.845        2   -68.01493
    -66.695        2   -68.63644
    -66.545        2   -69.23372
    -66.395        2   -69.78771
    -66.245        2   -70.31715
    -66.095        2   -70.83928
    -65.945        2   -71.30804
    -65.795        2   -71.77710
    -65.645        2   -72.21364
    -65.495        2   -72.62419
    -65.345        2   -73.03109
    -65.195        2   -73.39734
    -65.045        2   -73.74374
    -64.895        2   -74.07915
    -64.745        2   -74.38906
    -64.595        2   -74.68286
    -64.445        2   -74.95998
    -64.295        2   -75.22846
    -64.145        2   -75.47836
    -63.995        2   -75.70353
    -63.845        2   -75.92540
    -63.695        2   -76.13809
    -63.545        2   -76.32377
    -63.395        2   -76.50233
    -63.245        2   -76.67464
    -63.095        2   -76.82978
    -62.945        2   -76.98563
    -62.795        2   -77.13134
    -62.645        2   -77.26761
    -62.495        2   -77.39915
    -62.345        2   -77.52083
    -62.195        2   -77.65300
    -62.045        2   -77.80995
    -61.895        2   -78.01826
    -61.745        2   -78.39913
    -61.595        2   -78.84024
    -61.445        2   -79.32439
    -61.295        2   -79.83432
    -61.145        2   -80.37029
    -60.995        2   -80.88498
    -60.845        2   -81.40474
    -60.695        2   -81.92951
    -60.545        2   -82.44683
    -60.395        2   -82.95537
    -60.245        2   -83.46513
    -60.095        2   -83.97227
    -59.945        2   -84.46222
    -59.795        2   -84.92296
    -59.645        2   -85.37944
    -59.495        2   -85.83776
    -59.345        2   -86.28361
    -59.195        2   -86.71869
    -59.045        2   -87.13116
    -58.895        2   -87.53361
    -58.745        2   -87.92459
    -58.595        2   -88.32471
    -58.445        2   -88.71517
    -58.295        2   -89.11984
    -58.145        2   -89.51805
    -57.995        2   -89.90386
    -57.845        2   -90.27462
    -57.695        2   -90.64384
    -57.545        2   -91.01224
    -57.395        2   -91.35967
    -57.245        2   -91.69346
    -57.095        2   -92.02818
    -56.945        2   -92.34616
    -56.795        2   -92.65890
    -56.645        2   -92.96195
    -56.495        2   -93.26154
    -56.345        2   -93.56976
    -56.195        2   -93.86440
    -56.045        2   -94.14530
    -55.895        2   -94.42589
    -55.745        2   -94.69266
    -55.595        2   -94.96735
    -55.445        2   -95.22167
    -55.295        2   -95.47723
    -55.145        2   -95.71238
    -54.995        2   -95.93967
    -54.845        2   -96.16882
    -54.695        2   -96.38130
    -54.545        2   -96.58892
    -54.395        2   -96.79759
    -54.245        2   -96.98994
    -54.095        2   -97.18254
    -53.945        2   -97.37046
    -53.795        2   -97.54907
    -53.645        2   -97.74149
    -53.495        2   -98.12098
    -53.345        2   -98.64082
    -53.195        2   -99.21880
    -53.045        2   -99.83878
    -52.895        2  -100.44666
    -52.745        2  -101.04415
    -52.595        2  -101.60862
    -52.445        2  -102.15597
    -52.295        2  -102.66553
    -52.145        2  -103.14565
    -51.995        2  -103.60441
    -51.845        2  -104.02145
    -51.695        2  -104.40971
    -51.545        2  -104.76096
    -51.395        2  -105.08749
    -51.245        2  -105.40057
    -51.095        2  -105.69452
    -50.945        2  -105.98272
    -50.795        2  -106.24018
    -50.645        2  -106.47986
    -50.495        2  -106.71198
    -50.345        2  -106.93188
    -50.195        2  -107.14451
    -50.045        2  -107.34138
    -49.895        2  -107.52531
    -49.745        2  -107.71315
    -49.595        2  -107.89528
    -49.445        2  -108.07444
    -49.295        2  -108.24398
    -49.145        2  -108.41567
    -48.995        2  -108.57948
    -48.845        2  -108.74308
    -48.695        2  -108.90831
    -48.545        2  -109.06735
    -48.395        2  -109.22127
    -48.245        2  -109.37775
    -48.095        2  -109.52818
    -47.945        2  -109.68522
    -47.795        2  -109.83939
    -47.645        2  -109.99074
    -47.495        2  -110.14325
    -47.345        2  -110.30306
    -47.195        2  -110.45403
    -47.045        2  -110.60247
    -46.895        2  -110.74771
    -46.745        2  -110.88460
    -46.595        2  -111.03257
    -46.445        2  -111.17187
    -46.295        2  -111.31706
    -46.145        2  -111.45625
    -45.995        2  -111.59548
    -45.845        2  -111.73192
    -45.695        2  -111.86696
    -45.545        2  -111.99817
    -45.395        2  -112.13191
    -45.245        2  -112.25673
    -45.095        2  -112.37898
    -44.945        2  -112.49852
    -44.795        2  -112.61279
    -44.645        2  -112.73353
    -44.495        2  -112.84292
    -44.345        2  -112.94990
    -44.195        2  -113.05964
    -44.045        2  -113.15981
    -43.895        2  -113.26289
    -43.745        2  -113.36575
    -43.595        2  -113.46939
    -43.445        2  -113.56862
    -43.295        2  -113.66412
    -43.145        2  -113.75844
    -42.995        2  -113.84454
    -42.845        2  -113.93407
    -42.695        2  -114.02241
    -42.545        2  -114.10319
    -42.395        2  -114.18343
    -42.245        2  -114.25732
    -42.095        2  -114.32691
    -41.945        2  -114.40935
    -41.795        2  -114.48360
    -41.645        2  -114.55233
    -41.495        2  -114.62424
    -41.345        2  -114.69552
    -41.195        2  -114.76430
    -41.045        2  -114.83128
    -40.895        2  -114.89428
    -40.745        2  -114.96079
    -40.595        2  -115.02292
    -40.445        2  -115.08578
    -40.295        2  -115.14772
    -40.145        2  -115.20782
    -39.995        2  -115.26620
    -39.845        2  -115.32419
    -39.695        2  -115.38540
    -39.545        2  -115.44008
    -39.395        2  -115.49433
    -39.245        2  -115.54661
    -39.095        2  -115.59873
    -38.945        2  -115.64878
    -38.795        2  -115.70036
    -38.645        2  -115.74868
    -38.495        2  -115.80012
    -38.345        2  -115.84601
    -38.195        2  -115.89350
    -38.045        2  -115.93896
    -37.895        2  -115.98949
    -37.745        2  -116.03759
    -37.595        2  -116.08319
    -37.445        2  -116.13147
    -37.295        2  -116.17326
    -37.145        2  -116.21855
    -36.995        2  -116.25547
    -36.845        2  -116.30036
    -36.695        2  -116.33931
    -36.545        2  -116.38192
    -36.395        2  -116.42022
    -36.245        2  -116.45732
    -36.095        2  -116.49514
    -35.945        2  -116.53183
    -35.795        2  -116.57116
    -35.645        2  -116.60359
    -35.495        2  -116.64025
    -35.345        2  -116.68145
    -35.195        2  -116.72017
    -35.045        2  -116.75490
    -34.895        2  -116.78870
    -34.745        2  -116.82839
    -34.595        2  -116.86463
    -34.445        2  -116.90013
    -34.295        2  -116.93784
    -34.145        2  -116.97589
    -33.995        2  -117.01200
    -33.845        2  -117.04773
    -33.695        2  -117.08525
    -33.545        2  -117.11879
    -33.395        2  -117.15698
    -33.245        2  -117.19619
    -33.095        2  -117.23576
    -32.945        2  -117.27295
    -32.795        2  -117.31110
    -32.645        2  -117.34857
    -32.495        2  -117.39046
    -32.345        2  -117.43281
    -32.195        2  -117.47272
    -32.045        2  -117.51205
    -31.895        2  -117.55402
    -31.745        2  -117.59793
    -31.595        2  -117.64497
    -31.445        2  -117.68785
    -31.295        2  -117.73258
    -31.145        2  -117.77647
    -30.995        2  -117.82141
    -30.845        2  -117.86950
    -30.695        2  -117.91535
    -30.545        2  -117.96484
    -30.395        2  -118.01371
    -30.245        2  -118.06164
    -30.095        2  -118.10822
    -29.945        2  -118.15767
    -29.795        2  -118.20379
    -29.645        2  -118.25359
    -29.495        2  -118.30163
    -29.345        2  -118.35066
    -29.195        2  -118.39943
    -29.045        2  -118.44923
    -28.895        2  -118.50239
    -28.745        2  -118.55234
    -28.595        2  -118.60190
    -28.445        2  -118.64803
    -28.295        2  -118.69760
    -28.145        2  -118.74781
    -27.995        2  -118.79793
    -27.845        2  -118.85151
    -27.695        2  -118.90199
    -27.545        2  -118.95235
    -27.395        2  -119.00634
    -27.245        2  -119.06082
    -27.095        2  -119.11092
    -26.945        2  -119.16782
    -26.795        2  -119.22132
    -26.645        2  -119.27669
    -26.495        2  -119.33352
    -26.345        2  -119.38587
    -26.195        2  -119.44361
    -26.045        2  -119.49594
    -25.895        2  -119.55843
    -25.745        2  -119.61668
    -25.595        2  -119.67597
    -25.445        2  -119.73115
    -25.295        2  -119.78564
    -25.145        2  -119.84360
    -24.995        2  -119.90180
    -24.845        2  -119.96345
    -24.695        2  -120.01835
    -24.545        2  -120.07680
    -24.395        2  -120.13780
    -24.245        2  -120.19748
    -24.095        2  -120.25472
    -23.945        2  -120.31957
    -23.795        2  -120.38038
    -23.645        2  -120.43858
    -23.495        2  -120.50082
    -23.345        2  -120.56547
    -23.195        2  -120.62932
    -23.045        2  -120.69190
    -22.895        2  -120.75922
    -22.745        2  -120.82816
    -22.595        2  -120.89634
    -22.445        2  -120.96220
    -22.295        2  -121.03124
    -22.145        2  -121.09984
    -21.995        2  -121.17353
    -21.845        2  -121.24294
    -21.695        2  -121.31801
    -21.545        2  -121.39647
    -21.395        2  -121.46816
    -21.245        2  -121.54721
    -21.095        2  -121.62675
    -20.945        2  -121.71039
    -20.795        2  -121.79338
    -20.645        2  -121.88422
    -20.495        2  -121.97239
    -20.345        2  -122.06536
    -20.195        2  -122.15966
    -20.045        2  -122.25459
    -19.895        2  -122.35025
    -19.745        2  -122.45165
    -19.595        2  -122.55245
    -19.445        2  -122.65265
    -19.295        2  -122.75464
    -19.145        2  -122.86059
    -18.995        2  -122.96604
    -18.845        2  -123.07285
    -18.695        2  -123.17905
    -18.545        2  -123.29115
    -18.395        2  -123.40561
    -18.245        2  -123.52111
    -18.095        2  -123.63952
    -17.945        2  -123.76092
    -17.795        2  -123.87897
    -17.645        2  -123.99553
    -17.495        2  -124.12137
    -17.345        2  -124.24757
    -17.195        2  -124.37259
    -17.045        2  -124.49757
    -16.895        2  -124.61938
    -16.745        2  -124.74446
    -16.595        2  -124.87216
    -16.445        2  -124.99810
    -16.295        2  -125.13006
    -16.145        2  -125.26126
    -15.995        2  -125.39400
    -15.845        2  -125.53215
    -15.695        2  -125.66242
    -15.545        2  -125.79813
    -15.395        2  -125.93386
    -15.245        2  -126.06784
    -15.095        2  -126.20535
    -14.945        2  -126.34664
    -14.795        2  -126.48540
    -14.645        2  -126.62195
    -14.495        2  -126.76318
    -14.345        2  -126.90332
    -14.195        2  -127.04986
    -14.045        2  -127.19466
    -13.895        2  -127.34121
    -13.745        2  -127.48948
    -13.595        2  -127.63794
    -13.445        2  -127.78355
    -13.295        2  -127.93808
    -13.145        2  -128.09252
    -12.995        2  -128.24472
    -12.845        2  -128.40333
    -12.695        2  -128.55778
    -12.545        2  -128.72109
    -12.395        2  -128.88602
    -12.245        2  -129.04939
    -12.095        2  -129.21369
    -11.945        2  -129.38668
    -11.795        2  -129.55798
    -11.645        2  -129.73331
    -11.495        2  -129.91140
    -11.345        2  -130.09304
    -11.195        2  -130.28055
    -11.045        2  -130.47173
    -10.895        2  -130.66184
    -10.745        2  -130.85668
    -10.595        2  -131.05737
    -10.445        2  -131.26064
    -10.295        2  -131.46653
    -10.145        2  -131.67182
    -9.9950        2  -131.88346
    -9.8450        2  -132.09910
    -9.6950        2  -132.32024
    -9.5450        2  -132.54481
    -9.3950        2  -132.77238
    -9.2450        2  -133.00396
    -9.0950        2  -133.23872
    -8.9450        2  -133.47575
    -8.7950        2  -133.71816
    -8.6450        2  -133.96588
    -8.4950        2  -134.22012
    -8.3450        2  -134.47589
    -8.1950        2  -134.73927
    -8.0450        2  -135.00680
    -7.8950        2  -135.27720
    -7.7450        2  -135.55406
    -7.5950        2  -135.83556
    -7.4450        2  -136.12398
    -7.2950        2  -136.41789
    -7.1450        2  -136.72005
    -6.9950        2  -137.02636
    -6.8450        2  -137.34048
    -6.6950        2  -137.65580
    -6.5450        2  -137.97802
    -6.3950        2  -138.31089
    -6.2450        2  -138.65048
    -6.0950        2  -138.99526
    -5.9450        2  -139.34465
    -5.7950        2  -139.70320
    -5.6450        2  -140.06897
    -5.4950        2  -140.44258
    -5.3450        2  -140.82738
    -5.1950        2  -141.22235
    -5.0450        2  -141.63000
    -4.8950        2  -142.04777
    -4.7450        2  -142.47779
    -4.5950        2  -142.92125
    -4.4450        2  -143.37877
    -4.2950        2  -143.85082
    -4.1450        2  -144.33892
    -3.9950        2  -144.84212
    -3.8450        2  -145.36401
    -3.6950        2  -145.91028
    -3.5450        2  -146.47654
    -3.3950        2  -147.06167
    -3.2450        2  -147.67210
    -3.0950        2  -148.30610
    -2.9450        2  -148.97096
    -2.7950        2  -149.66373
    -2.6450        2  -150.39054
    -2.4950        2  -151.15182
    -2.3450        2  -151.95320
    -2.1950        2  -152.80235
    -2.0450        2  -153.70237
    -1.8950        2  -154.66433
    -1.7450        2  -155.69726
    -1.5950        2  -156.79984
    -1.4450        2  -157.99317
    -1.2950        2  -159.28915
    -1.1450        2  -160.70258
   -0.99500        2  -162.24854
   -0.84500        2  -163.95427
   -0.69500        2  -165.84856
   -0.54500        2  -167.94645
   -0.39500        2  -170.24678
   -0.25300        2  -171.75711
   -0.21500        2  -171.84864
   -0.20900        2  -171.94001
   -0.20300        2  -172.03093
   -0.19700        2  -172.12141
   -0.19100        2  -172.21108
   -0.18500        2  -172.30014
   -0.17900        2  -172.38871
   -0.17300        2  -172.47628
   -0.16700        2  -172.56295
   -0.16100        2  -172.64914
   -0.15500        2  -172.73411
   -0.14900        2  -172.81792
   -0.14300        2  -172.90060
   -0.13700        2  -172.98201
   -0.13100        2  -173.06191
   -0.12500        2  -173.14068
   -0.11900        2  -173.21783
   -0.11300        2  -173.29304
   -0.10700        2  -173.36638
   -0.10100        2  -173.43770
   -0.95000E-01    2  -173.50706
   -0.89000E-01    2  -173.57400
   -0.83000E-01    2  -173.63846
   -0.77000E-01    2  -173.70010
   -0.71000E-01    2  -173.75886
   -0.65000E-01    2  -173.81424
   -0.59000E-01    2  -173.86610
   -0.53000E-01    2  -173.91411
   -0.47000E-01    2  -173.95812
   -0.41000E-01    2  -173.99775
   -0.35000E-01    2  -174.03278
   -0.29000E-01    2  -174.06286
   -0.23000E-01    2  -174.08753
   -0.19700E-01    2  -174.08969
   -0.19100E-01    2  -174.09179
   -0.18500E-01    2  -174.09382
   -0.17900E-01    2  -174.09580
   -0.17300E-01    2  -174.09772
   -0.16700E-01    2  -174.09958
   -0.16100E-01    2  -174.10137
   -0.15500E-01    2  -174.10311
   -0.14900E-01    2  -174.10479
   -0.14300E-01    2  -174.10641
   -0.13700E-01    2  -174.10796
   -0.13100E-01    2  -174.10945
   -0.12500E-01    2  -174.11088
   -0.11900E-01    2  -174.11224
   -0.11300E-01    2  -174.11354
   -0.10700E-01    2  -174.11477
   -0.10100E-01    2  -174.11594
   -0.95000E-02    2  -174.11704
   -0.89000E-02    2  -174.11808
   -0.83000E-02    2  -174.11905
   -0.77000E-02    2  -174.11996
   -0.71000E-02    2  -174.12079
   -0.65000E-02    2  -174.12156
   -0.59000E-02    2  -174.12226
   -0.53000E-02    2  -174.12290
   -0.47000E-02    2  -174.12346
   -0.41000E-02    2  -174.12395
   -0.35000E-02    2  -174.12437
   -0.29000E-02    2  -174.12472
   -0.23000E-02    2  -174.12500
   -0.17000E-02    2  -174.12521
   -0.11000E-02    2  -174.12534
   -0.50000E-03    2  -174.12541
    0.10000E-03    2  -174.12539
    0.70000E-03    2  -174.12531
    0.13000E-02    2  -174.12515
    0.19000E-02    2  -174.12491
    0.25000E-02    2  -174.12460
    0.31000E-02    2  -174.12421
    0.37000E-02    2  -174.12374
    0.43000E-02    2  -174.12320
    0.49000E-02    2  -174.12257
    0.55000E-02    2  -174.12187
    0.61000E-02    2  -174.12109
    0.67000E-02    2  -174.12023
    0.73000E-02    2  -174.11928
    0.79000E-02    2  -174.11826
    0.85000E-02    2  -174.11715
    0.91000E-02    2  -174.11596
    0.97000E-02    2  -174.11469
    0.10300E-01    2  -174.11333
    0.10900E-01    2  -174.11189
    0.11500E-01    2  -174.11036
    0.12100E-01    2  -174.10875
    0.12700E-01    2  -174.10704
    0.13300E-01    2  -174.10525
    0.13900E-01    2  -174.10337
    0.14500E-01    2  -174.10141
    0.15100E-01    2  -174.09937
    0.15700E-01    2  -174.09722
    0.16300E-01    2  -174.09499
    0.16900E-01    2  -174.09267
    0.17500E-01    2  -174.09025
    0.18100E-01    2  -174.08775
    0.18700E-01    2  -174.08513
    0.19300E-01    2  -174.08243
    0.20200E-01    2  -174.07102
    0.25000E-01    2  -174.03465
    0.31000E-01    2  -173.98766
    0.37000E-01    2  -173.92904
    0.43000E-01    2  -173.85791
    0.49000E-01    2  -173.77318
    0.55000E-01    2  -173.67360
    0.61000E-01    2  -173.55776
    0.67000E-01    2  -173.42397
    0.73000E-01    2  -173.27056
    0.79000E-01    2  -173.09565
    0.85000E-01    2  -172.89660
    0.91000E-01    2  -172.67073
    0.97000E-01    2  -172.41556
    0.10300        2  -172.12781
    0.10900        2  -171.80254
    0.11500        2  -171.43469
    0.12100        2  -171.01442
    0.12700        2  -170.53730
    0.13300        2  -170.01003
    0.13900        2  -169.42803
    0.14500        2  -168.78633
    0.15100        2  -168.07909
    0.15700        2  -167.29939
    0.16300        2  -166.44062
    0.16900        2  -165.49533
    0.17500        2  -164.45494
    0.18100        2  -163.30766
    0.18700        2  -162.03841
    0.19300        2  -160.63031
    0.19900        2  -159.05478
    0.20500        2  -157.32981
    0.21100        2  -155.44304
    0.21700        2  -153.38255
    0.29500        2   -48.57165
    0.44500        2    15.22324
    0.59500        2    37.94658
    0.74500        2    51.31431
    0.89500        2    59.47421
     1.0450        2    65.13491
     1.1950        2    69.29717
     1.3450        2    72.55130
     1.4950        2    75.21772
     1.6450        2    77.47164
     1.7950        2    79.41581
     1.9450        2    81.12155
     2.0950        2    82.62678
     2.2450        2    83.97389
     2.3950        2    85.19584
     2.5450        2    86.29717
     2.6950        2    87.28772
     2.8450        2    88.18941
     2.9950        2    89.01136
     3.1450        2    89.76832
     3.2950        2    90.46590
     3.4450        2    91.11145
     3.5950        2    91.71215
     3.7450        2    92.26983
     3.8950        2    92.79210
     4.0450        2    93.27878
     4.1950        2    93.73338
     4.3450        2    94.15841
     4.4950        2    94.55511
     4.6450        2    94.93009
     4.7950        2    95.27739
     4.9450        2    95.60175
     5.0950        2    95.89983
     5.2450        2    96.17480
     5.3950        2    96.42160
     5.5450        2    96.64654
     5.6950        2    96.85181
     5.8450        2    97.03360
     5.9950        2    97.19459
     6.1450        2    97.33836
     6.2950        2    97.46008
     6.4450        2    97.55933
     6.5950        2    97.64509
     6.7450        2    97.71839
     6.8950        2    97.78150
     7.0450        2    97.82982
     7.1950        2    97.86724
     7.3450        2    97.89982
     7.4950        2    97.92969
     7.6450        2    97.95429
     7.7950        2    97.97616
     7.9450        2    97.99365
     8.0950        2    98.01010
     8.2450        2    98.02458
     8.3950        2    98.03857
     8.5450        2    98.05181
     8.6950        2    98.06349
     8.8450        2    98.07491
     8.9950        2    98.08601
     9.1450        2    98.09658
     9.2950        2    98.10584
     9.4450        2    98.11562
     9.5950        2    98.12496
     9.7450        2    98.13325
     9.8950        2    98.14144
     10.045        2    98.14941
     10.195        2    98.15715
     10.345        2    98.16456
     10.495        2    98.17188
     10.645        2    98.17890
     10.795        2    98.18612
     10.945        2    98.19269
     11.095        2    98.19909
     11.245        2    98.20505
     11.395        2    98.21138
     11.545        2    98.21736
     11.695        2    98.22313
     11.845        2    98.22886
     11.995        2    98.23448
     12.145        2    98.23949
     12.295        2    98.24513
     12.445        2    98.25100
     12.595        2    98.25627
     12.745        2    98.26165
     12.895        2    98.26655
     13.045        2    98.27117
     13.195        2    98.27599
     13.345        2    98.28078
     13.495        2    98.28524
     13.645        2    98.28986
     13.795        2    98.29442
     13.945        2    98.29857
     14.095        2    98.30267
     14.245        2    98.30679
     14.395        2    98.31016
     14.545        2    98.31429
     14.695        2    98.31861
     14.845        2    98.32266
     14.995        2    98.32659
     15.145        2    98.33050
     15.295        2    98.33441
     15.445        2    98.33816
     15.595        2    98.34176
     15.745        2    98.34542
     15.895        2    98.34874
     16.045        2    98.35258
     16.195        2    98.35607
     16.345        2    98.35943
     16.495        2    98.36292
     16.645        2    98.36631
     16.795        2    98.36959
     16.945        2    98.37292
     17.095        2    98.37632
     17.245        2    98.37948
     17.395        2    98.38281
     17.545        2    98.38608
     17.695        2    98.38903
     17.845        2    98.39198
     17.995        2    98.39513
     18.145        2    98.39827
     18.295        2    98.40128
     18.445        2    98.40436
     18.595        2    98.40677
     18.745        2    98.40891
     18.895        2    98.41165
     19.045        2    98.41447
     19.195        2    98.41752
     19.345        2    98.42035
     19.495        2    98.42315
     19.645        2    98.42585
     19.795        2    98.42820
     19.945        2    98.43112
     20.095        2    98.43375
     21.836        2    98.50832
     30.068        2    98.61491
     42.097        2    98.71328
     58.937        2    98.80878
     82.515        2    98.90008
     115.53        2    98.98773
     161.74        2    99.07144
     226.45        2    99.15412
     317.04        2    99.23334
     443.87        2    99.31229
     621.44        2    99.38819
     870.05        2    99.46321
     1218.1        2    99.53619
     1705.4        2    99.60856
     2387.7        2    99.67923
     3342.9        2    99.74864
     4680.2        2    99.81324
     6552.5        2    99.87616
     9173.8        2    99.93522
     12844.        2    99.99169
     17982.        2   100.04830
     25176.        2   100.09719
     35247.        2   100.14566
     49348.        2   100.19084
     69090.        2   100.23225
     96729.        2   100.27081
    0.13543E+06    2   100.30775
    0.18960E+06    2   100.34290
    0.26545E+06    2   100.37303
    0.37165E+06    2   100.40128
    0.52033E+06    2   100.42860
    0.72849E+06    2   100.45355
    0.10199E+07    2   100.47664
    0.14279E+07    2   100.49808
    0.19992E+07    2   100.51703
    0.27990E+07    2   100.53380
    0.39187E+07    2   100.54931
    0.54864E+07    2   100.56436
    0.76812E+07    2   100.57802
    0.10754E+08    2   100.58982
    0.15056E+08    2   100.60021
    0.21080E+08    2   100.61020
    0.29513E+08    2   100.62001
    0.41319E+08    2   100.62851
    0.57849E+08    2   100.63729
    0.80991E+08    2   100.64496
    0.11339E+09    2   100.65206
    0.15875E+09    2   100.65814
    0.22226E+09    2   100.66292
    0.31118E+09    2   100.66750
    0.43567E+09    2   100.67143
    0.60996E+09    2   100.67553
    0.85398E+09    2   100.67913
    0.11956E+10    2   100.68221
    0.16739E+10    2   100.68502
    0.23436E+10    2   100.68861
    0.32811E+10    2   100.69135
    0.45937E+10    2   100.69433
    0.64315E+10    2   100.69662
    0.90044E+10    2   100.69807
    0.12607E+11    2   100.69985
    0.17650E+11    2   100.70152
    0.24711E+11    2   100.70333
    0.34596E+11    2   100.70467
    0.48437E+11    2   100.70613
    0.67814E+11    2   100.70750
    0.10000E+12    2   100.72159
    -29.945        3     0.00000
    -29.795        3     0.00000
    -29.645        3     0.00000
    -29.495        3     0.00000
    -29.345        3     0.00000
    -29.195        3     0.00000
    -29.045        3     0.00000
    -28.895        3     0.00000
    -28.745        3     0.00000
    -28.595        3     0.00000
    -28.445        3     0.00000
    -28.295        3     0.00000
    -28.145        3     0.00000
    -27.995        3     0.00000
    -27.845        3     0.00000
    -27.695        3     0.00000
    -27.545        3     0.00000
    -27.395        3     0.00000
    -27.245        3     0.00000
    -27.095        3     0.00000
    -26.945        3     0.00000
    -26.795        3     0.00000
    -26.645        3     0.00000
    -26.495        3     0.00000
    -26.345        3     0.00000
    -26.195        3     0.00000
    -26.045        3     0.00000
    -25.895        3     0.00000
    -25.745        3     0.00000
    -25.595        3     0.00000
    -25.445        3     0.00000
    -25.295        3     0.00000
    -25.145        3     0.00000
    -24.995        3     0.00000
    -24.845        3     0.00000
    -24.695        3     0.00000
    -24.545        3     0.00000
    -24.395        3     0.00000
    -24.245        3     0.00000
    -24.095        3     0.00000
    -23.945        3     0.00000
    -23.795        3     0.00000
    -23.645        3     0.00000
    -23.495        3     0.00000
    -23.345        3     0.00000
    -23.195        3     0.00000
    -23.045        3     0.00000
    -22.895        3     0.00000
    -22.745        3     0.00000
    -22.595        3     0.00000
    -22.445        3     0.00000
    -22.295        3     0.00000
    -22.145        3     0.00000
    -21.995        3     0.00000
    -21.845        3     0.00000
    -21.695        3     0.00000
    -21.545        3     0.00000
    -21.395        3     0.00000
    -21.245        3     0.00000
    -21.095        3     0.00000
    -20.945        3     0.00000
    -20.795        3     0.00000
    -20.645        3     0.00000
    -20.495        3     0.00000
    -20.345        3     0.00000
    -20.195        3     0.00000
    -20.045        3     0.00000
    -19.895        3     0.00000
    -19.745        3     0.00000
    -19.595        3     0.00000
    -19.445        3     0.00000
    -19.295        3     0.00000
    -19.145        3     0.00000
    -18.995        3     0.00000
    -18.845        3     0.00000
    -18.695        3     0.00000
    -18.545        3     0.00000
    -18.395        3     0.00000
    -18.245        3     0.00000
    -18.095        3     0.00000
    -17.945        3    -0.00000
    -17.795        3    -0.00000
    -17.645        3     0.00000
    -17.495        3     0.00001
    -17.345        3     0.00001
    -17.195        3     0.00001
    -17.045        3     0.00002
    -16.895        3     0.00002
    -16.745        3     0.00003
    -16.595        3     0.00005
    -16.445        3     0.00006
    -16.295        3     0.00008
    -16.145        3     0.00011
    -15.995        3     0.00013
    -15.845        3     0.00016
    -15.695        3     0.00019
    -15.545        3     0.00023
    -15.395        3     0.00025
    -15.245        3    -0.00028
    -15.095        3    -0.00572
    -14.945        3    -0.02547
    -14.795        3    -0.07199
    -14.645        3    -0.15891
    -14.495        3    -0.30083
    -14.345        3    -0.50273
    -14.195        3    -0.76133
    -14.045        3    -1.06876
    -13.895        3    -1.42290
    -13.745        3    -1.80729
    -13.595        3    -2.23690
    -13.445        3    -2.71102
    -13.295        3    -3.23832
    -13.145        3    -3.84384
    -12.995        3    -4.52165
    -12.845        3    -5.26217
    -12.695        3    -6.05958
    -12.545        3    -6.90415
    -12.395        3    -7.78175
    -12.245        3    -8.68461
    -12.095        3    -9.59260
    -11.945        3   -10.50517
    -11.795        3   -11.41730
    -11.645        3   -12.31364
    -11.495        3   -13.19505
    -11.345        3   -14.06917
    -11.195        3   -14.93575
    -11.045        3   -15.79334
    -10.895        3   -16.64182
    -10.745        3   -17.46825
    -10.595        3   -18.27957
    -10.445        3   -19.07349
    -10.295        3   -19.83943
    -10.145        3   -20.60597
    -9.9950        3   -21.35936
    -9.8450        3   -22.10571
    -9.6950        3   -22.84706
    -9.5450        3   -23.59177
    -9.3950        3   -24.35226
    -9.2450        3   -25.13250
    -9.0950        3   -25.93966
    -8.9450        3   -26.78311
    -8.7950        3   -27.66695
    -8.6450        3   -28.60530
    -8.4950        3   -29.58575
    -8.3450        3   -30.60375
    -8.1950        3   -31.65298
    -8.0450        3   -32.73615
    -7.8950        3   -33.84761
    -7.7450        3   -34.98758
    -7.5950        3   -36.14446
    -7.4450        3   -37.32033
    -7.2950        3   -38.51711
    -7.1450        3   -39.72645
    -6.9950        3   -40.94581
    -6.8450        3   -42.17766
    -6.6950        3   -43.43502
    -6.5450        3   -44.71767
    -6.3950        3   -46.02908
    -6.2450        3   -47.35731
    -6.0950        3   -48.71871
    -5.9450        3   -50.11246
    -5.7950        3   -51.53172
    -5.6450        3   -52.98319
    -5.4950        3   -54.46483
    -5.3450        3   -55.98276
    -5.1950        3   -57.55719
    -5.0450        3   -59.17629
    -4.8950        3   -60.84283
    -4.7450        3   -62.55581
    -4.5950        3   -64.30242
    -4.4450        3   -66.08982
    -4.2950        3   -67.91907
    -4.1450        3   -69.78501
    -3.9950        3   -71.68530
    -3.8450        3   -73.61587
    -3.6950        3   -75.57399
    -3.5450        3   -77.57461
    -3.3950        3   -79.62065
    -3.2450        3   -81.72490
    -3.0950        3   -83.90238
    -2.9450        3   -86.16836
    -2.7950        3   -88.53906
    -2.6450        3   -91.03388
    -2.4950        3   -93.69814
    -2.3450        3   -96.59721
    -2.1950        3   -99.82525
    -2.0450        3  -103.48038
    -1.8950        3  -107.62374
    -1.7450        3  -112.32995
    -1.5950        3  -117.67526
    -1.4450        3  -123.65531
    -1.2950        3  -130.21939
    -1.1450        3  -137.28518
   -0.99500        3  -144.76608
   -0.84500        3  -152.59802
   -0.69500        3  -160.77981
   -0.54500        3  -169.45743
   -0.39500        3  -179.20320
   -0.25300        3  -186.57193
   -0.21500        3  -187.07349
   -0.20900        3  -187.58268
   -0.20300        3  -188.09881
   -0.19700        3  -188.62270
   -0.19100        3  -189.15523
   -0.18500        3  -189.69588
   -0.17900        3  -190.24540
   -0.17300        3  -190.80483
   -0.16700        3  -191.37503
   -0.16100        3  -191.95558
   -0.15500        3  -192.54770
   -0.14900        3  -193.15316
   -0.14300        3  -193.77109
   -0.13700        3  -194.40335
   -0.13100        3  -195.05137
   -0.12500        3  -195.71720
   -0.11900        3  -196.40146
   -0.11300        3  -197.10676
   -0.10700        3  -197.83502
   -0.10100        3  -198.58881
   -0.95000E-01    3  -199.37015
   -0.89000E-01    3  -200.18347
   -0.83000E-01    3  -201.03188
   -0.77000E-01    3  -201.92221
   -0.71000E-01    3  -202.86014
   -0.65000E-01    3  -203.85355
   -0.59000E-01    3  -204.91357
   -0.53000E-01    3  -206.05576
   -0.47000E-01    3  -207.30021
   -0.41000E-01    3  -208.67703
   -0.35000E-01    3  -210.23464
   -0.29000E-01    3  -212.05181
   -0.23000E-01    3  -214.27574
   -0.19700E-01    3  -214.52707
   -0.19100E-01    3  -214.78570
   -0.18500E-01    3  -215.05223
   -0.17900E-01    3  -215.32723
   -0.17300E-01    3  -215.61161
   -0.16700E-01    3  -215.90599
   -0.16100E-01    3  -216.21120
   -0.15500E-01    3  -216.52852
   -0.14900E-01    3  -216.85889
   -0.14300E-01    3  -217.20447
   -0.13700E-01    3  -217.56619
   -0.13100E-01    3  -217.94552
   -0.12500E-01    3  -218.34409
   -0.11900E-01    3  -218.76349
   -0.11300E-01    3  -219.20573
   -0.10700E-01    3  -219.67305
   -0.10100E-01    3  -220.16772
   -0.95000E-02    3  -220.69218
   -0.89000E-02    3  -221.24816
   -0.83000E-02    3  -221.83820
   -0.77000E-02    3  -222.46457
   -0.71000E-02    3  -223.12944
   -0.65000E-02    3  -223.83422
   -0.59000E-02    3  -224.58141
   -0.53000E-02    3  -225.37492
   -0.47000E-02    3  -226.22157
   -0.41000E-02    3  -227.13580
   -0.35000E-02    3  -228.11188
   -0.29000E-02    3  -229.11293
   -0.23000E-02    3  -230.08771
   -0.17000E-02    3  -230.93005
   -0.11000E-02    3  -231.53433
   -0.50000E-03    3  -231.83994
    0.10000E-03    3  -231.80910
    0.70000E-03    3  -231.42792
    0.13000E-02    3  -230.73868
    0.19000E-02    3  -229.83853
    0.25000E-02    3  -228.84600
    0.31000E-02    3  -227.84907
    0.37000E-02    3  -226.88988
    0.43000E-02    3  -226.00018
    0.49000E-02    3  -225.17252
    0.55000E-02    3  -224.39521
    0.61000E-02    3  -223.66284
    0.67000E-02    3  -222.97195
    0.73000E-02    3  -222.32064
    0.79000E-02    3  -221.70706
    0.85000E-02    3  -221.12908
    0.91000E-02    3  -220.58405
    0.97000E-02    3  -220.07017
    0.10300E-01    3  -219.58506
    0.10900E-01    3  -219.12670
    0.11500E-01    3  -218.69252
    0.12100E-01    3  -218.28051
    0.12700E-01    3  -217.88892
    0.13300E-01    3  -217.51598
    0.13900E-01    3  -217.16016
    0.14500E-01    3  -216.82049
    0.15100E-01    3  -216.49497
    0.15700E-01    3  -216.18231
    0.16300E-01    3  -215.88129
    0.16900E-01    3  -215.59104
    0.17500E-01    3  -215.31056
    0.18100E-01    3  -215.03913
    0.18700E-01    3  -214.77598
    0.19300E-01    3  -214.52054
    0.20200E-01    3  -213.59210
    0.25000E-01    3  -211.54389
    0.31000E-01    3  -209.85045
    0.37000E-01    3  -208.39564
    0.43000E-01    3  -207.11360
    0.49000E-01    3  -205.96217
    0.55000E-01    3  -204.91535
    0.61000E-01    3  -203.95425
    0.67000E-01    3  -203.06667
    0.73000E-01    3  -202.24021
    0.79000E-01    3  -201.46716
    0.85000E-01    3  -200.74066
    0.91000E-01    3  -200.05560
    0.97000E-01    3  -199.40797
    0.10300        3  -198.79308
    0.10900        3  -198.20761
    0.11500        3  -197.64892
    0.12100        3  -197.11423
    0.12700        3  -196.60119
    0.13300        3  -196.10898
    0.13900        3  -195.63523
    0.14500        3  -195.17874
    0.15100        3  -194.73813
    0.15700        3  -194.31257
    0.16300        3  -193.90045
    0.16900        3  -193.50117
    0.17500        3  -193.11377
    0.18100        3  -192.73794
    0.18700        3  -192.37255
    0.19300        3  -192.01730
    0.19900        3  -191.67179
    0.20500        3  -191.33504
    0.21100        3  -191.00680
    0.21700        3  -190.68719
    0.29500        3  -184.34282
    0.44500        3  -180.35876
    0.59500        3  -177.36258
    0.74500        3  -174.84440
    0.89500        3  -172.60189
     1.0450        3  -170.54124
     1.1950        3  -168.61361
     1.3450        3  -166.79439
     1.4950        3  -165.06320
     1.6450        3  -163.40470
     1.7950        3  -161.80891
     1.9450        3  -160.26928
     2.0950        3  -158.77902
     2.2450        3  -157.33363
     2.3950        3  -155.92474
     2.5450        3  -154.55343
     2.6950        3  -153.20964
     2.8450        3  -151.89068
     2.9950        3  -150.59817
     3.1450        3  -149.32758
     3.2950        3  -148.07936
     3.4450        3  -146.85181
     3.5950        3  -145.63827
     3.7450        3  -144.44156
     3.8950        3  -143.25505
     4.0450        3  -142.07650
     4.1950        3  -140.90276
     4.3450        3  -139.73549
     4.4950        3  -138.56640
     4.6450        3  -137.40585
     4.7950        3  -136.24554
     4.9450        3  -135.08981
     5.0950        3  -133.93373
     5.2450        3  -132.77621
     5.3950        3  -131.62444
     5.5450        3  -130.46835
     5.6950        3  -129.31756
     5.8450        3  -128.17107
     5.9950        3  -127.03200
     6.1450        3  -125.89787
     6.2950        3  -124.77233
     6.4450        3  -123.64867
     6.5950        3  -122.52539
     6.7450        3  -121.41542
     6.8950        3  -120.31089
     7.0450        3  -119.21285
     7.1950        3  -118.11340
     7.3450        3  -117.01867
     7.4950        3  -115.93538
     7.6450        3  -114.86462
     7.7950        3  -113.81209
     7.9450        3  -112.78753
     8.0950        3  -111.79738
     8.2450        3  -110.85143
     8.3950        3  -109.94840
     8.5450        3  -109.10577
     8.6950        3  -108.32033
     8.8450        3  -107.61062
     8.9950        3  -106.96970
     9.1450        3  -106.40164
     9.2950        3  -105.90671
     9.4450        3  -105.46909
     9.5950        3  -105.08332
     9.7450        3  -104.74584
     9.8950        3  -104.44388
     10.045        3  -104.17005
     10.195        3  -103.92125
     10.345        3  -103.69563
     10.495        3  -103.48661
     10.645        3  -103.28688
     10.795        3  -103.10050
     10.945        3  -102.92316
     11.095        3  -102.75153
     11.245        3  -102.58352
     11.395        3  -102.42190
     11.545        3  -102.26408
     11.695        3  -102.10832
     11.845        3  -101.95533
     11.995        3  -101.80424
     12.145        3  -101.65506
     12.295        3  -101.50793
     12.445        3  -101.36336
     12.595        3  -101.22079
     12.745        3  -101.07964
     12.895        3  -100.94104
     13.045        3  -100.80342
     13.195        3  -100.66755
     13.345        3  -100.53320
     13.495        3  -100.39997
     13.645        3  -100.26842
     13.795        3  -100.13829
     13.945        3  -100.00983
     14.095        3   -99.88270
     14.245        3   -99.75606
     14.395        3   -99.63164
     14.545        3   -99.50769
     14.695        3   -99.38539
     14.845        3   -99.26408
     14.995        3   -99.14426
     15.145        3   -99.02559
     15.295        3   -98.90750
     15.445        3   -98.79129
     15.595        3   -98.67551
     15.745        3   -98.56080
     15.895        3   -98.44691
     16.045        3   -98.33478
     16.195        3   -98.22325
     16.345        3   -98.11283
     16.495        3   -98.00337
     16.645        3   -97.89461
     16.795        3   -97.78687
     16.945        3   -97.67962
     17.095        3   -97.57333
     17.245        3   -97.46790
     17.395        3   -97.36407
     17.545        3   -97.26089
     17.695        3   -97.15864
     17.845        3   -97.05726
     17.995        3   -96.95608
     18.145        3   -96.85568
     18.295        3   -96.75623
     18.445        3   -96.65756
     18.595        3   -96.55967
     18.745        3   -96.46246
     18.895        3   -96.36617
     19.045        3   -96.27040
     19.195        3   -96.17553
     19.345        3   -96.08119
     19.495        3   -95.98784
     19.645        3   -95.89543
     19.795        3   -95.80333
     19.945        3   -95.71184
     20.095        3   -95.62080
     21.836        3   -92.85081
     30.068        3   -88.71009
     42.097        3   -84.55046
     58.937        3   -80.36915
     82.515        3   -76.17372
     115.53        3   -71.98630
     161.74        3   -67.81836
     226.45        3   -63.67364
     317.04        3   -59.55186
     443.87        3   -55.45620
     621.44        3   -51.40413
     870.05        3   -47.39178
     1218.1        3   -43.39396
     1705.4        3   -39.42020
     2387.7        3   -35.48963
     3342.9        3   -31.64235
     4680.2        3   -27.89152
     6552.5        3   -24.22825
     9173.8        3   -20.65668
     12844.        3   -17.18832
     17982.        3   -13.82178
     25176.        3   -10.55932
     35247.        3    -7.42753
     49348.        3    -4.42522
     69090.        3    -1.55580
     96729.        3     1.18173
    0.13543E+06    3     3.79229
    0.18960E+06    3     6.27665
    0.26545E+06    3     8.64316
    0.37165E+06    3    10.89586
    0.52033E+06    3    13.03903
    0.72849E+06    3    15.07690
    0.10199E+07    3    17.01560
    0.14279E+07    3    18.85852
    0.19992E+07    3    20.61136
    0.27990E+07    3    22.27758
    0.39187E+07    3    23.86184
    0.54864E+07    3    25.36785
    0.76812E+07    3    26.79780
    0.10754E+08    3    28.15666
    0.15056E+08    3    29.44779
    0.21080E+08    3    30.67338
    0.29513E+08    3    31.83786
    0.41319E+08    3    32.93488
    0.57849E+08    3    33.95902
    0.80991E+08    3    34.90697
    0.11339E+09    3    35.78587
    0.15875E+09    3    36.60489
    0.22226E+09    3    37.36999
    0.31118E+09    3    38.08497
    0.43567E+09    3    38.75236
    0.60996E+09    3    39.36442
    0.85398E+09    3    39.91736
    0.11956E+10    3    40.42386
    0.16739E+10    3    40.88779
    0.23436E+10    3    41.31431
    0.32811E+10    3    41.70622
    0.45937E+10    3    42.06676
    0.64315E+10    3    42.39772
    0.90044E+10    3    42.70163
    0.12607E+11    3    42.98148
    0.17650E+11    3    43.23883
    0.24711E+11    3    43.47544
    0.34596E+11    3    43.69253
    0.48437E+11    3    43.89219
    0.67814E+11    3    44.07598
    0.10000E+12    3    46.17036
