    -29.945        1     0.00000
    -29.795        1     0.00000
    -29.645        1     0.00000
    -29.495        1     0.00000
    -29.345        1     0.00000
    -29.195        1     0.00000
    -29.045        1     0.00000
    -28.895        1     0.00000
    -28.745        1     0.00000
    -28.595        1     0.00000
    -28.445        1     0.00000
    -28.295        1     0.00000
    -28.145        1     0.00000
    -27.995        1     0.00000
    -27.845        1     0.00000
    -27.695        1     0.00000
    -27.545        1     0.00000
    -27.395        1     0.00000
    -27.245        1     0.00000
    -27.095        1     0.00000
    -26.945        1     0.00000
    -26.795        1     0.00000
    -26.645        1     0.00000
    -26.495        1     0.00000
    -26.345        1     0.00000
    -26.195        1     0.00000
    -26.045        1     0.00000
    -25.895        1     0.00000
    -25.745        1     0.00000
    -25.595        1     0.00000
    -25.445        1     0.00000
    -25.295        1     0.00000
    -25.145        1     0.00000
    -24.995        1     0.00000
    -24.845        1     0.00000
    -24.695        1     0.00000
    -24.545        1     0.00000
    -24.395        1     0.00000
    -24.245        1     0.00000
    -24.095        1     0.00000
    -23.945        1     0.00000
    -23.795        1     0.00000
    -23.645        1     0.00000
    -23.495        1     0.00000
    -23.345        1     0.00000
    -23.195        1     0.00000
    -23.045        1     0.00000
    -22.895        1     0.00000
    -22.745        1     0.00000
    -22.595        1     0.00000
    -22.445        1     0.00000
    -22.295        1     0.00000
    -22.145        1     0.00000
    -21.995        1     0.00000
    -21.845        1     0.00000
    -21.695        1     0.00000
    -21.545        1     0.00000
    -21.395        1     0.00000
    -21.245        1     0.00000
    -21.095        1     0.00000
    -20.945        1     0.00000
    -20.795        1     0.00000
    -20.645        1     0.00000
    -20.495        1     0.00000
    -20.345        1     0.00000
    -20.195        1     0.00000
    -20.045        1     0.00000
    -19.895        1     0.00000
    -19.745        1     0.00000
    -19.595        1     0.00000
    -19.445        1     0.00000
    -19.295        1     0.00000
    -19.145        1     0.00000
    -18.995        1     0.00000
    -18.845        1     0.00000
    -18.695        1     0.00000
    -18.545        1     0.00000
    -18.395        1     0.00000
    -18.245        1     0.00000
    -18.095        1     0.00000
    -17.945        1     0.00000
    -17.795        1     0.00000
    -17.645        1     0.00000
    -17.495        1     0.00000
    -17.345        1     0.00000
    -17.195        1     0.00000
    -17.045        1     0.00000
    -16.895        1     0.00000
    -16.745        1     0.00000
    -16.595        1     0.00000
    -16.445        1     0.00000
    -16.295        1     0.00000
    -16.145        1     0.00000
    -15.995        1     0.00000
    -15.845        1     0.00000
    -15.695        1     0.00000
    -15.545        1     0.00000
    -15.395        1     0.00000
    -15.245        1     0.00000
    -15.095        1     0.00000
    -14.945        1     0.00000
    -14.795        1     0.00000
    -14.645        1     0.00000
    -14.495        1     0.00000
    -14.345        1     0.00000
    -14.195        1     0.00000
    -14.045        1     0.00000
    -13.895        1     0.00000
    -13.745        1     0.00000
    -13.595        1     0.00000
    -13.445        1     0.00000
    -13.295        1     0.00000
    -13.145        1     0.00000
    -12.995        1     0.00000
    -12.845        1     0.00000
    -12.695        1     0.00000
    -12.545        1     0.00000
    -12.395        1     0.00000
    -12.245        1     0.00000
    -12.095        1     0.00000
    -11.945        1     0.00000
    -11.795        1     0.00000
    -11.645        1     0.00000
    -11.495        1     0.00000
    -11.345        1     0.00000
    -11.195        1     0.00000
    -11.045        1     0.00000
    -10.895        1     0.00000
    -10.745        1     0.00000
    -10.595        1     0.00000
    -10.445        1     0.00000
    -10.295        1     0.00000
    -10.145        1     0.00000
    -9.9950        1     0.00000
    -9.8450        1     0.00000
    -9.6950        1     0.00000
    -9.5450        1    -0.00013
    -9.3950        1    -0.00619
    -9.2450        1    -0.01848
    -9.0950        1    -0.03414
    -8.9450        1    -0.05199
    -8.7950        1    -0.07261
    -8.6450        1    -0.09635
    -8.4950        1    -0.12191
    -8.3450        1    -0.15053
    -8.1950        1    -0.18060
    -8.0450        1    -0.21299
    -7.8950        1    -0.24591
    -7.7450        1    -0.28270
    -7.5950        1    -0.32160
    -7.4450        1    -0.36293
    -7.2950        1    -0.40713
    -7.1450        1    -0.45399
    -6.9950        1    -0.50353
    -6.8450        1    -0.55603
    -6.6950        1    -0.61045
    -6.5450        1    -0.66796
    -6.3950        1    -0.73649
    -6.2450        1    -0.82566
    -6.0950        1    -0.94415
    -5.9450        1    -1.09995
    -5.7950        1    -1.29230
    -5.6450        1    -1.54164
    -5.4950        1    -1.82117
    -5.3450        1    -2.11228
    -5.1950        1    -2.42426
    -5.0450        1    -2.74483
    -4.8950        1    -3.07935
    -4.7450        1    -3.42818
    -4.5950        1    -3.78893
    -4.4450        1    -4.16864
    -4.2950        1    -4.57577
    -4.1450        1    -5.00561
    -3.9950        1    -5.46603
    -3.8450        1    -5.95564
    -3.6950        1    -6.50139
    -3.5450        1    -7.13399
    -3.3950        1    -7.82598
    -3.2450        1    -8.58477
    -3.0950        1    -9.41413
    -2.9450        1   -10.32261
    -2.7950        1   -11.29242
    -2.6450        1   -12.31575
    -2.4950        1   -13.39897
    -2.3450        1   -14.55370
    -2.1950        1   -15.82245
    -2.0450        1   -17.20456
    -1.8950        1   -18.71979
    -1.7450        1   -20.40527
    -1.5950        1   -22.32610
    -1.4450        1   -24.56195
    -1.2950        1   -27.27077
    -1.1450        1   -30.70628
   -0.99500        1   -35.39914
   -0.84500        1   -42.72495
   -0.69500        1   -58.06558
   -0.54500        1   -95.10557
   -0.39500        1  -250.78449
   -0.25300        1  -292.75047
   -0.21500        1  -293.70338
   -0.20900        1  -294.56936
   -0.20300        1  -295.35851
   -0.19700        1  -296.07755
   -0.19100        1  -296.73502
   -0.18500        1  -297.33441
   -0.17900        1  -297.88222
   -0.17300        1  -298.38248
   -0.16700        1  -298.83999
   -0.16100        1  -299.25481
   -0.15500        1  -299.62001
   -0.14900        1  -299.94507
   -0.14300        1  -300.23615
   -0.13700        1  -300.49752
   -0.13100        1  -300.73239
   -0.12500        1  -300.94372
   -0.11900        1  -301.13338
   -0.11300        1  -301.30369
   -0.10700        1  -301.45632
   -0.10100        1  -301.59279
   -0.95000E-01    1  -301.71494
   -0.89000E-01    1  -301.82360
   -0.83000E-01    1  -301.92034
   -0.77000E-01    1  -302.00604
   -0.71000E-01    1  -302.08158
   -0.65000E-01    1  -302.14783
   -0.59000E-01    1  -302.20539
   -0.53000E-01    1  -302.25491
   -0.47000E-01    1  -302.29708
   -0.41000E-01    1  -302.33244
   -0.35000E-01    1  -302.36136
   -0.29000E-01    1  -302.38448
   -0.23000E-01    1  -302.40213
   -0.19700E-01    1  -302.40361
   -0.19100E-01    1  -302.40505
   -0.18500E-01    1  -302.40643
   -0.17900E-01    1  -302.40776
   -0.17300E-01    1  -302.40903
   -0.16700E-01    1  -302.41026
   -0.16100E-01    1  -302.41145
   -0.15500E-01    1  -302.41259
   -0.14900E-01    1  -302.41368
   -0.14300E-01    1  -302.41472
   -0.13700E-01    1  -302.41572
   -0.13100E-01    1  -302.41667
   -0.12500E-01    1  -302.41757
   -0.11900E-01    1  -302.41842
   -0.11300E-01    1  -302.41923
   -0.10700E-01    1  -302.41999
   -0.10100E-01    1  -302.42071
   -0.95000E-02    1  -302.42138
   -0.89000E-02    1  -302.42200
   -0.83000E-02    1  -302.42259
   -0.77000E-02    1  -302.42312
   -0.71000E-02    1  -302.42362
   -0.65000E-02    1  -302.42407
   -0.59000E-02    1  -302.42448
   -0.53000E-02    1  -302.42485
   -0.47000E-02    1  -302.42517
   -0.41000E-02    1  -302.42545
   -0.35000E-02    1  -302.42569
   -0.29000E-02    1  -302.42589
   -0.23000E-02    1  -302.42604
   -0.17000E-02    1  -302.42616
   -0.11000E-02    1  -302.42623
   -0.50000E-03    1  -302.42627
    0.10000E-03    1  -302.42626
    0.70000E-03    1  -302.42621
    0.13000E-02    1  -302.42613
    0.19000E-02    1  -302.42600
    0.25000E-02    1  -302.42584
    0.31000E-02    1  -302.42563
    0.37000E-02    1  -302.42539
    0.43000E-02    1  -302.42511
    0.49000E-02    1  -302.42479
    0.55000E-02    1  -302.42443
    0.61000E-02    1  -302.42404
    0.67000E-02    1  -302.42361
    0.73000E-02    1  -302.42313
    0.79000E-02    1  -302.42263
    0.85000E-02    1  -302.42208
    0.91000E-02    1  -302.42150
    0.97000E-02    1  -302.42089
    0.10300E-01    1  -302.42024
    0.10900E-01    1  -302.41956
    0.11500E-01    1  -302.41883
    0.12100E-01    1  -302.41807
    0.12700E-01    1  -302.41728
    0.13300E-01    1  -302.41645
    0.13900E-01    1  -302.41559
    0.14500E-01    1  -302.41470
    0.15100E-01    1  -302.41376
    0.15700E-01    1  -302.41280
    0.16300E-01    1  -302.41180
    0.16900E-01    1  -302.41077
    0.17500E-01    1  -302.40971
    0.18100E-01    1  -302.40861
    0.18700E-01    1  -302.40748
    0.19300E-01    1  -302.40633
    0.20200E-01    1  -302.40149
    0.25000E-01    1  -302.38687
    0.31000E-01    1  -302.36926
    0.37000E-01    1  -302.34887
    0.43000E-01    1  -302.32592
    0.49000E-01    1  -302.30064
    0.55000E-01    1  -302.27309
    0.61000E-01    1  -302.24344
    0.67000E-01    1  -302.21170
    0.73000E-01    1  -302.17821
    0.79000E-01    1  -302.14281
    0.85000E-01    1  -302.10587
    0.91000E-01    1  -302.06746
    0.97000E-01    1  -302.02756
    0.10300        1  -301.98629
    0.10900        1  -301.94375
    0.11500        1  -301.89999
    0.12100        1  -301.85512
    0.12700        1  -301.80913
    0.13300        1  -301.76215
    0.13900        1  -301.71421
    0.14500        1  -301.66535
    0.15100        1  -301.61576
    0.15700        1  -301.56530
    0.16300        1  -301.51425
    0.16900        1  -301.46220
    0.17500        1  -301.40968
    0.18100        1  -301.35653
    0.18700        1  -301.30267
    0.19300        1  -301.24837
    0.19900        1  -301.19365
    0.20500        1  -301.13843
    0.21100        1  -301.08297
    0.21700        1  -301.02702
    0.29500        1  -299.53038
    0.44500        1  -298.02705
    0.59500        1  -296.59120
    0.74500        1  -295.23621
    0.89500        1  -293.96084
     1.0450        1  -292.76521
     1.1950        1  -291.63963
     1.3450        1  -290.57543
     1.4950        1  -289.56721
     1.6450        1  -288.61210
     1.7950        1  -287.70285
     1.9450        1  -286.83710
     2.0950        1  -286.00863
     2.2450        1  -285.21368
     2.3950        1  -284.44871
     2.5450        1  -283.71154
     2.6950        1  -283.00056
     2.8450        1  -282.31056
     2.9950        1  -281.64417
     3.1450        1  -280.99621
     3.2950        1  -280.36666
     3.4450        1  -279.75028
     3.5950        1  -279.15613
     3.7450        1  -278.59398
     3.8950        1  -278.05562
     4.0450        1  -277.53429
     4.1950        1  -277.03065
     4.3450        1  -276.54040
     4.4950        1  -276.06491
     4.6450        1  -275.60028
     4.7950        1  -275.14874
     4.9450        1  -274.70726
     5.0950        1  -274.27501
     5.2450        1  -273.85176
     5.3950        1  -273.43901
     5.5450        1  -273.03441
     5.6950        1  -272.63758
     5.8450        1  -272.24790
     5.9950        1  -271.86454
     6.1450        1  -271.48759
     6.2950        1  -271.11735
     6.4450        1  -270.75268
     6.5950        1  -270.39168
     6.7450        1  -270.03704
     6.8950        1  -269.68684
     7.0450        1  -269.34289
     7.1950        1  -269.00200
     7.3450        1  -268.66569
     7.4950        1  -268.33241
     7.6450        1  -268.00457
     7.7950        1  -267.67939
     7.9450        1  -267.35928
     8.0950        1  -267.04175
     8.2450        1  -266.72704
     8.3950        1  -266.41550
     8.5450        1  -266.10582
     8.6950        1  -265.80029
     8.8450        1  -265.49605
     8.9950        1  -265.19616
     9.1450        1  -264.89798
     9.2950        1  -264.60229
     9.4450        1  -264.31048
     9.5950        1  -264.02009
     9.7450        1  -263.73196
     9.8950        1  -263.44645
     10.045        1  -263.16167
     10.195        1  -262.88032
     10.345        1  -262.60396
     10.495        1  -262.32573
     10.645        1  -262.05060
     10.795        1  -261.77601
     10.945        1  -261.50265
     11.095        1  -261.23129
     11.245        1  -260.95924
     11.395        1  -260.69124
     11.545        1  -260.42419
     11.695        1  -260.15797
     11.845        1  -259.89483
     11.995        1  -259.63120
     12.145        1  -259.37046
     12.295        1  -259.10913
     12.445        1  -258.84865
     12.595        1  -258.59102
     12.745        1  -258.33574
     12.895        1  -258.08119
     13.045        1  -257.82682
     13.195        1  -257.57499
     13.345        1  -257.32661
     13.495        1  -257.07932
     13.645        1  -256.83574
     13.795        1  -256.59044
     13.945        1  -256.34648
     14.095        1  -256.10601
     14.245        1  -255.86557
     14.395        1  -255.62833
     14.545        1  -255.39236
     14.695        1  -255.15629
     14.845        1  -254.91972
     14.995        1  -254.68626
     15.145        1  -254.45553
     15.295        1  -254.22220
     15.445        1  -253.99453
     15.595        1  -253.76607
     15.745        1  -253.53990
     15.895        1  -253.31146
     16.045        1  -253.08415
     16.195        1  -252.86196
     16.345        1  -252.64025
     16.495        1  -252.41921
     16.645        1  -252.19735
     16.795        1  -251.97568
     16.945        1  -251.76047
     17.095        1  -251.54028
     17.245        1  -251.32165
     17.395        1  -251.10756
     17.545        1  -250.89807
     17.695        1  -250.68595
     17.845        1  -250.47541
     17.995        1  -250.26645
     18.145        1  -250.05427
     18.295        1  -249.84375
     18.445        1  -249.64066
     18.595        1  -249.43507
     18.745        1  -249.22751
     18.895        1  -249.02766
     19.045        1  -248.82335
     19.195        1  -248.61985
     19.345        1  -248.41912
     19.495        1  -248.22308
     19.645        1  -248.02387
     19.795        1  -247.82516
     19.945        1  -247.62716
     20.095        1  -247.43177
     20.245        1  -247.23749
     20.395        1  -247.04193
     20.545        1  -246.85215
     20.695        1  -246.65908
     20.845        1  -246.46990
     20.995        1  -246.28457
     21.145        1  -246.09876
     21.295        1  -245.91050
     21.445        1  -245.72517
     21.595        1  -245.53972
     21.745        1  -245.35750
     21.895        1  -245.17767
     22.045        1  -245.00358
     22.195        1  -244.82793
     22.345        1  -244.65266
     22.495        1  -244.48107
     22.645        1  -244.31493
     22.795        1  -244.14835
     22.945        1  -243.98218
     23.095        1  -243.82815
     23.245        1  -243.67604
     23.395        1  -243.53061
     23.545        1  -243.38843
     23.695        1  -243.24491
     23.845        1  -243.10053
     23.995        1  -242.95806
     24.145        1  -242.82867
     24.295        1  -242.69477
     24.445        1  -242.56628
     24.595        1  -242.44069
     24.745        1  -242.32302
     24.895        1  -242.19956
     25.045        1  -242.08558
     25.195        1  -241.96965
     25.345        1  -241.86299
     25.495        1  -241.75455
     25.645        1  -241.65309
     25.795        1  -241.55550
     25.945        1  -241.45971
     26.095        1  -241.35986
     26.245        1  -241.26196
     26.395        1  -241.16799
     26.545        1  -241.07671
     26.695        1  -240.98206
     26.845        1  -240.89561
     26.995        1  -240.81103
     27.145        1  -240.72794
     27.295        1  -240.65117
     27.445        1  -240.56489
     27.595        1  -240.48205
     27.745        1  -240.40476
     27.895        1  -240.32771
     28.045        1  -240.24613
     28.195        1  -240.16472
     28.345        1  -240.08327
     28.495        1  -240.01004
     28.645        1  -239.93604
     28.795        1  -239.85947
     28.945        1  -239.77675
     29.095        1  -239.69989
     29.245        1  -239.62843
     29.395        1  -239.55620
     29.545        1  -239.48071
     29.695        1  -239.40861
     29.845        1  -239.32967
     29.995        1  -239.25826
     30.145        1  -239.18272
     30.295        1  -239.11670
     30.445        1  -239.03673
     30.595        1  -238.97040
     30.745        1  -238.89729
     30.895        1  -238.83262
     31.045        1  -238.76936
     31.195        1  -238.71079
     31.345        1  -238.64528
     31.495        1  -238.58323
     31.645        1  -238.51368
     31.795        1  -238.44490
     31.945        1  -238.38069
     32.095        1  -238.31436
     32.245        1  -238.24906
     32.395        1  -238.19119
     32.545        1  -238.12813
     32.695        1  -238.07626
     32.845        1  -238.02218
     32.995        1  -237.96830
     33.145        1  -237.91542
     33.295        1  -237.85826
     33.445        1  -237.80452
     33.595        1  -237.74911
     33.745        1  -237.70130
     33.895        1  -237.64822
     34.045        1  -237.60007
     34.195        1  -237.54920
     34.345        1  -237.50286
     34.495        1  -237.46194
     34.645        1  -237.41356
     34.795        1  -237.36623
     34.945        1  -237.32493
     35.095        1  -237.28377
     35.245        1  -237.24170
     35.395        1  -237.20000
     35.545        1  -237.16303
     35.695        1  -237.12820
     35.845        1  -237.09712
     35.995        1  -237.06641
     36.145        1  -237.03584
     36.295        1  -237.00758
     36.445        1  -236.97583
     36.595        1  -236.94628
     36.745        1  -236.91708
     36.895        1  -236.88821
     37.045        1  -236.86100
     37.195        1  -236.83481
     37.345        1  -236.80387
     37.495        1  -236.77687
     37.645        1  -236.74260
     37.795        1  -236.70946
     37.945        1  -236.68116
     38.095        1  -236.64796
     38.245        1  -236.61758
     38.395        1  -236.58546
     38.545        1  -236.55568
     38.695        1  -236.52054
     38.845        1  -236.48940
     38.995        1  -236.45360
     39.145        1  -236.41847
     39.295        1  -236.37949
     39.445        1  -236.34420
     39.595        1  -236.30753
     39.745        1  -236.26807
     39.895        1  -236.23115
     40.045        1  -236.19552
     40.195        1  -236.15863
     40.345        1  -236.11989
     40.495        1  -236.07852
     40.645        1  -236.04250
     40.795        1  -236.00438
     40.945        1  -235.96728
     41.095        1  -235.92990
     41.245        1  -235.89346
     41.395        1  -235.85498
     41.545        1  -235.81845
     41.695        1  -235.78068
     41.845        1  -235.74398
     41.995        1  -235.70651
     42.145        1  -235.66954
     42.295        1  -235.63280
     42.445        1  -235.59602
     42.595        1  -235.55995
     42.745        1  -235.52250
     42.895        1  -235.48671
     43.045        1  -235.45160
     43.195        1  -235.41572
     43.345        1  -235.38013
     43.495        1  -235.34521
     43.645        1  -235.31057
     43.795        1  -235.27602
     43.945        1  -235.24149
     44.095        1  -235.20716
     44.245        1  -235.17256
     44.395        1  -235.13826
     44.545        1  -235.10419
     44.695        1  -235.07011
     44.845        1  -235.03600
     44.995        1  -235.00122
     45.145        1  -234.96756
     45.295        1  -234.93379
     45.445        1  -234.90039
     45.595        1  -234.86683
     45.745        1  -234.83340
     45.895        1  -234.79923
     46.045        1  -234.76627
     46.195        1  -234.73341
     46.345        1  -234.69978
     46.495        1  -234.66687
     46.645        1  -234.63412
     46.795        1  -234.60115
     46.945        1  -234.56860
     47.095        1  -234.53661
     47.245        1  -234.50595
     47.395        1  -234.47369
     47.545        1  -234.44220
     47.695        1  -234.41090
     47.845        1  -234.37905
     47.995        1  -234.34811
     48.145        1  -234.31961
     48.295        1  -234.29034
     48.445        1  -234.26161
     48.595        1  -234.23232
     48.745        1  -234.20537
     48.895        1  -234.17807
     49.045        1  -234.15204
     49.195        1  -234.12550
     49.345        1  -234.10014
     49.495        1  -234.07459
     49.645        1  -234.04866
     49.795        1  -234.02441
     49.945        1  -234.00062
     50.095        1  -233.97693
     50.245        1  -233.95567
     50.395        1  -233.93435
     50.545        1  -233.91321
     50.695        1  -233.89377
     50.845        1  -233.87479
     50.995        1  -233.85704
     51.145        1  -233.83993
     51.295        1  -233.82046
     51.445        1  -233.80773
     51.595        1  -233.79313
     51.745        1  -233.78011
     51.895        1  -233.76453
     52.045        1  -233.75289
     52.195        1  -233.73886
     52.345        1  -233.72857
     52.495        1  -233.71808
     52.645        1  -233.70866
     52.795        1  -233.69901
     52.945        1  -233.69112
     53.095        1  -233.68204
     53.245        1  -233.67366
     53.395        1  -233.66581
     53.545        1  -233.65709
     53.695        1  -233.65063
     53.845        1  -233.64227
     53.995        1  -233.63661
     54.145        1  -233.63097
     54.295        1  -233.62435
     54.445        1  -233.61718
     54.595        1  -233.60810
     54.745        1  -233.60172
     54.895        1  -233.59540
     55.045        1  -233.58901
     55.195        1  -233.58345
     55.345        1  -233.57704
     55.495        1  -233.57068
     55.645        1  -233.56520
     55.795        1  -233.55979
     55.945        1  -233.55436
     56.095        1  -233.54896
     56.245        1  -233.54362
     56.395        1  -233.53838
     56.545        1  -233.53310
     56.695        1  -233.52778
     56.845        1  -233.52248
     56.995        1  -233.51721
     57.145        1  -233.51207
     57.295        1  -233.50683
     57.445        1  -233.50167
     57.595        1  -233.49659
     57.745        1  -233.49155
     57.895        1  -233.48647
     58.045        1  -233.48132
     58.195        1  -233.47620
     58.345        1  -233.47107
     58.495        1  -233.46594
     58.645        1  -233.46071
     58.795        1  -233.45562
     58.945        1  -233.45068
     59.095        1  -233.44573
     59.245        1  -233.44072
     59.395        1  -233.43563
     59.545        1  -233.43052
     59.695        1  -233.42567
     59.845        1  -233.42078
     59.995        1  -233.41579
     60.145        1  -233.41092
     60.295        1  -233.40589
     60.445        1  -233.40105
     60.595        1  -233.39622
     60.745        1  -233.39137
     60.895        1  -233.38658
     61.045        1  -233.38167
     61.195        1  -233.37675
     61.345        1  -233.37196
     61.495        1  -233.36714
     61.645        1  -233.36237
     61.795        1  -233.35759
     61.945        1  -233.35279
     62.095        1  -233.34801
     62.245        1  -233.34323
     62.395        1  -233.33860
     62.545        1  -233.33373
     62.695        1  -233.32905
     62.845        1  -233.32432
     62.995        1  -233.31962
     63.145        1  -233.31491
     63.295        1  -233.31023
     63.445        1  -233.30560
     63.595        1  -233.30095
     63.745        1  -233.29625
     63.895        1  -233.29163
     64.045        1  -233.28693
     64.195        1  -233.28229
     64.345        1  -233.27773
     64.495        1  -233.27308
     64.645        1  -233.26843
     64.795        1  -233.26382
     64.945        1  -233.25917
     65.095        1  -233.25456
     70.156        1  -232.84305
     94.967        1  -232.27195
     130.63        1  -231.73663
     179.69        1  -231.22535
     247.17        1  -230.73240
     340.00        1  -230.25572
     467.69        1  -229.79406
     643.33        1  -229.34678
     884.93        1  -228.91162
     1217.3        1  -228.48546
     1674.4        1  -228.06905
     2303.2        1  -227.65949
     3168.2        1  -227.25757
     4358.0        1  -226.86431
     5994.7        1  -226.47901
     8246.0        1  -226.10002
     11343.        1  -225.73008
     15603.        1  -225.36933
     21462.        1  -225.01833
     29522.        1  -224.67692
     40609.        1  -224.34441
     55860.        1  -224.02179
     76839.        1  -223.70761
    0.10570E+06    1  -223.40337
    0.14539E+06    1  -223.10738
    0.19999E+06    1  -222.82144
    0.27510E+06    1  -222.54568
    0.37841E+06    1  -222.27995
    0.52052E+06    1  -222.02532
    0.71601E+06    1  -221.78167
    0.98490E+06    1  -221.54968
    0.13548E+07    1  -221.32816
    0.18636E+07    1  -221.11697
    0.25634E+07    1  -220.91546
    0.35262E+07    1  -220.72353
    0.48504E+07    1  -220.54037
    0.66720E+07    1  -220.36585
    0.91776E+07    1  -220.19965
    0.12624E+08    1  -220.04100
    0.17365E+08    1  -219.89024
    0.23887E+08    1  -219.74651
    0.32858E+08    1  -219.60959
    0.45197E+08    1  -219.47915
    0.62171E+08    1  -219.35480
    0.85520E+08    1  -219.23683
    0.11764E+09    1  -219.12423
    0.16182E+09    1  -219.01706
    0.22259E+09    1  -218.91576
    0.30618E+09    1  -218.82033
    0.42116E+09    1  -218.73114
    0.57933E+09    1  -218.64814
    0.79690E+09    1  -218.57076
    0.10962E+10    1  -218.49840
    0.15078E+10    1  -218.43071
    0.20741E+10    1  -218.36712
    0.28531E+10    1  -218.30765
    0.39245E+10    1  -218.25243
    0.53984E+10    1  -218.20220
    0.74258E+10    1  -218.15624
    0.10215E+11    1  -218.11378
    0.14051E+11    1  -218.07478
    0.19327E+11    1  -218.03877
    0.26586E+11    1  -218.00555
    0.36570E+11    1  -217.97494
    0.50304E+11    1  -217.94653
    0.69195E+11    1  -217.92034
    0.10000E+12    1  -217.60513
    -149.95        2     0.00000
    -149.79        2     0.00000
    -149.65        2     0.00000
    -149.49        2     0.00000
    -149.34        2     0.00000
    -149.20        2     0.00000
    -149.04        2     0.00000
    -148.90        2     0.00000
    -148.74        2     0.00000
    -148.59        2     0.00000
    -148.45        2     0.00000
    -148.29        2     0.00000
    -148.15        2     0.00000
    -147.99        2     0.00000
    -147.84        2     0.00000
    -147.70        2     0.00000
    -147.54        2     0.00000
    -147.40        2     0.00000
    -147.24        2     0.00000
    -147.09        2     0.00000
    -146.95        2     0.00000
    -146.79        2     0.00000
    -146.65        2     0.00000
    -146.49        2     0.00000
    -146.34        2     0.00000
    -146.20        2     0.00000
    -146.04        2     0.00000
    -145.90        2     0.00000
    -145.74        2     0.00000
    -145.59        2     0.00000
    -145.45        2     0.00000
    -145.29        2     0.00000
    -145.15        2     0.00000
    -144.99        2     0.00000
    -144.84        2     0.00000
    -144.70        2     0.00000
    -144.54        2     0.00000
    -144.40        2     0.00000
    -144.24        2     0.00000
    -144.09        2     0.00000
    -143.95        2     0.00000
    -143.79        2     0.00000
    -143.65        2     0.00000
    -143.49        2     0.00000
    -143.34        2     0.00000
    -143.20        2     0.00000
    -143.04        2     0.00000
    -142.90        2     0.00000
    -142.74        2     0.00000
    -142.59        2     0.00000
    -142.45        2     0.00000
    -142.29        2     0.00000
    -142.15        2     0.00000
    -141.99        2     0.00000
    -141.84        2     0.00000
    -141.70        2     0.00000
    -141.54        2     0.00000
    -141.40        2     0.00000
    -141.24        2     0.00000
    -141.09        2     0.00000
    -140.95        2     0.00000
    -140.79        2     0.00000
    -140.65        2     0.00000
    -140.49        2     0.00000
    -140.34        2     0.00000
    -140.20        2     0.00000
    -140.04        2     0.00000
    -139.90        2     0.00000
    -139.74        2     0.00000
    -139.59        2     0.00000
    -139.45        2     0.00000
    -139.29        2     0.00000
    -139.15        2     0.00000
    -138.99        2     0.00000
    -138.84        2     0.00000
    -138.70        2     0.00000
    -138.54        2     0.00000
    -138.40        2     0.00000
    -138.24        2     0.00000
    -138.09        2     0.00000
    -137.95        2     0.00000
    -137.79        2     0.00000
    -137.65        2     0.00000
    -137.49        2     0.00000
    -137.34        2     0.00000
    -137.20        2     0.00000
    -137.04        2     0.00000
    -136.90        2     0.00000
    -136.74        2     0.00000
    -136.59        2     0.00000
    -136.45        2     0.00000
    -136.29        2     0.00000
    -136.15        2     0.00000
    -135.99        2     0.00000
    -135.84        2     0.00000
    -135.70        2     0.00000
    -135.54        2     0.00000
    -135.40        2     0.00000
    -135.24        2     0.00000
    -135.09        2     0.00000
    -134.95        2     0.00000
    -134.79        2     0.00000
    -134.65        2     0.00000
    -134.49        2     0.00000
    -134.34        2     0.00000
    -134.20        2     0.00000
    -134.04        2     0.00000
    -133.90        2     0.00000
    -133.74        2     0.00000
    -133.59        2     0.00000
    -133.45        2     0.00000
    -133.29        2     0.00000
    -133.15        2     0.00000
    -132.99        2     0.00000
    -132.84        2     0.00000
    -132.70        2     0.00000
    -132.54        2     0.00000
    -132.40        2     0.00000
    -132.24        2     0.00000
    -132.09        2     0.00000
    -131.95        2     0.00000
    -131.79        2     0.00000
    -131.65        2     0.00000
    -131.49        2     0.00000
    -131.34        2     0.00000
    -131.20        2     0.00000
    -131.04        2     0.00000
    -130.90        2     0.00000
    -130.74        2     0.00000
    -130.59        2     0.00000
    -130.45        2     0.00000
    -130.29        2     0.00000
    -130.15        2     0.00000
    -129.99        2     0.00000
    -129.84        2     0.00000
    -129.70        2     0.00000
    -129.54        2     0.00000
    -129.40        2     0.00000
    -129.24        2     0.00000
    -129.09        2     0.00000
    -128.95        2     0.00000
    -128.79        2     0.00000
    -128.65        2     0.00000
    -128.49        2     0.00000
    -128.34        2     0.00000
    -128.20        2     0.00000
    -128.04        2     0.00000
    -127.89        2     0.00000
    -127.75        2     0.00000
    -127.60        2     0.00000
    -127.44        2     0.00000
    -127.30        2     0.00000
    -127.14        2     0.00000
    -127.00        2     0.00000
    -126.85        2     0.00000
    -126.69        2     0.00000
    -126.55        2     0.00000
    -126.39        2     0.00000
    -126.25        2     0.00000
    -126.10        2     0.00000
    -125.94        2     0.00000
    -125.80        2     0.00000
    -125.64        2     0.00000
    -125.50        2     0.00000
    -125.35        2     0.00000
    -125.19        2     0.00000
    -125.05        2     0.00000
    -124.89        2     0.00000
    -124.75        2     0.00000
    -124.60        2     0.00000
    -124.44        2     0.00000
    -124.30        2     0.00000
    -124.14        2     0.00000
    -124.00        2     0.00000
    -123.85        2     0.00000
    -123.69        2     0.00000
    -123.55        2     0.00000
    -123.39        2     0.00000
    -123.25        2     0.00000
    -123.10        2     0.00000
    -122.94        2     0.00000
    -122.80        2     0.00000
    -122.64        2     0.00000
    -122.50        2     0.00000
    -122.35        2     0.00000
    -122.19        2     0.00000
    -122.05        2     0.00000
    -121.89        2     0.00000
    -121.75        2     0.00000
    -121.60        2     0.00000
    -121.44        2     0.00000
    -121.30        2     0.00000
    -121.14        2     0.00000
    -121.00        2     0.00000
    -120.85        2     0.00000
    -120.69        2     0.00000
    -120.55        2     0.00000
    -120.39        2     0.00000
    -120.25        2     0.00000
    -120.10        2     0.00000
    -119.94        2     0.00000
    -119.80        2     0.00000
    -119.64        2     0.00000
    -119.50        2     0.00000
    -119.35        2     0.00000
    -119.19        2     0.00000
    -119.05        2     0.00000
    -118.89        2     0.00000
    -118.75        2     0.00000
    -118.60        2     0.00000
    -118.44        2     0.00000
    -118.30        2     0.00000
    -118.14        2     0.00000
    -118.00        2     0.00000
    -117.85        2     0.00000
    -117.69        2     0.00000
    -117.55        2     0.00000
    -117.39        2     0.00000
    -117.25        2     0.00000
    -117.10        2     0.00000
    -116.94        2     0.00000
    -116.80        2     0.00000
    -116.64        2     0.00000
    -116.50        2     0.00000
    -116.35        2     0.00000
    -116.19        2     0.00000
    -116.05        2     0.00000
    -115.89        2     0.00000
    -115.75        2     0.00000
    -115.60        2     0.00000
    -115.44        2     0.00000
    -115.30        2     0.00000
    -115.14        2     0.00000
    -115.00        2     0.00000
    -114.85        2     0.00000
    -114.69        2     0.00000
    -114.55        2     0.00000
    -114.39        2     0.00000
    -114.25        2     0.00000
    -114.10        2     0.00000
    -113.94        2     0.00000
    -113.80        2     0.00000
    -113.64        2     0.00000
    -113.50        2     0.00000
    -113.35        2     0.00000
    -113.19        2     0.00000
    -113.05        2     0.00000
    -112.89        2     0.00000
    -112.75        2     0.00000
    -112.60        2     0.00000
    -112.44        2     0.00000
    -112.30        2     0.00000
    -112.14        2     0.00000
    -112.00        2     0.00000
    -111.85        2     0.00000
    -111.69        2     0.00000
    -111.55        2     0.00000
    -111.39        2     0.00000
    -111.25        2     0.00000
    -111.10        2     0.00000
    -110.94        2     0.00000
    -110.80        2     0.00000
    -110.64        2     0.00000
    -110.50        2     0.00000
    -110.35        2     0.00000
    -110.19        2     0.00000
    -110.05        2     0.00000
    -109.89        2     0.00000
    -109.75        2     0.00000
    -109.60        2     0.00000
    -109.44        2     0.00000
    -109.30        2     0.00000
    -109.14        2     0.00000
    -109.00        2     0.00000
    -108.85        2     0.00000
    -108.69        2     0.00000
    -108.55        2     0.00000
    -108.39        2     0.00000
    -108.25        2     0.00000
    -108.10        2     0.00000
    -107.94        2     0.00000
    -107.80        2     0.00000
    -107.64        2     0.00000
    -107.50        2     0.00000
    -107.35        2     0.00000
    -107.19        2     0.00000
    -107.05        2     0.00000
    -106.89        2     0.00000
    -106.75        2     0.00000
    -106.60        2     0.00000
    -106.44        2     0.00000
    -106.30        2     0.00000
    -106.14        2     0.00000
    -106.00        2     0.00000
    -105.85        2     0.00000
    -105.69        2     0.00000
    -105.55        2     0.00000
    -105.39        2     0.00000
    -105.25        2     0.00000
    -105.10        2     0.00000
    -104.94        2     0.00000
    -104.80        2     0.00000
    -104.64        2     0.00000
    -104.50        2     0.00000
    -104.35        2     0.00000
    -104.19        2     0.00000
    -104.05        2     0.00000
    -103.89        2     0.00000
    -103.75        2     0.00000
    -103.60        2     0.00000
    -103.44        2     0.00000
    -103.30        2     0.00000
    -103.14        2     0.00000
    -103.00        2     0.00000
    -102.85        2     0.00000
    -102.69        2     0.00000
    -102.55        2     0.00000
    -102.39        2     0.00000
    -102.25        2     0.00000
    -102.10        2     0.00000
    -101.94        2     0.00000
    -101.80        2     0.00000
    -101.64        2     0.00000
    -101.50        2     0.00000
    -101.35        2     0.00000
    -101.19        2     0.00000
    -101.05        2     0.00000
    -100.89        2     0.00000
    -100.75        2     0.00000
    -100.60        2     0.00000
    -100.44        2     0.00000
    -100.30        2     0.00000
    -100.14        2     0.00000
    -99.995        2     0.00000
    -99.845        2     0.00000
    -99.695        2     0.00000
    -99.545        2     0.00000
    -99.395        2     0.00000
    -99.245        2     0.00000
    -99.095        2     0.00000
    -98.945        2     0.00000
    -98.795        2     0.00000
    -98.645        2     0.00000
    -98.495        2     0.00000
    -98.345        2     0.00000
    -98.195        2     0.00000
    -98.045        2     0.00000
    -97.895        2     0.00000
    -97.745        2     0.00000
    -97.595        2     0.00000
    -97.445        2     0.00000
    -97.295        2     0.00000
    -97.145        2     0.00000
    -96.995        2     0.00000
    -96.845        2     0.00000
    -96.695        2     0.00000
    -96.545        2     0.00000
    -96.395        2     0.00000
    -96.245        2     0.00000
    -96.095        2     0.00000
    -95.945        2     0.00000
    -95.795        2     0.00000
    -95.645        2     0.00000
    -95.495        2     0.00000
    -95.345        2     0.00000
    -95.195        2     0.00000
    -95.045        2     0.00000
    -94.895        2     0.00000
    -94.745        2     0.00000
    -94.595        2     0.00000
    -94.445        2    -0.02575
    -94.295        2    -2.39436
    -94.145        2    -6.19913
    -93.995        2   -10.32134
    -93.845        2   -14.40120
    -93.695        2   -18.28936
    -93.545        2   -21.84001
    -93.395        2   -25.06855
    -93.245        2   -27.95922
    -93.095        2   -30.44048
    -92.945        2   -32.66357
    -92.795        2   -34.52644
    -92.645        2   -36.13398
    -92.495        2   -37.51883
    -92.345        2   -38.67856
    -92.195        2   -39.66333
    -92.045        2   -40.51155
    -91.895        2   -41.22409
    -91.745        2   -41.82351
    -91.595        2   -42.32461
    -91.445        2   -42.75727
    -91.295        2   -43.12119
    -91.145        2   -43.41910
    -90.995        2   -43.67398
    -90.845        2   -43.87889
    -90.695        2   -44.06251
    -90.545        2   -44.20759
    -90.395        2   -44.33185
    -90.245        2   -44.42723
    -90.095        2   -44.50727
    -89.945        2   -44.57669
    -89.795        2   -44.63378
    -89.645        2   -44.67945
    -89.495        2   -44.72547
    -89.345        2   -44.75998
    -89.195        2   -44.79308
    -89.045        2   -44.82186
    -88.895        2   -44.84471
    -88.745        2   -44.86283
    -88.595        2   -44.87813
    -88.445        2   -44.89051
    -88.295        2   -44.90038
    -88.145        2   -44.90841
    -87.995        2   -44.91617
    -87.845        2   -44.92280
    -87.695        2   -44.92984
    -87.545        2   -44.93439
    -87.395        2   -44.93894
    -87.245        2   -44.94425
    -87.095        2   -44.94709
    -86.945        2   -44.94902
    -86.795        2   -44.95142
    -86.645        2   -44.95378
    -86.495        2   -44.95520
    -86.345        2   -44.95617
    -86.195        2   -44.95812
    -86.045        2   -44.95981
    -85.895        2   -44.96126
    -85.745        2   -44.96171
    -85.595        2   -44.96289
    -85.445        2   -44.96340
    -85.295        2   -44.96489
    -85.145        2   -44.96614
    -84.995        2   -44.96717
    -84.845        2   -44.96821
    -84.695        2   -44.96870
    -84.545        2   -44.96894
    -84.395        2   -44.96945
    -84.245        2   -44.97015
    -84.095        2   -44.97069
    -83.945        2   -44.97125
    -83.795        2   -44.97181
    -83.645        2   -44.97264
    -83.495        2   -44.97300
    -83.345        2   -44.97362
    -83.195        2   -45.01217
    -83.045        2   -45.38771
    -82.895        2   -46.05351
    -82.745        2   -46.92482
    -82.595        2   -47.97703
    -82.445        2   -49.19129
    -82.295        2   -50.56765
    -82.145        2   -51.99119
    -81.995        2   -53.49328
    -81.845        2   -55.07426
    -81.695        2   -56.68455
    -81.545        2   -58.29057
    -81.395        2   -59.89835
    -81.245        2   -61.48671
    -81.095        2   -63.08162
    -80.945        2   -64.60565
    -80.795        2   -66.07396
    -80.645        2   -67.47506
    -80.495        2   -68.78446
    -80.345        2   -70.07012
    -80.195        2   -71.23660
    -80.045        2   -72.34093
    -79.895        2   -73.40193
    -79.745        2   -74.36210
    -79.595        2   -75.28165
    -79.445        2   -76.11485
    -79.295        2   -76.86984
    -79.145        2   -77.57576
    -78.995        2   -78.21714
    -78.845        2   -78.82505
    -78.695        2   -79.93278
    -78.545        2   -81.67418
    -78.395        2   -83.72412
    -78.245        2   -85.96956
    -78.095        2   -88.20627
    -77.945        2   -90.29757
    -77.795        2   -92.18317
    -77.645        2   -93.83917
    -77.495        2   -95.31440
    -77.345        2   -96.61285
    -77.195        2   -97.78197
    -77.045        2   -98.78445
    -76.895        2   -99.67141
    -76.745        2  -100.44077
    -76.595        2  -101.11686
    -76.445        2  -101.73170
    -76.295        2  -102.27421
    -76.145        2  -102.78870
    -75.995        2  -103.24027
    -75.845        2  -103.65040
    -75.695        2  -104.01940
    -75.545        2  -104.36532
    -75.395        2  -104.66594
    -75.245        2  -104.93650
    -75.095        2  -105.17174
    -74.945        2  -105.40351
    -74.795        2  -105.60689
    -74.645        2  -105.78726
    -74.495        2  -105.95295
    -74.345        2  -106.10275
    -74.195        2  -106.24364
    -74.045        2  -106.37245
    -73.895        2  -106.48635
    -73.745        2  -106.59302
    -73.595        2  -106.69682
    -73.445        2  -106.78928
    -73.295        2  -106.90345
    -73.145        2  -107.05319
    -72.995        2  -107.21678
    -72.845        2  -107.38067
    -72.695        2  -107.54349
    -72.545        2  -107.69671
    -72.395        2  -107.84957
    -72.245        2  -107.99217
    -72.095        2  -108.13722
    -71.945        2  -108.29857
    -71.795        2  -108.60004
    -71.645        2  -109.02466
    -71.495        2  -109.51621
    -71.345        2  -110.05957
    -71.195        2  -110.64025
    -71.045        2  -111.26973
    -70.895        2  -111.91304
    -70.745        2  -112.55000
    -70.595        2  -113.21014
    -70.445        2  -113.83519
    -70.295        2  -114.45755
    -70.145        2  -115.06875
    -69.995        2  -115.64470
    -69.845        2  -116.20767
    -69.695        2  -116.72605
    -69.545        2  -117.21853
    -69.395        2  -117.68163
    -69.245        2  -118.11544
    -69.095        2  -118.52479
    -68.945        2  -118.91526
    -68.795        2  -119.28346
    -68.645        2  -119.62581
    -68.495        2  -119.94977
    -68.345        2  -120.26376
    -68.195        2  -120.55739
    -68.045        2  -120.83562
    -67.895        2  -121.09732
    -67.745        2  -121.35795
    -67.595        2  -121.59792
    -67.445        2  -121.82219
    -67.295        2  -122.05201
    -67.145        2  -122.26156
    -66.995        2  -122.46859
    -66.845        2  -122.67585
    -66.695        2  -122.87241
    -66.545        2  -123.05851
    -66.395        2  -123.24496
    -66.245        2  -123.42487
    -66.095        2  -123.60103
    -65.945        2  -123.77470
    -65.795        2  -123.94021
    -65.645        2  -124.10906
    -65.495        2  -124.27600
    -65.345        2  -124.43494
    -65.195        2  -124.59051
    -65.045        2  -124.74524
    -64.895        2  -124.89804
    -64.745        2  -125.03604
    -64.595        2  -125.18165
    -64.445        2  -125.32636
    -64.295        2  -125.46446
    -64.145        2  -125.59739
    -63.995        2  -125.72047
    -63.845        2  -125.84730
    -63.695        2  -125.97117
    -63.545        2  -126.09105
    -63.395        2  -126.20511
    -63.245        2  -126.31451
    -63.095        2  -126.42687
    -62.945        2  -126.53723
    -62.795        2  -126.64438
    -62.645        2  -126.74853
    -62.495        2  -126.92240
    -62.345        2  -127.32651
    -62.195        2  -127.90721
    -62.045        2  -128.63246
    -61.895        2  -129.46456
    -61.745        2  -130.34489
    -61.595        2  -131.27462
    -61.445        2  -132.20884
    -61.295        2  -133.14404
    -61.145        2  -134.04746
    -60.995        2  -134.93960
    -60.845        2  -135.79876
    -60.695        2  -136.63253
    -60.545        2  -137.43299
    -60.395        2  -138.19910
    -60.245        2  -138.94771
    -60.095        2  -139.64186
    -59.945        2  -140.33097
    -59.795        2  -140.95835
    -59.645        2  -141.58010
    -59.495        2  -142.16957
    -59.345        2  -142.73589
    -59.195        2  -143.27990
    -59.045        2  -143.78981
    -58.895        2  -144.27337
    -58.745        2  -144.74020
    -58.595        2  -145.18029
    -58.445        2  -145.60264
    -58.295        2  -146.00145
    -58.145        2  -146.37407
    -57.995        2  -146.73501
    -57.845        2  -147.09355
    -57.695        2  -147.42493
    -57.545        2  -147.74058
    -57.395        2  -148.04635
    -57.245        2  -148.33207
    -57.095        2  -148.60881
    -56.945        2  -148.87414
    -56.795        2  -149.11736
    -56.645        2  -149.35848
    -56.495        2  -149.59380
    -56.345        2  -149.82070
    -56.195        2  -150.02616
    -56.045        2  -150.22981
    -55.895        2  -150.42663
    -55.745        2  -150.62191
    -55.595        2  -150.80817
    -55.445        2  -150.98653
    -55.295        2  -151.15803
    -55.145        2  -151.32751
    -54.995        2  -151.48902
    -54.845        2  -151.65053
    -54.695        2  -151.80305
    -54.545        2  -151.95917
    -54.395        2  -152.11126
    -54.245        2  -152.25976
    -54.095        2  -152.40551
    -53.945        2  -152.54422
    -53.795        2  -152.67703
    -53.645        2  -152.80967
    -53.495        2  -152.93458
    -53.345        2  -153.05848
    -53.195        2  -153.17749
    -53.045        2  -153.30009
    -52.895        2  -153.41716
    -52.745        2  -153.52736
    -52.595        2  -153.63113
    -52.445        2  -153.73632
    -52.295        2  -153.84091
    -52.145        2  -153.95012
    -51.995        2  -154.04909
    -51.845        2  -154.14334
    -51.695        2  -154.23909
    -51.545        2  -154.33593
    -51.395        2  -154.42511
    -51.245        2  -154.51022
    -51.095        2  -154.60060
    -50.945        2  -154.68335
    -50.795        2  -154.76621
    -50.645        2  -154.84071
    -50.495        2  -154.91167
    -50.345        2  -154.98860
    -50.195        2  -155.06238
    -50.045        2  -155.13581
    -49.895        2  -155.20830
    -49.745        2  -155.27373
    -49.595        2  -155.33954
    -49.445        2  -155.40338
    -49.295        2  -155.46437
    -49.145        2  -155.51943
    -48.995        2  -155.57822
    -48.845        2  -155.63739
    -48.695        2  -155.69806
    -48.545        2  -155.75318
    -48.395        2  -155.80758
    -48.245        2  -155.86339
    -48.095        2  -155.92450
    -47.945        2  -155.97161
    -47.795        2  -156.02187
    -47.645        2  -156.07104
    -47.495        2  -156.11864
    -47.345        2  -156.16522
    -47.195        2  -156.21328
    -47.045        2  -156.25623
    -46.895        2  -156.30535
    -46.745        2  -156.34616
    -46.595        2  -156.39191
    -46.445        2  -156.43998
    -46.295        2  -156.48244
    -46.145        2  -156.52438
    -45.995        2  -156.57013
    -45.845        2  -156.60946
    -45.695        2  -156.65342
    -45.545        2  -156.69228
    -45.395        2  -156.72430
    -45.245        2  -156.76480
    -45.095        2  -156.79979
    -44.945        2  -156.84174
    -44.795        2  -156.88123
    -44.645        2  -156.91618
    -44.495        2  -156.95342
    -44.345        2  -156.98842
    -44.195        2  -157.02581
    -44.045        2  -157.06192
    -43.895        2  -157.10267
    -43.745        2  -157.14678
    -43.595        2  -157.18562
    -43.445        2  -157.22854
    -43.295        2  -157.26527
    -43.145        2  -157.30257
    -42.995        2  -157.34407
    -42.845        2  -157.38367
    -42.695        2  -157.42551
    -42.545        2  -157.46099
    -42.395        2  -157.49989
    -42.245        2  -157.53804
    -42.095        2  -157.57755
    -41.945        2  -157.61820
    -41.795        2  -157.65807
    -41.645        2  -157.69710
    -41.495        2  -157.73964
    -41.345        2  -157.77780
    -41.195        2  -157.81622
    -41.045        2  -157.85578
    -40.895        2  -157.89557
    -40.745        2  -157.93346
    -40.595        2  -157.97050
    -40.445        2  -158.01230
    -40.295        2  -158.05346
    -40.145        2  -158.09342
    -39.995        2  -158.13788
    -39.845        2  -158.18220
    -39.695        2  -158.22739
    -39.545        2  -158.26428
    -39.395        2  -158.30390
    -39.245        2  -158.34796
    -39.095        2  -158.38946
    -38.945        2  -158.43104
    -38.795        2  -158.47939
    -38.645        2  -158.51780
    -38.495        2  -158.56218
    -38.345        2  -158.60796
    -38.195        2  -158.64637
    -38.045        2  -158.69256
    -37.895        2  -158.73716
    -37.745        2  -158.78014
    -37.595        2  -158.82177
    -37.445        2  -158.86401
    -37.295        2  -158.90706
    -37.145        2  -158.94942
    -36.995        2  -158.99245
    -36.845        2  -159.03731
    -36.695        2  -159.07865
    -36.545        2  -159.11700
    -36.395        2  -159.15255
    -36.245        2  -159.19263
    -36.095        2  -159.23648
    -35.945        2  -159.27824
    -35.795        2  -159.31957
    -35.645        2  -159.36047
    -35.495        2  -159.40140
    -35.345        2  -159.44383
    -35.195        2  -159.48973
    -35.045        2  -159.53252
    -34.895        2  -159.57513
    -34.745        2  -159.61585
    -34.595        2  -159.65283
    -34.445        2  -159.69287
    -34.295        2  -159.73451
    -34.145        2  -159.77160
    -33.995        2  -159.81139
    -33.845        2  -159.85185
    -33.695        2  -159.89329
    -33.545        2  -159.93476
    -33.395        2  -159.97663
    -33.245        2  -160.02095
    -33.095        2  -160.06105
    -32.945        2  -160.10543
    -32.795        2  -160.15164
    -32.645        2  -160.19728
    -32.495        2  -160.24413
    -32.345        2  -160.29442
    -32.195        2  -160.34150
    -32.045        2  -160.38876
    -31.895        2  -160.43823
    -31.745        2  -160.48426
    -31.595        2  -160.53790
    -31.445        2  -160.58961
    -31.295        2  -160.64056
    -31.145        2  -160.69519
    -30.995        2  -160.74724
    -30.845        2  -160.80317
    -30.695        2  -160.85387
    -30.545        2  -160.90932
    -30.395        2  -160.96412
    -30.245        2  -161.01707
    -30.095        2  -161.07749
    -29.945        2  -161.13825
    -29.795        2  -161.19510
    -29.645        2  -161.25365
    -29.495        2  -161.31858
    -29.345        2  -161.37682
    -29.195        2  -161.43612
    -29.045        2  -161.49912
    -28.895        2  -161.56379
    -28.745        2  -161.62576
    -28.595        2  -161.69072
    -28.445        2  -161.75395
    -28.295        2  -161.82228
    -28.145        2  -161.88482
    -27.995        2  -161.94645
    -27.845        2  -162.01832
    -27.695        2  -162.08176
    -27.545        2  -162.14840
    -27.395        2  -162.21714
    -27.245        2  -162.28304
    -27.095        2  -162.35133
    -26.945        2  -162.42688
    -26.795        2  -162.49748
    -26.645        2  -162.57072
    -26.495        2  -162.64315
    -26.345        2  -162.71714
    -26.195        2  -162.79091
    -26.045        2  -162.86582
    -25.895        2  -162.94460
    -25.745        2  -163.02125
    -25.595        2  -163.09519
    -25.445        2  -163.17497
    -25.295        2  -163.26280
    -25.145        2  -163.34651
    -24.995        2  -163.42793
    -24.845        2  -163.51465
    -24.695        2  -163.59755
    -24.545        2  -163.67881
    -24.395        2  -163.76567
    -24.245        2  -163.84977
    -24.095        2  -163.93204
    -23.945        2  -164.02245
    -23.795        2  -164.10525
    -23.645        2  -164.19060
    -23.495        2  -164.27278
    -23.345        2  -164.36162
    -23.195        2  -164.43924
    -23.045        2  -164.51968
    -22.895        2  -164.59816
    -22.745        2  -164.68016
    -22.595        2  -164.76066
    -22.445        2  -164.84206
    -22.295        2  -164.92439
    -22.145        2  -165.00541
    -21.995        2  -165.08731
    -21.845        2  -165.16509
    -21.695        2  -165.24482
    -21.545        2  -165.32480
    -21.395        2  -165.40376
    -21.245        2  -165.48654
    -21.095        2  -165.56408
    -20.945        2  -165.63700
    -20.795        2  -165.71288
    -20.645        2  -165.79080
    -20.495        2  -165.86236
    -20.345        2  -165.93241
    -20.195        2  -166.00198
    -20.045        2  -166.07726
    -19.895        2  -166.14792
    -19.745        2  -166.22420
    -19.595        2  -166.30352
    -19.445        2  -166.38025
    -19.295        2  -166.46029
    -19.145        2  -166.53836
    -18.995        2  -166.61577
    -18.845        2  -166.69934
    -18.695        2  -166.78631
    -18.545        2  -166.87449
    -18.395        2  -166.95807
    -18.245        2  -167.04747
    -18.095        2  -167.13986
    -17.945        2  -167.23142
    -17.795        2  -167.32696
    -17.645        2  -167.42477
    -17.495        2  -167.52529
    -17.345        2  -167.62908
    -17.195        2  -167.73240
    -17.045        2  -167.83716
    -16.895        2  -167.94717
    -16.745        2  -168.05189
    -16.595        2  -168.16193
    -16.445        2  -168.27666
    -16.295        2  -168.39168
    -16.145        2  -168.50537
    -15.995        2  -168.62760
    -15.845        2  -168.74583
    -15.695        2  -168.86715
    -15.545        2  -168.98805
    -15.395        2  -169.10988
    -15.245        2  -169.24009
    -15.095        2  -169.36595
    -14.945        2  -169.49367
    -14.795        2  -169.62909
    -14.645        2  -169.75809
    -14.495        2  -169.89591
    -14.345        2  -170.02630
    -14.195        2  -170.15720
    -14.045        2  -170.29905
    -13.895        2  -170.44085
    -13.745        2  -170.58089
    -13.595        2  -170.73088
    -13.445        2  -170.87487
    -13.295        2  -171.01830
    -13.145        2  -171.16998
    -12.995        2  -171.31879
    -12.845        2  -171.46900
    -12.695        2  -171.62586
    -12.545        2  -171.78512
    -12.395        2  -171.93941
    -12.245        2  -172.10520
    -12.095        2  -172.26741
    -11.945        2  -172.43408
    -11.795        2  -172.60556
    -11.645        2  -172.77589
    -11.495        2  -172.94370
    -11.345        2  -173.11832
    -11.195        2  -173.29881
    -11.045        2  -173.48110
    -10.895        2  -173.66057
    -10.745        2  -173.84604
    -10.595        2  -174.03311
    -10.445        2  -174.22156
    -10.295        2  -174.41626
    -10.145        2  -174.61544
    -9.9950        2  -174.81667
    -9.8450        2  -175.01870
    -9.6950        2  -175.22329
    -9.5450        2  -175.43406
    -9.3950        2  -175.64114
    -9.2450        2  -175.85263
    -9.0950        2  -176.06836
    -8.9450        2  -176.28566
    -8.7950        2  -176.50842
    -8.6450        2  -176.73436
    -8.4950        2  -176.96326
    -8.3450        2  -177.19664
    -8.1950        2  -177.43211
    -8.0450        2  -177.67595
    -7.8950        2  -177.92742
    -7.7450        2  -178.18064
    -7.5950        2  -178.44024
    -7.4450        2  -178.70602
    -7.2950        2  -178.97875
    -7.1450        2  -179.25721
    -6.9950        2  -179.54430
    -6.8450        2  -179.83879
    -6.6950        2  -180.14263
    -6.5450        2  -180.45619
    -6.3950        2  -180.77624
    -6.2450        2  -181.10579
    -6.0950        2  -181.44181
    -5.9450        2  -181.79201
    -5.7950        2  -182.15411
    -5.6450        2  -182.52480
    -5.4950        2  -182.90690
    -5.3450        2  -183.29928
    -5.1950        2  -183.70489
    -5.0450        2  -184.12072
    -4.8950        2  -184.54900
    -4.7450        2  -184.99661
    -4.5950        2  -185.45428
    -4.4450        2  -185.93097
    -4.2950        2  -186.42874
    -4.1450        2  -186.94680
    -3.9950        2  -187.48533
    -3.8450        2  -188.04268
    -3.6950        2  -188.61753
    -3.5450        2  -189.21436
    -3.3950        2  -189.83080
    -3.2450        2  -190.47281
    -3.0950        2  -191.13580
    -2.9450        2  -191.82563
    -2.7950        2  -192.54157
    -2.6450        2  -193.28787
    -2.4950        2  -194.06579
    -2.3450        2  -194.87596
    -2.1950        2  -195.72273
    -2.0450        2  -196.60315
    -1.8950        2  -197.52488
    -1.7450        2  -198.49072
    -1.5950        2  -199.50633
    -1.4450        2  -200.57807
    -1.2950        2  -201.70903
    -1.1450        2  -202.90564
   -0.99500        2  -204.16997
   -0.84500        2  -205.51296
   -0.69500        2  -206.93502
   -0.54500        2  -208.43224
   -0.39500        2  -209.97134
   -0.25300        2  -210.92183
   -0.21500        2  -210.97800
   -0.20900        2  -211.03389
   -0.20300        2  -211.08911
   -0.19700        2  -211.14408
   -0.19100        2  -211.19848
   -0.18500        2  -211.25236
   -0.17900        2  -211.30597
   -0.17300        2  -211.35875
   -0.16700        2  -211.41067
   -0.16100        2  -211.46194
   -0.15500        2  -211.51251
   -0.14900        2  -211.56230
   -0.14300        2  -211.61117
   -0.13700        2  -211.65917
   -0.13100        2  -211.70623
   -0.12500        2  -211.75227
   -0.11900        2  -211.79720
   -0.11300        2  -211.84089
   -0.10700        2  -211.88349
   -0.10100        2  -211.92457
   -0.95000E-01    2  -211.96432
   -0.89000E-01    2  -212.00244
   -0.83000E-01    2  -212.03904
   -0.77000E-01    2  -212.07398
   -0.71000E-01    2  -212.10716
   -0.65000E-01    2  -212.13837
   -0.59000E-01    2  -212.16750
   -0.53000E-01    2  -212.19444
   -0.47000E-01    2  -212.21904
   -0.41000E-01    2  -212.24111
   -0.35000E-01    2  -212.26058
   -0.29000E-01    2  -212.27722
   -0.23000E-01    2  -212.29082
   -0.19700E-01    2  -212.29202
   -0.19100E-01    2  -212.29318
   -0.18500E-01    2  -212.29430
   -0.17900E-01    2  -212.29539
   -0.17300E-01    2  -212.29645
   -0.16700E-01    2  -212.29747
   -0.16100E-01    2  -212.29846
   -0.15500E-01    2  -212.29942
   -0.14900E-01    2  -212.30033
   -0.14300E-01    2  -212.30123
   -0.13700E-01    2  -212.30209
   -0.13100E-01    2  -212.30291
   -0.12500E-01    2  -212.30369
   -0.11900E-01    2  -212.30444
   -0.11300E-01    2  -212.30515
   -0.10700E-01    2  -212.30583
   -0.10100E-01    2  -212.30648
   -0.95000E-02    2  -212.30708
   -0.89000E-02    2  -212.30765
   -0.83000E-02    2  -212.30819
   -0.77000E-02    2  -212.30869
   -0.71000E-02    2  -212.30915
   -0.65000E-02    2  -212.30957
   -0.59000E-02    2  -212.30995
   -0.53000E-02    2  -212.31030
   -0.47000E-02    2  -212.31061
   -0.41000E-02    2  -212.31088
   -0.35000E-02    2  -212.31111
   -0.29000E-02    2  -212.31130
   -0.23000E-02    2  -212.31146
   -0.17000E-02    2  -212.31157
   -0.11000E-02    2  -212.31164
   -0.50000E-03    2  -212.31168
    0.10000E-03    2  -212.31167
    0.70000E-03    2  -212.31162
    0.13000E-02    2  -212.31154
    0.19000E-02    2  -212.31141
    0.25000E-02    2  -212.31124
    0.31000E-02    2  -212.31102
    0.37000E-02    2  -212.31077
    0.43000E-02    2  -212.31048
    0.49000E-02    2  -212.31014
    0.55000E-02    2  -212.30975
    0.61000E-02    2  -212.30933
    0.67000E-02    2  -212.30886
    0.73000E-02    2  -212.30835
    0.79000E-02    2  -212.30779
    0.85000E-02    2  -212.30719
    0.91000E-02    2  -212.30655
    0.97000E-02    2  -212.30586
    0.10300E-01    2  -212.30512
    0.10900E-01    2  -212.30434
    0.11500E-01    2  -212.30351
    0.12100E-01    2  -212.30264
    0.12700E-01    2  -212.30172
    0.13300E-01    2  -212.30075
    0.13900E-01    2  -212.29974
    0.14500E-01    2  -212.29867
    0.15100E-01    2  -212.29756
    0.15700E-01    2  -212.29640
    0.16300E-01    2  -212.29520
    0.16900E-01    2  -212.29395
    0.17500E-01    2  -212.29264
    0.18100E-01    2  -212.29129
    0.18700E-01    2  -212.28988
    0.19300E-01    2  -212.28842
    0.20200E-01    2  -212.28226
    0.25000E-01    2  -212.26270
    0.31000E-01    2  -212.23748
    0.37000E-01    2  -212.20630
    0.43000E-01    2  -212.16854
    0.49000E-01    2  -212.12380
    0.55000E-01    2  -212.07159
    0.61000E-01    2  -212.01116
    0.67000E-01    2  -211.94181
    0.73000E-01    2  -211.86279
    0.79000E-01    2  -211.77352
    0.85000E-01    2  -211.67259
    0.91000E-01    2  -211.55941
    0.97000E-01    2  -211.43264
    0.10300        2  -211.29096
    0.10900        2  -211.13281
    0.11500        2  -210.95673
    0.12100        2  -210.76073
    0.12700        2  -210.54239
    0.13300        2  -210.29991
    0.13900        2  -210.03015
    0.14500        2  -209.73004
    0.15100        2  -209.39502
    0.15700        2  -209.01782
    0.16300        2  -208.59256
    0.16900        2  -208.12676
    0.17500        2  -207.61622
    0.18100        2  -207.05672
    0.18700        2  -206.44365
    0.19300        2  -205.77184
    0.19900        2  -205.03515
    0.20500        2  -204.22549
    0.21100        2  -203.33486
    0.21700        2  -202.35623
    0.29500        2  -101.75441
    0.44500        2    10.06518
    0.59500        2    36.65225
    0.74500        2    47.81258
    0.89500        2    53.90067
     1.0450        2    58.00086
     1.1950        2    61.07585
     1.3450        2    63.51031
     1.4950        2    65.50000
     1.6450        2    67.18364
     1.7950        2    68.63748
     1.9450        2    69.91123
     2.0950        2    71.04237
     2.2450        2    72.05591
     2.3950        2    72.96978
     2.5450        2    73.79778
     2.6950        2    74.55224
     2.8450        2    75.23841
     2.9950        2    75.86320
     3.1450        2    76.43470
     3.2950        2    76.95566
     3.4450        2    77.43679
     3.5950        2    77.87811
     3.7450        2    78.29036
     3.8950        2    78.66454
     4.0450        2    79.01014
     4.1950        2    79.32565
     4.3450        2    79.61267
     4.4950        2    79.87166
     4.6450        2    80.10640
     4.7950        2    80.31235
     4.9450        2    80.49861
     5.0950        2    80.66229
     5.2450        2    80.80176
     5.3950        2    80.92319
     5.5450        2    81.02960
     5.6950        2    81.11991
     5.8450        2    81.19948
     5.9950        2    81.26607
     6.1450        2    81.32727
     6.2950        2    81.38062
     6.4450        2    81.42733
     6.5950        2    81.46826
     6.7450        2    81.50390
     6.8950        2    81.53717
     7.0450        2    81.56669
     7.1950        2    81.59370
     7.3450        2    81.61906
     7.4950        2    81.64015
     7.6450        2    81.65749
     7.7950        2    81.67415
     7.9450        2    81.69176
     8.0950        2    81.70602
     8.2450        2    81.72002
     8.3950        2    81.73105
     8.5450        2    81.74180
     8.6950        2    81.75203
     8.8450        2    81.76265
     8.9950        2    81.77191
     9.1450        2    81.78106
     9.2950        2    81.79058
     9.4450        2    81.79984
     9.5950        2    81.80879
     9.7450        2    81.81633
     9.8950        2    81.82357
     10.045        2    81.83055
     10.195        2    81.83800
     10.345        2    81.84461
     10.495        2    81.85202
     10.645        2    81.85824
     10.795        2    81.86473
     10.945        2    81.87114
     11.095        2    81.87711
     11.245        2    81.88364
     11.395        2    81.88879
     11.545        2    81.89372
     11.695        2    81.89988
     11.845        2    81.90587
     11.995        2    81.91097
     12.145        2    81.91650
     12.295        2    81.92217
     12.445        2    81.92667
     12.595        2    81.93211
     12.745        2    81.93743
     12.895        2    81.94199
     13.045        2    81.94686
     13.195        2    81.95138
     13.345        2    81.95579
     13.495        2    81.96008
     13.645        2    81.96440
     13.795        2    81.96906
     13.945        2    81.97431
     14.095        2    81.97797
     14.245        2    81.98223
     14.395        2    81.98593
     14.545        2    81.98982
     14.695        2    81.99335
     14.845        2    81.99669
     14.995        2    82.00097
     15.145        2    82.00547
     15.295        2    82.00882
     15.445        2    82.01227
     15.595        2    82.01645
     15.745        2    82.02019
     15.895        2    82.02372
     16.045        2    82.02727
     16.195        2    82.03015
     16.345        2    82.03420
     16.495        2    82.03759
     16.645        2    82.04087
     16.795        2    82.04455
     16.945        2    82.04755
     17.095        2    82.05053
     17.245        2    82.05365
     17.395        2    82.05648
     17.545        2    82.05987
     17.695        2    82.06279
     17.845        2    82.06573
     17.995        2    82.06902
     18.145        2    82.07204
     18.295        2    82.07539
     18.445        2    82.07843
     18.595        2    82.08089
     18.745        2    82.08424
     18.895        2    82.08682
     19.045        2    82.08936
     19.195        2    82.09300
     19.345        2    82.09573
     19.495        2    82.09874
     19.645        2    82.10144
     19.795        2    82.10401
     19.945        2    82.10762
     20.095        2    82.11033
     21.836        2    82.18966
     30.068        2    82.29790
     42.097        2    82.40150
     58.937        2    82.50339
     82.515        2    82.59818
     115.53        2    82.68857
     161.74        2    82.77925
     226.45        2    82.86477
     317.04        2    82.95084
     443.87        2    83.02710
     621.44        2    83.10684
     870.05        2    83.18417
     1218.1        2    83.25506
     1705.4        2    83.32828
     2387.7        2    83.40034
     3342.9        2    83.46454
     4680.2        2    83.52775
     6552.5        2    83.58965
     9173.8        2    83.64809
     12844.        2    83.70571
     17982.        2    83.76151
     25176.        2    83.81100
     35247.        2    83.85507
     49348.        2    83.90016
     69090.        2    83.93992
     96729.        2    83.97863
    0.13543E+06    2    84.01265
    0.18960E+06    2    84.04544
    0.26545E+06    2    84.07473
    0.37165E+06    2    84.10020
    0.52033E+06    2    84.12497
    0.72849E+06    2    84.14767
    0.10199E+07    2    84.17107
    0.14279E+07    2    84.19260
    0.19992E+07    2    84.20843
    0.27990E+07    2    84.22581
    0.39187E+07    2    84.23944
    0.54864E+07    2    84.25249
    0.76812E+07    2    84.26541
    0.10754E+08    2    84.27668
    0.15056E+08    2    84.28522
    0.21080E+08    2    84.29401
    0.29513E+08    2    84.30155
    0.41319E+08    2    84.30734
    0.57849E+08    2    84.31471
    0.80991E+08    2    84.32063
    0.11339E+09    2    84.32794
    0.15875E+09    2    84.33234
    0.22226E+09    2    84.33679
    0.31118E+09    2    84.34082
    0.43567E+09    2    84.34634
    0.60996E+09    2    84.35109
    0.85398E+09    2    84.35408
    0.11956E+10    2    84.35774
    0.16739E+10    2    84.36080
    0.23436E+10    2    84.36238
    0.32811E+10    2    84.36518
    0.45937E+10    2    84.36789
    0.64315E+10    2    84.36984
    0.90044E+10    2    84.37154
    0.12607E+11    2    84.37308
    0.17650E+11    2    84.37433
    0.24711E+11    2    84.37553
    0.34596E+11    2    84.37696
    0.48437E+11    2    84.37776
    0.67814E+11    2    84.37791
    0.10000E+12    2    84.39179
    -29.945        3     0.00000
    -29.795        3     0.00000
    -29.645        3     0.00000
    -29.495        3     0.00000
    -29.345        3     0.00000
    -29.195        3     0.00000
    -29.045        3     0.00000
    -28.895        3     0.00000
    -28.745        3     0.00000
    -28.595        3     0.00000
    -28.445        3     0.00000
    -28.295        3     0.00000
    -28.145        3     0.00000
    -27.995        3     0.00000
    -27.845        3     0.00000
    -27.695        3     0.00000
    -27.545        3     0.00000
    -27.395        3     0.00000
    -27.245        3     0.00000
    -27.095        3     0.00000
    -26.945        3     0.00000
    -26.795        3     0.00000
    -26.645        3     0.00000
    -26.495        3     0.00000
    -26.345        3     0.00000
    -26.195        3     0.00000
    -26.045        3     0.00000
    -25.895        3     0.00000
    -25.745        3     0.00000
    -25.595        3     0.00000
    -25.445        3     0.00000
    -25.295        3     0.00000
    -25.145        3     0.00000
    -24.995        3     0.00000
    -24.845        3     0.00000
    -24.695        3     0.00000
    -24.545        3     0.00000
    -24.395        3     0.00000
    -24.245        3     0.00000
    -24.095        3     0.00000
    -23.945        3     0.00000
    -23.795        3     0.00000
    -23.645        3     0.00000
    -23.495        3     0.00000
    -23.345        3     0.00000
    -23.195        3     0.00000
    -23.045        3     0.00000
    -22.895        3     0.00000
    -22.745        3     0.00000
    -22.595        3     0.00000
    -22.445        3     0.00000
    -22.295        3     0.00000
    -22.145        3     0.00000
    -21.995        3     0.00000
    -21.845        3     0.00000
    -21.695        3     0.00000
    -21.545        3     0.00000
    -21.395        3     0.00000
    -21.245        3     0.00000
    -21.095        3     0.00000
    -20.945        3     0.00000
    -20.795        3     0.00000
    -20.645        3     0.00000
    -20.495        3     0.00000
    -20.345        3     0.00000
    -20.195        3     0.00000
    -20.045        3     0.00000
    -19.895        3     0.00000
    -19.745        3     0.00000
    -19.595        3     0.00000
    -19.445        3     0.00000
    -19.295        3     0.00000
    -19.145        3     0.00000
    -18.995        3     0.00000
    -18.845        3     0.00000
    -18.695        3     0.00000
    -18.545        3     0.00000
    -18.395        3     0.00000
    -18.245        3     0.00000
    -18.095        3     0.00000
    -17.945        3     0.00000
    -17.795        3     0.00000
    -17.645        3     0.00000
    -17.495        3     0.00000
    -17.345        3     0.00000
    -17.195        3     0.00000
    -17.045        3     0.00000
    -16.895        3    -0.00000
    -16.745        3    -0.00009
    -16.595        3    -0.00039
    -16.445        3    -0.00110
    -16.295        3    -0.00203
    -16.145        3    -0.00367
    -15.995        3    -0.00638
    -15.845        3    -0.01323
    -15.695        3    -0.04013
    -15.545        3    -0.11032
    -15.395        3    -0.23755
    -15.245        3    -0.42325
    -15.095        3    -0.66344
    -14.945        3    -0.94685
    -14.795        3    -1.26440
    -14.645        3    -1.60311
    -14.495        3    -1.95410
    -14.345        3    -2.31267
    -14.195        3    -2.68976
    -14.045        3    -3.11495
    -13.895        3    -3.60258
    -13.745        3    -4.14655
    -13.595        3    -4.74602
    -13.445        3    -5.40142
    -13.295        3    -6.10001
    -13.145        3    -6.84271
    -12.995        3    -7.61216
    -12.845        3    -8.39151
    -12.695        3    -9.17932
    -12.545        3    -9.95985
    -12.395        3   -10.73206
    -12.245        3   -11.48419
    -12.095        3   -12.21077
    -11.945        3   -12.91256
    -11.795        3   -13.59023
    -11.645        3   -14.24793
    -11.495        3   -14.89086
    -11.345        3   -15.52127
    -11.195        3   -16.15439
    -11.045        3   -16.79409
    -10.895        3   -17.44512
    -10.745        3   -18.12084
    -10.595        3   -18.81825
    -10.445        3   -19.53645
    -10.295        3   -20.29296
    -10.145        3   -21.08319
    -9.9950        3   -21.90472
    -9.8450        3   -22.76903
    -9.6950        3   -23.66238
    -9.5450        3   -24.59512
    -9.3950        3   -25.55613
    -9.2450        3   -26.53755
    -9.0950        3   -27.54592
    -8.9450        3   -28.56514
    -8.7950        3   -29.60497
    -8.6450        3   -30.63828
    -8.4950        3   -31.68627
    -8.3450        3   -32.73978
    -8.1950        3   -33.80533
    -8.0450        3   -34.88276
    -7.8950        3   -35.97385
    -7.7450        3   -37.08975
    -7.5950        3   -38.23213
    -7.4450        3   -39.42082
    -7.2950        3   -40.65075
    -7.1450        3   -41.94339
    -6.9950        3   -43.30561
    -6.8450        3   -44.73389
    -6.6950        3   -46.22918
    -6.5450        3   -47.78105
    -6.3950        3   -49.39305
    -6.2450        3   -51.06437
    -6.0950        3   -52.77789
    -5.9450        3   -54.55386
    -5.7950        3   -56.36890
    -5.6450        3   -58.22227
    -5.4950        3   -60.10093
    -5.3450        3   -62.00723
    -5.1950        3   -63.93219
    -5.0450        3   -65.87202
    -4.8950        3   -67.83344
    -4.7450        3   -69.81668
    -4.5950        3   -71.81510
    -4.4450        3   -73.83081
    -4.2950        3   -75.86261
    -4.1450        3   -77.91209
    -3.9950        3   -79.98932
    -3.8450        3   -82.10346
    -3.6950        3   -84.26158
    -3.5450        3   -86.47955
    -3.3950        3   -88.75669
    -3.2450        3   -91.12442
    -3.0950        3   -93.59294
    -2.9450        3   -96.17224
    -2.7950        3   -98.88705
    -2.6450        3  -101.75327
    -2.4950        3  -104.81405
    -2.3450        3  -108.12063
    -2.1950        3  -111.73342
    -2.0450        3  -115.72481
    -1.8950        3  -120.19600
    -1.7450        3  -125.23088
    -1.5950        3  -130.93919
    -1.4450        3  -137.38401
    -1.2950        3  -144.57057
    -1.1450        3  -152.44295
   -0.99500        3  -160.83587
   -0.84500        3  -169.59504
   -0.69500        3  -178.65593
   -0.54500        3  -188.11213
   -0.39500        3  -198.50662
   -0.25300        3  -206.23880
   -0.21500        3  -206.76194
   -0.20900        3  -207.29148
   -0.20300        3  -207.82770
   -0.19700        3  -208.37182
   -0.19100        3  -208.92400
   -0.18500        3  -209.48381
   -0.17900        3  -210.05169
   -0.17300        3  -210.62881
   -0.16700        3  -211.21560
   -0.16100        3  -211.81181
   -0.15500        3  -212.41867
   -0.14900        3  -213.03680
   -0.14300        3  -213.66699
   -0.13700        3  -214.31060
   -0.13100        3  -214.96800
   -0.12500        3  -215.63999
   -0.11900        3  -216.32807
   -0.11300        3  -217.03435
   -0.10700        3  -217.75884
   -0.10100        3  -218.50473
   -0.95000E-01    3  -219.27424
   -0.89000E-01    3  -220.06997
   -0.83000E-01    3  -220.89447
   -0.77000E-01    3  -221.75284
   -0.71000E-01    3  -222.64999
   -0.65000E-01    3  -223.59228
   -0.59000E-01    3  -224.58712
   -0.53000E-01    3  -225.64569
   -0.47000E-01    3  -226.78174
   -0.41000E-01    3  -228.01761
   -0.35000E-01    3  -229.38599
   -0.29000E-01    3  -230.94133
   -0.23000E-01    3  -232.77698
   -0.19700E-01    3  -232.97925
   -0.19100E-01    3  -233.18589
   -0.18500E-01    3  -233.39758
   -0.17900E-01    3  -233.61437
   -0.17300E-01    3  -233.83661
   -0.16700E-01    3  -234.06469
   -0.16100E-01    3  -234.29923
   -0.15500E-01    3  -234.54055
   -0.14900E-01    3  -234.78916
   -0.14300E-01    3  -235.04586
   -0.13700E-01    3  -235.31121
   -0.13100E-01    3  -235.58613
   -0.12500E-01    3  -235.87147
   -0.11900E-01    3  -236.16834
   -0.11300E-01    3  -236.47814
   -0.10700E-01    3  -236.80233
   -0.10100E-01    3  -237.14283
   -0.95000E-02    3  -237.50225
   -0.89000E-02    3  -237.88382
   -0.83000E-02    3  -238.29220
   -0.77000E-02    3  -238.73371
   -0.71000E-02    3  -239.21625
   -0.65000E-02    3  -239.74706
   -0.59000E-02    3  -240.32997
   -0.53000E-02    3  -240.96834
   -0.47000E-02    3  -241.66530
   -0.41000E-02    3  -242.42177
   -0.35000E-02    3  -243.23672
   -0.29000E-02    3  -244.10962
   -0.23000E-02    3  -245.03200
   -0.17000E-02    3  -245.95119
   -0.11000E-02    3  -246.71445
   -0.50000E-03    3  -247.12419
    0.10000E-03    3  -247.04468
    0.70000E-03    3  -246.49749
    0.13000E-02    3  -245.66060
    0.19000E-02    3  -244.72896
    0.25000E-02    3  -243.81998
    0.31000E-02    3  -242.96709
    0.37000E-02    3  -242.17183
    0.43000E-02    3  -241.43561
    0.49000E-02    3  -240.75888
    0.55000E-02    3  -240.13998
    0.61000E-02    3  -239.57510
    0.67000E-02    3  -239.06137
    0.73000E-02    3  -238.59374
    0.79000E-02    3  -238.16451
    0.85000E-02    3  -237.76593
    0.91000E-02    3  -237.39242
    0.97000E-02    3  -237.04018
    0.10300E-01    3  -236.70587
    0.10900E-01    3  -236.38739
    0.11500E-01    3  -236.08286
    0.12100E-01    3  -235.79077
    0.12700E-01    3  -235.50983
    0.13300E-01    3  -235.23907
    0.13900E-01    3  -234.97756
    0.14500E-01    3  -234.72457
    0.15100E-01    3  -234.47946
    0.15700E-01    3  -234.24154
    0.16300E-01    3  -234.01031
    0.16900E-01    3  -233.78552
    0.17500E-01    3  -233.56647
    0.18100E-01    3  -233.35296
    0.18700E-01    3  -233.14454
    0.19300E-01    3  -232.94111
    0.20200E-01    3  -232.19158
    0.25000E-01    3  -230.49594
    0.31000E-01    3  -229.05868
    0.37000E-01    3  -227.80132
    0.43000E-01    3  -226.67698
    0.49000E-01    3  -225.65695
    0.55000E-01    3  -224.72240
    0.61000E-01    3  -223.85817
    0.67000E-01    3  -223.05404
    0.73000E-01    3  -222.30177
    0.79000E-01    3  -221.59444
    0.85000E-01    3  -220.92687
    0.91000E-01    3  -220.29504
    0.97000E-01    3  -219.69495
    0.10300        3  -219.12281
    0.10900        3  -218.57629
    0.11500        3  -218.05345
    0.12100        3  -217.55137
    0.12700        3  -217.06861
    0.13300        3  -216.60414
    0.13900        3  -216.15630
    0.14500        3  -215.72434
    0.15100        3  -215.30665
    0.15700        3  -214.90283
    0.16300        3  -214.51100
    0.16900        3  -214.13197
    0.17500        3  -213.76357
    0.18100        3  -213.40639
    0.18700        3  -213.05905
    0.19300        3  -212.72099
    0.19900        3  -212.39239
    0.20500        3  -212.07284
    0.21100        3  -211.76110
    0.21700        3  -211.45728
    0.29500        3  -205.37368
    0.44500        3  -201.29254
    0.59500        3  -198.07079
    0.74500        3  -195.28248
    0.89500        3  -192.74545
     1.0450        3  -190.37546
     1.1950        3  -188.13695
     1.3450        3  -186.00293
     1.4950        3  -183.96311
     1.6450        3  -181.99937
     1.7950        3  -180.10297
     1.9450        3  -178.26347
     2.0950        3  -176.47305
     2.2450        3  -174.72428
     2.3950        3  -173.01557
     2.5450        3  -171.34199
     2.6950        3  -169.69916
     2.8450        3  -168.08779
     2.9950        3  -166.50329
     3.1450        3  -164.94497
     3.2950        3  -163.40889
     3.4450        3  -161.89033
     3.5950        3  -160.38771
     3.7450        3  -158.89659
     3.8950        3  -157.41771
     4.0450        3  -155.93780
     4.1950        3  -154.46391
     4.3450        3  -152.99140
     4.4950        3  -151.51966
     4.6450        3  -150.04561
     4.7950        3  -148.57522
     4.9450        3  -147.10143
     5.0950        3  -145.62713
     5.2450        3  -144.14388
     5.3950        3  -142.65675
     5.5450        3  -141.16290
     5.6950        3  -139.66727
     5.8450        3  -138.17665
     5.9950        3  -136.69068
     6.1450        3  -135.20567
     6.2950        3  -133.72588
     6.4450        3  -132.26283
     6.5950        3  -130.81102
     6.7450        3  -129.37890
     6.8950        3  -127.97052
     7.0450        3  -126.58553
     7.1950        3  -125.21998
     7.3450        3  -123.89620
     7.4950        3  -122.59807
     7.6450        3  -121.33800
     7.7950        3  -120.11439
     7.9450        3  -118.91997
     8.0950        3  -117.76929
     8.2450        3  -116.65343
     8.3950        3  -115.58102
     8.5450        3  -114.55106
     8.6950        3  -113.55503
     8.8450        3  -112.60258
     8.9950        3  -111.69663
     9.1450        3  -110.83189
     9.2950        3  -110.01136
     9.4450        3  -109.24346
     9.5950        3  -108.52115
     9.7450        3  -107.85234
     9.8950        3  -107.21836
     10.045        3  -106.63420
     10.195        3  -106.10839
     10.345        3  -105.62383
     10.495        3  -105.17742
     10.645        3  -104.77691
     10.795        3  -104.40844
     10.945        3  -104.07427
     11.095        3  -103.76547
     11.245        3  -103.47497
     11.395        3  -103.20762
     11.545        3  -102.96465
     11.695        3  -102.73986
     11.845        3  -102.52360
     11.995        3  -102.31675
     12.145        3  -102.12031
     12.295        3  -101.93065
     12.445        3  -101.74818
     12.595        3  -101.57327
     12.745        3  -101.40108
     12.895        3  -101.23650
     13.045        3  -101.07443
     13.195        3  -100.91629
     13.345        3  -100.76050
     13.495        3  -100.60713
     13.645        3  -100.45601
     13.795        3  -100.30629
     13.945        3  -100.15979
     14.095        3  -100.01487
     14.245        3   -99.87244
     14.395        3   -99.73082
     14.545        3   -99.59112
     14.695        3   -99.45220
     14.845        3   -99.31496
     14.995        3   -99.17987
     15.145        3   -99.04594
     15.295        3   -98.91469
     15.445        3   -98.78341
     15.595        3   -98.65265
     15.745        3   -98.52429
     15.895        3   -98.39715
     16.045        3   -98.26974
     16.195        3   -98.14386
     16.345        3   -98.01970
     16.495        3   -97.89655
     16.645        3   -97.77444
     16.795        3   -97.65390
     16.945        3   -97.53409
     17.095        3   -97.41651
     17.245        3   -97.29903
     17.395        3   -97.18130
     17.545        3   -97.06484
     17.695        3   -96.94995
     17.845        3   -96.83643
     17.995        3   -96.72339
     18.145        3   -96.61132
     18.295        3   -96.49999
     18.445        3   -96.38920
     18.595        3   -96.27982
     18.745        3   -96.17124
     18.895        3   -96.06238
     19.045        3   -95.95453
     19.195        3   -95.84788
     19.345        3   -95.74242
     19.495        3   -95.63802
     19.645        3   -95.53398
     19.795        3   -95.43114
     19.945        3   -95.32902
     20.095        3   -95.22690
     21.836        3   -92.13502
     30.068        3   -87.52341
     42.097        3   -82.90746
     58.937        3   -78.31481
     82.515        3   -73.75378
     115.53        3   -69.22745
     161.74        3   -64.74360
     226.45        3   -60.30357
     317.04        3   -55.90688
     443.87        3   -51.57432
     621.44        3   -47.30807
     870.05        3   -43.10836
     1218.1        3   -38.97589
     1705.4        3   -34.93970
     2387.7        3   -31.01092
     3342.9        3   -27.18686
     4680.2        3   -23.46715
     6552.5        3   -19.85466
     9173.8        3   -16.34663
     12844.        3   -12.93827
     17982.        3    -9.63224
     25176.        3    -6.43545
     35247.        3    -3.35297
     49348.        3    -0.38768
     69090.        3     2.44597
     96729.        3     5.15250
    0.13543E+06    3     7.73329
    0.18960E+06    3    10.19379
    0.26545E+06    3    12.53735
    0.37165E+06    3    14.76602
    0.52033E+06    3    16.88935
    0.72849E+06    3    18.90597
    0.10199E+07    3    20.82376
    0.14279E+07    3    22.64983
    0.19992E+07    3    24.38553
    0.27990E+07    3    26.03560
    0.39187E+07    3    27.60528
    0.54864E+07    3    29.09622
    0.76812E+07    3    30.51364
    0.10754E+08    3    31.86147
    0.15056E+08    3    33.14105
    0.21080E+08    3    34.35786
    0.29513E+08    3    35.51112
    0.41319E+08    3    36.59746
    0.57849E+08    3    37.60946
    0.80991E+08    3    38.54737
    0.11339E+09    3    39.41698
    0.15875E+09    3    40.22854
    0.22226E+09    3    40.98544
    0.31118E+09    3    41.69314
    0.43567E+09    3    42.35426
    0.60996E+09    3    42.95997
    0.85398E+09    3    43.50755
    0.11956E+10    3    44.00932
    0.16739E+10    3    44.46800
    0.23436E+10    3    44.89009
    0.32811E+10    3    45.27794
    0.45937E+10    3    45.63394
    0.64315E+10    3    45.96157
    0.90044E+10    3    46.26248
    0.12607E+11    3    46.53948
    0.17650E+11    3    46.79399
    0.24711E+11    3    47.02820
    0.34596E+11    3    47.24373
    0.48437E+11    3    47.44147
    0.67814E+11    3    47.62337
    0.10000E+12    3    49.69672
