    -29.945        1     0.00000
    -29.795        1     0.00000
    -29.645        1     0.00000
    -29.495        1     0.00000
    -29.345        1     0.00000
    -29.195        1     0.00000
    -29.045        1     0.00000
    -28.895        1     0.00000
    -28.745        1     0.00000
    -28.595        1     0.00000
    -28.445        1     0.00000
    -28.295        1     0.00000
    -28.145        1     0.00000
    -27.995        1     0.00000
    -27.845        1     0.00000
    -27.695        1     0.00000
    -27.545        1     0.00000
    -27.395        1     0.00000
    -27.245        1     0.00000
    -27.095        1     0.00000
    -26.945        1     0.00000
    -26.795        1     0.00000
    -26.645        1     0.00000
    -26.495        1     0.00000
    -26.345        1     0.00000
    -26.195        1     0.00000
    -26.045        1     0.00000
    -25.895        1     0.00000
    -25.745        1     0.00000
    -25.595        1     0.00000
    -25.445        1     0.00000
    -25.295        1     0.00000
    -25.145        1     0.00000
    -24.995        1     0.00000
    -24.845        1     0.00000
    -24.695        1     0.00000
    -24.545        1     0.00000
    -24.395        1     0.00000
    -24.245        1     0.00000
    -24.095        1     0.00000
    -23.945        1     0.00000
    -23.795        1     0.00000
    -23.645        1     0.00000
    -23.495        1     0.00000
    -23.345        1     0.00000
    -23.195        1     0.00000
    -23.045        1     0.00000
    -22.895        1     0.00000
    -22.745        1     0.00000
    -22.595        1     0.00000
    -22.445        1     0.00000
    -22.295        1     0.00000
    -22.145        1     0.00000
    -21.995        1     0.00000
    -21.845        1     0.00000
    -21.695        1     0.00000
    -21.545        1     0.00000
    -21.395        1     0.00000
    -21.245        1     0.00000
    -21.095        1     0.00000
    -20.945        1     0.00000
    -20.795        1     0.00000
    -20.645        1     0.00000
    -20.495        1     0.00000
    -20.345        1     0.00000
    -20.195        1     0.00000
    -20.045        1     0.00000
    -19.895        1     0.00000
    -19.745        1     0.00000
    -19.595        1     0.00000
    -19.445        1     0.00000
    -19.295        1     0.00000
    -19.145        1     0.00000
    -18.995        1     0.00000
    -18.845        1     0.00000
    -18.695        1     0.00000
    -18.545        1     0.00000
    -18.395        1     0.00000
    -18.245        1     0.00000
    -18.095        1     0.00000
    -17.945        1     0.00000
    -17.795        1     0.00000
    -17.645        1     0.00000
    -17.495        1     0.00000
    -17.345        1     0.00000
    -17.195        1     0.00000
    -17.045        1     0.00000
    -16.895        1     0.00000
    -16.745        1     0.00000
    -16.595        1     0.00000
    -16.445        1     0.00000
    -16.295        1     0.00000
    -16.145        1     0.00000
    -15.995        1     0.00000
    -15.845        1     0.00000
    -15.695        1     0.00000
    -15.545        1     0.00000
    -15.395        1     0.00000
    -15.245        1     0.00000
    -15.095        1     0.00000
    -14.945        1     0.00000
    -14.795        1     0.00000
    -14.645        1     0.00000
    -14.495        1     0.00000
    -14.345        1     0.00000
    -14.195        1     0.00000
    -14.045        1     0.00000
    -13.895        1     0.00000
    -13.745        1     0.00000
    -13.595        1     0.00000
    -13.445        1     0.00000
    -13.295        1     0.00000
    -13.145        1     0.00000
    -12.995        1     0.00000
    -12.845        1     0.00000
    -12.695        1     0.00000
    -12.545        1     0.00000
    -12.395        1     0.00000
    -12.245        1     0.00000
    -12.095        1     0.00000
    -11.945        1     0.00000
    -11.795        1     0.00000
    -11.645        1     0.00000
    -11.495        1     0.00000
    -11.345        1     0.00000
    -11.195        1     0.00000
    -11.045        1     0.00000
    -10.895        1     0.00000
    -10.745        1     0.00000
    -10.595        1     0.00000
    -10.445        1     0.00000
    -10.295        1     0.00000
    -10.145        1     0.00000
    -9.9950        1     0.00000
    -9.8450        1     0.00000
    -9.6950        1     0.00000
    -9.5450        1     0.00000
    -9.3950        1     0.00000
    -9.2450        1     0.00000
    -9.0950        1     0.00000
    -8.9450        1     0.00000
    -8.7950        1     0.00000
    -8.6450        1     0.00000
    -8.4950        1     0.00000
    -8.3450        1     0.00000
    -8.1950        1    -0.00704
    -8.0450        1    -0.04976
    -7.8950        1    -0.10581
    -7.7450        1    -0.17337
    -7.5950        1    -0.25192
    -7.4450        1    -0.34720
    -7.2950        1    -0.46051
    -7.1450        1    -0.59353
    -6.9950        1    -0.73346
    -6.8450        1    -0.87493
    -6.6950        1    -1.02075
    -6.5450        1    -1.17542
    -6.3950        1    -1.33903
    -6.2450        1    -1.51003
    -6.0950        1    -1.69107
    -5.9450        1    -1.90123
    -5.7950        1    -2.15789
    -5.6450        1    -2.46155
    -5.4950        1    -2.80454
    -5.3450        1    -3.18296
    -5.1950        1    -3.60130
    -5.0450        1    -4.05553
    -4.8950        1    -4.54379
    -4.7450        1    -5.09293
    -4.5950        1    -5.69920
    -4.4450        1    -6.37796
    -4.2950        1    -7.11594
    -4.1450        1    -7.92101
    -3.9950        1    -8.79667
    -3.8450        1    -9.74090
    -3.6950        1   -10.74488
    -3.5450        1   -11.81513
    -3.3950        1   -12.95876
    -3.2450        1   -14.15928
    -3.0950        1   -15.42511
    -2.9450        1   -16.74957
    -2.7950        1   -18.14404
    -2.6450        1   -19.62314
    -2.4950        1   -21.21363
    -2.3450        1   -22.94452
    -2.1950        1   -24.82885
    -2.0450        1   -26.91363
    -1.8950        1   -29.23154
    -1.7450        1   -31.84649
    -1.5950        1   -34.83623
    -1.4450        1   -38.34847
    -1.2950        1   -42.58940
    -1.1450        1   -47.93303
   -0.99500        1   -55.11107
   -0.84500        1   -65.64422
   -0.69500        1   -83.04512
   -0.54500        1  -119.56795
   -0.39500        1  -210.61354
   -0.25300        1  -265.75864
   -0.21500        1  -267.36082
   -0.20900        1  -268.84002
   -0.20300        1  -270.20495
   -0.19700        1  -271.46211
   -0.19100        1  -272.60351
   -0.18500        1  -273.63545
   -0.17900        1  -274.57657
   -0.17300        1  -275.43645
   -0.16700        1  -276.22237
   -0.16100        1  -276.92167
   -0.15500        1  -277.55073
   -0.14900        1  -278.11983
   -0.14300        1  -278.63570
   -0.13700        1  -279.10351
   -0.13100        1  -279.52754
   -0.12500        1  -279.91163
   -0.11900        1  -280.25937
   -0.11300        1  -280.57333
   -0.10700        1  -280.85653
   -0.10100        1  -281.11168
   -0.95000E-01    1  -281.34140
   -0.89000E-01    1  -281.54725
   -0.83000E-01    1  -281.73121
   -0.77000E-01    1  -281.89479
   -0.71000E-01    1  -282.03953
   -0.65000E-01    1  -282.16699
   -0.59000E-01    1  -282.27824
   -0.53000E-01    1  -282.37430
   -0.47000E-01    1  -282.45641
   -0.41000E-01    1  -282.52538
   -0.35000E-01    1  -282.58215
   -0.29000E-01    1  -282.62761
   -0.23000E-01    1  -282.66247
   -0.19700E-01    1  -282.66540
   -0.19100E-01    1  -282.66825
   -0.18500E-01    1  -282.67100
   -0.17900E-01    1  -282.67364
   -0.17300E-01    1  -282.67618
   -0.16700E-01    1  -282.67863
   -0.16100E-01    1  -282.68098
   -0.15500E-01    1  -282.68324
   -0.14900E-01    1  -282.68541
   -0.14300E-01    1  -282.68747
   -0.13700E-01    1  -282.68946
   -0.13100E-01    1  -282.69134
   -0.12500E-01    1  -282.69314
   -0.11900E-01    1  -282.69485
   -0.11300E-01    1  -282.69647
   -0.10700E-01    1  -282.69800
   -0.10100E-01    1  -282.69944
   -0.95000E-02    1  -282.70079
   -0.89000E-02    1  -282.70205
   -0.83000E-02    1  -282.70322
   -0.77000E-02    1  -282.70431
   -0.71000E-02    1  -282.70532
   -0.65000E-02    1  -282.70623
   -0.59000E-02    1  -282.70706
   -0.53000E-02    1  -282.70781
   -0.47000E-02    1  -282.70847
   -0.41000E-02    1  -282.70905
   -0.35000E-02    1  -282.70955
   -0.29000E-02    1  -282.70996
   -0.23000E-02    1  -282.71029
   -0.17000E-02    1  -282.71054
   -0.11000E-02    1  -282.71072
   -0.50000E-03    1  -282.71081
    0.10000E-03    1  -282.71082
    0.70000E-03    1  -282.71076
    0.13000E-02    1  -282.71062
    0.19000E-02    1  -282.71039
    0.25000E-02    1  -282.71008
    0.31000E-02    1  -282.70970
    0.37000E-02    1  -282.70925
    0.43000E-02    1  -282.70871
    0.49000E-02    1  -282.70811
    0.55000E-02    1  -282.70743
    0.61000E-02    1  -282.70667
    0.67000E-02    1  -282.70585
    0.73000E-02    1  -282.70494
    0.79000E-02    1  -282.70397
    0.85000E-02    1  -282.70291
    0.91000E-02    1  -282.70179
    0.97000E-02    1  -282.70059
    0.10300E-01    1  -282.69934
    0.10900E-01    1  -282.69800
    0.11500E-01    1  -282.69660
    0.12100E-01    1  -282.69513
    0.12700E-01    1  -282.69357
    0.13300E-01    1  -282.69195
    0.13900E-01    1  -282.69026
    0.14500E-01    1  -282.68850
    0.15100E-01    1  -282.68668
    0.15700E-01    1  -282.68479
    0.16300E-01    1  -282.68283
    0.16900E-01    1  -282.68081
    0.17500E-01    1  -282.67872
    0.18100E-01    1  -282.67656
    0.18700E-01    1  -282.67435
    0.19300E-01    1  -282.67208
    0.20200E-01    1  -282.66255
    0.25000E-01    1  -282.63374
    0.31000E-01    1  -282.59904
    0.37000E-01    1  -282.55883
    0.43000E-01    1  -282.51345
    0.49000E-01    1  -282.46314
    0.55000E-01    1  -282.40835
    0.61000E-01    1  -282.34928
    0.67000E-01    1  -282.28608
    0.73000E-01    1  -282.21925
    0.79000E-01    1  -282.14868
    0.85000E-01    1  -282.07475
    0.91000E-01    1  -281.99754
    0.97000E-01    1  -281.91742
    0.10300        1  -281.83444
    0.10900        1  -281.74899
    0.11500        1  -281.66098
    0.12100        1  -281.57056
    0.12700        1  -281.47797
    0.13300        1  -281.38322
    0.13900        1  -281.28661
    0.14500        1  -281.18823
    0.15100        1  -281.08834
    0.15700        1  -280.98658
    0.16300        1  -280.88328
    0.16900        1  -280.77903
    0.17500        1  -280.67329
    0.18100        1  -280.56624
    0.18700        1  -280.45807
    0.19300        1  -280.34924
    0.19900        1  -280.23893
    0.20500        1  -280.12779
    0.21100        1  -280.01566
    0.21700        1  -279.90305
    0.29500        1  -276.90276
    0.44500        1  -273.88572
    0.59500        1  -270.95513
    0.74500        1  -268.14201
    0.89500        1  -265.45965
     1.0450        1  -262.90315
     1.1950        1  -260.46981
     1.3450        1  -258.14771
     1.4950        1  -255.92358
     1.6450        1  -253.78573
     1.7950        1  -251.72846
     1.9450        1  -249.80326
     2.0950        1  -248.02336
     2.2450        1  -246.34859
     2.3950        1  -244.75899
     2.5450        1  -243.25294
     2.6950        1  -241.81544
     2.8450        1  -240.43577
     2.9950        1  -239.10542
     3.1450        1  -237.82077
     3.2950        1  -236.57487
     3.4450        1  -235.36444
     3.5950        1  -234.18799
     3.7450        1  -233.04116
     3.8950        1  -231.92071
     4.0450        1  -230.82434
     4.1950        1  -229.75328
     4.3450        1  -228.71082
     4.4950        1  -227.69414
     4.6450        1  -226.70117
     4.7950        1  -225.72755
     4.9450        1  -224.76964
     5.0950        1  -223.82727
     5.2450        1  -222.90277
     5.3950        1  -221.99232
     5.5450        1  -221.11912
     5.6950        1  -220.28175
     5.8450        1  -219.47041
     5.9950        1  -218.68318
     6.1450        1  -217.91519
     6.2950        1  -217.16653
     6.4450        1  -216.43582
     6.5950        1  -215.72049
     6.7450        1  -215.02087
     6.8950        1  -214.33617
     7.0450        1  -213.66588
     7.1950        1  -213.00780
     7.3450        1  -212.36212
     7.4950        1  -211.72729
     7.6450        1  -211.10546
     7.7950        1  -210.49354
     7.9450        1  -209.89332
     8.0950        1  -209.30212
     8.2450        1  -208.72184
     8.3950        1  -208.14936
     8.5450        1  -207.58778
     8.6950        1  -207.03618
     8.8450        1  -206.49356
     8.9950        1  -205.96038
     9.1450        1  -205.43345
     9.2950        1  -204.91655
     9.4450        1  -204.40651
     9.5950        1  -203.90525
     9.7450        1  -203.41364
     9.8950        1  -202.92918
     10.045        1  -202.45242
     10.195        1  -201.98662
     10.345        1  -201.52841
     10.495        1  -201.08035
     10.645        1  -200.63811
     10.795        1  -200.20827
     10.945        1  -199.78630
     11.095        1  -199.37000
     11.245        1  -198.96533
     11.395        1  -198.56693
     11.545        1  -198.17405
     11.695        1  -197.79118
     11.845        1  -197.41624
     11.995        1  -197.04637
     12.145        1  -196.68185
     12.295        1  -196.32324
     12.445        1  -195.96993
     12.595        1  -195.62361
     12.745        1  -195.28077
     12.895        1  -194.94749
     13.045        1  -194.62022
     13.195        1  -194.29860
     13.345        1  -193.97383
     13.495        1  -193.65457
     13.645        1  -193.33717
     13.795        1  -193.02867
     13.945        1  -192.72080
     14.095        1  -192.42417
     14.245        1  -192.12769
     14.395        1  -191.82884
     14.545        1  -191.53692
     14.695        1  -191.24904
     14.845        1  -190.96017
     14.995        1  -190.67663
     15.145        1  -190.39475
     15.295        1  -190.12272
     15.445        1  -189.85272
     15.595        1  -189.57974
     15.745        1  -189.32299
     15.895        1  -189.06555
     16.045        1  -188.80475
     16.195        1  -188.54885
     16.345        1  -188.29988
     16.495        1  -188.05216
     16.645        1  -187.81040
     16.795        1  -187.57116
     16.945        1  -187.34285
     17.095        1  -187.11536
     17.245        1  -186.89398
     17.395        1  -186.67877
     17.545        1  -186.47032
     17.695        1  -186.26149
     17.845        1  -186.05557
     17.995        1  -185.85993
     18.145        1  -185.66796
     18.295        1  -185.48428
     18.445        1  -185.29743
     18.595        1  -185.11764
     18.745        1  -184.94604
     18.895        1  -184.77771
     19.045        1  -184.60603
     19.195        1  -184.44091
     19.345        1  -184.28476
     19.495        1  -184.12873
     19.645        1  -183.97886
     19.795        1  -183.83612
     19.945        1  -183.69879
     20.095        1  -183.55910
     20.245        1  -183.42383
     20.395        1  -183.29073
     20.545        1  -183.16744
     20.695        1  -183.04495
     20.845        1  -182.92394
     20.995        1  -182.81435
     21.145        1  -182.71246
     21.295        1  -182.60375
     21.445        1  -182.49434
     21.595        1  -182.39474
     21.745        1  -182.30035
     21.895        1  -182.20344
     22.045        1  -182.10752
     22.195        1  -182.01303
     22.345        1  -181.91920
     22.495        1  -181.83403
     22.645        1  -181.74424
     22.795        1  -181.65727
     22.945        1  -181.57426
     23.095        1  -181.48951
     23.245        1  -181.40767
     23.395        1  -181.32804
     23.545        1  -181.25158
     23.695        1  -181.17444
     23.845        1  -181.10214
     23.995        1  -181.02790
     24.145        1  -180.95748
     24.295        1  -180.88876
     24.445        1  -180.81714
     24.595        1  -180.75042
     24.745        1  -180.68126
     24.895        1  -180.61795
     25.045        1  -180.55769
     25.195        1  -180.49499
     25.345        1  -180.43429
     25.495        1  -180.38130
     25.645        1  -180.32086
     25.795        1  -180.26972
     25.945        1  -180.21322
     26.095        1  -180.16775
     26.245        1  -180.11961
     26.395        1  -180.06594
     26.545        1  -180.01809
     26.695        1  -179.97238
     26.845        1  -179.92155
     26.995        1  -179.87459
     27.145        1  -179.82818
     27.295        1  -179.78196
     27.445        1  -179.74183
     27.595        1  -179.69975
     27.745        1  -179.65347
     27.895        1  -179.61659
     28.045        1  -179.57745
     28.195        1  -179.53701
     28.345        1  -179.49631
     28.495        1  -179.45781
     28.645        1  -179.41851
     28.795        1  -179.38105
     28.945        1  -179.34519
     29.095        1  -179.30470
     29.245        1  -179.26730
     29.395        1  -179.22907
     29.545        1  -179.18855
     29.695        1  -179.15290
     29.845        1  -179.12048
     29.995        1  -179.08225
     30.145        1  -179.04894
     30.295        1  -179.01196
     30.445        1  -178.97638
     30.595        1  -178.94065
     30.745        1  -178.90755
     30.895        1  -178.87262
     31.045        1  -178.84015
     31.195        1  -178.80637
     31.345        1  -178.77132
     31.495        1  -178.73938
     31.645        1  -178.70554
     31.795        1  -178.66850
     31.945        1  -178.63315
     32.095        1  -178.59927
     32.245        1  -178.56715
     32.395        1  -178.53411
     32.545        1  -178.49998
     32.695        1  -178.46642
     32.845        1  -178.43060
     32.995        1  -178.39750
     33.145        1  -178.36170
     33.295        1  -178.32719
     33.445        1  -178.29393
     33.595        1  -178.26187
     33.745        1  -178.22510
     33.895        1  -178.19205
     34.045        1  -178.15940
     34.195        1  -178.12410
     34.345        1  -178.08849
     34.495        1  -178.05529
     34.645        1  -178.02113
     34.795        1  -177.98931
     34.945        1  -177.95810
     35.095        1  -177.92561
     35.245        1  -177.89290
     35.395        1  -177.85921
     35.545        1  -177.82765
     35.695        1  -177.79769
     35.845        1  -177.76645
     35.995        1  -177.73555
     36.145        1  -177.70546
     36.295        1  -177.67731
     36.445        1  -177.65103
     36.595        1  -177.62251
     36.745        1  -177.59366
     36.895        1  -177.56539
     37.045        1  -177.53815
     37.195        1  -177.51336
     37.345        1  -177.48697
     37.495        1  -177.45927
     37.645        1  -177.43522
     37.795        1  -177.40869
     37.945        1  -177.38411
     38.095        1  -177.36097
     38.245        1  -177.33570
     38.395        1  -177.31193
     38.545        1  -177.28919
     38.695        1  -177.26700
     38.845        1  -177.24388
     38.995        1  -177.22127
     39.145        1  -177.19900
     39.295        1  -177.17706
     39.445        1  -177.15455
     39.595        1  -177.13344
     39.745        1  -177.11213
     39.895        1  -177.09194
     40.045        1  -177.07228
     40.195        1  -177.05316
     40.345        1  -177.03336
     40.495        1  -177.01397
     40.645        1  -176.99428
     40.795        1  -176.97549
     40.945        1  -176.95759
     41.095        1  -176.94158
     41.245        1  -176.92517
     41.395        1  -176.91173
     41.545        1  -176.89506
     41.695        1  -176.87936
     41.845        1  -176.86713
     41.995        1  -176.85357
     42.145        1  -176.84134
     42.295        1  -176.83034
     42.445        1  -176.81705
     42.595        1  -176.80587
     42.745        1  -176.79521
     42.895        1  -176.78383
     43.045        1  -176.77170
     43.195        1  -176.76195
     43.345        1  -176.75293
     43.495        1  -176.74406
     43.645        1  -176.73584
     43.795        1  -176.72840
     43.945        1  -176.72015
     44.095        1  -176.71207
     44.245        1  -176.70462
     44.395        1  -176.69732
     44.545        1  -176.68994
     44.695        1  -176.68264
     44.845        1  -176.67536
     44.995        1  -176.66814
     45.145        1  -176.66021
     45.295        1  -176.65228
     45.445        1  -176.64511
     45.595        1  -176.63806
     45.745        1  -176.63104
     45.895        1  -176.62395
     46.045        1  -176.61696
     46.195        1  -176.60988
     46.345        1  -176.60290
     46.495        1  -176.59602
     46.645        1  -176.58917
     46.795        1  -176.58233
     46.945        1  -176.57547
     47.095        1  -176.56784
     47.245        1  -176.56098
     47.395        1  -176.55418
     47.545        1  -176.54743
     47.695        1  -176.54071
     47.845        1  -176.53393
     47.995        1  -176.52722
     48.145        1  -176.52048
     48.295        1  -176.51385
     48.445        1  -176.50731
     48.595        1  -176.50069
     48.745        1  -176.49406
     48.895        1  -176.48753
     49.045        1  -176.48100
     49.195        1  -176.47449
     49.345        1  -176.46806
     49.495        1  -176.46156
     49.645        1  -176.45516
     49.795        1  -176.44868
     49.945        1  -176.44223
     50.095        1  -176.43582
     50.245        1  -176.42952
     50.395        1  -176.42316
     50.545        1  -176.41680
     50.695        1  -176.41055
     50.845        1  -176.40426
     50.995        1  -176.39796
     51.145        1  -176.39165
     51.295        1  -176.38546
     51.445        1  -176.37931
     51.595        1  -176.37314
     51.745        1  -176.36700
     51.895        1  -176.36088
     52.045        1  -176.35484
     52.195        1  -176.34878
     52.345        1  -176.34267
     52.495        1  -176.33659
     52.645        1  -176.33056
     52.795        1  -176.32459
     52.945        1  -176.31853
     53.095        1  -176.31253
     53.245        1  -176.30661
     53.395        1  -176.30074
     53.545        1  -176.29478
     53.695        1  -176.28894
     53.845        1  -176.28313
     53.995        1  -176.27729
     54.145        1  -176.27148
     54.295        1  -176.26571
     54.445        1  -176.25989
     54.595        1  -176.25409
     54.745        1  -176.24829
     54.895        1  -176.24256
     55.045        1  -176.23690
     55.195        1  -176.23119
     55.345        1  -176.22556
     55.495        1  -176.21993
     55.645        1  -176.21434
     55.795        1  -176.20874
     55.945        1  -176.20316
     56.095        1  -176.19757
     56.245        1  -176.19207
     56.395        1  -176.18652
     56.545        1  -176.18107
     56.695        1  -176.17558
     56.845        1  -176.17007
     56.995        1  -176.16462
     57.145        1  -176.15921
     57.295        1  -176.15375
     57.445        1  -176.14846
     57.595        1  -176.14315
     57.745        1  -176.13778
     57.895        1  -176.13247
     58.045        1  -176.12716
     58.195        1  -176.12185
     58.345        1  -176.11653
     58.495        1  -176.11127
     58.645        1  -176.10599
     58.795        1  -176.10077
     58.945        1  -176.09552
     59.095        1  -176.09031
     59.245        1  -176.08509
     59.395        1  -176.07988
     59.545        1  -176.07470
     59.695        1  -176.06952
     59.845        1  -176.06440
     59.995        1  -176.05929
     60.145        1  -176.05423
     60.295        1  -176.04914
     60.445        1  -176.04406
     60.595        1  -176.03898
     60.745        1  -176.03397
     60.895        1  -176.02896
     61.045        1  -176.02393
     61.195        1  -176.01893
     61.345        1  -176.01401
     61.495        1  -176.00907
     61.645        1  -176.00411
     61.795        1  -175.99920
     61.945        1  -175.99423
     62.095        1  -175.98929
     62.245        1  -175.98443
     62.395        1  -175.97959
     62.545        1  -175.97472
     62.695        1  -175.96996
     62.845        1  -175.96514
     62.995        1  -175.96028
     63.145        1  -175.95546
     63.295        1  -175.95071
     63.445        1  -175.94594
     63.595        1  -175.94116
     63.745        1  -175.93642
     63.895        1  -175.93167
     64.045        1  -175.92694
     64.195        1  -175.92231
     64.345        1  -175.91766
     64.495        1  -175.91293
     64.645        1  -175.90827
     64.795        1  -175.90359
     64.945        1  -175.89899
     65.095        1  -175.89438
     70.156        1  -175.47687
     94.967        1  -174.88254
     130.63        1  -174.31650
     179.69        1  -173.77516
     247.17        1  -173.25390
     340.00        1  -172.74969
     467.69        1  -172.26153
     643.33        1  -171.78919
     884.93        1  -171.33149
     1217.3        1  -170.88793
     1674.4        1  -170.45740
     2303.2        1  -170.03867
     3168.2        1  -169.63187
     4358.0        1  -169.23630
     5994.7        1  -168.85194
     8246.0        1  -168.47791
     11343.        1  -168.11358
     15603.        1  -167.75795
     21462.        1  -167.41130
     29522.        1  -167.07289
     40609.        1  -166.74331
     55860.        1  -166.42186
     76839.        1  -166.10885
    0.10570E+06    1  -165.80547
    0.14539E+06    1  -165.51173
    0.19999E+06    1  -165.22803
    0.27510E+06    1  -164.95412
    0.37841E+06    1  -164.69084
    0.52052E+06    1  -164.43845
    0.71601E+06    1  -164.19715
    0.98490E+06    1  -163.96700
    0.13548E+07    1  -163.74677
    0.18636E+07    1  -163.53694
    0.25634E+07    1  -163.33669
    0.35262E+07    1  -163.14563
    0.48504E+07    1  -162.96366
    0.66720E+07    1  -162.79009
    0.91776E+07    1  -162.62475
    0.12624E+08    1  -162.46709
    0.17365E+08    1  -162.31694
    0.23887E+08    1  -162.17407
    0.32858E+08    1  -162.03779
    0.45197E+08    1  -161.90777
    0.62171E+08    1  -161.78399
    0.85520E+08    1  -161.66619
    0.11764E+09    1  -161.55417
    0.16182E+09    1  -161.44728
    0.22259E+09    1  -161.34620
    0.30618E+09    1  -161.25093
    0.42116E+09    1  -161.16179
    0.57933E+09    1  -161.07895
    0.79690E+09    1  -161.00166
    0.10962E+10    1  -160.92956
    0.15078E+10    1  -160.86191
    0.20741E+10    1  -160.79862
    0.28531E+10    1  -160.73914
    0.39245E+10    1  -160.68383
    0.53984E+10    1  -160.63377
    0.74258E+10    1  -160.58780
    0.10215E+11    1  -160.54547
    0.14051E+11    1  -160.50647
    0.19327E+11    1  -160.47035
    0.26586E+11    1  -160.43714
    0.36570E+11    1  -160.40652
    0.50304E+11    1  -160.37831
    0.69195E+11    1  -160.35206
    0.10000E+12    1  -160.03602
    -149.95        2     0.00000
    -149.79        2     0.00000
    -149.65        2     0.00000
    -149.49        2     0.00000
    -149.34        2     0.00000
    -149.20        2     0.00000
    -149.04        2     0.00000
    -148.90        2     0.00000
    -148.74        2     0.00000
    -148.59        2     0.00000
    -148.45        2     0.00000
    -148.29        2     0.00000
    -148.15        2     0.00000
    -147.99        2     0.00000
    -147.84        2     0.00000
    -147.70        2     0.00000
    -147.54        2     0.00000
    -147.40        2     0.00000
    -147.24        2     0.00000
    -147.09        2     0.00000
    -146.95        2     0.00000
    -146.79        2     0.00000
    -146.65        2     0.00000
    -146.49        2     0.00000
    -146.34        2     0.00000
    -146.20        2     0.00000
    -146.04        2     0.00000
    -145.90        2     0.00000
    -145.74        2     0.00000
    -145.59        2     0.00000
    -145.45        2     0.00000
    -145.29        2     0.00000
    -145.15        2     0.00000
    -144.99        2     0.00000
    -144.84        2     0.00000
    -144.70        2     0.00000
    -144.54        2     0.00000
    -144.40        2     0.00000
    -144.24        2     0.00000
    -144.09        2     0.00000
    -143.95        2     0.00000
    -143.79        2     0.00000
    -143.65        2     0.00000
    -143.49        2     0.00000
    -143.34        2     0.00000
    -143.20        2     0.00000
    -143.04        2     0.00000
    -142.90        2     0.00000
    -142.74        2     0.00000
    -142.59        2     0.00000
    -142.45        2     0.00000
    -142.29        2     0.00000
    -142.15        2     0.00000
    -141.99        2     0.00000
    -141.84        2     0.00000
    -141.70        2     0.00000
    -141.54        2     0.00000
    -141.40        2     0.00000
    -141.24        2     0.00000
    -141.09        2     0.00000
    -140.95        2     0.00000
    -140.79        2     0.00000
    -140.65        2     0.00000
    -140.49        2     0.00000
    -140.34        2     0.00000
    -140.20        2     0.00000
    -140.04        2     0.00000
    -139.90        2     0.00000
    -139.74        2     0.00000
    -139.59        2     0.00000
    -139.45        2     0.00000
    -139.29        2     0.00000
    -139.15        2     0.00000
    -138.99        2     0.00000
    -138.84        2     0.00000
    -138.70        2     0.00000
    -138.54        2     0.00000
    -138.40        2     0.00000
    -138.24        2     0.00000
    -138.09        2     0.00000
    -137.95        2     0.00000
    -137.79        2     0.00000
    -137.65        2     0.00000
    -137.49        2     0.00000
    -137.34        2     0.00000
    -137.20        2     0.00000
    -137.04        2     0.00000
    -136.90        2     0.00000
    -136.74        2     0.00000
    -136.59        2     0.00000
    -136.45        2     0.00000
    -136.29        2     0.00000
    -136.15        2     0.00000
    -135.99        2     0.00000
    -135.84        2     0.00000
    -135.70        2     0.00000
    -135.54        2     0.00000
    -135.40        2     0.00000
    -135.24        2     0.00000
    -135.09        2     0.00000
    -134.95        2     0.00000
    -134.79        2     0.00000
    -134.65        2     0.00000
    -134.49        2     0.00000
    -134.34        2     0.00000
    -134.20        2     0.00000
    -134.04        2     0.00000
    -133.90        2     0.00000
    -133.74        2     0.00000
    -133.59        2     0.00000
    -133.45        2     0.00000
    -133.29        2     0.00000
    -133.15        2     0.00000
    -132.99        2     0.00000
    -132.84        2     0.00000
    -132.70        2     0.00000
    -132.54        2     0.00000
    -132.40        2     0.00000
    -132.24        2     0.00000
    -132.09        2     0.00000
    -131.95        2     0.00000
    -131.79        2     0.00000
    -131.65        2     0.00000
    -131.49        2     0.00000
    -131.34        2     0.00000
    -131.20        2     0.00000
    -131.04        2     0.00000
    -130.90        2     0.00000
    -130.74        2     0.00000
    -130.59        2     0.00000
    -130.45        2     0.00000
    -130.29        2     0.00000
    -130.15        2     0.00000
    -129.99        2     0.00000
    -129.84        2     0.00000
    -129.70        2     0.00000
    -129.54        2     0.00000
    -129.40        2     0.00000
    -129.24        2     0.00000
    -129.09        2     0.00000
    -128.95        2     0.00000
    -128.79        2     0.00000
    -128.65        2     0.00000
    -128.49        2     0.00000
    -128.34        2     0.00000
    -128.20        2     0.00000
    -128.04        2     0.00000
    -127.89        2     0.00000
    -127.75        2     0.00000
    -127.60        2     0.00000
    -127.44        2     0.00000
    -127.30        2     0.00000
    -127.14        2     0.00000
    -127.00        2     0.00000
    -126.85        2     0.00000
    -126.69        2     0.00000
    -126.55        2     0.00000
    -126.39        2     0.00000
    -126.25        2     0.00000
    -126.10        2     0.00000
    -125.94        2     0.00000
    -125.80        2     0.00000
    -125.64        2     0.00000
    -125.50        2     0.00000
    -125.35        2     0.00000
    -125.19        2     0.00000
    -125.05        2     0.00000
    -124.89        2     0.00000
    -124.75        2     0.00000
    -124.60        2     0.00000
    -124.44        2     0.00000
    -124.30        2     0.00000
    -124.14        2     0.00000
    -124.00        2     0.00000
    -123.85        2     0.00000
    -123.69        2     0.00000
    -123.55        2     0.00000
    -123.39        2     0.00000
    -123.25        2     0.00000
    -123.10        2     0.00000
    -122.94        2     0.00000
    -122.80        2     0.00000
    -122.64        2     0.00000
    -122.50        2     0.00000
    -122.35        2     0.00000
    -122.19        2     0.00000
    -122.05        2     0.00000
    -121.89        2     0.00000
    -121.75        2     0.00000
    -121.60        2     0.00000
    -121.44        2     0.00000
    -121.30        2     0.00000
    -121.14        2     0.00000
    -121.00        2     0.00000
    -120.85        2     0.00000
    -120.69        2     0.00000
    -120.55        2     0.00000
    -120.39        2     0.00000
    -120.25        2     0.00000
    -120.10        2     0.00000
    -119.94        2     0.00000
    -119.80        2     0.00000
    -119.64        2     0.00000
    -119.50        2     0.00000
    -119.35        2     0.00000
    -119.19        2     0.00000
    -119.05        2     0.00000
    -118.89        2     0.00000
    -118.75        2     0.00000
    -118.60        2     0.00000
    -118.44        2     0.00000
    -118.30        2     0.00000
    -118.14        2     0.00000
    -118.00        2     0.00000
    -117.85        2     0.00000
    -117.69        2     0.00000
    -117.55        2     0.00000
    -117.39        2     0.00000
    -117.25        2     0.00000
    -117.10        2     0.00000
    -116.94        2     0.00000
    -116.80        2     0.00000
    -116.64        2     0.00000
    -116.50        2     0.00000
    -116.35        2     0.00000
    -116.19        2     0.00000
    -116.05        2     0.00000
    -115.89        2     0.00000
    -115.75        2     0.00000
    -115.60        2     0.00000
    -115.44        2     0.00000
    -115.30        2     0.00000
    -115.14        2     0.00000
    -115.00        2     0.00000
    -114.85        2     0.00000
    -114.69        2     0.00000
    -114.55        2     0.00000
    -114.39        2     0.00000
    -114.25        2     0.00000
    -114.10        2     0.00000
    -113.94        2     0.00000
    -113.80        2     0.00000
    -113.64        2     0.00000
    -113.50        2     0.00000
    -113.35        2     0.00000
    -113.19        2     0.00000
    -113.05        2     0.00000
    -112.89        2     0.00000
    -112.75        2     0.00000
    -112.60        2     0.00000
    -112.44        2     0.00000
    -112.30        2     0.00000
    -112.14        2     0.00000
    -112.00        2     0.00000
    -111.85        2     0.00000
    -111.69        2     0.00000
    -111.55        2     0.00000
    -111.39        2     0.00000
    -111.25        2     0.00000
    -111.10        2     0.00000
    -110.94        2     0.00000
    -110.80        2     0.00000
    -110.64        2     0.00000
    -110.50        2     0.00000
    -110.35        2     0.00000
    -110.19        2     0.00000
    -110.05        2     0.00000
    -109.89        2     0.00000
    -109.75        2     0.00000
    -109.60        2     0.00000
    -109.44        2     0.00000
    -109.30        2     0.00000
    -109.14        2     0.00000
    -109.00        2     0.00000
    -108.85        2     0.00000
    -108.69        2     0.00000
    -108.55        2     0.00000
    -108.39        2     0.00000
    -108.25        2     0.00000
    -108.10        2     0.00000
    -107.94        2     0.00000
    -107.80        2     0.00000
    -107.64        2     0.00000
    -107.50        2     0.00000
    -107.35        2     0.00000
    -107.19        2     0.00000
    -107.05        2     0.00000
    -106.89        2     0.00000
    -106.75        2     0.00000
    -106.60        2     0.00000
    -106.44        2     0.00000
    -106.30        2     0.00000
    -106.14        2     0.00000
    -106.00        2     0.00000
    -105.85        2     0.00000
    -105.69        2     0.00000
    -105.55        2     0.00000
    -105.39        2     0.00000
    -105.25        2     0.00000
    -105.10        2     0.00000
    -104.94        2     0.00000
    -104.80        2     0.00000
    -104.64        2     0.00000
    -104.50        2     0.00000
    -104.35        2     0.00000
    -104.19        2     0.00000
    -104.05        2     0.00000
    -103.89        2     0.00000
    -103.75        2     0.00000
    -103.60        2     0.00000
    -103.44        2     0.00000
    -103.30        2     0.00000
    -103.14        2     0.00000
    -103.00        2     0.00000
    -102.85        2     0.00000
    -102.69        2     0.00000
    -102.55        2     0.00000
    -102.39        2     0.00000
    -102.25        2     0.00000
    -102.10        2     0.00000
    -101.94        2     0.00000
    -101.80        2     0.00000
    -101.64        2     0.00000
    -101.50        2     0.00000
    -101.35        2     0.00000
    -101.19        2     0.00000
    -101.05        2     0.00000
    -100.89        2     0.00000
    -100.75        2     0.00000
    -100.60        2     0.00000
    -100.44        2     0.00000
    -100.30        2     0.00000
    -100.14        2     0.00000
    -99.995        2     0.00000
    -99.845        2     0.00000
    -99.695        2     0.00000
    -99.545        2     0.00000
    -99.395        2     0.00000
    -99.245        2     0.00000
    -99.095        2     0.00000
    -98.945        2     0.00000
    -98.795        2     0.00000
    -98.645        2     0.00000
    -98.495        2     0.00000
    -98.345        2     0.00000
    -98.195        2     0.00000
    -98.045        2     0.00000
    -97.895        2     0.00000
    -97.745        2     0.00000
    -97.595        2     0.00000
    -97.445        2     0.00000
    -97.295        2     0.00000
    -97.145        2     0.00000
    -96.995        2     0.00000
    -96.845        2     0.00000
    -96.695        2     0.00000
    -96.545        2     0.00000
    -96.395        2     0.00000
    -96.245        2     0.00000
    -96.095        2     0.00000
    -95.945        2     0.00000
    -95.795        2     0.00000
    -95.645        2    -0.00019
    -95.495        2    -0.00208
    -95.345        2    -0.00806
    -95.195        2    -0.02290
    -95.045        2    -0.04693
    -94.895        2    -0.08575
    -94.745        2    -0.15830
    -94.595        2    -0.26746
    -94.445        2    -0.41761
    -94.295        2    -0.61012
    -94.145        2    -0.87492
    -93.995        2    -1.21081
    -93.845        2    -1.63099
    -93.695        2    -2.13511
    -93.545        2    -2.70616
    -93.395        2    -3.36833
    -93.245        2    -4.10750
    -93.095        2    -4.94453
    -92.945        2    -5.85154
    -92.795        2    -6.84723
    -92.645        2    -7.91213
    -92.495        2    -9.03036
    -92.345        2   -10.25431
    -92.195        2   -11.48597
    -92.045        2   -12.79271
    -91.895        2   -14.12817
    -91.745        2   -15.47518
    -91.595        2   -16.86299
    -91.445        2   -18.23994
    -91.295        2   -19.60700
    -91.145        2   -20.93755
    -90.995        2   -22.27084
    -90.845        2   -23.58158
    -90.695        2   -24.85743
    -90.545        2   -26.09231
    -90.395        2   -27.26640
    -90.245        2   -28.41799
    -90.095        2   -29.53061
    -89.945        2   -30.56318
    -89.795        2   -31.57627
    -89.645        2   -32.53485
    -89.495        2   -33.43533
    -89.345        2   -34.29133
    -89.195        2   -35.09148
    -89.045        2   -35.84139
    -88.895        2   -36.54803
    -88.745        2   -37.21789
    -88.595        2   -37.83537
    -88.445        2   -38.40883
    -88.295        2   -38.91076
    -88.145        2   -39.39963
    -87.995        2   -39.83984
    -87.845        2   -40.26840
    -87.695        2   -40.65641
    -87.545        2   -40.99347
    -87.395        2   -41.31508
    -87.245        2   -41.61243
    -87.095        2   -41.88721
    -86.945        2   -42.13803
    -86.795        2   -42.37084
    -86.645        2   -42.57969
    -86.495        2   -42.77578
    -86.345        2   -42.95185
    -86.195        2   -43.11384
    -86.045        2   -43.26523
    -85.895        2   -43.40364
    -85.745        2   -43.52235
    -85.595        2   -43.62745
    -85.445        2   -43.73169
    -85.295        2   -43.82781
    -85.145        2   -43.90756
    -84.995        2   -43.98771
    -84.845        2   -44.05831
    -84.695        2   -44.12298
    -84.545        2   -44.18135
    -84.395        2   -44.23567
    -84.245        2   -44.28295
    -84.095        2   -44.32663
    -83.945        2   -44.36592
    -83.795        2   -44.40770
    -83.645        2   -44.43937
    -83.495        2   -44.47695
    -83.345        2   -44.50604
    -83.195        2   -44.53341
    -83.045        2   -44.55771
    -82.895        2   -44.57989
    -82.745        2   -44.59785
    -82.595        2   -44.61639
    -82.445        2   -44.63198
    -82.295        2   -44.64390
    -82.145        2   -44.65514
    -81.995        2   -44.66656
    -81.845        2   -44.67708
    -81.695        2   -44.68684
    -81.545        2   -44.69473
    -81.395        2   -44.70239
    -81.245        2   -44.70846
    -81.095        2   -44.71276
    -80.945        2   -44.71825
    -80.795        2   -44.72204
    -80.645        2   -44.72664
    -80.495        2   -44.72939
    -80.345        2   -44.73247
    -80.195        2   -44.73633
    -80.045        2   -44.73812
    -79.895        2   -44.74066
    -79.745        2   -44.74231
    -79.595        2   -44.74486
    -79.445        2   -44.74658
    -79.295        2   -44.74937
    -79.145        2   -44.75125
    -78.995        2   -44.75225
    -78.845        2   -44.75340
    -78.695        2   -44.75504
    -78.545        2   -44.75592
    -78.395        2   -44.75655
    -78.245        2   -44.75714
    -78.095        2   -44.75842
    -77.945        2   -44.75903
    -77.795        2   -44.75965
    -77.645        2   -44.76038
    -77.495        2   -44.76101
    -77.345        2   -44.76135
    -77.195        2   -44.76171
    -77.045        2   -44.76206
    -76.895        2   -44.76242
    -76.745        2   -44.76295
    -76.595        2   -44.76328
    -76.445        2   -44.76362
    -76.295        2   -44.76403
    -76.145        2   -44.76433
    -75.995        2   -44.76471
    -75.845        2   -44.76534
    -75.695        2   -44.76603
    -75.545        2   -44.76637
    -75.395        2   -44.76669
    -75.245        2   -44.76704
    -75.095        2   -44.76733
    -74.945        2   -44.76769
    -74.795        2   -44.76803
    -74.645        2   -44.76838
    -74.495        2   -44.76872
    -74.345        2   -44.76936
    -74.195        2   -44.76971
    -74.045        2   -44.77009
    -73.895        2   -44.77050
    -73.745        2   -44.77091
    -73.595        2   -45.41313
    -73.445        2   -46.93093
    -73.295        2   -48.62496
    -73.145        2   -50.61086
    -72.995        2   -52.64532
    -72.845        2   -54.47978
    -72.695        2   -56.18109
    -72.545        2   -57.71352
    -72.395        2   -59.07764
    -72.245        2   -60.28373
    -72.095        2   -61.33902
    -71.945        2   -62.30266
    -71.795        2   -63.14312
    -71.645        2   -63.89809
    -71.495        2   -64.59110
    -71.345        2   -65.17880
    -71.195        2   -65.71803
    -71.045        2   -66.20649
    -70.895        2   -66.64292
    -70.745        2   -67.02467
    -70.595        2   -67.36978
    -70.445        2   -67.68887
    -70.295        2   -67.96592
    -70.145        2   -68.23424
    -69.995        2   -68.48128
    -69.845        2   -68.70424
    -69.695        2   -68.90007
    -69.545        2   -69.08260
    -69.395        2   -69.24369
    -69.245        2   -69.38655
    -69.095        2   -69.53223
    -68.945        2   -69.67158
    -68.795        2   -69.79546
    -68.645        2   -69.91496
    -68.495        2   -70.02580
    -68.345        2   -70.12302
    -68.195        2   -70.21439
    -68.045        2   -70.30333
    -67.895        2   -70.38313
    -67.745        2   -70.46234
    -67.595        2   -70.52954
    -67.445        2   -70.59813
    -67.295        2   -70.66579
    -67.145        2   -70.73020
    -66.995        2   -70.78969
    -66.845        2   -70.84144
    -66.695        2   -70.89369
    -66.545        2   -70.94502
    -66.395        2   -70.99315
    -66.245        2   -71.04003
    -66.095        2   -71.08653
    -65.945        2   -71.13025
    -65.795        2   -71.16935
    -65.645        2   -71.21262
    -65.495        2   -71.24975
    -65.345        2   -71.28877
    -65.195        2   -71.32847
    -65.045        2   -71.36500
    -64.895        2   -71.39956
    -64.745        2   -71.43641
    -64.595        2   -71.46814
    -64.445        2   -71.50168
    -64.295        2   -71.53444
    -64.145        2   -71.56908
    -63.995        2   -71.59859
    -63.845        2   -71.62640
    -63.695        2   -71.65597
    -63.545        2   -71.68559
    -63.395        2   -71.78023
    -63.245        2   -72.25920
    -63.095        2   -72.89450
    -62.945        2   -73.59406
    -62.795        2   -74.31159
    -62.645        2   -75.00181
    -62.495        2   -75.69106
    -62.345        2   -76.34326
    -62.195        2   -76.94605
    -62.045        2   -77.53054
    -61.895        2   -78.06261
    -61.745        2   -78.54491
    -61.595        2   -79.00374
    -61.445        2   -79.44256
    -61.295        2   -79.84470
    -61.145        2   -80.21901
    -60.995        2   -80.55908
    -60.845        2   -80.88561
    -60.695        2   -81.18408
    -60.545        2   -81.45901
    -60.395        2   -81.72432
    -60.245        2   -81.96895
    -60.095        2   -82.19538
    -59.945        2   -82.40441
    -59.795        2   -82.61175
    -59.645        2   -82.80813
    -59.495        2   -82.99271
    -59.345        2   -83.16256
    -59.195        2   -83.33494
    -59.045        2   -83.49638
    -58.895        2   -83.65138
    -58.745        2   -83.80137
    -58.595        2   -83.94470
    -58.445        2   -84.08067
    -58.295        2   -84.21733
    -58.145        2   -84.34780
    -57.995        2   -84.47745
    -57.845        2   -84.60866
    -57.695        2   -84.73717
    -57.545        2   -84.86420
    -57.395        2   -84.98338
    -57.245        2   -85.10028
    -57.095        2   -85.21879
    -56.945        2   -85.34004
    -56.795        2   -85.45101
    -56.645        2   -85.56254
    -56.495        2   -85.67613
    -56.345        2   -85.78435
    -56.195        2   -85.89667
    -56.045        2   -86.00769
    -55.895        2   -86.11059
    -55.745        2   -86.21201
    -55.595        2   -86.31441
    -55.445        2   -86.41849
    -55.295        2   -86.51723
    -55.145        2   -86.61926
    -54.995        2   -86.71007
    -54.845        2   -86.80097
    -54.695        2   -86.90267
    -54.545        2   -87.01585
    -54.395        2   -87.14538
    -54.245        2   -87.30362
    -54.095        2   -87.47770
    -53.945        2   -87.67935
    -53.795        2   -87.90813
    -53.645        2   -88.14223
    -53.495        2   -88.39662
    -53.345        2   -88.66244
    -53.195        2   -88.92103
    -53.045        2   -89.18372
    -52.895        2   -89.45406
    -52.745        2   -89.71951
    -52.595        2   -89.96873
    -52.445        2   -90.21977
    -52.295        2   -90.47420
    -52.145        2   -90.72913
    -51.995        2   -90.97774
    -51.845        2   -91.25079
    -51.695        2   -91.51778
    -51.545        2   -91.79919
    -51.395        2   -92.10494
    -51.245        2   -92.46043
    -51.095        2   -92.92079
    -50.945        2   -93.46300
    -50.795        2   -94.06149
    -50.645        2   -94.73136
    -50.495        2   -95.43085
    -50.345        2   -96.16488
    -50.195        2   -96.96679
    -50.045        2   -97.78721
    -49.895        2   -98.63881
    -49.745        2   -99.49741
    -49.595        2  -100.35371
    -49.445        2  -101.21802
    -49.295        2  -102.06980
    -49.145        2  -102.89468
    -48.995        2  -103.70619
    -48.845        2  -104.49956
    -48.695        2  -105.26112
    -48.545        2  -105.99242
    -48.395        2  -106.70758
    -48.245        2  -107.42166
    -48.095        2  -108.10989
    -47.945        2  -108.77124
    -47.795        2  -109.42894
    -47.645        2  -110.04869
    -47.495        2  -110.66294
    -47.345        2  -111.24671
    -47.195        2  -111.81602
    -47.045        2  -112.35221
    -46.895        2  -112.86892
    -46.745        2  -113.36669
    -46.595        2  -113.84374
    -46.445        2  -114.29786
    -46.295        2  -114.74930
    -46.145        2  -115.17586
    -45.995        2  -115.58303
    -45.845        2  -115.96661
    -45.695        2  -116.34589
    -45.545        2  -116.70715
    -45.395        2  -117.06002
    -45.245        2  -117.39549
    -45.095        2  -117.71605
    -44.945        2  -118.03188
    -44.795        2  -118.33650
    -44.645        2  -118.63117
    -44.495        2  -118.93051
    -44.345        2  -119.21957
    -44.195        2  -119.49946
    -44.045        2  -119.77038
    -43.895        2  -120.03626
    -43.745        2  -120.30121
    -43.595        2  -120.56095
    -43.445        2  -120.81833
    -43.295        2  -121.07235
    -43.145        2  -121.33100
    -42.995        2  -121.59260
    -42.845        2  -121.84173
    -42.695        2  -122.09608
    -42.545        2  -122.35421
    -42.395        2  -122.61092
    -42.245        2  -122.86256
    -42.095        2  -123.12152
    -41.945        2  -123.37332
    -41.795        2  -123.62845
    -41.645        2  -123.88035
    -41.495        2  -124.13373
    -41.345        2  -124.38158
    -41.195        2  -124.63385
    -41.045        2  -124.88565
    -40.895        2  -125.13408
    -40.745        2  -125.37609
    -40.595        2  -125.62491
    -40.445        2  -125.86528
    -40.295        2  -126.10307
    -40.145        2  -126.34519
    -39.995        2  -126.58264
    -39.845        2  -126.81417
    -39.695        2  -127.03975
    -39.545        2  -127.26157
    -39.395        2  -127.47872
    -39.245        2  -127.70364
    -39.095        2  -127.92402
    -38.945        2  -128.14546
    -38.795        2  -128.35934
    -38.645        2  -128.57374
    -38.495        2  -128.78987
    -38.345        2  -129.00711
    -38.195        2  -129.22021
    -38.045        2  -129.43562
    -37.895        2  -129.63703
    -37.745        2  -129.84154
    -37.595        2  -130.04187
    -37.445        2  -130.24357
    -37.295        2  -130.43646
    -37.145        2  -130.62940
    -36.995        2  -130.82605
    -36.845        2  -131.03533
    -36.695        2  -131.24577
    -36.545        2  -131.45853
    -36.395        2  -131.67702
    -36.245        2  -131.89082
    -36.095        2  -132.09982
    -35.945        2  -132.31496
    -35.795        2  -132.53577
    -35.645        2  -132.74790
    -35.495        2  -132.95610
    -35.345        2  -133.16242
    -35.195        2  -133.36287
    -35.045        2  -133.56604
    -34.895        2  -133.76193
    -34.745        2  -133.95678
    -34.595        2  -134.15543
    -34.445        2  -134.34518
    -34.295        2  -134.53018
    -34.145        2  -134.71857
    -33.995        2  -134.89941
    -33.845        2  -135.07824
    -33.695        2  -135.25144
    -33.545        2  -135.42151
    -33.395        2  -135.58666
    -33.245        2  -135.74928
    -33.095        2  -135.90983
    -32.945        2  -136.06988
    -32.795        2  -136.22595
    -32.645        2  -136.37727
    -32.495        2  -136.51973
    -32.345        2  -136.66455
    -32.195        2  -136.80322
    -32.045        2  -136.93968
    -31.895        2  -137.07342
    -31.745        2  -137.20773
    -31.595        2  -137.33677
    -31.445        2  -137.46208
    -31.295        2  -137.58598
    -31.145        2  -137.71504
    -30.995        2  -137.83598
    -30.845        2  -137.95691
    -30.695        2  -138.07936
    -30.545        2  -138.19574
    -30.395        2  -138.31453
    -30.245        2  -138.43667
    -30.095        2  -138.55296
    -29.945        2  -138.67276
    -29.795        2  -138.78856
    -29.645        2  -138.90699
    -29.495        2  -139.02506
    -29.345        2  -139.14035
    -29.195        2  -139.25732
    -29.045        2  -139.37041
    -28.895        2  -139.48803
    -28.745        2  -139.60390
    -28.595        2  -139.71861
    -28.445        2  -139.83558
    -28.295        2  -139.94886
    -28.145        2  -140.06390
    -27.995        2  -140.18202
    -27.845        2  -140.29614
    -27.695        2  -140.41227
    -27.545        2  -140.52712
    -27.395        2  -140.64584
    -27.245        2  -140.76237
    -27.095        2  -140.87649
    -26.945        2  -140.98847
    -26.795        2  -141.10589
    -26.645        2  -141.22170
    -26.495        2  -141.33936
    -26.345        2  -141.45830
    -26.195        2  -141.57744
    -26.045        2  -141.69780
    -25.895        2  -141.81858
    -25.745        2  -141.94071
    -25.595        2  -142.06126
    -25.445        2  -142.18023
    -25.295        2  -142.29820
    -25.145        2  -142.41949
    -24.995        2  -142.54182
    -24.845        2  -142.66031
    -24.695        2  -142.78812
    -24.545        2  -142.90785
    -24.395        2  -143.03875
    -24.245        2  -143.16331
    -24.095        2  -143.29142
    -23.945        2  -143.41963
    -23.795        2  -143.54256
    -23.645        2  -143.66707
    -23.495        2  -143.79111
    -23.345        2  -143.91368
    -23.195        2  -144.03982
    -23.045        2  -144.16349
    -22.895        2  -144.28794
    -22.745        2  -144.41400
    -22.595        2  -144.53874
    -22.445        2  -144.66033
    -22.295        2  -144.79049
    -22.145        2  -144.91397
    -21.995        2  -145.04504
    -21.845        2  -145.17931
    -21.695        2  -145.30730
    -21.545        2  -145.43368
    -21.395        2  -145.56716
    -21.245        2  -145.69459
    -21.095        2  -145.82815
    -20.945        2  -145.95739
    -20.795        2  -146.09157
    -20.645        2  -146.23149
    -20.495        2  -146.36582
    -20.345        2  -146.50299
    -20.195        2  -146.63500
    -20.045        2  -146.77014
    -19.895        2  -146.90723
    -19.745        2  -147.04631
    -19.595        2  -147.18763
    -19.445        2  -147.32835
    -19.295        2  -147.46767
    -19.145        2  -147.61224
    -18.995        2  -147.75946
    -18.845        2  -147.91100
    -18.695        2  -148.06116
    -18.545        2  -148.21590
    -18.395        2  -148.36915
    -18.245        2  -148.53039
    -18.095        2  -148.69103
    -17.945        2  -148.85238
    -17.795        2  -149.02385
    -17.645        2  -149.19003
    -17.495        2  -149.36023
    -17.345        2  -149.53522
    -17.195        2  -149.71892
    -17.045        2  -149.90013
    -16.895        2  -150.08341
    -16.745        2  -150.27323
    -16.595        2  -150.46795
    -16.445        2  -150.66470
    -16.295        2  -150.86903
    -16.145        2  -151.07577
    -15.995        2  -151.28354
    -15.845        2  -151.49359
    -15.695        2  -151.70974
    -15.545        2  -151.92973
    -15.395        2  -152.15176
    -15.245        2  -152.37777
    -15.095        2  -152.60928
    -14.945        2  -152.84388
    -14.795        2  -153.08167
    -14.645        2  -153.32016
    -14.495        2  -153.56323
    -14.345        2  -153.81447
    -14.195        2  -154.06354
    -14.045        2  -154.32348
    -13.895        2  -154.58524
    -13.745        2  -154.84884
    -13.595        2  -155.12255
    -13.445        2  -155.40174
    -13.295        2  -155.68106
    -13.145        2  -155.96489
    -12.995        2  -156.25697
    -12.845        2  -156.55372
    -12.695        2  -156.85643
    -12.545        2  -157.17171
    -12.395        2  -157.48926
    -12.245        2  -157.81396
    -12.095        2  -158.14289
    -11.945        2  -158.48416
    -11.795        2  -158.83414
    -11.645        2  -159.18870
    -11.495        2  -159.54731
    -11.345        2  -159.91337
    -11.195        2  -160.28750
    -11.045        2  -160.66849
    -10.895        2  -161.05384
    -10.745        2  -161.44132
    -10.595        2  -161.84097
    -10.445        2  -162.24732
    -10.295        2  -162.65910
    -10.145        2  -163.07853
    -9.9950        2  -163.49945
    -9.8450        2  -163.93289
    -9.6950        2  -164.37102
    -9.5450        2  -164.81350
    -9.3950        2  -165.26389
    -9.2450        2  -165.72682
    -9.0950        2  -166.19728
    -8.9450        2  -166.68484
    -8.7950        2  -167.17245
    -8.6450        2  -167.67515
    -8.4950        2  -168.19126
    -8.3450        2  -168.71900
    -8.1950        2  -169.25299
    -8.0450        2  -169.80164
    -7.8950        2  -170.36248
    -7.7450        2  -170.94000
    -7.5950        2  -171.52549
    -7.4450        2  -172.12711
    -7.2950        2  -172.74466
    -7.1450        2  -173.37165
    -6.9950        2  -174.01564
    -6.8450        2  -174.67879
    -6.6950        2  -175.36375
    -6.5450        2  -176.06285
    -6.3950        2  -176.78158
    -6.2450        2  -177.52349
    -6.0950        2  -178.29616
    -5.9450        2  -179.10581
    -5.7950        2  -179.93849
    -5.6450        2  -180.78682
    -5.4950        2  -181.65414
    -5.3450        2  -182.54629
    -5.1950        2  -183.45615
    -5.0450        2  -184.38911
    -4.8950        2  -185.34037
    -4.7450        2  -186.31378
    -4.5950        2  -187.30638
    -4.4450        2  -188.32689
    -4.2950        2  -189.37577
    -4.1450        2  -190.45274
    -3.9950        2  -191.55234
    -3.8450        2  -192.68388
    -3.6950        2  -193.85262
    -3.5450        2  -195.05941
    -3.3950        2  -196.30847
    -3.2450        2  -197.60309
    -3.0950        2  -198.94773
    -2.9450        2  -200.34324
    -2.7950        2  -201.79871
    -2.6450        2  -203.31476
    -2.4950        2  -204.90559
    -2.3450        2  -206.57747
    -2.1950        2  -208.34661
    -2.0450        2  -210.23631
    -1.8950        2  -212.26514
    -1.7450        2  -214.38287
    -1.5950        2  -216.58643
    -1.4450        2  -218.89152
    -1.2950        2  -221.30406
    -1.1450        2  -223.82168
   -0.99500        2  -226.44802
   -0.84500        2  -229.19611
   -0.69500        2  -232.06756
   -0.54500        2  -235.05538
   -0.39500        2  -238.11046
   -0.25300        2  -240.00366
   -0.21500        2  -240.11583
   -0.20900        2  -240.22749
   -0.20300        2  -240.33806
   -0.19700        2  -240.44785
   -0.19100        2  -240.55642
   -0.18500        2  -240.66387
   -0.17900        2  -240.77037
   -0.17300        2  -240.87564
   -0.16700        2  -240.97979
   -0.16100        2  -241.08220
   -0.15500        2  -241.18329
   -0.14900        2  -241.28267
   -0.14300        2  -241.38060
   -0.13700        2  -241.47659
   -0.13100        2  -241.57084
   -0.12500        2  -241.66273
   -0.11900        2  -241.75245
   -0.11300        2  -241.83996
   -0.10700        2  -241.92470
   -0.10100        2  -242.00709
   -0.95000E-01    2  -242.08657
   -0.89000E-01    2  -242.16308
   -0.83000E-01    2  -242.23634
   -0.77000E-01    2  -242.30606
   -0.71000E-01    2  -242.37238
   -0.65000E-01    2  -242.43463
   -0.59000E-01    2  -242.49275
   -0.53000E-01    2  -242.54647
   -0.47000E-01    2  -242.59551
   -0.41000E-01    2  -242.63966
   -0.35000E-01    2  -242.67846
   -0.29000E-01    2  -242.71163
   -0.23000E-01    2  -242.73882
   -0.19700E-01    2  -242.74119
   -0.19100E-01    2  -242.74350
   -0.18500E-01    2  -242.74575
   -0.17900E-01    2  -242.74793
   -0.17300E-01    2  -242.75005
   -0.16700E-01    2  -242.75210
   -0.16100E-01    2  -242.75408
   -0.15500E-01    2  -242.75600
   -0.14900E-01    2  -242.75785
   -0.14300E-01    2  -242.75963
   -0.13700E-01    2  -242.76134
   -0.13100E-01    2  -242.76298
   -0.12500E-01    2  -242.76455
   -0.11900E-01    2  -242.76605
   -0.11300E-01    2  -242.76748
   -0.10700E-01    2  -242.76885
   -0.10100E-01    2  -242.77014
   -0.95000E-02    2  -242.77137
   -0.89000E-02    2  -242.77251
   -0.83000E-02    2  -242.77359
   -0.77000E-02    2  -242.77459
   -0.71000E-02    2  -242.77552
   -0.65000E-02    2  -242.77638
   -0.59000E-02    2  -242.77716
   -0.53000E-02    2  -242.77787
   -0.47000E-02    2  -242.77850
   -0.41000E-02    2  -242.77906
   -0.35000E-02    2  -242.77954
   -0.29000E-02    2  -242.77994
   -0.23000E-02    2  -242.78026
   -0.17000E-02    2  -242.78051
   -0.11000E-02    2  -242.78068
   -0.50000E-03    2  -242.78077
    0.10000E-03    2  -242.78078
    0.70000E-03    2  -242.78071
    0.13000E-02    2  -242.78056
    0.19000E-02    2  -242.78033
    0.25000E-02    2  -242.78003
    0.31000E-02    2  -242.77963
    0.37000E-02    2  -242.77916
    0.43000E-02    2  -242.77860
    0.49000E-02    2  -242.77796
    0.55000E-02    2  -242.77724
    0.61000E-02    2  -242.77643
    0.67000E-02    2  -242.77553
    0.73000E-02    2  -242.77456
    0.79000E-02    2  -242.77349
    0.85000E-02    2  -242.77233
    0.91000E-02    2  -242.77108
    0.97000E-02    2  -242.76974
    0.10300E-01    2  -242.76833
    0.10900E-01    2  -242.76683
    0.11500E-01    2  -242.76524
    0.12100E-01    2  -242.76356
    0.12700E-01    2  -242.76178
    0.13300E-01    2  -242.75992
    0.13900E-01    2  -242.75795
    0.14500E-01    2  -242.75589
    0.15100E-01    2  -242.75373
    0.15700E-01    2  -242.75146
    0.16300E-01    2  -242.74912
    0.16900E-01    2  -242.74668
    0.17500E-01    2  -242.74414
    0.18100E-01    2  -242.74149
    0.18700E-01    2  -242.73878
    0.19300E-01    2  -242.73593
    0.20200E-01    2  -242.72397
    0.25000E-01    2  -242.68606
    0.31000E-01    2  -242.63723
    0.37000E-01    2  -242.57690
    0.43000E-01    2  -242.50406
    0.49000E-01    2  -242.41784
    0.55000E-01    2  -242.31711
    0.61000E-01    2  -242.20107
    0.67000E-01    2  -242.06848
    0.73000E-01    2  -241.91819
    0.79000E-01    2  -241.74838
    0.85000E-01    2  -241.55771
    0.91000E-01    2  -241.34450
    0.97000E-01    2  -241.10668
    0.10300        2  -240.84223
    0.10900        2  -240.54917
    0.11500        2  -240.22450
    0.12100        2  -239.86548
    0.12700        2  -239.46870
    0.13300        2  -239.03049
    0.13900        2  -238.54672
    0.14500        2  -238.01264
    0.15100        2  -237.42241
    0.15700        2  -236.76944
    0.16300        2  -236.04023
    0.16900        2  -235.22861
    0.17500        2  -234.34223
    0.18100        2  -233.37483
    0.18700        2  -232.31464
    0.19300        2  -231.14094
    0.19900        2  -229.85968
    0.20500        2  -228.47101
    0.21100        2  -226.96495
    0.21700        2  -225.33147
    0.29500        2  -130.21686
    0.44500        2   -61.74895
    0.59500        2   -33.85409
    0.74500        2   -19.26830
    0.89500        2   -10.00932
     1.0450        2    -3.53953
     1.1950        2     1.37968
     1.3450        2     5.33451
     1.4950        2     8.63206
     1.6450        2    11.45475
     1.7950        2    13.90874
     1.9450        2    16.06163
     2.0950        2    17.97014
     2.2450        2    19.67777
     2.3950        2    21.22260
     2.5450        2    22.62820
     2.6950        2    23.91026
     2.8450        2    25.07951
     2.9950        2    26.14963
     3.1450        2    27.12519
     3.2950        2    28.02374
     3.4450        2    28.84679
     3.5950        2    29.60254
     3.7450        2    30.29638
     3.8950        2    30.93551
     4.0450        2    31.51014
     4.1950        2    32.03760
     4.3450        2    32.51914
     4.4950        2    32.95200
     4.6450        2    33.33803
     4.7950        2    33.68889
     4.9450        2    34.00095
     5.0950        2    34.28549
     5.2450        2    34.54460
     5.3950        2    34.77115
     5.5450        2    34.97262
     5.6950        2    35.15151
     5.8450        2    35.30885
     5.9950        2    35.44254
     6.1450        2    35.55924
     6.2950        2    35.65574
     6.4450        2    35.73405
     6.5950        2    35.79961
     6.7450        2    35.85249
     6.8950        2    35.89538
     7.0450        2    35.93118
     7.1950        2    35.96161
     7.3450        2    35.98745
     7.4950        2    36.01040
     7.6450        2    36.03015
     7.7950        2    36.04853
     7.9450        2    36.06510
     8.0950        2    36.08051
     8.2450        2    36.09545
     8.3950        2    36.10884
     8.5450        2    36.12200
     8.6950        2    36.13436
     8.8450        2    36.14690
     8.9950        2    36.15864
     9.1450        2    36.16980
     9.2950        2    36.18040
     9.4450        2    36.19094
     9.5950        2    36.20090
     9.7450        2    36.21105
     9.8950        2    36.22098
     10.045        2    36.23018
     10.195        2    36.23832
     10.345        2    36.24694
     10.495        2    36.25496
     10.645        2    36.26366
     10.795        2    36.27140
     10.945        2    36.27965
     11.095        2    36.28687
     11.245        2    36.29408
     11.395        2    36.30086
     11.545        2    36.30759
     11.695        2    36.31400
     11.845        2    36.32035
     11.995        2    36.32653
     12.145        2    36.33300
     12.295        2    36.33965
     12.445        2    36.34557
     12.595        2    36.35088
     12.745        2    36.35700
     12.895        2    36.36301
     13.045        2    36.36876
     13.195        2    36.37423
     13.345        2    36.37971
     13.495        2    36.38571
     13.645        2    36.39070
     13.795        2    36.39657
     13.945        2    36.40176
     14.095        2    36.40675
     14.245        2    36.41172
     14.395        2    36.41671
     14.545        2    36.42176
     14.695        2    36.42687
     14.845        2    36.43143
     14.995        2    36.43637
     15.145        2    36.44086
     15.295        2    36.44521
     15.445        2    36.44944
     15.595        2    36.45386
     15.745        2    36.45818
     15.895        2    36.46273
     16.045        2    36.46712
     16.195        2    36.47114
     16.345        2    36.47494
     16.495        2    36.47894
     16.645        2    36.48279
     16.795        2    36.48694
     16.945        2    36.49062
     17.095        2    36.49445
     17.245        2    36.49809
     17.395        2    36.50162
     17.545        2    36.50494
     17.695        2    36.50880
     17.845        2    36.51283
     17.995        2    36.51636
     18.145        2    36.52008
     18.295        2    36.52318
     18.445        2    36.52675
     18.595        2    36.53011
     18.745        2    36.53314
     18.895        2    36.53636
     19.045        2    36.53964
     19.195        2    36.54313
     19.345        2    36.54645
     19.495        2    36.54999
     19.645        2    36.55326
     19.795        2    36.55612
     19.945        2    36.55958
     20.095        2    36.56284
     21.836        2    36.65323
     30.068        2    36.78150
     42.097        2    36.89987
     58.937        2    37.01137
     82.515        2    37.11122
     115.53        2    37.20987
     161.74        2    37.30263
     226.45        2    37.38934
     317.04        2    37.47470
     443.87        2    37.55887
     621.44        2    37.63914
     870.05        2    37.71725
     1218.1        2    37.79452
     1705.4        2    37.86833
     2387.7        2    37.94089
     3342.9        2    38.01082
     4680.2        2    38.07681
     6552.5        2    38.14095
     9173.8        2    38.20356
     12844.        2    38.26136
     17982.        2    38.31573
     25176.        2    38.36617
     35247.        2    38.41448
     49348.        2    38.45903
     69090.        2    38.49936
     96729.        2    38.53684
    0.13543E+06    2    38.57047
    0.18960E+06    2    38.60387
    0.26545E+06    2    38.63270
    0.37165E+06    2    38.65930
    0.52033E+06    2    38.68381
    0.72849E+06    2    38.70531
    0.10199E+07    2    38.72475
    0.14279E+07    2    38.74266
    0.19992E+07    2    38.75986
    0.27990E+07    2    38.77426
    0.39187E+07    2    38.78726
    0.54864E+07    2    38.79929
    0.76812E+07    2    38.80924
    0.10754E+08    2    38.81813
    0.15056E+08    2    38.82679
    0.21080E+08    2    38.83442
    0.29513E+08    2    38.84152
    0.41319E+08    2    38.84812
    0.57849E+08    2    38.85331
    0.80991E+08    2    38.85923
    0.11339E+09    2    38.86382
    0.15875E+09    2    38.86862
    0.22226E+09    2    38.87283
    0.31118E+09    2    38.87678
    0.43567E+09    2    38.87976
    0.60996E+09    2    38.88270
    0.85398E+09    2    38.88598
    0.11956E+10    2    38.88815
    0.16739E+10    2    38.89074
    0.23436E+10    2    38.89265
    0.32811E+10    2    38.89468
    0.45937E+10    2    38.89596
    0.64315E+10    2    38.89764
    0.90044E+10    2    38.89892
    0.12607E+11    2    38.90088
    0.17650E+11    2    38.90208
    0.24711E+11    2    38.90301
    0.34596E+11    2    38.90374
    0.48437E+11    2    38.90477
    0.67814E+11    2    38.90510
    0.10000E+12    2    38.91547
    -29.945        3     0.00000
    -29.795        3     0.00000
    -29.645        3     0.00000
    -29.495        3     0.00000
    -29.345        3     0.00000
    -29.195        3     0.00000
    -29.045        3     0.00000
    -28.895        3     0.00000
    -28.745        3     0.00000
    -28.595        3     0.00000
    -28.445        3     0.00000
    -28.295        3     0.00000
    -28.145        3     0.00000
    -27.995        3     0.00000
    -27.845        3     0.00000
    -27.695        3     0.00000
    -27.545        3     0.00000
    -27.395        3     0.00000
    -27.245        3     0.00000
    -27.095        3     0.00000
    -26.945        3     0.00000
    -26.795        3     0.00000
    -26.645        3     0.00000
    -26.495        3     0.00000
    -26.345        3     0.00000
    -26.195        3     0.00000
    -26.045        3     0.00000
    -25.895        3     0.00000
    -25.745        3     0.00000
    -25.595        3     0.00000
    -25.445        3     0.00000
    -25.295        3     0.00000
    -25.145        3     0.00000
    -24.995        3     0.00000
    -24.845        3     0.00000
    -24.695        3     0.00000
    -24.545        3     0.00000
    -24.395        3     0.00000
    -24.245        3     0.00000
    -24.095        3     0.00000
    -23.945        3     0.00000
    -23.795        3     0.00000
    -23.645        3     0.00000
    -23.495        3     0.00000
    -23.345        3     0.00000
    -23.195        3     0.00000
    -23.045        3     0.00000
    -22.895        3     0.00000
    -22.745        3     0.00000
    -22.595        3     0.00000
    -22.445        3     0.00000
    -22.295        3     0.00000
    -22.145        3     0.00000
    -21.995        3     0.00000
    -21.845        3     0.00000
    -21.695        3     0.00000
    -21.545        3     0.00000
    -21.395        3     0.00000
    -21.245        3     0.00000
    -21.095        3     0.00000
    -20.945        3     0.00000
    -20.795        3     0.00000
    -20.645        3     0.00000
    -20.495        3     0.00000
    -20.345        3     0.00000
    -20.195        3     0.00000
    -20.045        3     0.00000
    -19.895        3     0.00000
    -19.745        3     0.00000
    -19.595        3     0.00000
    -19.445        3     0.00000
    -19.295        3     0.00000
    -19.145        3     0.00000
    -18.995        3     0.00000
    -18.845        3     0.00000
    -18.695        3     0.00000
    -18.545        3     0.00000
    -18.395        3     0.00000
    -18.245        3     0.00000
    -18.095        3     0.00000
    -17.945        3     0.00000
    -17.795        3     0.00000
    -17.645        3     0.00000
    -17.495        3     0.00000
    -17.345        3     0.00000
    -17.195        3     0.00000
    -17.045        3    -0.00000
    -16.895        3    -0.00000
    -16.745        3    -0.00000
    -16.595        3     0.00000
    -16.445        3     0.00000
    -16.295        3     0.00000
    -16.145        3     0.00000
    -15.995        3     0.00001
    -15.845        3     0.00001
    -15.695        3    -0.00002
    -15.545        3    -0.00016
    -15.395        3    -0.00028
    -15.245        3    -0.00054
    -15.095        3    -0.00116
    -14.945        3    -0.00192
    -14.795        3    -0.00267
    -14.645        3    -0.00388
    -14.495        3    -0.00538
    -14.345        3    -0.00749
    -14.195        3    -0.01009
    -14.045        3    -0.01423
    -13.895        3    -0.02021
    -13.745        3    -0.03541
    -13.595        3    -0.07441
    -13.445        3    -0.15030
    -13.295        3    -0.26642
    -13.145        3    -0.42845
    -12.995        3    -0.63195
    -12.845        3    -0.87518
    -12.695        3    -1.15933
    -12.545        3    -1.48700
    -12.395        3    -1.85385
    -12.245        3    -2.26180
    -12.095        3    -2.70337
    -11.945        3    -3.17658
    -11.795        3    -3.67347
    -11.645        3    -4.19385
    -11.495        3    -4.73992
    -11.345        3    -5.29782
    -11.195        3    -5.87035
    -11.045        3    -6.44611
    -10.895        3    -7.02571
    -10.745        3    -7.61924
    -10.595        3    -8.20728
    -10.445        3    -8.79669
    -10.295        3    -9.38353
    -10.145        3    -9.97127
    -9.9950        3   -10.56311
    -9.8450        3   -11.14913
    -9.6950        3   -11.75926
    -9.5450        3   -12.37725
    -9.3950        3   -13.01981
    -9.2450        3   -13.69165
    -9.0950        3   -14.39921
    -8.9450        3   -15.15208
    -8.7950        3   -15.93950
    -8.6450        3   -16.76894
    -8.4950        3   -17.64275
    -8.3450        3   -18.56624
    -8.1950        3   -19.53990
    -8.0450        3   -20.56240
    -7.8950        3   -21.64721
    -7.7450        3   -22.78324
    -7.5950        3   -23.98695
    -7.4450        3   -25.26605
    -7.2950        3   -26.61546
    -7.1450        3   -28.05743
    -6.9950        3   -29.59250
    -6.8450        3   -31.24751
    -6.6950        3   -33.02672
    -6.5450        3   -34.91594
    -6.3950        3   -36.91351
    -6.2450        3   -38.99067
    -6.0950        3   -41.13766
    -5.9450        3   -43.31862
    -5.7950        3   -45.52924
    -5.6450        3   -47.74675
    -5.4950        3   -49.97215
    -5.3450        3   -52.18932
    -5.1950        3   -54.39276
    -5.0450        3   -56.58125
    -4.8950        3   -58.77201
    -4.7450        3   -60.95006
    -4.5950        3   -63.12808
    -4.4450        3   -65.31321
    -4.2950        3   -67.50523
    -4.1450        3   -69.71888
    -3.9950        3   -71.96625
    -3.8450        3   -74.26187
    -3.6950        3   -76.61104
    -3.5450        3   -79.03312
    -3.3950        3   -81.54462
    -3.2450        3   -84.14970
    -3.0950        3   -86.87439
    -2.9450        3   -89.75128
    -2.7950        3   -92.81366
    -2.6450        3   -96.08678
    -2.4950        3   -99.62516
    -2.3450        3  -103.49683
    -2.1950        3  -107.75231
    -2.0450        3  -112.51774
    -1.8950        3  -117.94048
    -1.7450        3  -124.18901
    -1.5950        3  -131.39901
    -1.4450        3  -139.61427
    -1.2950        3  -148.83966
    -1.1450        3  -159.00115
   -0.99500        3  -169.96323
   -0.84500        3  -181.59440
   -0.69500        3  -193.84072
   -0.54500        3  -206.97400
   -0.39500        3  -221.97831
   -0.25300        3  -233.47164
   -0.21500        3  -234.25584
   -0.20900        3  -235.05148
   -0.20300        3  -235.85964
   -0.19700        3  -236.67856
   -0.19100        3  -237.51038
   -0.18500        3  -238.35627
   -0.17900        3  -239.21553
   -0.17300        3  -240.09077
   -0.16700        3  -240.98225
   -0.16100        3  -241.89125
   -0.15500        3  -242.81802
   -0.14900        3  -243.76494
   -0.14300        3  -244.73254
   -0.13700        3  -245.72278
   -0.13100        3  -246.73770
   -0.12500        3  -247.77967
   -0.11900        3  -248.85011
   -0.11300        3  -249.95332
   -0.10700        3  -251.09203
   -0.10100        3  -252.27010
   -0.95000E-01    3  -253.49226
   -0.89000E-01    3  -254.76358
   -0.83000E-01    3  -256.08786
   -0.77000E-01    3  -257.47238
   -0.71000E-01    3  -258.92526
   -0.65000E-01    3  -260.45562
   -0.59000E-01    3  -262.07758
   -0.53000E-01    3  -263.80973
   -0.47000E-01    3  -265.67455
   -0.41000E-01    3  -267.70685
   -0.35000E-01    3  -269.95599
   -0.29000E-01    3  -272.51169
   -0.23000E-01    3  -275.54165
   -0.19700E-01    3  -275.87787
   -0.19100E-01    3  -276.22213
   -0.18500E-01    3  -276.57490
   -0.17900E-01    3  -276.93696
   -0.17300E-01    3  -277.30896
   -0.16700E-01    3  -277.69140
   -0.16100E-01    3  -278.08544
   -0.15500E-01    3  -278.49161
   -0.14900E-01    3  -278.91090
   -0.14300E-01    3  -279.34408
   -0.13700E-01    3  -279.79204
   -0.13100E-01    3  -280.25580
   -0.12500E-01    3  -280.73626
   -0.11900E-01    3  -281.23468
   -0.11300E-01    3  -281.75229
   -0.10700E-01    3  -282.29038
   -0.10100E-01    3  -282.85016
   -0.95000E-02    3  -283.43351
   -0.89000E-02    3  -284.04206
   -0.83000E-02    3  -284.67778
   -0.77000E-02    3  -285.34295
   -0.71000E-02    3  -286.03959
   -0.65000E-02    3  -286.76966
   -0.59000E-02    3  -287.53516
   -0.53000E-02    3  -288.33588
   -0.47000E-02    3  -289.16937
   -0.41000E-02    3  -290.02982
   -0.35000E-02    3  -290.90301
   -0.29000E-02    3  -291.76706
   -0.23000E-02    3  -292.58359
   -0.17000E-02    3  -293.29092
   -0.11000E-02    3  -293.81331
   -0.50000E-03    3  -294.06979
    0.10000E-03    3  -294.01756
    0.70000E-03    3  -293.66496
    0.13000E-02    3  -293.07175
    0.19000E-02    3  -292.31979
    0.25000E-02    3  -291.48147
    0.31000E-02    3  -290.61117
    0.37000E-02    3  -289.74028
    0.43000E-02    3  -288.88773
    0.49000E-02    3  -288.06507
    0.55000E-02    3  -287.27680
    0.61000E-02    3  -286.52483
    0.67000E-02    3  -285.80792
    0.73000E-02    3  -285.12358
    0.79000E-02    3  -284.46983
    0.85000E-02    3  -283.84433
    0.91000E-02    3  -283.24484
    0.97000E-02    3  -282.66989
    0.10300E-01    3  -282.11774
    0.10900E-01    3  -281.58674
    0.11500E-01    3  -281.07578
    0.12100E-01    3  -280.58368
    0.12700E-01    3  -280.10915
    0.13300E-01    3  -279.65103
    0.13900E-01    3  -279.20849
    0.14500E-01    3  -278.78049
    0.15100E-01    3  -278.36624
    0.15700E-01    3  -277.96480
    0.16300E-01    3  -277.57557
    0.16900E-01    3  -277.19768
    0.17500E-01    3  -276.83037
    0.18100E-01    3  -276.47234
    0.18700E-01    3  -276.12348
    0.19300E-01    3  -275.78309
    0.20200E-01    3  -274.53324
    0.25000E-01    3  -271.70825
    0.31000E-01    3  -269.29776
    0.37000E-01    3  -267.17107
    0.43000E-01    3  -265.25894
    0.49000E-01    3  -263.51702
    0.55000E-01    3  -261.91778
    0.61000E-01    3  -260.43866
    0.67000E-01    3  -259.06177
    0.73000E-01    3  -257.77412
    0.79000E-01    3  -256.56433
    0.85000E-01    3  -255.42301
    0.91000E-01    3  -254.34318
    0.97000E-01    3  -253.31929
    0.10300        3  -252.34693
    0.10900        3  -251.42140
    0.11500        3  -250.53665
    0.12100        3  -249.68939
    0.12700        3  -248.87661
    0.13300        3  -248.09504
    0.13900        3  -247.34299
    0.14500        3  -246.61676
    0.15100        3  -245.91484
    0.15700        3  -245.23654
    0.16300        3  -244.57912
    0.16900        3  -243.94231
    0.17500        3  -243.32505
    0.18100        3  -242.72641
    0.18700        3  -242.14467
    0.19300        3  -241.57895
    0.19900        3  -241.02896
    0.20500        3  -240.49447
    0.21100        3  -239.97481
    0.21700        3  -239.46825
    0.29500        3  -229.58716
    0.44500        3  -223.45836
    0.59500        3  -218.85815
    0.74500        3  -215.03587
    0.89500        3  -211.67702
     1.0450        3  -208.62218
     1.1950        3  -205.78473
     1.3450        3  -203.11474
     1.4950        3  -200.57886
     1.6450        3  -198.15239
     1.7950        3  -195.81616
     1.9450        3  -193.55928
     2.0950        3  -191.36763
     2.2450        3  -189.23229
     2.3950        3  -187.14587
     2.5450        3  -185.10568
     2.6950        3  -183.10722
     2.8450        3  -181.14271
     2.9950        3  -179.21676
     3.1450        3  -177.32210
     3.2950        3  -175.45617
     3.4450        3  -173.62516
     3.5950        3  -171.82068
     3.7450        3  -170.04487
     3.8950        3  -168.29466
     4.0450        3  -166.57009
     4.1950        3  -164.87393
     4.3450        3  -163.19731
     4.4950        3  -161.54693
     4.6450        3  -159.93125
     4.7950        3  -158.34678
     4.9450        3  -156.79066
     5.0950        3  -155.26858
     5.2450        3  -153.78654
     5.3950        3  -152.33497
     5.5450        3  -150.91643
     5.6950        3  -149.53129
     5.8450        3  -148.17369
     5.9950        3  -146.84919
     6.1450        3  -145.55763
     6.2950        3  -144.28793
     6.4450        3  -143.05279
     6.5950        3  -141.84109
     6.7450        3  -140.64829
     6.8950        3  -139.47880
     7.0450        3  -138.32058
     7.1950        3  -137.16649
     7.3450        3  -136.02907
     7.4950        3  -134.89790
     7.6450        3  -133.76669
     7.7950        3  -132.65685
     7.9450        3  -131.54899
     8.0950        3  -130.45701
     8.2450        3  -129.37672
     8.3950        3  -128.31953
     8.5450        3  -127.27277
     8.6950        3  -126.25601
     8.8450        3  -125.26910
     8.9950        3  -124.31031
     9.1450        3  -123.40351
     9.2950        3  -122.52395
     9.4450        3  -121.68598
     9.5950        3  -120.89198
     9.7450        3  -120.15733
     9.8950        3  -119.47653
     10.045        3  -118.84101
     10.195        3  -118.24800
     10.345        3  -117.69598
     10.495        3  -117.18374
     10.645        3  -116.71687
     10.795        3  -116.29247
     10.945        3  -115.89771
     11.095        3  -115.53770
     11.245        3  -115.20600
     11.395        3  -114.89744
     11.545        3  -114.61146
     11.695        3  -114.34393
     11.845        3  -114.09246
     11.995        3  -113.84780
     12.145        3  -113.61988
     12.295        3  -113.40186
     12.445        3  -113.18830
     12.595        3  -112.98959
     12.745        3  -112.79683
     12.895        3  -112.60922
     13.045        3  -112.42706
     13.195        3  -112.24863
     13.345        3  -112.07419
     13.495        3  -111.90327
     13.645        3  -111.73341
     13.795        3  -111.56761
     13.945        3  -111.40514
     14.095        3  -111.24379
     14.245        3  -111.08566
     14.395        3  -110.92895
     14.545        3  -110.77497
     14.695        3  -110.62130
     14.845        3  -110.47008
     14.995        3  -110.32083
     15.145        3  -110.17309
     15.295        3  -110.02610
     15.445        3  -109.88064
     15.595        3  -109.73706
     15.745        3  -109.59470
     15.895        3  -109.45420
     16.045        3  -109.31419
     16.195        3  -109.17573
     16.345        3  -109.03868
     16.495        3  -108.90308
     16.645        3  -108.76869
     16.795        3  -108.63536
     16.945        3  -108.50337
     17.095        3  -108.37155
     17.245        3  -108.24233
     17.395        3  -108.11360
     17.545        3  -107.98524
     17.695        3  -107.85892
     17.845        3  -107.73349
     17.995        3  -107.60945
     18.145        3  -107.48575
     18.295        3  -107.36283
     18.445        3  -107.24132
     18.595        3  -107.12090
     18.745        3  -107.00095
     18.895        3  -106.88294
     19.045        3  -106.76489
     19.195        3  -106.64828
     19.345        3  -106.53254
     19.495        3  -106.41790
     19.645        3  -106.30441
     19.795        3  -106.19143
     19.945        3  -106.07868
     20.095        3  -105.96707
     21.836        3  -102.57804
     30.068        3   -97.56778
     42.097        3   -92.59196
     58.937        3   -87.66884
     82.515        3   -82.80983
     115.53        3   -78.03606
     161.74        3   -73.35594
     226.45        3   -68.77188
     317.04        3   -64.28655
     443.87        3   -59.90422
     621.44        3   -55.62646
     870.05        3   -51.45486
     1218.1        3   -47.38744
     1705.4        3   -43.41628
     2387.7        3   -39.53778
     3342.9        3   -35.75180
     4680.2        3   -32.06192
     6552.5        3   -28.47223
     9173.8        3   -24.97911
     12844.        3   -21.58769
     17982.        3   -18.31188
     25176.        3   -15.14768
     35247.        3   -12.09652
     49348.        3    -9.16604
     69090.        3    -6.35752
     96729.        3    -3.67628
    0.13543E+06    3    -1.11661
    0.18960E+06    3     1.32381
    0.26545E+06    3     3.64748
    0.37165E+06    3     5.86115
    0.52033E+06    3     7.96832
    0.72849E+06    3     9.97331
    0.10199E+07    3    11.87944
    0.14279E+07    3    13.69395
    0.19992E+07    3    15.41951
    0.27990E+07    3    17.06004
    0.39187E+07    3    18.61955
    0.54864E+07    3    20.10168
    0.76812E+07    3    21.51157
    0.10754E+08    3    22.85098
    0.15056E+08    3    24.12372
    0.21080E+08    3    25.33328
    0.29513E+08    3    26.48042
    0.41319E+08    3    27.56119
    0.57849E+08    3    28.57042
    0.80991E+08    3    29.50570
    0.11339E+09    3    30.37294
    0.15875E+09    3    31.18195
    0.22226E+09    3    31.93720
    0.31118E+09    3    32.64344
    0.43567E+09    3    33.30314
    0.60996E+09    3    33.90687
    0.85398E+09    3    34.45324
    0.11956E+10    3    34.95257
    0.16739E+10    3    35.41079
    0.23436E+10    3    35.83175
    0.32811E+10    3    36.21847
    0.45937E+10    3    36.57362
    0.64315E+10    3    36.90046
    0.90044E+10    3    37.20070
    0.12607E+11    3    37.47704
    0.17650E+11    3    37.73102
    0.24711E+11    3    37.96426
    0.34596E+11    3    38.17896
    0.48437E+11    3    38.37605
    0.67814E+11    3    38.55743
    0.10000E+12    3    40.62578
