    -159.95         0.00000
    -159.79         0.00000
    -159.65         0.00000
    -159.49         0.00000
    -159.34         0.00000
    -159.20         0.00000
    -159.04         0.00000
    -158.90         0.00000
    -158.74         0.00000
    -158.59         0.00000
    -158.45         0.00000
    -158.29         0.00000
    -158.15         0.00000
    -157.99         0.00000
    -157.84         0.00000
    -157.70         0.00000
    -157.54         0.00000
    -157.40         0.00000
    -157.24         0.00000
    -157.09         0.00000
    -156.95         0.00000
    -156.79         0.00000
    -156.65         0.00000
    -156.49         0.00000
    -156.34         0.00000
    -156.20         0.00000
    -156.04         0.00000
    -155.90         0.00000
    -155.74         0.00000
    -155.59         0.00000
    -155.45         0.00000
    -155.29         0.00000
    -155.15         0.00000
    -154.99         0.00000
    -154.84         0.00000
    -154.70         0.00000
    -154.54         0.00000
    -154.40         0.00000
    -154.24         0.00000
    -154.09         0.00000
    -153.95         0.00000
    -153.79         0.00000
    -153.65         0.00000
    -153.49         0.00000
    -153.34         0.00000
    -153.20         0.00000
    -153.04         0.00000
    -152.90         0.00000
    -152.74         0.00000
    -152.59         0.00000
    -152.45         0.00000
    -152.29         0.00000
    -152.15         0.00000
    -151.99         0.00000
    -151.84         0.00000
    -151.70         0.00000
    -151.54         0.00000
    -151.40         0.00000
    -151.24         0.00000
    -151.09         0.00000
    -150.95         0.00000
    -150.79         0.00000
    -150.65         0.00000
    -150.49         0.00000
    -150.34         0.00000
    -150.20         0.00000
    -150.04         0.00000
    -149.90         0.00000
    -149.74         0.00000
    -149.59         0.00000
    -149.45         0.00000
    -149.29         0.00000
    -149.15         0.00000
    -148.99         0.00000
    -148.84         0.00000
    -148.70         0.00000
    -148.54         0.00000
    -148.40         0.00000
    -148.24         0.00000
    -148.09         0.00000
    -147.95         0.00000
    -147.79         0.00000
    -147.65         0.00000
    -147.49         0.00000
    -147.34         0.00000
    -147.20         0.00000
    -147.04         0.00000
    -146.90         0.00000
    -146.74         0.00000
    -146.59         0.00000
    -146.45         0.00000
    -146.29         0.00000
    -146.15         0.00000
    -145.99         0.00000
    -145.84         0.00000
    -145.70         0.00000
    -145.54         0.00000
    -145.40         0.00000
    -145.24         0.00000
    -145.09         0.00000
    -144.95         0.00000
    -144.79         0.00000
    -144.65         0.00000
    -144.49         0.00000
    -144.34         0.00000
    -144.20         0.00000
    -144.04         0.00000
    -143.90         0.00000
    -143.74         0.00000
    -143.59         0.00000
    -143.45         0.00000
    -143.29         0.00000
    -143.15         0.00000
    -142.99         0.00000
    -142.84         0.00000
    -142.70         0.00000
    -142.54         0.00000
    -142.40         0.00000
    -142.24         0.00000
    -142.09         0.00000
    -141.95         0.00000
    -141.79         0.00000
    -141.65         0.00000
    -141.49         0.00000
    -141.34         0.00000
    -141.20         0.00000
    -141.04         0.00000
    -140.90         0.00000
    -140.74         0.00000
    -140.59         0.00000
    -140.45         0.00000
    -140.29         0.00000
    -140.15         0.00000
    -139.99         0.00000
    -139.84         0.00000
    -139.70         0.00000
    -139.54         0.00000
    -139.40         0.00000
    -139.24         0.00000
    -139.09         0.00000
    -138.95         0.00000
    -138.79         0.00000
    -138.65         0.00000
    -138.49         0.00000
    -138.34         0.00000
    -138.20         0.00000
    -138.04         0.00000
    -137.90         0.00000
    -137.74         0.00000
    -137.59         0.00000
    -137.45         0.00000
    -137.29         0.00000
    -137.15         0.00000
    -136.99         0.00000
    -136.84         0.00000
    -136.70         0.00000
    -136.54         0.00000
    -136.40         0.00000
    -136.24         0.00000
    -136.09         0.00000
    -135.95         0.00000
    -135.79         0.00000
    -135.65         0.00000
    -135.49         0.00000
    -135.34         0.00000
    -135.20         0.00000
    -135.04         0.00000
    -134.90         0.00000
    -134.74         0.00000
    -134.59         0.00000
    -134.45         0.00000
    -134.29         0.00000
    -134.15         0.00000
    -133.99         0.00000
    -133.84         0.00000
    -133.70         0.00000
    -133.54         0.00000
    -133.40         0.00000
    -133.24         0.00000
    -133.09         0.00000
    -132.95         0.00000
    -132.79         0.00000
    -132.65         0.00000
    -132.49         0.00000
    -132.34         0.00000
    -132.20         0.00000
    -132.04         0.00000
    -131.90         0.00000
    -131.74         0.00000
    -131.59         0.00000
    -131.45         0.00000
    -131.29         0.00000
    -131.15         0.00000
    -130.99         0.00000
    -130.84         0.00000
    -130.70         0.00000
    -130.54         0.00000
    -130.40         0.00000
    -130.24         0.00000
    -130.09         0.00000
    -129.95         0.00000
    -129.79         0.00000
    -129.65         0.00000
    -129.49         0.00000
    -129.34         0.00000
    -129.20         0.00000
    -129.04         0.00000
    -128.90         0.00000
    -128.74         0.00000
    -128.59         0.00000
    -128.45         0.00000
    -128.29         0.00000
    -128.15         0.00000
    -127.99         0.00000
    -127.85         0.00000
    -127.69         0.00000
    -127.55         0.00000
    -127.39         0.00000
    -127.25         0.00000
    -127.10         0.00000
    -126.94         0.00000
    -126.80         0.00000
    -126.64         0.00000
    -126.50         0.00000
    -126.35         0.00000
    -126.19         0.00000
    -126.05         0.00000
    -125.89         0.00000
    -125.75         0.00000
    -125.60         0.00000
    -125.44         0.00000
    -125.30         0.00000
    -125.14         0.00000
    -125.00         0.00000
    -124.85         0.00000
    -124.69         0.00000
    -124.55         0.00000
    -124.39         0.00000
    -124.25         0.00000
    -124.10         0.00000
    -123.94         0.00000
    -123.80         0.00000
    -123.64         0.00000
    -123.50         0.00000
    -123.35         0.00000
    -123.19         0.00000
    -123.05         0.00000
    -122.89         0.00000
    -122.75         0.00000
    -122.60         0.00000
    -122.44         0.00000
    -122.30         0.00000
    -122.14         0.00000
    -122.00         0.00000
    -121.85         0.00000
    -121.69         0.00000
    -121.55         0.00000
    -121.39         0.00000
    -121.25         0.00000
    -121.10         0.00000
    -120.94         0.00000
    -120.80         0.00000
    -120.64         0.00000
    -120.50         0.00000
    -120.35         0.00000
    -120.19         0.00000
    -120.05         0.00000
    -119.89         0.00000
    -119.75         0.00000
    -119.60         0.00000
    -119.44         0.00000
    -119.30         0.00000
    -119.14         0.00000
    -119.00         0.00000
    -118.85         0.00000
    -118.69         0.00000
    -118.55         0.00000
    -118.39         0.00000
    -118.25         0.00000
    -118.10         0.00000
    -117.94         0.00000
    -117.80         0.00000
    -117.64         0.00000
    -117.50         0.00000
    -117.35         0.00000
    -117.19         0.00000
    -117.05         0.00000
    -116.89         0.00000
    -116.75         0.00000
    -116.60         0.00000
    -116.44         0.00000
    -116.30         0.00000
    -116.14         0.00000
    -116.00         0.00000
    -115.85         0.00000
    -115.69         0.00000
    -115.55         0.00000
    -115.39         0.00000
    -115.25         0.00000
    -115.10         0.00000
    -114.94         0.00000
    -114.80         0.00000
    -114.64         0.00000
    -114.50         0.00000
    -114.35         0.00000
    -114.19         0.00000
    -114.05         0.00000
    -113.89         0.00000
    -113.75         0.00000
    -113.60         0.00000
    -113.44         0.00000
    -113.30         0.00000
    -113.14         0.00000
    -113.00         0.00000
    -112.85         0.00000
    -112.69         0.00000
    -112.55         0.00000
    -112.39         0.00000
    -112.25         0.00000
    -112.10         0.00000
    -111.94         0.00000
    -111.80         0.00000
    -111.64         0.00000
    -111.50         0.00000
    -111.35         0.00000
    -111.19         0.00000
    -111.05         0.00000
    -110.89         0.00000
    -110.75         0.00000
    -110.60         0.00000
    -110.44         0.00000
    -110.30         0.00000
    -110.14         0.00000
    -110.00         0.00000
    -109.85         0.00000
    -109.69         0.00000
    -109.55         0.00000
    -109.39         0.00000
    -109.25         0.00000
    -109.10         0.00000
    -108.94         0.00000
    -108.80         0.00000
    -108.64         0.00000
    -108.50         0.00000
    -108.35         0.00000
    -108.19         0.00000
    -108.05         0.00000
    -107.89         0.00000
    -107.75         0.00000
    -107.60         0.00000
    -107.44         0.00000
    -107.30         0.00000
    -107.14         0.00000
    -107.00         0.00000
    -106.85         0.00000
    -106.69         0.00000
    -106.55         0.00000
    -106.39         0.00000
    -106.25         0.00000
    -106.10         0.00000
    -105.94         0.00000
    -105.80         0.00000
    -105.64         0.00000
    -105.50         0.00000
    -105.35         0.00000
    -105.19         0.00000
    -105.05         0.00000
    -104.89         0.00000
    -104.75         0.00000
    -104.60         0.00000
    -104.44         0.00000
    -104.30         0.00000
    -104.14         0.00000
    -104.00         0.00000
    -103.85         0.00000
    -103.69         0.00000
    -103.55         0.00000
    -103.39         0.00000
    -103.25         0.00000
    -103.10         0.00000
    -102.94         0.00000
    -102.80         0.00000
    -102.64         0.00000
    -102.50         0.00000
    -102.35         0.00000
    -102.19         0.00000
    -102.05         0.00000
    -101.89         0.00000
    -101.75         0.00000
    -101.60         0.00000
    -101.44         0.00000
    -101.30         0.00000
    -101.14         0.00000
    -101.00         0.00000
    -100.85         0.00000
    -100.69         0.00000
    -100.55         0.00000
    -100.39         0.00000
    -100.25         0.00000
    -100.10         0.00000
    -99.945         0.00000
    -99.795         0.00000
    -99.645         0.00000
    -99.495         0.00000
    -99.345         0.00000
    -99.195         0.00000
    -99.045         0.00000
    -98.895         0.00000
    -98.745         0.00000
    -98.595         0.00000
    -98.445         0.00000
    -98.295         0.00000
    -98.145         0.00000
    -97.995         0.00000
    -97.845         0.00000
    -97.695         0.00000
    -97.545         0.00000
    -97.395         0.00000
    -97.245         0.00000
    -97.095         0.00000
    -96.945         0.00000
    -96.795         0.00000
    -96.645         0.00000
    -96.495         0.00000
    -96.345         0.00000
    -96.195         0.00000
    -96.045         0.00000
    -95.895         0.00000
    -95.745         0.00000
    -95.595         0.00000
    -95.445         0.00000
    -95.295         0.00000
    -95.145         0.00000
    -94.995         0.00000
    -94.845         0.00000
    -94.695         0.00000
    -94.545         0.00000
    -94.395         0.00000
    -94.245         0.00000
    -94.095         0.00000
    -93.945         0.00000
    -93.795         0.00000
    -93.645         0.00000
    -93.495         0.00000
    -93.345         0.00000
    -93.195         0.00000
    -93.045         0.00000
    -92.895         0.00000
    -92.745         0.00000
    -92.595         0.00000
    -92.445         0.00000
    -92.295         0.00000
    -92.145         0.00000
    -91.995         0.00000
    -91.845         0.00000
    -91.695         0.00000
    -91.545         0.00000
    -91.395         0.00000
    -91.245         0.00000
    -91.095         0.00000
    -90.945         0.00000
    -90.795         0.00000
    -90.645         0.00000
    -90.495         0.00000
    -90.345         0.00000
    -90.195         0.00000
    -90.045         0.00000
    -89.895         0.00000
    -89.745         0.00000
    -89.595         0.00000
    -89.445         0.00000
    -89.295         0.00000
    -89.145         0.00000
    -88.995         0.00000
    -88.845         0.00000
    -88.695         0.00000
    -88.545         0.00000
    -88.395         0.00000
    -88.245         0.00000
    -88.095         0.00000
    -87.945         0.00000
    -87.795         0.00000
    -87.645         0.00000
    -87.495         0.00000
    -87.345         0.00000
    -87.195         0.00000
    -87.045         0.00000
    -86.895         0.00000
    -86.745         0.00000
    -86.595         0.00000
    -86.445         0.00000
    -86.295         0.00000
    -86.145         0.00000
    -85.995         0.00000
    -85.845         0.00000
    -85.695         0.00000
    -85.545         0.00000
    -85.395         0.00000
    -85.245         0.00000
    -85.095         0.00000
    -84.945         0.00000
    -84.795         0.00000
    -84.645         0.00000
    -84.495         0.00000
    -84.345         0.00000
    -84.195         0.00000
    -84.045         0.00000
    -83.895         0.00000
    -83.745         0.00000
    -83.595         0.00000
    -83.445         0.00000
    -83.295         0.00000
    -83.145         0.00000
    -82.995         0.00000
    -82.845         0.00000
    -82.695         0.00000
    -82.545         0.00000
    -82.395         0.00000
    -82.245         0.00000
    -82.095         0.00000
    -81.945         0.00000
    -81.795         0.00000
    -81.645         0.00000
    -81.495         0.00000
    -81.345         0.00000
    -81.195         0.00000
    -81.045         0.00000
    -80.895         0.00000
    -80.745         0.00000
    -80.595         0.00000
    -80.445         0.00000
    -80.295         0.00000
    -80.145         0.00000
    -79.995         0.00000
    -79.845         0.00000
    -79.695         0.00000
    -79.545         0.00000
    -79.395         0.00000
    -79.245         0.00000
    -79.095         0.00000
    -78.945         0.00000
    -78.795         0.00000
    -78.645         0.00000
    -78.495         0.00000
    -78.345         0.00000
    -78.195         0.00000
    -78.045         0.00000
    -77.895         0.00000
    -77.745         0.00000
    -77.595         0.00000
    -77.445         0.00000
    -77.295         0.00000
    -77.145         0.00000
    -76.995         0.00000
    -76.845         0.00000
    -76.695         0.00000
    -76.545         0.00000
    -76.395         0.00000
    -76.245         0.00000
    -76.095         0.00000
    -75.945         0.00000
    -75.795         0.00000
    -75.645         0.00000
    -75.495         0.00000
    -75.345         0.00000
    -75.195         0.00000
    -75.045         0.00000
    -74.895         0.00000
    -74.745         0.00000
    -74.595         0.00000
    -74.445         0.00000
    -74.295         0.00000
    -74.145         0.00000
    -73.995         0.00000
    -73.845         0.00000
    -73.695         0.00000
    -73.545         0.00000
    -73.395         0.00000
    -73.245         0.00000
    -73.095         0.00000
    -72.945         0.00000
    -72.795         0.00000
    -72.645         0.00000
    -72.495         0.00000
    -72.345         0.00000
    -72.195         0.00000
    -72.045         0.00000
    -71.895         0.00000
    -71.745         0.00000
    -71.595         0.00000
    -71.445         0.00000
    -71.295         0.00000
    -71.145         0.00000
    -70.995         0.00000
    -70.845         0.00000
    -70.695         0.00000
    -70.545         0.00000
    -70.395         0.00000
    -70.245         0.00000
    -70.095         0.00000
    -69.945         0.00000
    -69.795         0.00000
    -69.645         0.00000
    -69.495         0.00000
    -69.345         0.00000
    -69.195         0.00000
    -69.045         0.00000
    -68.895         0.00000
    -68.745         0.00000
    -68.595         0.00000
    -68.445         0.00000
    -68.295         0.00000
    -68.145         0.00000
    -67.995         0.00000
    -67.845         0.00000
    -67.695         0.00000
    -67.545         0.00000
    -67.395         0.00000
    -67.245         0.00000
    -67.095         0.00000
    -66.945         0.00000
    -66.795         0.00000
    -66.645         0.00000
    -66.495         0.00000
    -66.345         0.00000
    -66.195         0.00000
    -66.045         0.00000
    -65.895         0.00000
    -65.745         0.00000
    -65.595         0.00000
    -65.445         0.00000
    -65.295         0.00000
    -65.145         0.00000
    -64.995         0.00000
    -64.845         0.00000
    -64.695         0.00000
    -64.545         0.00000
    -64.395         0.00000
    -64.245         0.00000
    -64.095         0.00000
    -63.945         0.00000
    -63.795         0.00000
    -63.645         0.00000
    -63.495         0.00000
    -63.345         0.00000
    -63.195         0.00000
    -63.045         0.00000
    -62.895         0.00000
    -62.745         0.00000
    -62.595         0.00000
    -62.445         0.00000
    -62.295         0.00000
    -62.145         0.00000
    -61.995         0.00000
    -61.845         0.00000
    -61.695         0.00000
    -61.545         0.00000
    -61.395         0.00000
    -61.245         0.00000
    -61.095         0.00000
    -60.945         0.00000
    -60.795         0.00000
    -60.645         0.00000
    -60.495         0.00000
    -60.345         0.00000
    -60.195         0.00000
    -60.045         0.00000
    -59.895         0.00000
    -59.745         0.00000
    -59.595         0.00000
    -59.445         0.00000
    -59.295         0.00000
    -59.145         0.00000
    -58.995         0.00000
    -58.845         0.00000
    -58.695         0.00000
    -58.545         0.00000
    -58.395         0.00000
    -58.245         0.00000
    -58.095         0.00000
    -57.945         0.00000
    -57.795         0.00000
    -57.645         0.00000
    -57.495         0.00000
    -57.345         0.00000
    -57.195         0.00000
    -57.045         0.00000
    -56.895         0.00000
    -56.745         0.00000
    -56.595         0.00000
    -56.445         0.00000
    -56.295         0.00000
    -56.145         0.00000
    -55.995         0.00000
    -55.845         0.00000
    -55.695         0.00000
    -55.545         0.00000
    -55.395         0.00000
    -55.245         0.00000
    -55.095         0.00000
    -54.945         0.00000
    -54.795         0.00000
    -54.645         0.00000
    -54.495         0.00000
    -54.345         0.00000
    -54.195         0.00000
    -54.045         0.00000
    -53.895         0.00000
    -53.745         0.00000
    -53.595         0.00000
    -53.445         0.00000
    -53.295         0.00000
    -53.145         0.00000
    -52.995         0.00000
    -52.845         0.00000
    -52.695         0.00000
    -52.545         0.00000
    -52.395         0.00000
    -52.245         0.00000
    -52.095         0.00000
    -51.945         0.00000
    -51.795         0.00000
    -51.645         0.00000
    -51.495         0.00000
    -51.345         0.00000
    -51.195         0.00000
    -51.045         0.00000
    -50.895         0.00000
    -50.745         0.00000
    -50.595         0.00000
    -50.445         0.00000
    -50.295         0.00000
    -50.145         0.00000
    -49.995         0.00000
    -49.845         0.00000
    -49.695         0.00000
    -49.545         0.00000
    -49.395         0.00000
    -49.245         0.00000
    -49.095         0.00000
    -48.945         0.00000
    -48.795         0.00000
    -48.645         0.00000
    -48.495         0.00000
    -48.345         0.00000
    -48.195         0.00000
    -48.045         0.00000
    -47.895         0.00000
    -47.745         0.00000
    -47.595         0.00000
    -47.445         0.00000
    -47.295         0.00000
    -47.145         0.00000
    -46.995         0.00000
    -46.845         0.00000
    -46.695         0.00000
    -46.545         0.00000
    -46.395         0.00000
    -46.245         0.00000
    -46.095         0.00000
    -45.945         0.00000
    -45.795         0.00000
    -45.645         0.00000
    -45.495         0.00000
    -45.345         0.00000
    -45.195         0.00000
    -45.045         0.00000
    -44.895         0.00000
    -44.745         0.00000
    -44.595         0.00000
    -44.445         0.00000
    -44.295         0.00000
    -44.145         0.00000
    -43.995         0.00000
    -43.845         0.00000
    -43.695         0.00000
    -43.545         0.00000
    -43.395         0.00000
    -43.245         0.00000
    -43.095         0.00000
    -42.945         0.00000
    -42.795         0.00000
    -42.645         0.00000
    -42.495         0.00000
    -42.345         0.00000
    -42.195         0.00000
    -42.045         0.00000
    -41.895         0.00000
    -41.745         0.00000
    -41.595         0.00000
    -41.445         0.00000
    -41.295         0.00000
    -41.145         0.00000
    -40.995         0.00000
    -40.845         0.00000
    -40.695         0.00000
    -40.545         0.00000
    -40.395         0.00000
    -40.245         0.00000
    -40.095         0.00000
    -39.945         0.00000
    -39.795         0.00000
    -39.645         0.00000
    -39.495         0.00000
    -39.345         0.00000
    -39.195         0.00000
    -39.045         0.00000
    -38.895         0.00000
    -38.745         0.00000
    -38.595         0.00000
    -38.445         0.00000
    -38.295         0.00000
    -38.145         0.00000
    -37.995         0.00000
    -37.845         0.00000
    -37.695         0.00000
    -37.545         0.00000
    -37.395         0.00000
    -37.245         0.00000
    -37.095         0.00000
    -36.945         0.00000
    -36.795         0.00000
    -36.645         0.00000
    -36.495         0.00000
    -36.345         0.00000
    -36.195         0.00000
    -36.045         0.00000
    -35.895         0.00000
    -35.745         0.00000
    -35.595         0.00000
    -35.445         0.00000
    -35.295         0.00000
    -35.145         0.00000
    -34.995         0.00000
    -34.845         0.00000
    -34.695         0.00000
    -34.545         0.00000
    -34.395         0.00000
    -34.245         0.00000
    -34.095         0.00000
    -33.945         0.00000
    -33.795         0.00000
    -33.645         0.00000
    -33.495         0.00000
    -33.345         0.00000
    -33.195         0.00000
    -33.045         0.00000
    -32.895         0.00000
    -32.745         0.00000
    -32.595         0.00000
    -32.445         0.00000
    -32.295         0.00000
    -32.145         0.00000
    -31.995         0.00000
    -31.845         0.00000
    -31.695         0.00000
    -31.545         0.00000
    -31.395         0.00000
    -31.245         0.00000
    -31.095         0.00000
    -30.945         0.00000
    -30.795         0.00000
    -30.645         0.00000
    -30.495         0.00000
    -30.345         0.00000
    -30.195         0.00000
    -30.045         0.00000
    -29.895         0.00000
    -29.745         0.00000
    -29.595         0.00000
    -29.445         0.00000
    -29.295         0.00000
    -29.145         0.00000
    -28.995         0.00000
    -28.845         0.00000
    -28.695         0.00000
    -28.545         0.00000
    -28.395         0.00000
    -28.245         0.00000
    -28.095         0.00000
    -27.945         0.00000
    -27.795         0.00000
    -27.645         0.00000
    -27.495         0.00000
    -27.345         0.00000
    -27.195         0.00000
    -27.045         0.00000
    -26.895         0.00000
    -26.745         0.00000
    -26.595         0.00000
    -26.445         0.00000
    -26.295         0.00000
    -26.145         0.00000
    -25.995         0.00000
    -25.845         0.00000
    -25.695         0.00000
    -25.545         0.00000
    -25.395         0.00000
    -25.245         0.00000
    -25.095         0.00000
    -24.945         0.00000
    -24.795         0.00000
    -24.645         0.00000
    -24.495         0.00000
    -24.345         0.00000
    -24.195         0.00000
    -24.045         0.00000
    -23.895         0.00000
    -23.745         0.00000
    -23.595         0.00000
    -23.445         0.00000
    -23.295         0.00000
    -23.145         0.00000
    -22.995         0.00000
    -22.845         0.00000
    -22.695         0.00000
    -22.545         0.00000
    -22.395         0.00000
    -22.245         0.00000
    -22.095         0.00000
    -21.945         0.00000
    -21.795         0.00000
    -21.645         0.00000
    -21.495         0.00000
    -21.345         0.00000
    -21.195         0.00000
    -21.045         0.00000
    -20.895         0.00000
    -20.745         0.00000
    -20.595         0.00000
    -20.445         0.00000
    -20.295         0.00000
    -20.145         0.00000
    -19.995         0.00000
    -19.845         0.00000
    -19.695         0.00000
    -19.545         0.00000
    -19.395         0.00000
    -19.245         0.00000
    -19.095         0.00000
    -18.945         0.00000
    -18.795         0.00000
    -18.645         0.00000
    -18.495         0.00000
    -18.345         0.00000
    -18.195         0.00000
    -18.045         0.00000
    -17.895         0.00000
    -17.745         0.00000
    -17.595         0.00000
    -17.445         0.00000
    -17.295         0.00000
    -17.145         0.00000
    -16.995         0.00000
    -16.845         0.00000
    -16.695         0.00000
    -16.545         0.00000
    -16.395         0.00000
    -16.245         0.00000
    -16.095         0.00000
    -15.945         0.00000
    -15.795        -0.00323
    -15.645        -0.01823
    -15.495        -0.04593
    -15.345        -0.11482
    -15.195        -0.24052
    -15.045        -0.37222
    -14.895        -0.52505
    -14.745        -0.67609
    -14.595        -0.84450
    -14.445        -1.03133
    -14.295        -1.21529
    -14.145        -1.45456
    -13.995        -1.72511
    -13.845        -2.10753
    -13.695        -2.52881
    -13.545        -2.99762
    -13.395        -3.51103
    -13.245        -4.00032
    -13.095        -4.51412
    -12.945        -5.00259
    -12.795        -5.49082
    -12.645        -5.98031
    -12.495        -6.41857
    -12.345        -6.87062
    -12.195        -7.24950
    -12.045        -7.63516
    -11.895        -8.04631
    -11.745        -8.43755
    -11.595        -8.83739
    -11.445        -9.21924
    -11.295        -9.57489
    -11.145        -9.95346
    -10.995       -10.32022
    -10.845       -10.65550
    -10.695       -10.94783
    -10.545       -11.25754
    -10.395       -11.56978
    -10.245       -11.84731
    -10.095       -12.10364
    -9.9450       -12.35233
    -9.7950       -12.58017
    -9.6450       -12.81554
    -9.4950       -13.01509
    -9.3450       -13.25582
    -9.1950       -13.48357
    -9.0450       -13.73613
    -8.8950       -13.98833
    -8.7450       -14.27687
    -8.5950       -14.63821
    -8.4450       -15.00204
    -8.2950       -15.37669
    -8.1450       -15.79303
    -7.9950       -16.31508
    -7.8450       -16.88232
    -7.6950       -17.52235
    -7.5450       -18.16943
    -7.3950       -18.85929
    -7.2450       -19.58682
    -7.0950       -20.34501
    -6.9450       -21.15138
    -6.7950       -21.98468
    -6.6450       -22.81939
    -6.4950       -23.70136
    -6.3450       -24.65305
    -6.1950       -25.62584
    -6.0450       -26.65404
    -5.8950       -27.71055
    -5.7450       -28.81006
    -5.5950       -29.93286
    -5.4450       -31.09321
    -5.2950       -32.24495
    -5.1450       -33.42593
    -4.9950       -34.56040
    -4.8450       -35.70709
    -4.6950       -36.83707
    -4.5450       -37.98240
    -4.3950       -39.11297
    -4.2450       -40.20869
    -4.0950       -41.33810
    -3.9450       -42.42379
    -3.7950       -43.53151
    -3.6450       -44.67055
    -3.4950       -45.83327
    -3.3450       -47.04872
    -3.1950       -48.35815
    -3.0450       -49.72136
    -2.8950       -51.19859
    -2.7450       -52.80291
    -2.5950       -54.56041
    -2.4450       -56.49568
    -2.2950       -58.55032
    -2.1450       -60.90048
    -1.9950       -63.55702
    -1.8450       -66.65950
    -1.6950       -70.26569
    -1.5450       -74.41762
    -1.3950       -79.11228
    -1.2450       -84.31477
    -1.0950       -89.96211
   -0.94500       -95.98582
   -0.79500      -102.36697
   -0.64500      -109.21259
   -0.49500      -116.83794
   -0.34500      -126.30716
   -0.22700      -130.14950
   -0.21300      -130.64391
   -0.20700      -131.14989
   -0.20100      -131.65767
   -0.19500      -132.17607
   -0.18900      -132.70593
   -0.18300      -133.24839
   -0.17700      -133.80276
   -0.17100      -134.37064
   -0.16500      -134.94917
   -0.15900      -135.54335
   -0.15300      -136.15367
   -0.14700      -136.78012
   -0.14100      -137.42423
   -0.13500      -138.09518
   -0.12900      -138.78052
   -0.12300      -139.49098
   -0.11700      -140.22627
   -0.11100      -140.98687
   -0.10500      -141.77576
   -0.99000E-01  -142.60042
   -0.93000E-01  -143.46181
   -0.87000E-01  -144.37089
   -0.81000E-01  -145.33333
   -0.75000E-01  -146.35666
   -0.69000E-01  -147.44432
   -0.63000E-01  -148.61608
   -0.57000E-01  -149.88753
   -0.51000E-01  -151.27225
   -0.45000E-01  -152.80101
   -0.39000E-01  -154.51432
   -0.33000E-01  -156.47735
   -0.27000E-01  -158.79014
   -0.21300E-01  -160.66009
   -0.19500E-01  -160.96126
   -0.18900E-01  -161.27142
   -0.18300E-01  -161.59189
   -0.17700E-01  -161.92270
   -0.17100E-01  -162.26411
   -0.16500E-01  -162.61635
   -0.15900E-01  -162.98195
   -0.15300E-01  -163.36035
   -0.14700E-01  -163.75246
   -0.14100E-01  -164.15933
   -0.13500E-01  -164.58222
   -0.12900E-01  -165.02239
   -0.12300E-01  -165.48098
   -0.11700E-01  -165.95885
   -0.11100E-01  -166.45578
   -0.10500E-01  -166.97662
   -0.99000E-02  -167.51937
   -0.93000E-02  -168.08750
   -0.87000E-02  -168.68099
   -0.81000E-02  -169.30317
   -0.75000E-02  -169.95545
   -0.69000E-02  -170.64072
   -0.63000E-02  -171.36070
   -0.57000E-02  -172.11728
   -0.51000E-02  -172.91216
   -0.45000E-02  -173.74758
   -0.39000E-02  -174.62170
   -0.33000E-02  -175.52542
   -0.27000E-02  -176.43474
   -0.21000E-02  -177.30716
   -0.15000E-02  -178.06795
   -0.90000E-03  -178.58268
   -0.30000E-03  -178.76242
    0.30000E-03  -178.58269
    0.90000E-03  -178.06833
    0.15000E-02  -177.30731
    0.21000E-02  -176.43615
    0.27000E-02  -175.55269
    0.33000E-02  -174.69183
    0.39000E-02  -173.86216
    0.45000E-02  -173.05885
    0.51000E-02  -172.28417
    0.57000E-02  -171.53857
    0.63000E-02  -170.82562
    0.69000E-02  -170.14417
    0.75000E-02  -169.49356
    0.81000E-02  -168.87400
    0.87000E-02  -168.28079
    0.93000E-02  -167.71451
    0.99000E-02  -167.17325
    0.10500E-01  -166.65509
    0.11100E-01  -166.15883
    0.11700E-01  -165.68357
    0.12300E-01  -165.22772
    0.12900E-01  -164.78951
    0.13500E-01  -164.36827
    0.14100E-01  -163.96207
    0.14700E-01  -163.57117
    0.15300E-01  -163.19421
    0.15900E-01  -162.83088
    0.16500E-01  -162.47885
    0.17100E-01  -162.13846
    0.17700E-01  -161.80954
    0.18300E-01  -161.49106
    0.18900E-01  -161.18284
    0.19500E-01  -160.88304
    0.21300E-01  -159.02063
    0.27000E-01  -156.72234
    0.33000E-01  -154.77926
    0.39000E-01  -153.09016
    0.45000E-01  -151.59117
    0.51000E-01  -150.24761
    0.57000E-01  -149.02413
    0.63000E-01  -147.91117
    0.69000E-01  -146.88698
    0.75000E-01  -145.94153
    0.81000E-01  -145.06761
    0.87000E-01  -144.25356
    0.93000E-01  -143.48887
    0.99000E-01  -142.77140
    0.10500      -142.09574
    0.11100      -141.45519
    0.11700      -140.84733
    0.12300      -140.26493
    0.12900      -139.71539
    0.13500      -139.18694
    0.14100      -138.68174
    0.14700      -138.19714
    0.15300      -137.73107
    0.15900      -137.28406
    0.16500      -136.85498
    0.17100      -136.43968
    0.17700      -136.04196
    0.18300      -135.65494
    0.18900      -135.27765
    0.19500      -134.91866
    0.20100      -134.57067
    0.20700      -134.23410
    0.21300      -133.90196
    0.22700      -131.48153
    0.34500      -126.53853
    0.49500      -123.51275
    0.64500      -121.34699
    0.79500      -119.65154
    0.94500      -118.25706
     1.0950      -117.04883
     1.2450      -115.96767
     1.3950      -114.98788
     1.5450      -114.10847
     1.6950      -113.30286
     1.8450      -112.57552
     1.9950      -111.88216
     2.1450      -111.26456
     2.2950      -110.68094
     2.4450      -110.14922
     2.5950      -109.66755
     2.7450      -109.20213
     2.8950      -108.79423
     3.0450      -108.42405
     3.1950      -108.07445
     3.3450      -107.76683
     3.4950      -107.48303
     3.6450      -107.21096
     3.7950      -106.95183
     3.9450      -106.70181
     4.0950      -106.46727
     4.2450      -106.23408
     4.3950      -106.02884
     4.5450      -105.82096
     4.6950      -105.62571
     4.8450      -105.44765
     4.9950      -105.24813
     5.1450      -105.06423
     5.2950      -104.88470
     5.4450      -104.72254
     5.5950      -104.55404
     5.7450      -104.40262
     5.8950      -104.24614
     6.0450      -104.09728
     6.1950      -103.94637
     6.3450      -103.80557
     6.4950      -103.66529
     6.6450      -103.52582
     6.7950      -103.38986
     6.9450      -103.24894
     7.0950      -103.11665
     7.2450      -102.98856
     7.3950      -102.86097
     7.5450      -102.74022
     7.6950      -102.62186
     7.8450      -102.50424
     7.9950      -102.39305
     8.1450      -102.27824
     8.2950      -102.16776
     8.4450      -102.05827
     8.5950      -101.95125
     8.7450      -101.84449
     8.8950      -101.73535
     9.0450      -101.63198
     9.1950      -101.52621
     9.3450      -101.42963
     9.4950      -101.33249
     9.6450      -101.23570
     9.7950      -101.14247
     9.9450      -101.04903
     10.095      -100.96460
     10.245      -100.87419
     10.395      -100.78463
     10.545      -100.69864
     10.695      -100.61411
     10.845      -100.52783
     10.995      -100.44417
     11.145      -100.35900
     11.295      -100.28121
     11.445      -100.20291
     11.595      -100.11867
     11.745      -100.04290
     11.895       -99.96528
     12.045       -99.89077
     12.195       -99.81234
     12.345       -99.73875
     12.495       -99.66349
     12.645       -99.58909
     12.795       -99.51468
     12.945       -99.44061
     13.095       -99.36970
     13.245       -99.30205
     13.395       -99.23272
     13.545       -99.16373
     13.695       -99.09893
     13.845       -99.03119
     13.995       -98.96175
     14.145       -98.89633
     14.295       -98.83272
     14.445       -98.76845
     14.595       -98.70125
     14.745       -98.63902
     14.895       -98.57331
     15.045       -98.51283
     15.195       -98.45244
     15.345       -98.39065
     15.495       -98.33076
     15.645       -98.26525
     15.795       -98.20586
     15.945       -98.14332
     16.095       -98.08323
     16.245       -98.02207
     16.395       -97.96871
     16.545       -97.90935
     16.695       -97.85603
     16.845       -97.79778
     16.995       -97.74306
     17.145       -97.68717
     17.295       -97.63208
     17.445       -97.57721
     17.595       -97.52131
     17.745       -97.46689
     17.895       -97.41640
     18.045       -97.36580
     18.195       -97.31494
     18.345       -97.26186
     18.495       -97.21360
     18.645       -97.16515
     18.795       -97.11755
     18.945       -97.06572
     19.095       -97.01652
     19.245       -96.96691
     19.395       -96.91756
     19.545       -96.86581
     19.695       -96.82066
     19.845       -96.77342
     19.995       -96.72618
     20.145       -96.67602
     20.295       -96.62926
     20.445       -96.58830
     20.595       -96.54146
     20.745       -96.49849
     20.895       -96.45309
     21.045       -96.40475
     21.195       -96.36149
     21.345       -96.31572
     21.495       -96.27370
     21.645       -96.23032
     21.795       -96.18904
     21.945       -96.14489
     22.095       -96.10047
     22.245       -96.05824
     22.395       -96.01941
     22.545       -95.97571
     22.695       -95.93576
     22.845       -95.89591
     22.995       -95.85556
     23.145       -95.81646
     23.295       -95.77535
     23.445       -95.72985
     23.595       -95.69080
     23.745       -95.65059
     23.895       -95.61052
     24.045       -95.57196
     24.195       -95.53238
     24.345       -95.49090
     24.495       -95.45310
     24.645       -95.41403
     24.795       -95.37352
     24.945       -95.33781
     25.095       -95.30190
     25.245       -95.26042
     25.395       -95.22404
     25.545       -95.18611
     25.695       -95.15043
     25.845       -95.11397
     25.995       -95.07841
     26.145       -95.04068
     26.295       -95.00558
     26.445       -94.96762
     26.595       -94.93057
     26.745       -94.89344
     26.895       -94.85642
     27.045       -94.82168
     27.195       -94.78738
     27.345       -94.75406
     27.495       -94.71929
     27.645       -94.68588
     27.795       -94.65474
     27.945       -94.61972
     28.095       -94.58671
     28.245       -94.55338
     28.395       -94.52013
     28.545       -94.48899
     28.695       -94.45640
     28.845       -94.41853
     28.995       -94.38811
     29.145       -94.35517
     29.295       -94.32108
     29.445       -94.28740
     29.595       -94.25416
     29.745       -94.22058
     29.895       -94.18850
     30.045       -94.15580
     30.195       -94.12500
     30.345       -94.09247
     30.495       -94.06373
     30.645       -94.03040
     30.795       -94.00082
     30.945       -93.97099
     31.095       -93.94155
     31.245       -93.91001
     31.395       -93.87860
     31.545       -93.84741
     31.695       -93.81678
     31.845       -93.78902
     31.995       -93.75941
     32.145       -93.72843
     32.295       -93.70092
     32.445       -93.67142
     32.595       -93.64035
     32.745       -93.61113
     32.895       -93.58422
     33.045       -93.55588
     33.195       -93.52851
     33.345       -93.49698
     33.495       -93.47026
     33.645       -93.44274
     33.795       -93.41396
     33.945       -93.38392
     34.095       -93.35909
     34.245       -93.33165
     34.395       -93.30206
     34.545       -93.27581
     34.695       -93.24878
     34.845       -93.22216
     34.995       -93.19459
     35.145       -93.16654
     35.295       -93.14083
     35.445       -93.11438
     35.595       -93.08697
     35.745       -93.06021
     35.895       -93.03454
     36.045       -93.00760
     36.195       -92.98071
     36.345       -92.95425
     36.495       -92.92797
     36.645       -92.90358
     36.795       -92.87619
     36.945       -92.85082
     37.095       -92.82768
     37.245       -92.80341
     37.395       -92.77781
     37.545       -92.75360
     37.695       -92.72872
     37.845       -92.70397
     37.995       -92.67802
     38.145       -92.65504
     38.295       -92.63140
     38.445       -92.60700
     38.595       -92.57971
     38.745       -92.55385
     38.895       -92.52992
     39.045       -92.50249
     39.195       -92.47856
     39.345       -92.45431
     39.495       -92.43276
     39.645       -92.41021
     39.795       -92.38795
     39.945       -92.36253
     40.095       -92.34043
     40.245       -92.31674
     40.395       -92.29218
     40.545       -92.26892
     40.695       -92.24697
     40.845       -92.22304
     40.995       -92.20017
     41.145       -92.17776
     41.295       -92.15514
     41.445       -92.13358
     41.595       -92.10762
     41.745       -92.08598
     41.895       -92.06229
     42.045       -92.04040
     42.195       -92.01907
     42.345       -91.99871
     42.495       -91.97682
     42.645       -91.95365
     42.795       -91.93261
     42.945       -91.90978
     43.095       -91.88719
     43.245       -91.86567
     43.395       -91.84434
     43.545       -91.82261
     43.695       -91.80171
     43.845       -91.78077
     43.995       -91.76164
     44.145       -91.73988
     44.295       -91.72015
     44.445       -91.69713
     44.595       -91.67420
     44.745       -91.65100
     44.895       -91.62912
     45.045       -91.60881
     45.195       -91.59006
     45.345       -91.56857
     45.495       -91.54976
     45.645       -91.52929
     45.795       -91.50860
     45.945       -91.48824
     46.095       -91.46718
     46.245       -91.44516
     46.395       -91.42442
     46.545       -91.40308
     46.695       -91.38421
     46.845       -91.36312
     46.995       -91.34356
     47.145       -91.32281
     47.295       -91.30439
     47.445       -91.28438
     47.595       -91.26471
     47.745       -91.24600
     47.895       -91.22614
     48.045       -91.20763
     48.195       -91.18781
     48.345       -91.16842
     48.495       -91.14721
     48.645       -91.12913
     48.795       -91.10918
     48.945       -91.09196
     49.095       -91.07401
     49.245       -91.05677
     49.395       -91.03706
     49.545       -91.01965
     49.695       -91.00083
     49.845       -90.98134
     49.995       -90.96388
     50.145       -90.94669
     50.295       -90.92819
     50.445       -90.91043
     50.595       -90.89123
     50.745       -90.87203
     50.895       -90.85409
     51.045       -90.83499
     51.195       -90.81656
     51.345       -90.79891
     51.495       -90.77953
     51.645       -90.76156
     51.795       -90.74315
     51.945       -90.72304
     52.095       -90.70555
     52.245       -90.68762
     52.395       -90.66950
     52.545       -90.65271
     52.695       -90.63409
     52.845       -90.61419
     52.995       -90.59604
     53.145       -90.57915
     53.295       -90.56117
     53.445       -90.54413
     53.595       -90.52645
     53.745       -90.50980
     53.895       -90.49321
     54.045       -90.47781
     54.195       -90.46193
     54.345       -90.44483
     54.495       -90.42855
     54.645       -90.41062
     54.795       -90.39470
     54.945       -90.37763
     55.095       -90.36093
     59.433       -89.01600
     80.646       -87.02457
     111.21       -85.06141
     153.36       -83.14066
     211.49       -81.25638
     291.64       -79.40985
     402.18       -77.59559
     554.60       -75.81096
     764.80       -74.04855
     1054.7       -72.33661
     1454.4       -70.66077
     2005.6       -69.02503
     2765.8       -67.41947
     3814.0       -65.84199
     5259.5       -64.31110
     7252.9       -62.81711
     10002.       -61.36794
     13793.       -59.95342
     19020.       -58.56737
     26229.       -57.23195
     36170.       -55.94946
     49878.       -54.71459
     68782.       -53.53327
     94851.       -52.39541
    0.13080E+06   -51.31293
    0.18038E+06   -50.27521
    0.24874E+06   -49.28586
    0.34301E+06   -48.34467
    0.47302E+06   -47.44235
    0.65229E+06   -46.58842
    0.89952E+06   -45.77006
    0.12404E+07   -44.98673
    0.17106E+07   -44.23993
    0.23589E+07   -43.53117
    0.32529E+07   -42.85105
    0.44858E+07   -42.21031
    0.61860E+07   -41.59715
    0.85305E+07   -41.01426
    0.11764E+08   -40.45595
    0.16222E+08   -39.92233
    0.22370E+08   -39.41114
    0.30849E+08   -38.92789
    0.42541E+08   -38.46925
    0.58664E+08   -38.04238
    0.80898E+08   -37.64625
    0.11156E+09   -37.27564
    0.15384E+09   -36.92752
    0.21215E+09   -36.60146
    0.29255E+09   -36.30217
    0.40343E+09   -36.01834
    0.55633E+09   -35.75817
    0.76719E+09   -35.51660
    0.10580E+10   -35.29774
    0.14589E+10   -35.09613
    0.20119E+10   -34.90976
    0.27744E+10   -34.73938
    0.38259E+10   -34.58169
    0.52760E+10   -34.43703
    0.72756E+10   -34.29978
    0.10033E+11   -34.17431
    0.13836E+11   -34.05967
    0.19079E+11   -33.95390
    0.26311E+11   -33.85715
    0.36283E+11   -33.76577
    0.50034E+11   -33.68123
    0.68997E+11   -33.60423
    0.10000E+12   -32.67765
