    -159.95         0.00000
    -159.79         0.00000
    -159.65         0.00000
    -159.49         0.00000
    -159.34         0.00000
    -159.20         0.00000
    -159.04         0.00000
    -158.90         0.00000
    -158.74         0.00000
    -158.59         0.00000
    -158.45         0.00000
    -158.29         0.00000
    -158.15         0.00000
    -157.99         0.00000
    -157.84         0.00000
    -157.70         0.00000
    -157.54         0.00000
    -157.40         0.00000
    -157.24         0.00000
    -157.09         0.00000
    -156.95         0.00000
    -156.79         0.00000
    -156.65         0.00000
    -156.49         0.00000
    -156.34         0.00000
    -156.20         0.00000
    -156.04         0.00000
    -155.90         0.00000
    -155.74         0.00000
    -155.59         0.00000
    -155.45         0.00000
    -155.29         0.00000
    -155.15         0.00000
    -154.99         0.00000
    -154.84         0.00000
    -154.70         0.00000
    -154.54         0.00000
    -154.40         0.00000
    -154.24         0.00000
    -154.09         0.00000
    -153.95         0.00000
    -153.79         0.00000
    -153.65         0.00000
    -153.49         0.00000
    -153.34         0.00000
    -153.20         0.00000
    -153.04         0.00000
    -152.90         0.00000
    -152.74         0.00000
    -152.59         0.00000
    -152.45         0.00000
    -152.29         0.00000
    -152.15         0.00000
    -151.99         0.00000
    -151.84         0.00000
    -151.70         0.00000
    -151.54         0.00000
    -151.40         0.00000
    -151.24         0.00000
    -151.09         0.00000
    -150.95         0.00000
    -150.79         0.00000
    -150.65         0.00000
    -150.49         0.00000
    -150.34         0.00000
    -150.20         0.00000
    -150.04         0.00000
    -149.90         0.00000
    -149.74         0.00000
    -149.59         0.00000
    -149.45         0.00000
    -149.29         0.00000
    -149.15         0.00000
    -148.99         0.00000
    -148.84         0.00000
    -148.70         0.00000
    -148.54         0.00000
    -148.40         0.00000
    -148.24         0.00000
    -148.09         0.00000
    -147.95         0.00000
    -147.79         0.00000
    -147.65         0.00000
    -147.49         0.00000
    -147.34         0.00000
    -147.20         0.00000
    -147.04         0.00000
    -146.90         0.00000
    -146.74         0.00000
    -146.59         0.00000
    -146.45         0.00000
    -146.29         0.00000
    -146.15         0.00000
    -145.99         0.00000
    -145.84         0.00000
    -145.70         0.00000
    -145.54         0.00000
    -145.40         0.00000
    -145.24         0.00000
    -145.09         0.00000
    -144.95         0.00000
    -144.79         0.00000
    -144.65         0.00000
    -144.49         0.00000
    -144.34         0.00000
    -144.20         0.00000
    -144.04         0.00000
    -143.90         0.00000
    -143.74         0.00000
    -143.59         0.00000
    -143.45         0.00000
    -143.29         0.00000
    -143.15         0.00000
    -142.99         0.00000
    -142.84         0.00000
    -142.70         0.00000
    -142.54         0.00000
    -142.40         0.00000
    -142.24         0.00000
    -142.09         0.00000
    -141.95         0.00000
    -141.79         0.00000
    -141.65         0.00000
    -141.49         0.00000
    -141.34         0.00000
    -141.20         0.00000
    -141.04         0.00000
    -140.90         0.00000
    -140.74         0.00000
    -140.59         0.00000
    -140.45         0.00000
    -140.29         0.00000
    -140.15         0.00000
    -139.99         0.00000
    -139.84         0.00000
    -139.70         0.00000
    -139.54         0.00000
    -139.40         0.00000
    -139.24         0.00000
    -139.09         0.00000
    -138.95         0.00000
    -138.79         0.00000
    -138.65         0.00000
    -138.49         0.00000
    -138.34         0.00000
    -138.20         0.00000
    -138.04         0.00000
    -137.90         0.00000
    -137.74         0.00000
    -137.59         0.00000
    -137.45         0.00000
    -137.29         0.00000
    -137.15         0.00000
    -136.99         0.00000
    -136.84         0.00000
    -136.70         0.00000
    -136.54         0.00000
    -136.40         0.00000
    -136.24         0.00000
    -136.09         0.00000
    -135.95         0.00000
    -135.79         0.00000
    -135.65         0.00000
    -135.49         0.00000
    -135.34         0.00000
    -135.20         0.00000
    -135.04         0.00000
    -134.90         0.00000
    -134.74         0.00000
    -134.59         0.00000
    -134.45         0.00000
    -134.29         0.00000
    -134.15         0.00000
    -133.99         0.00000
    -133.84         0.00000
    -133.70         0.00000
    -133.54         0.00000
    -133.40         0.00000
    -133.24         0.00000
    -133.09         0.00000
    -132.95         0.00000
    -132.79         0.00000
    -132.65         0.00000
    -132.49         0.00000
    -132.34         0.00000
    -132.20         0.00000
    -132.04         0.00000
    -131.90         0.00000
    -131.74         0.00000
    -131.59         0.00000
    -131.45         0.00000
    -131.29         0.00000
    -131.15         0.00000
    -130.99         0.00000
    -130.84         0.00000
    -130.70         0.00000
    -130.54         0.00000
    -130.40         0.00000
    -130.24         0.00000
    -130.09         0.00000
    -129.95         0.00000
    -129.79         0.00000
    -129.65         0.00000
    -129.49         0.00000
    -129.34         0.00000
    -129.20         0.00000
    -129.04         0.00000
    -128.90         0.00000
    -128.74         0.00000
    -128.59         0.00000
    -128.45         0.00000
    -128.29         0.00000
    -128.15         0.00000
    -127.99         0.00000
    -127.85         0.00000
    -127.69         0.00000
    -127.55         0.00000
    -127.39         0.00000
    -127.25         0.00000
    -127.10         0.00000
    -126.94         0.00000
    -126.80         0.00000
    -126.64         0.00000
    -126.50         0.00000
    -126.35         0.00000
    -126.19         0.00000
    -126.05         0.00000
    -125.89         0.00000
    -125.75         0.00000
    -125.60         0.00000
    -125.44         0.00000
    -125.30         0.00000
    -125.14         0.00000
    -125.00         0.00000
    -124.85         0.00000
    -124.69         0.00000
    -124.55         0.00000
    -124.39         0.00000
    -124.25         0.00000
    -124.10         0.00000
    -123.94         0.00000
    -123.80         0.00000
    -123.64         0.00000
    -123.50         0.00000
    -123.35         0.00000
    -123.19         0.00000
    -123.05         0.00000
    -122.89         0.00000
    -122.75         0.00000
    -122.60         0.00000
    -122.44         0.00000
    -122.30         0.00000
    -122.14         0.00000
    -122.00         0.00000
    -121.85         0.00000
    -121.69         0.00000
    -121.55         0.00000
    -121.39         0.00000
    -121.25         0.00000
    -121.10         0.00000
    -120.94         0.00000
    -120.80         0.00000
    -120.64         0.00000
    -120.50         0.00000
    -120.35         0.00000
    -120.19         0.00000
    -120.05         0.00000
    -119.89         0.00000
    -119.75         0.00000
    -119.60         0.00000
    -119.44         0.00000
    -119.30         0.00000
    -119.14         0.00000
    -119.00         0.00000
    -118.85         0.00000
    -118.69         0.00000
    -118.55         0.00000
    -118.39         0.00000
    -118.25         0.00000
    -118.10         0.00000
    -117.94         0.00000
    -117.80         0.00000
    -117.64         0.00000
    -117.50         0.00000
    -117.35         0.00000
    -117.19         0.00000
    -117.05         0.00000
    -116.89         0.00000
    -116.75         0.00000
    -116.60         0.00000
    -116.44         0.00000
    -116.30         0.00000
    -116.14         0.00000
    -116.00         0.00000
    -115.85         0.00000
    -115.69         0.00000
    -115.55         0.00000
    -115.39         0.00000
    -115.25         0.00000
    -115.10         0.00000
    -114.94         0.00000
    -114.80         0.00000
    -114.64         0.00000
    -114.50         0.00000
    -114.35         0.00000
    -114.19         0.00000
    -114.05         0.00000
    -113.89         0.00000
    -113.75         0.00000
    -113.60         0.00000
    -113.44         0.00000
    -113.30         0.00000
    -113.14         0.00000
    -113.00         0.00000
    -112.85         0.00000
    -112.69         0.00000
    -112.55         0.00000
    -112.39         0.00000
    -112.25         0.00000
    -112.10         0.00000
    -111.94         0.00000
    -111.80         0.00000
    -111.64         0.00000
    -111.50         0.00000
    -111.35         0.00000
    -111.19         0.00000
    -111.05         0.00000
    -110.89         0.00000
    -110.75         0.00000
    -110.60         0.00000
    -110.44         0.00000
    -110.30         0.00000
    -110.14         0.00000
    -110.00         0.00000
    -109.85         0.00000
    -109.69         0.00000
    -109.55         0.00000
    -109.39         0.00000
    -109.25         0.00000
    -109.10         0.00000
    -108.94         0.00000
    -108.80         0.00000
    -108.64         0.00000
    -108.50         0.00000
    -108.35         0.00000
    -108.19         0.00000
    -108.05         0.00000
    -107.89         0.00000
    -107.75         0.00000
    -107.60         0.00000
    -107.44         0.00000
    -107.30         0.00000
    -107.14         0.00000
    -107.00         0.00000
    -106.85         0.00000
    -106.69         0.00000
    -106.55         0.00000
    -106.39         0.00000
    -106.25         0.00000
    -106.10         0.00000
    -105.94         0.00000
    -105.80         0.00000
    -105.64         0.00000
    -105.50         0.00000
    -105.35         0.00000
    -105.19         0.00000
    -105.05         0.00000
    -104.89         0.00000
    -104.75         0.00000
    -104.60         0.00000
    -104.44         0.00000
    -104.30         0.00000
    -104.14         0.00000
    -104.00         0.00000
    -103.85         0.00000
    -103.69         0.00000
    -103.55         0.00000
    -103.39         0.00000
    -103.25         0.00000
    -103.10         0.00000
    -102.94         0.00000
    -102.80         0.00000
    -102.64         0.00000
    -102.50         0.00000
    -102.35         0.00000
    -102.19         0.00000
    -102.05         0.00000
    -101.89         0.00000
    -101.75         0.00000
    -101.60         0.00000
    -101.44         0.00000
    -101.30         0.00000
    -101.14         0.00000
    -101.00         0.00000
    -100.85         0.00000
    -100.69         0.00000
    -100.55         0.00000
    -100.39         0.00000
    -100.25         0.00000
    -100.10         0.00000
    -99.945         0.00000
    -99.795         0.00000
    -99.645         0.00000
    -99.495         0.00000
    -99.345         0.00000
    -99.195         0.00000
    -99.045         0.00000
    -98.895         0.00000
    -98.745         0.00000
    -98.595         0.00000
    -98.445         0.00000
    -98.295         0.00000
    -98.145         0.00000
    -97.995         0.00000
    -97.845         0.00000
    -97.695         0.00000
    -97.545         0.00000
    -97.395         0.00000
    -97.245         0.00000
    -97.095         0.00000
    -96.945         0.00000
    -96.795         0.00000
    -96.645         0.00000
    -96.495         0.00000
    -96.345         0.00000
    -96.195         0.00000
    -96.045         0.00000
    -95.895         0.00000
    -95.745         0.00000
    -95.595         0.00000
    -95.445         0.00000
    -95.295         0.00000
    -95.145         0.00000
    -94.995         0.00000
    -94.845         0.00000
    -94.695         0.00000
    -94.545         0.00000
    -94.395         0.00000
    -94.245         0.00000
    -94.095         0.00000
    -93.945         0.00000
    -93.795         0.00000
    -93.645         0.00000
    -93.495         0.00000
    -93.345         0.00000
    -93.195         0.00000
    -93.045         0.00000
    -92.895         0.00000
    -92.745         0.00000
    -92.595         0.00000
    -92.445         0.00000
    -92.295         0.00000
    -92.145         0.00000
    -91.995         0.00000
    -91.845         0.00000
    -91.695         0.00000
    -91.545         0.00000
    -91.395         0.00000
    -91.245         0.00000
    -91.095         0.00000
    -90.945         0.00000
    -90.795         0.00000
    -90.645         0.00000
    -90.495         0.00000
    -90.345         0.00000
    -90.195         0.00000
    -90.045         0.00000
    -89.895         0.00000
    -89.745         0.00000
    -89.595         0.00000
    -89.445         0.00000
    -89.295         0.00000
    -89.145         0.00000
    -88.995         0.00000
    -88.845         0.00000
    -88.695         0.00000
    -88.545         0.00000
    -88.395         0.00000
    -88.245         0.00000
    -88.095         0.00000
    -87.945         0.00000
    -87.795         0.00000
    -87.645         0.00000
    -87.495         0.00000
    -87.345         0.00000
    -87.195         0.00000
    -87.045         0.00000
    -86.895         0.00000
    -86.745         0.00000
    -86.595         0.00000
    -86.445         0.00000
    -86.295         0.00000
    -86.145         0.00000
    -85.995         0.00000
    -85.845         0.00000
    -85.695         0.00000
    -85.545         0.00000
    -85.395         0.00000
    -85.245         0.00000
    -85.095         0.00000
    -84.945         0.00000
    -84.795         0.00000
    -84.645         0.00000
    -84.495         0.00000
    -84.345         0.00000
    -84.195         0.00000
    -84.045         0.00000
    -83.895         0.00000
    -83.745         0.00000
    -83.595         0.00000
    -83.445         0.00000
    -83.295         0.00000
    -83.145         0.00000
    -82.995         0.00000
    -82.845         0.00000
    -82.695         0.00000
    -82.545         0.00000
    -82.395         0.00000
    -82.245         0.00000
    -82.095         0.00000
    -81.945         0.00000
    -81.795         0.00000
    -81.645         0.00000
    -81.495         0.00000
    -81.345         0.00000
    -81.195         0.00000
    -81.045         0.00000
    -80.895         0.00000
    -80.745         0.00000
    -80.595         0.00000
    -80.445         0.00000
    -80.295         0.00000
    -80.145         0.00000
    -79.995         0.00000
    -79.845         0.00000
    -79.695         0.00000
    -79.545         0.00000
    -79.395         0.00000
    -79.245         0.00000
    -79.095         0.00000
    -78.945         0.00000
    -78.795         0.00000
    -78.645         0.00000
    -78.495         0.00000
    -78.345         0.00000
    -78.195         0.00000
    -78.045         0.00000
    -77.895         0.00000
    -77.745         0.00000
    -77.595         0.00000
    -77.445         0.00000
    -77.295         0.00000
    -77.145         0.00000
    -76.995         0.00000
    -76.845         0.00000
    -76.695         0.00000
    -76.545         0.00000
    -76.395         0.00000
    -76.245         0.00000
    -76.095         0.00000
    -75.945         0.00000
    -75.795         0.00000
    -75.645         0.00000
    -75.495         0.00000
    -75.345         0.00000
    -75.195         0.00000
    -75.045         0.00000
    -74.895         0.00000
    -74.745         0.00000
    -74.595         0.00000
    -74.445         0.00000
    -74.295         0.00000
    -74.145         0.00000
    -73.995         0.00000
    -73.845         0.00000
    -73.695         0.00000
    -73.545         0.00000
    -73.395         0.00000
    -73.245         0.00000
    -73.095         0.00000
    -72.945         0.00000
    -72.795         0.00000
    -72.645         0.00000
    -72.495         0.00000
    -72.345         0.00000
    -72.195         0.00000
    -72.045         0.00000
    -71.895         0.00000
    -71.745         0.00000
    -71.595         0.00000
    -71.445         0.00000
    -71.295         0.00000
    -71.145         0.00000
    -70.995         0.00000
    -70.845         0.00000
    -70.695         0.00000
    -70.545         0.00000
    -70.395         0.00000
    -70.245         0.00000
    -70.095         0.00000
    -69.945         0.00000
    -69.795         0.00000
    -69.645         0.00000
    -69.495         0.00000
    -69.345         0.00000
    -69.195         0.00000
    -69.045         0.00000
    -68.895         0.00000
    -68.745         0.00000
    -68.595         0.00000
    -68.445         0.00000
    -68.295         0.00000
    -68.145         0.00000
    -67.995         0.00000
    -67.845         0.00000
    -67.695         0.00000
    -67.545         0.00000
    -67.395         0.00000
    -67.245         0.00000
    -67.095         0.00000
    -66.945         0.00000
    -66.795         0.00000
    -66.645         0.00000
    -66.495         0.00000
    -66.345         0.00000
    -66.195         0.00000
    -66.045         0.00000
    -65.895         0.00000
    -65.745         0.00000
    -65.595         0.00000
    -65.445         0.00000
    -65.295         0.00000
    -65.145         0.00000
    -64.995         0.00000
    -64.845         0.00000
    -64.695         0.00000
    -64.545         0.00000
    -64.395         0.00000
    -64.245         0.00000
    -64.095         0.00000
    -63.945         0.00000
    -63.795         0.00000
    -63.645         0.00000
    -63.495         0.00000
    -63.345         0.00000
    -63.195         0.00000
    -63.045         0.00000
    -62.895         0.00000
    -62.745         0.00000
    -62.595         0.00000
    -62.445         0.00000
    -62.295         0.00000
    -62.145         0.00000
    -61.995         0.00000
    -61.845         0.00000
    -61.695         0.00000
    -61.545         0.00000
    -61.395         0.00000
    -61.245         0.00000
    -61.095         0.00000
    -60.945         0.00000
    -60.795         0.00000
    -60.645         0.00000
    -60.495         0.00000
    -60.345         0.00000
    -60.195         0.00000
    -60.045         0.00000
    -59.895         0.00000
    -59.745         0.00000
    -59.595         0.00000
    -59.445         0.00000
    -59.295         0.00000
    -59.145         0.00000
    -58.995         0.00000
    -58.845         0.00000
    -58.695         0.00000
    -58.545         0.00000
    -58.395         0.00000
    -58.245         0.00000
    -58.095         0.00000
    -57.945         0.00000
    -57.795         0.00000
    -57.645         0.00000
    -57.495         0.00000
    -57.345         0.00000
    -57.195         0.00000
    -57.045         0.00000
    -56.895         0.00000
    -56.745         0.00000
    -56.595         0.00000
    -56.445         0.00000
    -56.295         0.00000
    -56.145         0.00000
    -55.995         0.00000
    -55.845         0.00000
    -55.695         0.00000
    -55.545         0.00000
    -55.395         0.00000
    -55.245         0.00000
    -55.095         0.00000
    -54.945         0.00000
    -54.795         0.00000
    -54.645         0.00000
    -54.495         0.00000
    -54.345         0.00000
    -54.195         0.00000
    -54.045         0.00000
    -53.895         0.00000
    -53.745         0.00000
    -53.595         0.00000
    -53.445         0.00000
    -53.295         0.00000
    -53.145         0.00000
    -52.995         0.00000
    -52.845         0.00000
    -52.695         0.00000
    -52.545         0.00000
    -52.395         0.00000
    -52.245         0.00000
    -52.095         0.00000
    -51.945         0.00000
    -51.795         0.00000
    -51.645         0.00000
    -51.495         0.00000
    -51.345         0.00000
    -51.195         0.00000
    -51.045         0.00000
    -50.895         0.00000
    -50.745         0.00000
    -50.595         0.00000
    -50.445         0.00000
    -50.295         0.00000
    -50.145         0.00000
    -49.995         0.00000
    -49.845         0.00000
    -49.695         0.00000
    -49.545         0.00000
    -49.395         0.00000
    -49.245         0.00000
    -49.095         0.00000
    -48.945         0.00000
    -48.795         0.00000
    -48.645         0.00000
    -48.495         0.00000
    -48.345         0.00000
    -48.195         0.00000
    -48.045         0.00000
    -47.895         0.00000
    -47.745         0.00000
    -47.595         0.00000
    -47.445         0.00000
    -47.295         0.00000
    -47.145         0.00000
    -46.995         0.00000
    -46.845         0.00000
    -46.695         0.00000
    -46.545         0.00000
    -46.395         0.00000
    -46.245         0.00000
    -46.095         0.00000
    -45.945         0.00000
    -45.795         0.00000
    -45.645         0.00000
    -45.495         0.00000
    -45.345         0.00000
    -45.195         0.00000
    -45.045         0.00000
    -44.895         0.00000
    -44.745         0.00000
    -44.595         0.00000
    -44.445         0.00000
    -44.295         0.00000
    -44.145         0.00000
    -43.995         0.00000
    -43.845         0.00000
    -43.695         0.00000
    -43.545         0.00000
    -43.395         0.00000
    -43.245         0.00000
    -43.095         0.00000
    -42.945         0.00000
    -42.795         0.00000
    -42.645         0.00000
    -42.495         0.00000
    -42.345         0.00000
    -42.195         0.00000
    -42.045         0.00000
    -41.895         0.00000
    -41.745         0.00000
    -41.595         0.00000
    -41.445         0.00000
    -41.295         0.00000
    -41.145         0.00000
    -40.995         0.00000
    -40.845         0.00000
    -40.695         0.00000
    -40.545         0.00000
    -40.395         0.00000
    -40.245         0.00000
    -40.095         0.00000
    -39.945         0.00000
    -39.795         0.00000
    -39.645         0.00000
    -39.495         0.00000
    -39.345         0.00000
    -39.195         0.00000
    -39.045         0.00000
    -38.895         0.00000
    -38.745         0.00000
    -38.595         0.00000
    -38.445         0.00000
    -38.295         0.00000
    -38.145         0.00000
    -37.995         0.00000
    -37.845         0.00000
    -37.695         0.00000
    -37.545         0.00000
    -37.395         0.00000
    -37.245         0.00000
    -37.095         0.00000
    -36.945         0.00000
    -36.795         0.00000
    -36.645         0.00000
    -36.495         0.00000
    -36.345         0.00000
    -36.195         0.00000
    -36.045         0.00000
    -35.895         0.00000
    -35.745         0.00000
    -35.595         0.00000
    -35.445         0.00000
    -35.295         0.00000
    -35.145         0.00000
    -34.995         0.00000
    -34.845         0.00000
    -34.695         0.00000
    -34.545         0.00000
    -34.395         0.00000
    -34.245         0.00000
    -34.095         0.00000
    -33.945         0.00000
    -33.795         0.00000
    -33.645         0.00000
    -33.495         0.00000
    -33.345         0.00000
    -33.195         0.00000
    -33.045         0.00000
    -32.895         0.00000
    -32.745         0.00000
    -32.595         0.00000
    -32.445         0.00000
    -32.295         0.00000
    -32.145         0.00000
    -31.995         0.00000
    -31.845         0.00000
    -31.695         0.00000
    -31.545         0.00000
    -31.395         0.00000
    -31.245         0.00000
    -31.095         0.00000
    -30.945         0.00000
    -30.795         0.00000
    -30.645         0.00000
    -30.495         0.00000
    -30.345         0.00000
    -30.195         0.00000
    -30.045         0.00000
    -29.895         0.00000
    -29.745         0.00000
    -29.595         0.00000
    -29.445         0.00000
    -29.295         0.00000
    -29.145         0.00000
    -28.995         0.00000
    -28.845         0.00000
    -28.695         0.00000
    -28.545         0.00000
    -28.395         0.00000
    -28.245         0.00000
    -28.095         0.00000
    -27.945         0.00000
    -27.795         0.00000
    -27.645         0.00000
    -27.495         0.00000
    -27.345         0.00000
    -27.195         0.00000
    -27.045         0.00000
    -26.895         0.00000
    -26.745         0.00000
    -26.595         0.00000
    -26.445         0.00000
    -26.295         0.00000
    -26.145         0.00000
    -25.995         0.00000
    -25.845         0.00000
    -25.695         0.00000
    -25.545         0.00000
    -25.395         0.00000
    -25.245         0.00000
    -25.095         0.00000
    -24.945         0.00000
    -24.795         0.00000
    -24.645         0.00000
    -24.495         0.00000
    -24.345         0.00000
    -24.195         0.00000
    -24.045         0.00000
    -23.895         0.00000
    -23.745         0.00000
    -23.595         0.00000
    -23.445         0.00000
    -23.295         0.00000
    -23.145         0.00000
    -22.995         0.00000
    -22.845         0.00000
    -22.695         0.00000
    -22.545         0.00000
    -22.395         0.00000
    -22.245         0.00000
    -22.095         0.00000
    -21.945         0.00000
    -21.795         0.00000
    -21.645         0.00000
    -21.495         0.00000
    -21.345         0.00000
    -21.195         0.00000
    -21.045         0.00000
    -20.895         0.00000
    -20.745         0.00000
    -20.595         0.00000
    -20.445         0.00000
    -20.295         0.00000
    -20.145         0.00000
    -19.995         0.00000
    -19.845         0.00000
    -19.695         0.00000
    -19.545         0.00000
    -19.395         0.00000
    -19.245         0.00000
    -19.095         0.00000
    -18.945         0.00000
    -18.795         0.00000
    -18.645         0.00000
    -18.495         0.00000
    -18.345         0.00000
    -18.195         0.00000
    -18.045         0.00000
    -17.895         0.00000
    -17.745         0.00000
    -17.595         0.00000
    -17.445         0.00000
    -17.295         0.00000
    -17.145         0.00000
    -16.995         0.00000
    -16.845         0.00000
    -16.695         0.00000
    -16.545         0.00000
    -16.395        -0.01163
    -16.245        -0.06581
    -16.095        -0.15193
    -15.945        -0.32249
    -15.795        -0.55314
    -15.645        -0.78994
    -15.495        -1.09372
    -15.345        -1.42483
    -15.195        -1.75305
    -15.045        -2.07305
    -14.895        -2.42708
    -14.745        -2.70846
    -14.595        -3.00975
    -14.445        -3.25370
    -14.295        -3.50008
    -14.145        -3.70703
    -13.995        -3.90744
    -13.845        -4.07614
    -13.695        -4.22287
    -13.545        -4.36198
    -13.395        -4.48092
    -13.245        -4.59185
    -13.095        -4.70119
    -12.945        -4.79950
    -12.795        -4.86424
    -12.645        -4.93373
    -12.495        -4.99854
    -12.345        -5.03218
    -12.195        -5.09114
    -12.045        -5.14624
    -11.895        -5.19510
    -11.745        -5.25580
    -11.595        -5.33359
    -11.445        -5.45973
    -11.295        -5.63430
    -11.145        -5.83020
    -10.995        -6.10670
    -10.845        -6.47978
    -10.695        -6.87680
    -10.545        -7.33545
    -10.395        -7.84555
    -10.245        -8.41113
    -10.095        -8.97866
    -9.9450        -9.62243
    -9.7950       -10.34767
    -9.6450       -11.06265
    -9.4950       -11.74935
    -9.3450       -12.44951
    -9.1950       -13.15091
    -9.0450       -13.85966
    -8.8950       -14.57607
    -8.7450       -15.25618
    -8.5950       -15.97099
    -8.4450       -16.70765
    -8.2950       -17.45696
    -8.1450       -18.21240
    -7.9950       -18.96946
    -7.8450       -19.75148
    -7.6950       -20.57907
    -7.5450       -21.38369
    -7.3950       -22.24743
    -7.2450       -23.09024
    -7.0950       -23.95964
    -6.9450       -24.89477
    -6.7950       -25.79899
    -6.6450       -26.76235
    -6.4950       -27.73780
    -6.3450       -28.75818
    -6.1950       -29.73901
    -6.0450       -30.72205
    -5.8950       -31.72548
    -5.7450       -32.72658
    -5.5950       -33.71385
    -5.4450       -34.69531
    -5.2950       -35.70363
    -5.1450       -36.66421
    -4.9950       -37.64035
    -4.8450       -38.59313
    -4.6950       -39.55597
    -4.5450       -40.56622
    -4.3950       -41.60038
    -4.2450       -42.67428
    -4.0950       -43.73398
    -3.9450       -44.81052
    -3.7950       -45.99368
    -3.6450       -47.19139
    -3.4950       -48.34201
    -3.3450       -49.61505
    -3.1950       -50.88825
    -3.0450       -52.26101
    -2.8950       -53.72727
    -2.7450       -55.32356
    -2.5950       -57.04812
    -2.4450       -58.98492
    -2.2950       -61.18522
    -2.1450       -63.64208
    -1.9950       -66.46120
    -1.8450       -69.66651
    -1.6950       -73.28044
    -1.5450       -77.27904
    -1.3950       -81.69885
    -1.2450       -86.49313
    -1.0950       -91.60664
   -0.94500       -97.00458
   -0.79500      -102.75488
   -0.64500      -109.03744
   -0.49500      -116.27932
   -0.34500      -125.45074
   -0.22700      -129.24600
   -0.21300      -129.73914
   -0.20700      -130.24051
   -0.20100      -130.75256
   -0.19500      -131.27519
   -0.18900      -131.81521
   -0.18300      -132.36573
   -0.17700      -132.92911
   -0.17100      -133.50162
   -0.16500      -134.08817
   -0.15900      -134.69555
   -0.15300      -135.31761
   -0.14700      -135.95911
   -0.14100      -136.61855
   -0.13500      -137.29569
   -0.12900      -137.99890
   -0.12300      -138.73080
   -0.11700      -139.48853
   -0.11100      -140.27403
   -0.10500      -141.09355
   -0.99000E-01  -141.95004
   -0.93000E-01  -142.85220
   -0.87000E-01  -143.80150
   -0.81000E-01  -144.80694
   -0.75000E-01  -145.87602
   -0.69000E-01  -147.02247
   -0.63000E-01  -148.25693
   -0.57000E-01  -149.59859
   -0.51000E-01  -151.06632
   -0.45000E-01  -152.69507
   -0.39000E-01  -154.53418
   -0.33000E-01  -156.66927
   -0.27000E-01  -159.22562
   -0.21300E-01  -161.33340
   -0.19500E-01  -161.67767
   -0.18900E-01  -162.03329
   -0.18300E-01  -162.40120
   -0.17700E-01  -162.78245
   -0.17100E-01  -163.17619
   -0.16500E-01  -163.58479
   -0.15900E-01  -164.00906
   -0.15300E-01  -164.44962
   -0.14700E-01  -164.90785
   -0.14100E-01  -165.38524
   -0.13500E-01  -165.88048
   -0.12900E-01  -166.39598
   -0.12300E-01  -166.93247
   -0.11700E-01  -167.49308
   -0.11100E-01  -168.07707
   -0.10500E-01  -168.68540
   -0.99000E-02  -169.32017
   -0.93000E-02  -169.98286
   -0.87000E-02  -170.67268
   -0.81000E-02  -171.39189
   -0.75000E-02  -172.14302
   -0.69000E-02  -172.92738
   -0.63000E-02  -173.74573
   -0.57000E-02  -174.60031
   -0.51000E-02  -175.49295
   -0.45000E-02  -176.42127
   -0.39000E-02  -177.37599
   -0.33000E-02  -178.33028
   -0.27000E-02  -179.24541
   -0.21000E-02  -180.06832
   -0.15000E-02  -180.72356
   -0.90000E-03  -181.14399
   -0.30000E-03  -181.28887
    0.30000E-03  -181.14404
    0.90000E-03  -180.72370
    0.15000E-02  -180.06870
    0.21000E-02  -179.24741
    0.27000E-02  -178.33575
    0.33000E-02  -177.38815
    0.39000E-02  -176.44770
    0.45000E-02  -175.53751
    0.51000E-02  -174.66011
    0.57000E-02  -173.81672
    0.63000E-02  -173.00478
    0.69000E-02  -172.22425
    0.75000E-02  -171.47509
    0.81000E-02  -170.75613
    0.87000E-02  -170.06568
    0.93000E-02  -169.40623
    0.99000E-02  -168.77293
    0.10500E-01  -168.16515
    0.11100E-01  -167.58339
    0.11700E-01  -167.02625
    0.12300E-01  -166.49128
    0.12900E-01  -165.97789
    0.13500E-01  -165.48500
    0.14100E-01  -165.01043
    0.14700E-01  -164.55433
    0.15300E-01  -164.11571
    0.15900E-01  -163.69373
    0.16500E-01  -163.28648
    0.17100E-01  -162.89402
    0.17700E-01  -162.51391
    0.18300E-01  -162.14710
    0.18900E-01  -161.79227
    0.19500E-01  -161.44961
    0.21300E-01  -159.35038
    0.27000E-01  -156.80690
    0.33000E-01  -154.68694
    0.39000E-01  -152.86192
    0.45000E-01  -151.24656
    0.51000E-01  -149.80159
    0.57000E-01  -148.48900
    0.63000E-01  -147.28479
    0.69000E-01  -146.17140
    0.75000E-01  -145.13733
    0.81000E-01  -144.17533
    0.87000E-01  -143.27131
    0.93000E-01  -142.42258
    0.99000E-01  -141.61944
    0.10500      -140.85958
    0.11100      -140.13421
    0.11700      -139.44369
    0.12300      -138.78997
    0.12900      -138.16297
    0.13500      -137.56404
    0.14100      -136.98829
    0.14700      -136.43642
    0.15300      -135.90875
    0.15900      -135.40084
    0.16500      -134.91499
    0.17100      -134.44735
    0.17700      -133.99277
    0.18300      -133.55297
    0.18900      -133.13093
    0.19500      -132.72298
    0.20100      -132.32875
    0.20700      -131.94364
    0.21300      -131.56854
    0.22700      -128.81721
    0.34500      -123.04510
    0.49500      -119.47012
    0.64500      -116.98458
    0.79500      -115.11991
    0.94500      -113.62816
     1.0950      -112.36986
     1.2450      -111.27189
     1.3950      -110.29145
     1.5450      -109.39917
     1.6950      -108.59682
     1.8450      -107.82723
     1.9950      -107.15072
     2.1450      -106.54385
     2.2950      -105.99417
     2.4450      -105.47710
     2.5950      -105.02047
     2.7450      -104.62318
     2.8950      -104.26574
     3.0450      -103.92658
     3.1950      -103.59505
     3.3450      -103.31455
     3.4950      -103.04585
     3.6450      -102.80055
     3.7950      -102.57992
     3.9450      -102.36214
     4.0950      -102.13898
     4.2450      -101.94203
     4.3950      -101.75488
     4.5450      -101.57614
     4.6950      -101.39352
     4.8450      -101.22657
     4.9950      -101.05934
     5.1450      -100.89753
     5.2950      -100.74135
     5.4450      -100.58602
     5.5950      -100.43756
     5.7450      -100.30040
     5.8950      -100.15218
     6.0450      -100.00750
     6.1950       -99.87706
     6.3450       -99.75124
     6.4950       -99.62446
     6.6450       -99.49365
     6.7950       -99.36872
     6.9450       -99.25392
     7.0950       -99.13403
     7.2450       -99.01929
     7.3950       -98.90845
     7.5450       -98.80118
     7.6950       -98.69548
     7.8450       -98.59254
     7.9950       -98.49270
     8.1450       -98.38752
     8.2950       -98.28686
     8.4450       -98.18685
     8.5950       -98.08881
     8.7450       -97.99477
     8.8950       -97.90477
     9.0450       -97.81015
     9.1950       -97.72168
     9.3450       -97.63543
     9.4950       -97.54873
     9.6450       -97.46343
     9.7950       -97.37301
     9.9450       -97.28673
     10.095       -97.20579
     10.245       -97.12133
     10.395       -97.04026
     10.545       -96.95756
     10.695       -96.87462
     10.845       -96.80063
     10.995       -96.72510
     11.145       -96.65155
     11.295       -96.58094
     11.445       -96.50936
     11.595       -96.43855
     11.745       -96.36854
     11.895       -96.29923
     12.045       -96.23134
     12.195       -96.16684
     12.345       -96.09605
     12.495       -96.03213
     12.645       -95.96624
     12.795       -95.90050
     12.945       -95.83724
     13.095       -95.77114
     13.245       -95.70550
     13.395       -95.64585
     13.545       -95.58656
     13.695       -95.52585
     13.845       -95.46241
     13.995       -95.40598
     14.145       -95.34718
     14.295       -95.29060
     14.445       -95.22927
     14.595       -95.17378
     14.745       -95.11741
     14.895       -95.06176
     15.045       -95.00631
     15.195       -94.94834
     15.345       -94.89152
     15.495       -94.83096
     15.645       -94.77978
     15.795       -94.72688
     15.945       -94.67044
     16.095       -94.61673
     16.245       -94.56760
     16.395       -94.51880
     16.545       -94.46845
     16.695       -94.41895
     16.845       -94.36450
     16.995       -94.31477
     17.145       -94.26504
     17.295       -94.21763
     17.445       -94.16918
     17.595       -94.12285
     17.745       -94.07475
     17.895       -94.02556
     18.045       -93.97613
     18.195       -93.93015
     18.345       -93.88587
     18.495       -93.83777
     18.645       -93.79370
     18.795       -93.74927
     18.945       -93.70473
     19.095       -93.66123
     19.245       -93.61289
     19.395       -93.56997
     19.545       -93.52943
     19.695       -93.48635
     19.845       -93.44443
     19.995       -93.40286
     20.145       -93.36117
     20.295       -93.31861
     20.445       -93.27697
     20.595       -93.23508
     20.745       -93.19584
     20.895       -93.15762
     21.045       -93.11945
     21.195       -93.07777
     21.345       -93.03833
     21.495       -93.00049
     21.645       -92.96208
     21.795       -92.92310
     21.945       -92.88566
     22.095       -92.84634
     22.245       -92.80879
     22.395       -92.77164
     22.545       -92.73006
     22.695       -92.69217
     22.845       -92.65417
     22.995       -92.61752
     23.145       -92.57893
     23.295       -92.54346
     23.445       -92.50680
     23.595       -92.47094
     23.745       -92.43390
     23.895       -92.40026
     24.045       -92.36541
     24.195       -92.33064
     24.345       -92.29685
     24.495       -92.26154
     24.645       -92.22494
     24.795       -92.19211
     24.945       -92.15940
     25.095       -92.12554
     25.245       -92.08826
     25.395       -92.05586
     25.545       -92.02292
     25.695       -91.99016
     25.845       -91.95450
     25.995       -91.92239
     26.145       -91.88904
     26.295       -91.85846
     26.445       -91.82684
     26.595       -91.79150
     26.745       -91.76022
     26.895       -91.72779
     27.045       -91.69690
     27.195       -91.66428
     27.345       -91.63422
     27.495       -91.60407
     27.645       -91.57485
     27.795       -91.54448
     27.945       -91.51439
     28.095       -91.48493
     28.245       -91.45424
     28.395       -91.42289
     28.545       -91.39310
     28.695       -91.36387
     28.845       -91.33521
     28.995       -91.30655
     29.145       -91.27815
     29.295       -91.24702
     29.445       -91.21881
     29.595       -91.19088
     29.745       -91.16176
     29.895       -91.13380
     30.045       -91.10650
     30.195       -91.07914
     30.345       -91.05127
     30.495       -91.02243
     30.645       -90.99460
     30.795       -90.96712
     30.945       -90.94033
     31.095       -90.91312
     31.245       -90.88637
     31.395       -90.85853
     31.545       -90.83206
     31.695       -90.80578
     31.845       -90.77874
     31.995       -90.75333
     32.145       -90.72580
     32.295       -90.70005
     32.445       -90.67550
     32.595       -90.64981
     32.745       -90.62386
     32.895       -90.59507
     33.045       -90.56915
     33.195       -90.54411
     33.345       -90.51789
     33.495       -90.49314
     33.645       -90.46601
     33.795       -90.43885
     33.945       -90.41327
     34.095       -90.38531
     34.245       -90.36123
     34.395       -90.33691
     34.545       -90.31365
     34.695       -90.28812
     34.845       -90.26227
     34.995       -90.23639
     35.145       -90.21154
     35.295       -90.18772
     35.445       -90.16378
     35.595       -90.14038
     35.745       -90.11779
     35.895       -90.09480
     36.045       -90.07250
     36.195       -90.04857
     36.345       -90.02601
     36.495       -90.00258
     36.645       -89.97650
     36.795       -89.95112
     36.945       -89.92812
     37.095       -89.90591
     37.245       -89.88369
     37.395       -89.86099
     37.545       -89.83822
     37.695       -89.81583
     37.845       -89.79422
     37.995       -89.77164
     38.145       -89.74932
     38.295       -89.72660
     38.445       -89.70506
     38.595       -89.68322
     38.745       -89.66149
     38.895       -89.63888
     39.045       -89.61625
     39.195       -89.59578
     39.345       -89.57553
     39.495       -89.55327
     39.645       -89.53300
     39.795       -89.51161
     39.945       -89.49080
     40.095       -89.46966
     40.245       -89.44574
     40.395       -89.42450
     40.545       -89.40417
     40.695       -89.38421
     40.845       -89.36386
     40.995       -89.34318
     41.145       -89.32287
     41.295       -89.30164
     41.445       -89.28183
     41.595       -89.26318
     41.745       -89.24244
     41.895       -89.22242
     42.045       -89.20227
     42.195       -89.18199
     42.345       -89.16257
     42.495       -89.14298
     42.645       -89.12116
     42.795       -89.10117
     42.945       -89.08290
     43.095       -89.06288
     43.245       -89.04331
     43.395       -89.02334
     43.545       -89.00332
     43.695       -88.98363
     43.845       -88.96451
     43.995       -88.94509
     44.145       -88.92616
     44.295       -88.90669
     44.445       -88.88802
     44.595       -88.87040
     44.745       -88.85182
     44.895       -88.83257
     45.045       -88.81317
     45.195       -88.79366
     45.345       -88.77543
     45.495       -88.75682
     45.645       -88.73796
     45.795       -88.71908
     45.945       -88.70137
     46.095       -88.68308
     46.245       -88.66444
     46.395       -88.64351
     46.545       -88.62571
     46.695       -88.60764
     46.845       -88.58945
     46.995       -88.56942
     47.145       -88.55081
     47.295       -88.53320
     47.445       -88.51562
     47.595       -88.49848
     47.745       -88.48022
     47.895       -88.46274
     48.045       -88.44666
     48.195       -88.42937
     48.345       -88.40976
     48.495       -88.39297
     48.645       -88.37606
     48.795       -88.35907
     48.945       -88.34007
     49.095       -88.32316
     49.245       -88.30643
     49.395       -88.28888
     49.545       -88.27136
     49.695       -88.25135
     49.845       -88.23376
     49.995       -88.21605
     50.145       -88.19942
     50.295       -88.18258
     50.445       -88.16574
     50.595       -88.14676
     50.745       -88.13051
     50.895       -88.11272
     51.045       -88.09598
     51.195       -88.08042
     51.345       -88.06361
     51.495       -88.04211
     51.645       -88.02699
     51.795       -88.01018
     51.945       -87.99459
     52.095       -87.97927
     52.245       -87.96170
     52.395       -87.94589
     52.545       -87.92918
     52.695       -87.91235
     52.845       -87.89552
     52.995       -87.88010
     53.145       -87.86445
     53.295       -87.84914
     53.445       -87.83288
     53.595       -87.81703
     53.745       -87.80136
     53.895       -87.78190
     54.045       -87.76678
     54.195       -87.75110
     54.345       -87.73569
     54.495       -87.72094
     54.645       -87.70390
     54.795       -87.68807
     54.945       -87.67237
     55.095       -87.65665
     59.433       -86.41590
     80.646       -84.58074
     111.21       -82.75495
     153.36       -80.91446
     211.49       -79.10310
     291.64       -77.30838
     402.18       -75.53648
     554.60       -73.78492
     764.80       -72.02411
     1054.7       -70.31019
     1454.4       -68.63809
     2005.6       -66.98213
     2765.8       -65.33481
     3814.0       -63.73366
     5259.5       -62.16432
     7252.9       -60.62868
     10002.       -59.15019
     13793.       -57.70365
     19020.       -56.31054
     26229.       -54.96150
     36170.       -53.67013
     49878.       -52.41111
     68782.       -51.21646
     94851.       -50.06696
    0.13080E+06   -48.97219
    0.18038E+06   -47.92272
    0.24874E+06   -46.92227
    0.34301E+06   -45.96777
    0.47302E+06   -45.05482
    0.65229E+06   -44.18594
    0.89952E+06   -43.36235
    0.12404E+07   -42.57123
    0.17106E+07   -41.81886
    0.23589E+07   -41.10294
    0.32529E+07   -40.42363
    0.44858E+07   -39.77255
    0.61860E+07   -39.15769
    0.85305E+07   -38.57242
    0.11764E+08   -38.00997
    0.16222E+08   -37.47240
    0.22370E+08   -36.96844
    0.30849E+08   -36.48601
    0.42541E+08   -36.02644
    0.58664E+08   -35.60645
    0.80898E+08   -35.21208
    0.11156E+09   -34.84257
    0.15384E+09   -34.49884
    0.21215E+09   -34.17992
    0.29255E+09   -33.87229
    0.40343E+09   -33.59049
    0.55633E+09   -33.32775
    0.76719E+09   -33.08884
    0.10580E+10   -32.86847
    0.14589E+10   -32.66816
    0.20119E+10   -32.47950
    0.27744E+10   -32.30850
    0.38259E+10   -32.15067
    0.52760E+10   -32.00721
    0.72756E+10   -31.87401
    0.10033E+11   -31.74776
    0.13836E+11   -31.63295
    0.19079E+11   -31.52937
    0.26311E+11   -31.43311
    0.36283E+11   -31.34282
    0.50034E+11   -31.25991
    0.68997E+11   -31.18310
    0.10000E+12   -30.26062
