    -29.945        1     0.00000
    -29.795        1     0.00000
    -29.645        1     0.00000
    -29.495        1     0.00000
    -29.345        1     0.00000
    -29.195        1     0.00000
    -29.045        1     0.00000
    -28.895        1     0.00000
    -28.745        1     0.00000
    -28.595        1     0.00000
    -28.445        1     0.00000
    -28.295        1     0.00000
    -28.145        1     0.00000
    -27.995        1     0.00000
    -27.845        1     0.00000
    -27.695        1     0.00000
    -27.545        1     0.00000
    -27.395        1     0.00000
    -27.245        1     0.00000
    -27.095        1     0.00000
    -26.945        1     0.00000
    -26.795        1     0.00000
    -26.645        1     0.00000
    -26.495        1     0.00000
    -26.345        1     0.00000
    -26.195        1     0.00000
    -26.045        1     0.00000
    -25.895        1     0.00000
    -25.745        1     0.00000
    -25.595        1     0.00000
    -25.445        1     0.00000
    -25.295        1     0.00000
    -25.145        1     0.00000
    -24.995        1     0.00000
    -24.845        1     0.00000
    -24.695        1     0.00000
    -24.545        1     0.00000
    -24.395        1     0.00000
    -24.245        1     0.00000
    -24.095        1     0.00000
    -23.945        1     0.00000
    -23.795        1     0.00000
    -23.645        1     0.00000
    -23.495        1     0.00000
    -23.345        1     0.00000
    -23.195        1     0.00000
    -23.045        1     0.00000
    -22.895        1     0.00000
    -22.745        1     0.00000
    -22.595        1     0.00000
    -22.445        1     0.00000
    -22.295        1     0.00000
    -22.145        1     0.00000
    -21.995        1     0.00000
    -21.845        1     0.00000
    -21.695        1     0.00000
    -21.545        1     0.00000
    -21.395        1     0.00000
    -21.245        1     0.00000
    -21.095        1     0.00000
    -20.945        1     0.00000
    -20.795        1     0.00000
    -20.645        1     0.00000
    -20.495        1     0.00000
    -20.345        1     0.00000
    -20.195        1     0.00000
    -20.045        1     0.00000
    -19.895        1     0.00000
    -19.745        1     0.00000
    -19.595        1     0.00000
    -19.445        1     0.00000
    -19.295        1     0.00000
    -19.145        1     0.00000
    -18.995        1     0.00000
    -18.845        1     0.00000
    -18.695        1     0.00000
    -18.545        1     0.00000
    -18.395        1     0.00000
    -18.245        1     0.00000
    -18.095        1     0.00000
    -17.945        1     0.00000
    -17.795        1     0.00000
    -17.645        1     0.00000
    -17.495        1     0.00000
    -17.345        1     0.00000
    -17.195        1     0.00000
    -17.045        1     0.00000
    -16.895        1     0.00000
    -16.745        1     0.00000
    -16.595        1     0.00000
    -16.445        1     0.00000
    -16.295        1     0.00000
    -16.145        1     0.00000
    -15.995        1     0.00000
    -15.845        1     0.00000
    -15.695        1     0.00000
    -15.545        1     0.00000
    -15.395        1     0.00000
    -15.245        1     0.00000
    -15.095        1     0.00000
    -14.945        1     0.00000
    -14.795        1     0.00000
    -14.645        1     0.00000
    -14.495        1     0.00000
    -14.345        1     0.00000
    -14.195        1     0.00000
    -14.045        1     0.00000
    -13.895        1     0.00000
    -13.745        1     0.00000
    -13.595        1     0.00000
    -13.445        1     0.00000
    -13.295        1     0.00000
    -13.145        1     0.00000
    -12.995        1     0.00000
    -12.845        1     0.00000
    -12.695        1     0.00000
    -12.545        1     0.00000
    -12.395        1     0.00000
    -12.245        1     0.00000
    -12.095        1     0.00000
    -11.945        1     0.00000
    -11.795        1     0.00000
    -11.645        1     0.00000
    -11.495        1     0.00000
    -11.345        1     0.00000
    -11.195        1     0.00000
    -11.045        1     0.00000
    -10.895        1     0.00000
    -10.745        1     0.00000
    -10.595        1     0.00000
    -10.445        1     0.00000
    -10.295        1     0.00000
    -10.145        1     0.00000
    -9.9950        1     0.00000
    -9.8450        1     0.00000
    -9.6950        1     0.00000
    -9.5450        1     0.00000
    -9.3950        1     0.00000
    -9.2450        1     0.00000
    -9.0950        1     0.00000
    -8.9450        1    -0.00432
    -8.7950        1    -0.02122
    -8.6450        1    -0.05554
    -8.4950        1    -0.10568
    -8.3450        1    -0.17899
    -8.1950        1    -0.27594
    -8.0450        1    -0.39353
    -7.8950        1    -0.53536
    -7.7450        1    -0.69580
    -7.5950        1    -0.87213
    -7.4450        1    -1.06724
    -7.2950        1    -1.28676
    -7.1450        1    -1.51975
    -6.9950        1    -1.75885
    -6.8450        1    -2.01071
    -6.6950        1    -2.28777
    -6.5450        1    -2.60275
    -6.3950        1    -2.94987
    -6.2450        1    -3.35361
    -6.0950        1    -3.79203
    -5.9450        1    -4.25659
    -5.7950        1    -4.74836
    -5.6450        1    -5.27058
    -5.4950        1    -5.83636
    -5.3450        1    -6.42919
    -5.1950        1    -7.05703
    -5.0450        1    -7.71120
    -4.8950        1    -8.39026
    -4.7450        1    -9.09668
    -4.5950        1    -9.82182
    -4.4450        1   -10.58163
    -4.2950        1   -11.38647
    -4.1450        1   -12.23914
    -3.9950        1   -13.13528
    -3.8450        1   -14.07238
    -3.6950        1   -15.07959
    -3.5450        1   -16.16737
    -3.3950        1   -17.31379
    -3.2450        1   -18.52856
    -3.0950        1   -19.83415
    -2.9450        1   -21.23551
    -2.7950        1   -22.75484
    -2.6450        1   -24.43323
    -2.4950        1   -26.30526
    -2.3450        1   -28.38397
    -2.1950        1   -30.66330
    -2.0450        1   -33.18673
    -1.8950        1   -35.99287
    -1.7450        1   -39.12202
    -1.5950        1   -42.66068
    -1.4450        1   -46.71942
    -1.2950        1   -51.45939
    -1.1450        1   -57.11218
   -0.99500        1   -64.04177
   -0.84500        1   -72.93011
   -0.69500        1   -85.02343
   -0.54500        1  -103.50615
   -0.39500        1  -140.38340
   -0.25300        1  -184.75222
   -0.21500        1  -187.74784
   -0.20900        1  -190.67679
   -0.20300        1  -193.53130
   -0.19700        1  -196.29847
   -0.19100        1  -198.97581
   -0.18500        1  -201.55512
   -0.17900        1  -204.02920
   -0.17300        1  -206.35560
   -0.16700        1  -208.53586
   -0.16100        1  -210.60312
   -0.15500        1  -212.53611
   -0.14900        1  -214.39811
   -0.14300        1  -215.98298
   -0.13700        1  -217.32686
   -0.13100        1  -218.51037
   -0.12500        1  -219.56228
   -0.11900        1  -220.50134
   -0.11300        1  -221.34264
   -0.10700        1  -222.09606
   -0.10100        1  -222.76952
   -0.95000E-01    1  -223.37086
   -0.89000E-01    1  -223.90648
   -0.83000E-01    1  -224.38122
   -0.77000E-01    1  -224.80031
   -0.71000E-01    1  -225.16809
   -0.65000E-01    1  -225.48903
   -0.59000E-01    1  -225.76692
   -0.53000E-01    1  -226.00565
   -0.47000E-01    1  -226.20812
   -0.41000E-01    1  -226.37745
   -0.35000E-01    1  -226.51603
   -0.29000E-01    1  -226.62630
   -0.23000E-01    1  -226.71036
   -0.19700E-01    1  -226.71741
   -0.19100E-01    1  -226.72423
   -0.18500E-01    1  -226.73079
   -0.17900E-01    1  -226.73713
   -0.17300E-01    1  -226.74322
   -0.16700E-01    1  -226.74908
   -0.16100E-01    1  -226.75471
   -0.15500E-01    1  -226.76010
   -0.14900E-01    1  -226.76527
   -0.14300E-01    1  -226.77021
   -0.13700E-01    1  -226.77493
   -0.13100E-01    1  -226.77942
   -0.12500E-01    1  -226.78370
   -0.11900E-01    1  -226.78775
   -0.11300E-01    1  -226.79159
   -0.10700E-01    1  -226.79521
   -0.10100E-01    1  -226.79862
   -0.95000E-02    1  -226.80181
   -0.89000E-02    1  -226.80479
   -0.83000E-02    1  -226.80755
   -0.77000E-02    1  -226.81011
   -0.71000E-02    1  -226.81246
   -0.65000E-02    1  -226.81461
   -0.59000E-02    1  -226.81654
   -0.53000E-02    1  -226.81828
   -0.47000E-02    1  -226.81981
   -0.41000E-02    1  -226.82115
   -0.35000E-02    1  -226.82228
   -0.29000E-02    1  -226.82322
   -0.23000E-02    1  -226.82396
   -0.17000E-02    1  -226.82451
   -0.11000E-02    1  -226.82487
   -0.50000E-03    1  -226.82503
    0.10000E-03    1  -226.82500
    0.70000E-03    1  -226.82479
    0.13000E-02    1  -226.82438
    0.19000E-02    1  -226.82379
    0.25000E-02    1  -226.82302
    0.31000E-02    1  -226.82206
    0.37000E-02    1  -226.82092
    0.43000E-02    1  -226.81960
    0.49000E-02    1  -226.81809
    0.55000E-02    1  -226.81641
    0.61000E-02    1  -226.81455
    0.67000E-02    1  -226.81252
    0.73000E-02    1  -226.81032
    0.79000E-02    1  -226.80793
    0.85000E-02    1  -226.80537
    0.91000E-02    1  -226.80265
    0.97000E-02    1  -226.79975
    0.10300E-01    1  -226.79668
    0.10900E-01    1  -226.79344
    0.11500E-01    1  -226.79004
    0.12100E-01    1  -226.78649
    0.12700E-01    1  -226.78277
    0.13300E-01    1  -226.77888
    0.13900E-01    1  -226.77483
    0.14500E-01    1  -226.77063
    0.15100E-01    1  -226.76625
    0.15700E-01    1  -226.76171
    0.16300E-01    1  -226.75701
    0.16900E-01    1  -226.75218
    0.17500E-01    1  -226.74718
    0.18100E-01    1  -226.74201
    0.18700E-01    1  -226.73672
    0.19300E-01    1  -226.73127
    0.20200E-01    1  -226.70861
    0.25000E-01    1  -226.64010
    0.31000E-01    1  -226.55788
    0.37000E-01    1  -226.46279
    0.43000E-01    1  -226.35543
    0.49000E-01    1  -226.23671
    0.55000E-01    1  -226.10727
    0.61000E-01    1  -225.96772
    0.67000E-01    1  -225.81873
    0.73000E-01    1  -225.66087
    0.79000E-01    1  -225.49397
    0.85000E-01    1  -225.31945
    0.91000E-01    1  -225.14103
    0.97000E-01    1  -224.96071
    0.10300        1  -224.77761
    0.10900        1  -224.59136
    0.11500        1  -224.40235
    0.12100        1  -224.21098
    0.12700        1  -224.01723
    0.13300        1  -223.82138
    0.13900        1  -223.62387
    0.14500        1  -223.42488
    0.15100        1  -223.22474
    0.15700        1  -223.02358
    0.16300        1  -222.82131
    0.16900        1  -222.61805
    0.17500        1  -222.41399
    0.18100        1  -222.20962
    0.18700        1  -222.00491
    0.19300        1  -221.80007
    0.19900        1  -221.59481
    0.20500        1  -221.38964
    0.21100        1  -221.18458
    0.21700        1  -220.98003
    0.29500        1  -215.99304
    0.44500        1  -211.95755
    0.59500        1  -208.65857
    0.74500        1  -205.91986
    0.89500        1  -203.57658
     1.0450        1  -201.53073
     1.1950        1  -199.71118
     1.3450        1  -198.09556
     1.4950        1  -196.63202
     1.6450        1  -195.29664
     1.7950        1  -194.09664
     1.9450        1  -192.99799
     2.0950        1  -191.97830
     2.2450        1  -191.02524
     2.3950        1  -190.13057
     2.5450        1  -189.28660
     2.6950        1  -188.48895
     2.8450        1  -187.73155
     2.9950        1  -187.00815
     3.1450        1  -186.31912
     3.2950        1  -185.65714
     3.4450        1  -185.02179
     3.5950        1  -184.41068
     3.7450        1  -183.82038
     3.8950        1  -183.24971
     4.0450        1  -182.69761
     4.1950        1  -182.16286
     4.3450        1  -181.64483
     4.4950        1  -181.14063
     4.6450        1  -180.65190
     4.7950        1  -180.17580
     4.9450        1  -179.71131
     5.0950        1  -179.25789
     5.2450        1  -178.81640
     5.3950        1  -178.38452
     5.5450        1  -177.96536
     5.6950        1  -177.55471
     5.8450        1  -177.15461
     5.9950        1  -176.76627
     6.1450        1  -176.38671
     6.2950        1  -176.01974
     6.4450        1  -175.66232
     6.5950        1  -175.31514
     6.7450        1  -174.97713
     6.8950        1  -174.65115
     7.0450        1  -174.33561
     7.1950        1  -174.02692
     7.3450        1  -173.72507
     7.4950        1  -173.43295
     7.6450        1  -173.14336
     7.7950        1  -172.86767
     7.9450        1  -172.59919
     8.0950        1  -172.33665
     8.2450        1  -172.07730
     8.3950        1  -171.82782
     8.5450        1  -171.57574
     8.6950        1  -171.32920
     8.8450        1  -171.08797
     8.9950        1  -170.85324
     9.1450        1  -170.62734
     9.2950        1  -170.40155
     9.4450        1  -170.17892
     9.5950        1  -169.96414
     9.7450        1  -169.75011
     9.8950        1  -169.53929
     10.045        1  -169.33272
     10.195        1  -169.12920
     10.345        1  -168.93379
     10.495        1  -168.74106
     10.645        1  -168.55606
     10.795        1  -168.37023
     10.945        1  -168.18492
     11.095        1  -168.01141
     11.245        1  -167.83678
     11.395        1  -167.66402
     11.545        1  -167.49641
     11.695        1  -167.32920
     11.845        1  -167.16835
     11.995        1  -167.01039
     12.145        1  -166.85845
     12.295        1  -166.70626
     12.445        1  -166.55962
     12.595        1  -166.41778
     12.745        1  -166.27395
     12.895        1  -166.14217
     13.045        1  -166.00887
     13.195        1  -165.88295
     13.345        1  -165.75556
     13.495        1  -165.63210
     13.645        1  -165.51479
     13.795        1  -165.39983
     13.945        1  -165.28504
     14.095        1  -165.17194
     14.245        1  -165.06237
     14.395        1  -164.96166
     14.545        1  -164.85767
     14.695        1  -164.75870
     14.845        1  -164.66733
     14.995        1  -164.57512
     15.145        1  -164.48726
     15.295        1  -164.39877
     15.445        1  -164.31238
     15.595        1  -164.22407
     15.745        1  -164.14761
     15.895        1  -164.06652
     16.045        1  -163.99029
     16.195        1  -163.91482
     16.345        1  -163.84680
     16.495        1  -163.77935
     16.645        1  -163.71703
     16.795        1  -163.65225
     16.945        1  -163.58806
     17.095        1  -163.52428
     17.245        1  -163.46844
     17.395        1  -163.40881
     17.545        1  -163.35382
     17.695        1  -163.30274
     17.845        1  -163.25044
     17.995        1  -163.20343
     18.145        1  -163.15444
     18.295        1  -163.11024
     18.445        1  -163.06176
     18.595        1  -163.01272
     18.745        1  -162.97055
     18.895        1  -162.93133
     19.045        1  -162.88855
     19.195        1  -162.84333
     19.345        1  -162.80889
     19.495        1  -162.77472
     19.645        1  -162.74098
     19.795        1  -162.70537
     19.945        1  -162.67037
     20.095        1  -162.64030
     20.245        1  -162.60899
     20.395        1  -162.58037
     20.545        1  -162.54981
     20.695        1  -162.52258
     20.845        1  -162.49597
     20.995        1  -162.46759
     21.145        1  -162.43969
     21.295        1  -162.41569
     21.445        1  -162.39218
     21.595        1  -162.36771
     21.745        1  -162.34386
     21.895        1  -162.32138
     22.045        1  -162.29531
     22.195        1  -162.27090
     22.345        1  -162.25064
     22.495        1  -162.22765
     22.645        1  -162.20539
     22.795        1  -162.18697
     22.945        1  -162.16666
     23.095        1  -162.14704
     23.245        1  -162.13022
     23.395        1  -162.11211
     23.545        1  -162.09523
     23.695        1  -162.07785
     23.845        1  -162.06230
     23.995        1  -162.04786
     24.145        1  -162.03320
     24.295        1  -162.01947
     24.445        1  -162.00411
     24.595        1  -161.98993
     24.745        1  -161.97732
     24.895        1  -161.96408
     25.045        1  -161.95039
     25.195        1  -161.93783
     25.345        1  -161.92534
     25.495        1  -161.91341
     25.645        1  -161.90020
     25.795        1  -161.88836
     25.945        1  -161.87675
     26.095        1  -161.86407
     26.245        1  -161.85301
     26.395        1  -161.84089
     26.545        1  -161.82923
     26.695        1  -161.81843
     26.845        1  -161.80674
     26.995        1  -161.79587
     27.145        1  -161.78518
     27.295        1  -161.77447
     27.445        1  -161.76406
     27.595        1  -161.75259
     27.745        1  -161.74228
     27.895        1  -161.73179
     28.045        1  -161.72137
     28.195        1  -161.71002
     28.345        1  -161.69992
     28.495        1  -161.68958
     28.645        1  -161.67904
     28.795        1  -161.66861
     28.945        1  -161.65842
     29.095        1  -161.64754
     29.245        1  -161.63710
     29.395        1  -161.62697
     29.545        1  -161.61670
     29.695        1  -161.60642
     29.845        1  -161.59652
     29.995        1  -161.58640
     30.145        1  -161.57547
     30.295        1  -161.56550
     30.445        1  -161.55586
     30.595        1  -161.54618
     30.745        1  -161.53621
     30.895        1  -161.52634
     31.045        1  -161.51646
     31.195        1  -161.50669
     31.345        1  -161.49675
     31.495        1  -161.48707
     31.645        1  -161.47736
     31.795        1  -161.46736
     31.945        1  -161.45733
     32.095        1  -161.44723
     32.245        1  -161.43741
     32.395        1  -161.42775
     32.545        1  -161.41783
     32.695        1  -161.40815
     32.845        1  -161.39830
     32.995        1  -161.38861
     33.145        1  -161.37917
     33.295        1  -161.36937
     33.445        1  -161.35996
     33.595        1  -161.35048
     33.745        1  -161.34113
     33.895        1  -161.33140
     34.045        1  -161.32208
     34.195        1  -161.31303
     34.345        1  -161.30366
     34.495        1  -161.29459
     34.645        1  -161.28535
     34.795        1  -161.27635
     34.945        1  -161.26737
     35.095        1  -161.25841
     35.245        1  -161.24951
     35.395        1  -161.24040
     35.545        1  -161.23146
     35.695        1  -161.22282
     35.845        1  -161.21408
     35.995        1  -161.20501
     36.145        1  -161.19629
     36.295        1  -161.18764
     36.445        1  -161.17911
     36.595        1  -161.17057
     36.745        1  -161.16187
     36.895        1  -161.15319
     37.045        1  -161.14470
     37.195        1  -161.13604
     37.345        1  -161.12761
     37.495        1  -161.11922
     37.645        1  -161.11056
     37.795        1  -161.10203
     37.945        1  -161.09347
     38.095        1  -161.08509
     38.245        1  -161.07693
     38.395        1  -161.06893
     38.545        1  -161.06087
     38.695        1  -161.05285
     38.845        1  -161.04478
     38.995        1  -161.03657
     39.145        1  -161.02843
     39.295        1  -161.02050
     39.445        1  -161.01258
     39.595        1  -161.00482
     39.745        1  -160.99706
     39.895        1  -160.98922
     40.045        1  -160.98135
     40.195        1  -160.97350
     40.345        1  -160.96581
     40.495        1  -160.95795
     40.645        1  -160.95043
     40.795        1  -160.94267
     40.945        1  -160.93490
     41.095        1  -160.92714
     41.245        1  -160.91928
     41.395        1  -160.91186
     41.545        1  -160.90429
     41.695        1  -160.89693
     41.845        1  -160.88952
     41.995        1  -160.88211
     42.145        1  -160.87484
     42.295        1  -160.86750
     42.445        1  -160.86025
     42.595        1  -160.85298
     42.745        1  -160.84579
     42.895        1  -160.83851
     43.045        1  -160.83110
     43.195        1  -160.82386
     43.345        1  -160.81666
     43.495        1  -160.80961
     43.645        1  -160.80209
     43.795        1  -160.79499
     43.945        1  -160.78778
     44.095        1  -160.78066
     44.245        1  -160.77348
     44.395        1  -160.76611
     44.545        1  -160.75900
     44.695        1  -160.75202
     44.845        1  -160.74508
     44.995        1  -160.73817
     45.145        1  -160.73130
     45.295        1  -160.72427
     45.445        1  -160.71731
     45.595        1  -160.71075
     45.745        1  -160.70408
     45.895        1  -160.69746
     46.045        1  -160.69094
     46.195        1  -160.68424
     46.345        1  -160.67757
     46.495        1  -160.67106
     46.645        1  -160.66452
     46.795        1  -160.65789
     46.945        1  -160.65134
     47.095        1  -160.64486
     47.245        1  -160.63851
     47.395        1  -160.63212
     47.545        1  -160.62568
     47.695        1  -160.61909
     47.845        1  -160.61267
     47.995        1  -160.60640
     48.145        1  -160.59997
     48.295        1  -160.59353
     48.445        1  -160.58726
     48.595        1  -160.58094
     48.745        1  -160.57449
     48.895        1  -160.56811
     49.045        1  -160.56182
     49.195        1  -160.55538
     49.345        1  -160.54923
     49.495        1  -160.54306
     49.645        1  -160.53692
     49.795        1  -160.53067
     49.945        1  -160.52458
     50.095        1  -160.51862
     50.245        1  -160.51258
     50.395        1  -160.50672
     50.545        1  -160.50055
     50.695        1  -160.49476
     50.845        1  -160.48883
     50.995        1  -160.48315
     51.145        1  -160.47709
     51.295        1  -160.47110
     51.445        1  -160.46531
     51.595        1  -160.45942
     51.745        1  -160.45367
     51.895        1  -160.44789
     52.045        1  -160.44199
     52.195        1  -160.43627
     52.345        1  -160.43053
     52.495        1  -160.42485
     52.645        1  -160.41912
     52.795        1  -160.41353
     52.945        1  -160.40785
     53.095        1  -160.40216
     53.245        1  -160.39660
     53.395        1  -160.39108
     53.545        1  -160.38552
     53.695        1  -160.37994
     53.845        1  -160.37462
     53.995        1  -160.36925
     54.145        1  -160.36372
     54.295        1  -160.35846
     54.445        1  -160.35312
     54.595        1  -160.34753
     54.745        1  -160.34225
     54.895        1  -160.33695
     55.045        1  -160.33154
     55.195        1  -160.32609
     55.345        1  -160.32080
     55.495        1  -160.31551
     55.645        1  -160.31021
     55.795        1  -160.30491
     55.945        1  -160.29935
     56.095        1  -160.29412
     56.245        1  -160.28892
     56.395        1  -160.28383
     56.545        1  -160.27871
     56.695        1  -160.27355
     56.845        1  -160.26828
     56.995        1  -160.26320
     57.145        1  -160.25814
     57.295        1  -160.25316
     57.445        1  -160.24814
     57.595        1  -160.24310
     57.745        1  -160.23820
     57.895        1  -160.23314
     58.045        1  -160.22811
     58.195        1  -160.22303
     58.345        1  -160.21821
     58.495        1  -160.21339
     58.645        1  -160.20843
     58.795        1  -160.20367
     58.945        1  -160.19876
     59.095        1  -160.19405
     59.245        1  -160.18928
     59.395        1  -160.18445
     59.545        1  -160.17979
     59.695        1  -160.17494
     59.845        1  -160.17029
     59.995        1  -160.16558
     60.145        1  -160.16081
     70.939        1  -159.56987
     97.698        1  -159.00535
     134.55        1  -158.45927
     185.30        1  -157.93251
     255.20        1  -157.42115
     351.46        1  -156.92452
     484.04        1  -156.44390
     666.62        1  -155.97558
     918.07        1  -155.52110
     1264.4        1  -155.07838
     1741.3        1  -154.64896
     2398.1        1  -154.23073
     3302.7        1  -153.82288
     4548.5        1  -153.42660
     6264.3        1  -153.03842
     8627.2        1  -152.66058
     11881.        1  -152.29354
     16363.        1  -151.93532
     22535.        1  -151.58555
     31036.        1  -151.24633
     42743.        1  -150.91654
     58866.        1  -150.59526
     81070.        1  -150.28357
    0.11165E+06    1  -149.98113
    0.15377E+06    1  -149.68921
    0.21177E+06    1  -149.40590
    0.29165E+06    1  -149.13378
    0.40166E+06    1  -148.87185
    0.55317E+06    1  -148.62107
    0.76182E+06    1  -148.38089
    0.10492E+07    1  -148.15082
    0.14449E+07    1  -147.93190
    0.19900E+07    1  -147.72316
    0.27406E+07    1  -147.52399
    0.37744E+07    1  -147.33454
    0.51981E+07    1  -147.15356
    0.71589E+07    1  -146.98064
    0.98593E+07    1  -146.81571
    0.13578E+08    1  -146.65927
    0.18700E+08    1  -146.50970
    0.25754E+08    1  -146.36720
    0.35468E+08    1  -146.23149
    0.48847E+08    1  -146.10258
    0.67273E+08    1  -145.97930
    0.92648E+08    1  -145.86221
    0.12760E+09    1  -145.75052
    0.17573E+09    1  -145.64388
    0.24201E+09    1  -145.54324
    0.33330E+09    1  -145.44890
    0.45902E+09    1  -145.36047
    0.63217E+09    1  -145.27864
    0.87062E+09    1  -145.20220
    0.11990E+10    1  -145.13070
    0.16513E+10    1  -145.06373
    0.22742E+10    1  -145.00111
    0.31320E+10    1  -144.94209
    0.43134E+10    1  -144.88789
    0.59405E+10    1  -144.83878
    0.81813E+10    1  -144.79345
    0.11267E+11    1  -144.75160
    0.15517E+11    1  -144.71312
    0.21371E+11    1  -144.67770
    0.29432E+11    1  -144.64495
    0.40534E+11    1  -144.61470
    0.55823E+11    1  -144.58670
    0.10000E+12    1  -144.25160
    -149.95        2     0.00000
    -149.79        2     0.00000
    -149.65        2     0.00000
    -149.49        2     0.00000
    -149.34        2     0.00000
    -149.20        2     0.00000
    -149.04        2     0.00000
    -148.90        2     0.00000
    -148.74        2     0.00000
    -148.59        2     0.00000
    -148.45        2     0.00000
    -148.29        2     0.00000
    -148.15        2     0.00000
    -147.99        2     0.00000
    -147.84        2     0.00000
    -147.70        2     0.00000
    -147.54        2     0.00000
    -147.40        2     0.00000
    -147.24        2     0.00000
    -147.09        2     0.00000
    -146.95        2     0.00000
    -146.79        2     0.00000
    -146.65        2     0.00000
    -146.49        2     0.00000
    -146.34        2     0.00000
    -146.20        2     0.00000
    -146.04        2     0.00000
    -145.90        2     0.00000
    -145.74        2     0.00000
    -145.59        2     0.00000
    -145.45        2     0.00000
    -145.29        2     0.00000
    -145.15        2     0.00000
    -144.99        2     0.00000
    -144.84        2     0.00000
    -144.70        2     0.00000
    -144.54        2     0.00000
    -144.40        2     0.00000
    -144.24        2     0.00000
    -144.09        2     0.00000
    -143.95        2     0.00000
    -143.79        2     0.00000
    -143.65        2     0.00000
    -143.49        2     0.00000
    -143.34        2     0.00000
    -143.20        2     0.00000
    -143.04        2     0.00000
    -142.90        2     0.00000
    -142.74        2     0.00000
    -142.59        2     0.00000
    -142.45        2     0.00000
    -142.29        2     0.00000
    -142.15        2     0.00000
    -141.99        2     0.00000
    -141.84        2     0.00000
    -141.70        2     0.00000
    -141.54        2     0.00000
    -141.40        2     0.00000
    -141.24        2     0.00000
    -141.09        2     0.00000
    -140.95        2     0.00000
    -140.79        2     0.00000
    -140.65        2     0.00000
    -140.49        2     0.00000
    -140.34        2     0.00000
    -140.20        2     0.00000
    -140.04        2     0.00000
    -139.90        2     0.00000
    -139.74        2     0.00000
    -139.59        2     0.00000
    -139.45        2     0.00000
    -139.29        2     0.00000
    -139.15        2     0.00000
    -138.99        2     0.00000
    -138.84        2     0.00000
    -138.70        2     0.00000
    -138.54        2     0.00000
    -138.40        2     0.00000
    -138.24        2     0.00000
    -138.09        2     0.00000
    -137.95        2     0.00000
    -137.79        2     0.00000
    -137.65        2     0.00000
    -137.49        2     0.00000
    -137.34        2     0.00000
    -137.20        2     0.00000
    -137.04        2     0.00000
    -136.90        2     0.00000
    -136.74        2     0.00000
    -136.59        2     0.00000
    -136.45        2     0.00000
    -136.29        2     0.00000
    -136.15        2     0.00000
    -135.99        2     0.00000
    -135.84        2     0.00000
    -135.70        2     0.00000
    -135.54        2     0.00000
    -135.40        2     0.00000
    -135.24        2     0.00000
    -135.09        2     0.00000
    -134.95        2     0.00000
    -134.79        2     0.00000
    -134.65        2     0.00000
    -134.49        2     0.00000
    -134.34        2     0.00000
    -134.20        2     0.00000
    -134.04        2     0.00000
    -133.90        2     0.00000
    -133.74        2     0.00000
    -133.59        2     0.00000
    -133.45        2     0.00000
    -133.29        2     0.00000
    -133.15        2     0.00000
    -132.99        2     0.00000
    -132.84        2     0.00000
    -132.70        2     0.00000
    -132.54        2     0.00000
    -132.40        2     0.00000
    -132.24        2     0.00000
    -132.09        2     0.00000
    -131.95        2     0.00000
    -131.79        2     0.00000
    -131.65        2     0.00000
    -131.49        2     0.00000
    -131.34        2     0.00000
    -131.20        2     0.00000
    -131.04        2     0.00000
    -130.90        2     0.00000
    -130.74        2     0.00000
    -130.59        2     0.00000
    -130.45        2     0.00000
    -130.29        2     0.00000
    -130.15        2     0.00000
    -129.99        2     0.00000
    -129.84        2     0.00000
    -129.70        2     0.00000
    -129.54        2     0.00000
    -129.40        2     0.00000
    -129.24        2     0.00000
    -129.09        2     0.00000
    -128.95        2     0.00000
    -128.79        2     0.00000
    -128.65        2     0.00000
    -128.49        2     0.00000
    -128.34        2     0.00000
    -128.20        2     0.00000
    -128.04        2     0.00000
    -127.89        2     0.00000
    -127.75        2     0.00000
    -127.60        2     0.00000
    -127.44        2     0.00000
    -127.30        2     0.00000
    -127.14        2     0.00000
    -127.00        2     0.00000
    -126.85        2     0.00000
    -126.69        2     0.00000
    -126.55        2     0.00000
    -126.39        2     0.00000
    -126.25        2     0.00000
    -126.10        2     0.00000
    -125.94        2     0.00000
    -125.80        2     0.00000
    -125.64        2     0.00000
    -125.50        2     0.00000
    -125.35        2     0.00000
    -125.19        2     0.00000
    -125.05        2     0.00000
    -124.89        2     0.00000
    -124.75        2     0.00000
    -124.60        2     0.00000
    -124.44        2     0.00000
    -124.30        2     0.00000
    -124.14        2     0.00000
    -124.00        2     0.00000
    -123.85        2     0.00000
    -123.69        2     0.00000
    -123.55        2     0.00000
    -123.39        2     0.00000
    -123.25        2     0.00000
    -123.10        2     0.00000
    -122.94        2     0.00000
    -122.80        2     0.00000
    -122.64        2     0.00000
    -122.50        2     0.00000
    -122.35        2     0.00000
    -122.19        2     0.00000
    -122.05        2     0.00000
    -121.89        2     0.00000
    -121.75        2     0.00000
    -121.60        2     0.00000
    -121.44        2     0.00000
    -121.30        2     0.00000
    -121.14        2     0.00000
    -121.00        2     0.00000
    -120.85        2     0.00000
    -120.69        2     0.00000
    -120.55        2     0.00000
    -120.39        2     0.00000
    -120.25        2     0.00000
    -120.10        2     0.00000
    -119.94        2     0.00000
    -119.80        2     0.00000
    -119.64        2     0.00000
    -119.50        2     0.00000
    -119.35        2     0.00000
    -119.19        2     0.00000
    -119.05        2     0.00000
    -118.89        2     0.00000
    -118.75        2     0.00000
    -118.60        2     0.00000
    -118.44        2     0.00000
    -118.30        2     0.00000
    -118.14        2     0.00000
    -118.00        2     0.00000
    -117.85        2     0.00000
    -117.69        2     0.00000
    -117.55        2     0.00000
    -117.39        2     0.00000
    -117.25        2     0.00000
    -117.10        2     0.00000
    -116.94        2     0.00000
    -116.80        2     0.00000
    -116.64        2     0.00000
    -116.50        2     0.00000
    -116.35        2     0.00000
    -116.19        2     0.00000
    -116.05        2     0.00000
    -115.89        2     0.00000
    -115.75        2     0.00000
    -115.60        2     0.00000
    -115.44        2     0.00000
    -115.30        2     0.00000
    -115.14        2     0.00000
    -115.00        2     0.00000
    -114.85        2     0.00000
    -114.69        2     0.00000
    -114.55        2     0.00000
    -114.39        2     0.00000
    -114.25        2     0.00000
    -114.10        2     0.00000
    -113.94        2     0.00000
    -113.80        2     0.00000
    -113.64        2     0.00000
    -113.50        2     0.00000
    -113.35        2     0.00000
    -113.19        2     0.00000
    -113.05        2     0.00000
    -112.89        2     0.00000
    -112.75        2     0.00000
    -112.60        2     0.00000
    -112.44        2     0.00000
    -112.30        2     0.00000
    -112.14        2     0.00000
    -112.00        2     0.00000
    -111.85        2     0.00000
    -111.69        2     0.00000
    -111.55        2     0.00000
    -111.39        2     0.00000
    -111.25        2     0.00000
    -111.10        2     0.00000
    -110.94        2     0.00000
    -110.80        2     0.00000
    -110.64        2     0.00000
    -110.50        2     0.00000
    -110.35        2     0.00000
    -110.19        2     0.00000
    -110.05        2     0.00000
    -109.89        2     0.00000
    -109.75        2     0.00000
    -109.60        2     0.00000
    -109.44        2     0.00000
    -109.30        2     0.00000
    -109.14        2     0.00000
    -109.00        2     0.00000
    -108.85        2     0.00000
    -108.69        2     0.00000
    -108.55        2     0.00000
    -108.39        2     0.00000
    -108.25        2     0.00000
    -108.10        2     0.00000
    -107.94        2     0.00000
    -107.80        2     0.00000
    -107.64        2     0.00000
    -107.50        2     0.00000
    -107.35        2     0.00000
    -107.19        2     0.00000
    -107.05        2     0.00000
    -106.89        2     0.00000
    -106.75        2     0.00000
    -106.60        2     0.00000
    -106.44        2     0.00000
    -106.30        2     0.00000
    -106.14        2     0.00000
    -106.00        2     0.00000
    -105.85        2     0.00000
    -105.69        2     0.00000
    -105.55        2     0.00000
    -105.39        2     0.00000
    -105.25        2     0.00000
    -105.10        2     0.00000
    -104.94        2     0.00000
    -104.80        2     0.00000
    -104.64        2     0.00000
    -104.50        2     0.00000
    -104.35        2     0.00000
    -104.19        2     0.00000
    -104.05        2     0.00000
    -103.89        2     0.00000
    -103.75        2     0.00000
    -103.60        2     0.00000
    -103.44        2     0.00000
    -103.30        2     0.00000
    -103.14        2     0.00000
    -103.00        2     0.00000
    -102.85        2     0.00000
    -102.69        2     0.00000
    -102.55        2     0.00000
    -102.39        2     0.00000
    -102.25        2     0.00000
    -102.10        2     0.00000
    -101.94        2     0.00000
    -101.80        2     0.00000
    -101.64        2     0.00000
    -101.50        2     0.00000
    -101.35        2     0.00000
    -101.19        2     0.00000
    -101.05        2     0.00000
    -100.89        2     0.00000
    -100.75        2     0.00000
    -100.60        2     0.00000
    -100.44        2     0.00000
    -100.30        2     0.00000
    -100.14        2     0.00000
    -99.995        2     0.00000
    -99.845        2     0.00000
    -99.695        2     0.00000
    -99.545        2     0.00000
    -99.395        2     0.00000
    -99.245        2     0.00000
    -99.095        2     0.00000
    -98.945        2     0.00000
    -98.795        2     0.00000
    -98.645        2     0.00000
    -98.495        2     0.00000
    -98.345        2     0.00000
    -98.195        2     0.00000
    -98.045        2     0.00000
    -97.895        2     0.00000
    -97.745        2     0.00000
    -97.595        2     0.00000
    -97.445        2     0.00000
    -97.295        2     0.00000
    -97.145        2     0.00000
    -96.995        2     0.00000
    -96.845        2     0.00000
    -96.695        2     0.00000
    -96.545        2     0.00000
    -96.395        2     0.00000
    -96.245        2     0.00000
    -96.095        2     0.00000
    -95.945        2     0.00000
    -95.795        2     0.00000
    -95.645        2     0.00000
    -95.495        2     0.00000
    -95.345        2     0.00000
    -95.195        2     0.00000
    -95.045        2     0.00000
    -94.895        2     0.00000
    -94.745        2     0.00000
    -94.595        2     0.00000
    -94.445        2     0.00000
    -94.295        2     0.00000
    -94.145        2     0.00000
    -93.995        2     0.00000
    -93.845        2     0.00000
    -93.695        2     0.00000
    -93.545        2     0.00000
    -93.395        2     0.00000
    -93.245        2     0.00000
    -93.095        2     0.00000
    -92.945        2     0.00000
    -92.795        2     0.00000
    -92.645        2     0.00000
    -92.495        2     0.00000
    -92.345        2     0.00000
    -92.195        2     0.00000
    -92.045        2     0.00000
    -91.895        2     0.00000
    -91.745        2     0.00000
    -91.595        2     0.00000
    -91.445        2     0.00000
    -91.295        2     0.00000
    -91.145        2     0.00000
    -90.995        2     0.00000
    -90.845        2     0.00000
    -90.695        2     0.00000
    -90.545        2     0.00000
    -90.395        2     0.00000
    -90.245        2     0.00000
    -90.095        2     0.00000
    -89.945        2     0.00000
    -89.795        2     0.00000
    -89.645        2     0.00000
    -89.495        2     0.00000
    -89.345        2     0.00000
    -89.195        2     0.00000
    -89.045        2     0.00000
    -88.895        2     0.00000
    -88.745        2     0.00000
    -88.595        2     0.00000
    -88.445        2     0.00000
    -88.295        2     0.00000
    -88.145        2     0.00000
    -87.995        2     0.00000
    -87.845        2     0.00000
    -87.695        2     0.00000
    -87.545        2     0.00000
    -87.395        2     0.00000
    -87.245        2     0.00000
    -87.095        2     0.00000
    -86.945        2     0.00000
    -86.795        2     0.00000
    -86.645        2     0.00000
    -86.495        2     0.00000
    -86.345        2     0.00000
    -86.195        2     0.00000
    -86.045        2     0.00000
    -85.895        2     0.00000
    -85.745        2     0.00000
    -85.595        2     0.00000
    -85.445        2     0.00000
    -85.295        2     0.00000
    -85.145        2     0.00000
    -84.995        2     0.00000
    -84.845        2     0.00000
    -84.695        2     0.00000
    -84.545        2     0.00000
    -84.395        2     0.00000
    -84.245        2     0.00000
    -84.095        2     0.00000
    -83.945        2     0.00000
    -83.795        2     0.00000
    -83.645        2     0.00000
    -83.495        2     0.00000
    -83.345        2     0.00000
    -83.195        2     0.00000
    -83.045        2     0.00000
    -82.895        2     0.00000
    -82.745        2     0.00000
    -82.595        2     0.00000
    -82.445        2     0.00000
    -82.295        2     0.00000
    -82.145        2     0.00000
    -81.995        2     0.00000
    -81.845        2     0.00000
    -81.695        2     0.00000
    -81.545        2     0.00000
    -81.395        2     0.00000
    -81.245        2     0.00000
    -81.095        2     0.00000
    -80.945        2     0.00000
    -80.795        2     0.00000
    -80.645        2     0.00000
    -80.495        2     0.00000
    -80.345        2     0.00000
    -80.195        2     0.00000
    -80.045        2     0.00000
    -79.895        2     0.00000
    -79.745        2     0.00000
    -79.595        2     0.00000
    -79.445        2     0.00000
    -79.295        2     0.00000
    -79.145        2     0.00000
    -78.995        2     0.00000
    -78.845        2     0.00000
    -78.695        2     0.00000
    -78.545        2     0.00000
    -78.395        2     0.00000
    -78.245        2     0.00000
    -78.095        2     0.00000
    -77.945        2     0.00000
    -77.795        2     0.00000
    -77.645        2     0.00000
    -77.495        2     0.00000
    -77.345        2     0.00000
    -77.195        2     0.00000
    -77.045        2     0.00000
    -76.895        2     0.00000
    -76.745        2     0.00000
    -76.595        2     0.00000
    -76.445        2     0.00000
    -76.295        2     0.00000
    -76.145        2     0.00000
    -75.995        2     0.00000
    -75.845        2     0.00000
    -75.695        2     0.00000
    -75.545        2     0.00000
    -75.395        2     0.00000
    -75.245        2     0.00000
    -75.095        2     0.00000
    -74.945        2     0.00000
    -74.795        2     0.00000
    -74.645        2     0.00000
    -74.495        2     0.00000
    -74.345        2     0.00000
    -74.195        2     0.00000
    -74.045        2     0.00000
    -73.895        2     0.00000
    -73.745        2     0.00000
    -73.595        2     0.00000
    -73.445        2     0.00000
    -73.295        2     0.00000
    -73.145        2     0.00000
    -72.995        2     0.00000
    -72.845        2     0.00000
    -72.695        2     0.00000
    -72.545        2     0.00000
    -72.395        2     0.00000
    -72.245        2     0.00000
    -72.095        2     0.00000
    -71.945        2     0.00000
    -71.795        2     0.00000
    -71.645        2     0.00000
    -71.495        2     0.00000
    -71.345        2     0.00000
    -71.195        2     0.00000
    -71.045        2     0.00000
    -70.895        2     0.00000
    -70.745        2     0.00000
    -70.595        2     0.00000
    -70.445        2     0.00000
    -70.295        2     0.00000
    -70.145        2     0.00000
    -69.995        2     0.00000
    -69.845        2     0.00000
    -69.695        2     0.00000
    -69.545        2     0.00000
    -69.395        2     0.00000
    -69.245        2     0.00000
    -69.095        2     0.00000
    -68.945        2     0.00000
    -68.795        2     0.00000
    -68.645        2     0.00000
    -68.495        2     0.00000
    -68.345        2     0.00000
    -68.195        2     0.00000
    -68.045        2     0.00000
    -67.895        2     0.00000
    -67.745        2     0.00000
    -67.595        2     0.00000
    -67.445        2     0.00000
    -67.295        2     0.00000
    -67.145        2     0.00000
    -66.995        2     0.00000
    -66.845        2     0.00000
    -66.695        2     0.00000
    -66.545        2     0.00000
    -66.395        2     0.00000
    -66.245        2     0.00000
    -66.095        2     0.00000
    -65.945        2     0.00000
    -65.795        2     0.00000
    -65.645        2     0.00000
    -65.495        2     0.00000
    -65.345        2     0.00000
    -65.195        2     0.00000
    -65.045        2     0.00000
    -64.895        2     0.00000
    -64.745        2     0.00000
    -64.595        2     0.00000
    -64.445        2     0.00000
    -64.295        2     0.00000
    -64.145        2     0.00000
    -63.995        2     0.00000
    -63.845        2     0.00000
    -63.695        2     0.00000
    -63.545        2     0.00000
    -63.395        2     0.00000
    -63.245        2     0.00000
    -63.095        2     0.00000
    -62.945        2     0.00000
    -62.795        2     0.00000
    -62.645        2     0.00000
    -62.495        2     0.00000
    -62.345        2     0.00000
    -62.195        2     0.00000
    -62.045        2     0.00000
    -61.895        2     0.00000
    -61.745        2     0.00000
    -61.595        2     0.00000
    -61.445        2     0.00000
    -61.295        2     0.00000
    -61.145        2     0.00000
    -60.995        2     0.00000
    -60.845        2    -0.00208
    -60.695        2    -0.00992
    -60.545        2    -0.02242
    -60.395        2    -0.03370
    -60.245        2    -0.05021
    -60.095        2    -0.07021
    -59.945        2    -0.09486
    -59.795        2    -0.12340
    -59.645        2    -0.15417
    -59.495        2    -0.18148
    -59.345        2    -0.21624
    -59.195        2    -0.24783
    -59.045        2    -0.28423
    -58.895        2    -0.31591
    -58.745        2    -0.35311
    -58.595        2    -0.38724
    -58.445        2    -0.41849
    -58.295        2    -0.45128
    -58.145        2    -0.48078
    -57.995        2    -0.51445
    -57.845        2    -0.54391
    -57.695        2    -0.58028
    -57.545        2    -0.61389
    -57.395        2    -0.65172
    -57.245        2    -0.69159
    -57.095        2    -0.73832
    -56.945        2    -0.82427
    -56.795        2    -0.98872
    -56.645        2    -1.22056
    -56.495        2    -1.53506
    -56.345        2    -1.94123
    -56.195        2    -2.42296
    -56.045        2    -2.96992
    -55.895        2    -3.59554
    -55.745        2    -4.24925
    -55.595        2    -4.95104
    -55.445        2    -5.66992
    -55.295        2    -6.39862
    -55.145        2    -7.14105
    -54.995        2    -7.89975
    -54.845        2    -8.65415
    -54.695        2    -9.40550
    -54.545        2   -10.16414
    -54.395        2   -10.89003
    -54.245        2   -11.60833
    -54.095        2   -12.31401
    -53.945        2   -13.00306
    -53.795        2   -13.67078
    -53.645        2   -14.32628
    -53.495        2   -14.94629
    -53.345        2   -15.56329
    -53.195        2   -16.16513
    -53.045        2   -16.74275
    -52.895        2   -17.29000
    -52.745        2   -17.83844
    -52.595        2   -18.36804
    -52.445        2   -18.88687
    -52.295        2   -19.38153
    -52.145        2   -19.84528
    -51.995        2   -20.28968
    -51.845        2   -20.73635
    -51.695        2   -21.16365
    -51.545        2   -21.56861
    -51.395        2   -21.95700
    -51.245        2   -22.37759
    -51.095        2   -22.81372
    -50.945        2   -23.27219
    -50.795        2   -23.72752
    -50.645        2   -24.16496
    -50.495        2   -24.59756
    -50.345        2   -25.00651
    -50.195        2   -25.40594
    -50.045        2   -25.77897
    -49.895        2   -26.14850
    -49.745        2   -26.50590
    -49.595        2   -26.84812
    -49.445        2   -27.18739
    -49.295        2   -27.50530
    -49.145        2   -27.81072
    -48.995        2   -28.11968
    -48.845        2   -28.42264
    -48.695        2   -28.71807
    -48.545        2   -29.00639
    -48.395        2   -29.28508
    -48.245        2   -29.56347
    -48.095        2   -29.83082
    -47.945        2   -30.10151
    -47.795        2   -30.37033
    -47.645        2   -30.64956
    -47.495        2   -30.95901
    -47.345        2   -31.31327
    -47.195        2   -31.66400
    -47.045        2   -32.01846
    -46.895        2   -32.36474
    -46.745        2   -32.71440
    -46.595        2   -33.06428
    -46.445        2   -33.39333
    -46.295        2   -33.71289
    -46.145        2   -34.02574
    -45.995        2   -34.32549
    -45.845        2   -34.61197
    -45.695        2   -34.90538
    -45.545        2   -35.18773
    -45.395        2   -35.46818
    -45.245        2   -35.74458
    -45.095        2   -36.01994
    -44.945        2   -36.29264
    -44.795        2   -36.56775
    -44.645        2   -36.82686
    -44.495        2   -37.09502
    -44.345        2   -37.36553
    -44.195        2   -37.62007
    -44.045        2   -37.87041
    -43.895        2   -38.11848
    -43.745        2   -38.36837
    -43.595        2   -38.61791
    -43.445        2   -38.86405
    -43.295        2   -39.11157
    -43.145        2   -39.34797
    -42.995        2   -39.58708
    -42.845        2   -39.82464
    -42.695        2   -40.06011
    -42.545        2   -40.29993
    -42.395        2   -40.52430
    -42.245        2   -40.75299
    -42.095        2   -40.97359
    -41.945        2   -41.18535
    -41.795        2   -41.40378
    -41.645        2   -41.60950
    -41.495        2   -41.81660
    -41.345        2   -42.01717
    -41.195        2   -42.21256
    -41.045        2   -42.40585
    -40.895        2   -42.60165
    -40.745        2   -42.78627
    -40.595        2   -42.97173
    -40.445        2   -43.14953
    -40.295        2   -43.32427
    -40.145        2   -43.49374
    -39.995        2   -43.66386
    -39.845        2   -43.83254
    -39.695        2   -43.99450
    -39.545        2   -44.15469
    -39.395        2   -44.30989
    -39.245        2   -44.46440
    -39.095        2   -44.61555
    -38.945        2   -44.76887
    -38.795        2   -44.99790
    -38.645        2   -45.27192
    -38.495        2   -45.57774
    -38.345        2   -45.90437
    -38.195        2   -46.24135
    -38.045        2   -46.59778
    -37.895        2   -46.96692
    -37.745        2   -47.33973
    -37.595        2   -47.72471
    -37.445        2   -48.11817
    -37.295        2   -48.51364
    -37.145        2   -48.90355
    -36.995        2   -49.28931
    -36.845        2   -49.66414
    -36.695        2   -50.03325
    -36.545        2   -50.40986
    -36.395        2   -50.76933
    -36.245        2   -51.11551
    -36.095        2   -51.46439
    -35.945        2   -51.79771
    -35.795        2   -52.11651
    -35.645        2   -52.43179
    -35.495        2   -52.73012
    -35.345        2   -53.02065
    -35.195        2   -53.30455
    -35.045        2   -53.57984
    -34.895        2   -53.84284
    -34.745        2   -54.11512
    -34.595        2   -54.38301
    -34.445        2   -54.65209
    -34.295        2   -54.92167
    -34.145        2   -55.19344
    -33.995        2   -55.46767
    -33.845        2   -55.74127
    -33.695        2   -56.00938
    -33.545        2   -56.27992
    -33.395        2   -56.53840
    -33.245        2   -56.80051
    -33.095        2   -57.05594
    -32.945        2   -57.30089
    -32.795        2   -57.54315
    -32.645        2   -57.82802
    -32.495        2   -58.14408
    -32.345        2   -58.48601
    -32.195        2   -58.83860
    -32.045        2   -59.19732
    -31.895        2   -59.56172
    -31.745        2   -59.91674
    -31.595        2   -60.27344
    -31.445        2   -60.62403
    -31.295        2   -60.97009
    -31.145        2   -61.30878
    -30.995        2   -61.63366
    -30.845        2   -61.95881
    -30.695        2   -62.27008
    -30.545        2   -62.57473
    -30.395        2   -62.87165
    -30.245        2   -63.15841
    -30.095        2   -63.43995
    -29.945        2   -63.71196
    -29.795        2   -63.97679
    -29.645        2   -64.23611
    -29.495        2   -64.48629
    -29.345        2   -64.72607
    -29.195        2   -64.95378
    -29.045        2   -65.18021
    -28.895        2   -65.40101
    -28.745        2   -65.61012
    -28.595        2   -65.81262
    -28.445        2   -66.00918
    -28.295        2   -66.19979
    -28.145        2   -66.39006
    -27.995        2   -66.57375
    -27.845        2   -66.74914
    -27.695        2   -66.92185
    -27.545        2   -67.09206
    -27.395        2   -67.25406
    -27.245        2   -67.41404
    -27.095        2   -67.56952
    -26.945        2   -67.72229
    -26.795        2   -67.86658
    -26.645        2   -68.01323
    -26.495        2   -68.15324
    -26.345        2   -68.28811
    -26.195        2   -68.42525
    -26.045        2   -68.55658
    -25.895        2   -68.68509
    -25.745        2   -68.81209
    -25.595        2   -68.93053
    -25.445        2   -69.05476
    -25.295        2   -69.17096
    -25.145        2   -69.28806
    -24.995        2   -69.40030
    -24.845        2   -69.50960
    -24.695        2   -69.61769
    -24.545        2   -69.72588
    -24.395        2   -69.83084
    -24.245        2   -69.93324
    -24.095        2   -70.03320
    -23.945        2   -70.13422
    -23.795        2   -70.23113
    -23.645        2   -70.32385
    -23.495        2   -70.41952
    -23.345        2   -70.51798
    -23.195        2   -70.60826
    -23.045        2   -70.70453
    -22.895        2   -70.80045
    -22.745        2   -70.89779
    -22.595        2   -70.98737
    -22.445        2   -71.07701
    -22.295        2   -71.16708
    -22.145        2   -71.26294
    -21.995        2   -71.35785
    -21.845        2   -71.45692
    -21.695        2   -71.54066
    -21.545        2   -71.63473
    -21.395        2   -71.73470
    -21.245        2   -71.82919
    -21.095        2   -71.92678
    -20.945        2   -72.02106
    -20.795        2   -72.11532
    -20.645        2   -72.21220
    -20.495        2   -72.30894
    -20.345        2   -72.40228
    -20.195        2   -72.49787
    -20.045        2   -72.59117
    -19.895        2   -72.69168
    -19.745        2   -72.78683
    -19.595        2   -72.88523
    -19.445        2   -72.98130
    -19.295        2   -73.07693
    -19.145        2   -73.17136
    -18.995        2   -73.26757
    -18.845        2   -73.36017
    -18.695        2   -73.45753
    -18.545        2   -73.55423
    -18.395        2   -73.64650
    -18.245        2   -73.74157
    -18.095        2   -73.83838
    -17.945        2   -73.93712
    -17.795        2   -74.03857
    -17.645        2   -74.13724
    -17.495        2   -74.23748
    -17.345        2   -74.33725
    -17.195        2   -74.43623
    -17.045        2   -74.53995
    -16.895        2   -74.64221
    -16.745        2   -74.74672
    -16.595        2   -74.84903
    -16.445        2   -74.95829
    -16.295        2   -75.06882
    -16.145        2   -75.18007
    -15.995        2   -75.29072
    -15.845        2   -75.40465
    -15.695        2   -75.52324
    -15.545        2   -75.64538
    -15.395        2   -75.76947
    -15.245        2   -75.89483
    -15.095        2   -76.02299
    -14.945        2   -76.15183
    -14.795        2   -76.28547
    -14.645        2   -76.41964
    -14.495        2   -76.55930
    -14.345        2   -76.69965
    -14.195        2   -76.84481
    -14.045        2   -76.99187
    -13.895        2   -77.13934
    -13.745        2   -77.28740
    -13.595        2   -77.44099
    -13.445        2   -77.59374
    -13.295        2   -77.75311
    -13.145        2   -77.91550
    -12.995        2   -78.08286
    -12.845        2   -78.25313
    -12.695        2   -78.42116
    -12.545        2   -78.59602
    -12.395        2   -78.77336
    -12.245        2   -78.95253
    -12.095        2   -79.13089
    -11.945        2   -79.31364
    -11.795        2   -79.50440
    -11.645        2   -79.69890
    -11.495        2   -79.89419
    -11.345        2   -80.09223
    -11.195        2   -80.29253
    -11.045        2   -80.49731
    -10.895        2   -80.70502
    -10.745        2   -80.91667
    -10.595        2   -81.13303
    -10.445        2   -81.35476
    -10.295        2   -81.57391
    -10.145        2   -81.80679
    -9.9950        2   -82.04001
    -9.8450        2   -82.27869
    -9.6950        2   -82.52633
    -9.5450        2   -82.77917
    -9.3950        2   -83.03518
    -9.2450        2   -83.29861
    -9.0950        2   -83.56762
    -8.9450        2   -83.84262
    -8.7950        2   -84.12453
    -8.6450        2   -84.41090
    -8.4950        2   -84.70362
    -8.3450        2   -85.00358
    -8.1950        2   -85.31257
    -8.0450        2   -85.62710
    -7.8950        2   -85.95021
    -7.7450        2   -86.27790
    -7.5950        2   -86.61433
    -7.4450        2   -86.95605
    -7.2950        2   -87.31146
    -7.1450        2   -87.67367
    -6.9950        2   -88.04700
    -6.8450        2   -88.42619
    -6.6950        2   -88.81294
    -6.5450        2   -89.20880
    -6.3950        2   -89.61525
    -6.2450        2   -90.02840
    -6.0950        2   -90.44857
    -5.9450        2   -90.88022
    -5.7950        2   -91.31699
    -5.6450        2   -91.76360
    -5.4950        2   -92.21879
    -5.3450        2   -92.68103
    -5.1950        2   -93.15173
    -5.0450        2   -93.63312
    -4.8950        2   -94.12434
    -4.7450        2   -94.62468
    -4.5950        2   -95.13761
    -4.4450        2   -95.66494
    -4.2950        2   -96.20891
    -4.1450        2   -96.76890
    -3.9950        2   -97.34445
    -3.8450        2   -97.94569
    -3.6950        2   -98.56884
    -3.5450        2   -99.21930
    -3.3950        2   -99.90054
    -3.2450        2  -100.61052
    -3.0950        2  -101.35569
    -2.9450        2  -102.13947
    -2.7950        2  -102.96607
    -2.6450        2  -103.84134
    -2.4950        2  -104.76834
    -2.3450        2  -105.75220
    -2.1950        2  -106.79931
    -2.0450        2  -107.92864
    -1.8950        2  -109.15792
    -1.7450        2  -110.51493
    -1.5950        2  -111.99689
    -1.4450        2  -113.61577
    -1.2950        2  -115.40613
    -1.1450        2  -117.39902
   -0.99500        2  -119.64694
   -0.84500        2  -122.21865
   -0.69500        2  -125.22826
   -0.54500        2  -128.78658
   -0.39500        2  -133.18760
   -0.25300        2  -136.42251
   -0.21500        2  -136.62639
   -0.20900        2  -136.83077
   -0.20300        2  -137.03530
   -0.19700        2  -137.24000
   -0.19100        2  -137.44426
   -0.18500        2  -137.64833
   -0.17900        2  -137.85224
   -0.17300        2  -138.05587
   -0.16700        2  -138.25847
   -0.16100        2  -138.46026
   -0.15500        2  -138.66121
   -0.14900        2  -138.86099
   -0.14300        2  -139.05929
   -0.13700        2  -139.25615
   -0.13100        2  -139.45106
   -0.12500        2  -139.64440
   -0.11900        2  -139.83532
   -0.11300        2  -140.02344
   -0.10700        2  -140.20864
   -0.10100        2  -140.39088
   -0.95000E-01    2  -140.57045
   -0.89000E-01    2  -140.74856
   -0.83000E-01    2  -140.92074
   -0.77000E-01    2  -141.08456
   -0.71000E-01    2  -141.23920
   -0.65000E-01    2  -141.38467
   -0.59000E-01    2  -141.52030
   -0.53000E-01    2  -141.64543
   -0.47000E-01    2  -141.75997
   -0.41000E-01    2  -141.86292
   -0.35000E-01    2  -141.95354
   -0.29000E-01    2  -142.03117
   -0.23000E-01    2  -142.09476
   -0.19700E-01    2  -142.10030
   -0.19100E-01    2  -142.10570
   -0.18500E-01    2  -142.11094
   -0.17900E-01    2  -142.11603
   -0.17300E-01    2  -142.12096
   -0.16700E-01    2  -142.12574
   -0.16100E-01    2  -142.13037
   -0.15500E-01    2  -142.13484
   -0.14900E-01    2  -142.13916
   -0.14300E-01    2  -142.14330
   -0.13700E-01    2  -142.14729
   -0.13100E-01    2  -142.15112
   -0.12500E-01    2  -142.15479
   -0.11900E-01    2  -142.15830
   -0.11300E-01    2  -142.16163
   -0.10700E-01    2  -142.16479
   -0.10100E-01    2  -142.16779
   -0.95000E-02    2  -142.17064
   -0.89000E-02    2  -142.17330
   -0.83000E-02    2  -142.17581
   -0.77000E-02    2  -142.17813
   -0.71000E-02    2  -142.18029
   -0.65000E-02    2  -142.18226
   -0.59000E-02    2  -142.18406
   -0.53000E-02    2  -142.18568
   -0.47000E-02    2  -142.18713
   -0.41000E-02    2  -142.18839
   -0.35000E-02    2  -142.18948
   -0.29000E-02    2  -142.19038
   -0.23000E-02    2  -142.19110
   -0.17000E-02    2  -142.19164
   -0.11000E-02    2  -142.19199
   -0.50000E-03    2  -142.19215
    0.10000E-03    2  -142.19212
    0.70000E-03    2  -142.19190
    0.13000E-02    2  -142.19150
    0.19000E-02    2  -142.19090
    0.25000E-02    2  -142.19010
    0.31000E-02    2  -142.18911
    0.37000E-02    2  -142.18792
    0.43000E-02    2  -142.18653
    0.49000E-02    2  -142.18495
    0.55000E-02    2  -142.18316
    0.61000E-02    2  -142.18116
    0.67000E-02    2  -142.17897
    0.73000E-02    2  -142.17656
    0.79000E-02    2  -142.17396
    0.85000E-02    2  -142.17114
    0.91000E-02    2  -142.16812
    0.97000E-02    2  -142.16488
    0.10300E-01    2  -142.16143
    0.10900E-01    2  -142.15776
    0.11500E-01    2  -142.15388
    0.12100E-01    2  -142.14976
    0.12700E-01    2  -142.14545
    0.13300E-01    2  -142.14090
    0.13900E-01    2  -142.13613
    0.14500E-01    2  -142.13114
    0.15100E-01    2  -142.12591
    0.15700E-01    2  -142.12047
    0.16300E-01    2  -142.11480
    0.16900E-01    2  -142.10889
    0.17500E-01    2  -142.10277
    0.18100E-01    2  -142.09642
    0.18700E-01    2  -142.08981
    0.19300E-01    2  -142.08297
    0.20200E-01    2  -142.05403
    0.25000E-01    2  -141.96203
    0.31000E-01    2  -141.84323
    0.37000E-01    2  -141.69559
    0.43000E-01    2  -141.51657
    0.49000E-01    2  -141.30345
    0.55000E-01    2  -141.05364
    0.61000E-01    2  -140.76375
    0.67000E-01    2  -140.42955
    0.73000E-01    2  -140.04720
    0.79000E-01    2  -139.61298
    0.85000E-01    2  -139.12171
    0.91000E-01    2  -138.56832
    0.97000E-01    2  -137.94712
    0.10300        2  -137.25127
    0.10900        2  -136.47214
    0.11500        2  -135.60124
    0.12100        2  -134.62769
    0.12700        2  -133.53456
    0.13300        2  -132.30294
    0.13900        2  -130.89861
    0.14500        2  -129.20525
    0.15100        2  -127.35778
    0.15700        2  -125.40375
    0.16300        2  -123.31253
    0.16900        2  -121.10867
    0.17500        2  -118.74001
    0.18100        2  -116.24448
    0.18700        2  -113.64367
    0.19300        2  -110.94104
    0.19900        2  -108.14469
    0.20500        2  -105.26821
    0.21100        2  -102.31940
    0.21700        2   -99.30538
    0.29500        2   -35.98405
    0.44500        2    -7.66410
    0.59500        2     8.16026
    0.74500        2    19.00371
    0.89500        2    27.10013
     1.0450        2    33.50131
     1.1950        2    38.74413
     1.3450        2    43.17828
     1.4950        2    47.01623
     1.6450        2    50.38666
     1.7950        2    53.39385
     1.9450        2    56.08645
     2.0950        2    58.50128
     2.2450        2    60.66093
     2.3950        2    62.56778
     2.5450        2    64.27146
     2.6950        2    65.80825
     2.8450        2    67.20245
     2.9950        2    68.47308
     3.1450        2    69.63809
     3.2950        2    70.71473
     3.4450        2    71.71106
     3.5950        2    72.63728
     3.7450        2    73.49779
     3.8950        2    74.29764
     4.0450        2    75.04798
     4.1950        2    75.74545
     4.3450        2    76.39692
     4.4950        2    77.00462
     4.6450        2    77.56939
     4.7950        2    78.10184
     4.9450        2    78.58732
     5.0950        2    79.04082
     5.2450        2    79.46018
     5.3950        2    79.83796
     5.5450        2    80.18247
     5.6950        2    80.49705
     5.8450        2    80.78247
     5.9950        2    81.03640
     6.1450        2    81.26520
     6.2950        2    81.46875
     6.4450        2    81.65069
     6.5950        2    81.81147
     6.7450        2    81.94319
     6.8950        2    82.06873
     7.0450        2    82.16887
     7.1950        2    82.24488
     7.3450        2    82.30233
     7.4950        2    82.35319
     7.6450        2    82.40059
     7.7950        2    82.43697
     7.9450        2    82.46906
     8.0950        2    82.49367
     8.2450        2    82.51706
     8.3950        2    82.54075
     8.5450        2    82.55686
     8.6950        2    82.57382
     8.8450        2    82.59076
     8.9950        2    82.60614
     9.1450        2    82.61942
     9.2950        2    82.63154
     9.4450        2    82.64423
     9.5950        2    82.65718
     9.7450        2    82.66907
     9.8950        2    82.67976
     10.045        2    82.69069
     10.195        2    82.70173
     10.345        2    82.71290
     10.495        2    82.72277
     10.645        2    82.73173
     10.795        2    82.74117
     10.945        2    82.74867
     11.095        2    82.75654
     11.245        2    82.76506
     11.395        2    82.77397
     11.545        2    82.78240
     11.695        2    82.78964
     11.845        2    82.79736
     11.995        2    82.80461
     12.145        2    82.81228
     12.295        2    82.81809
     12.445        2    82.82640
     12.595        2    82.83285
     12.745        2    82.83980
     12.895        2    82.84684
     13.045        2    82.85267
     13.195        2    82.85800
     13.345        2    82.86466
     13.495        2    82.87132
     13.645        2    82.87609
     13.795        2    82.88079
     13.945        2    82.88689
     14.095        2    82.89252
     14.245        2    82.89729
     14.395        2    82.90224
     14.545        2    82.90734
     14.695        2    82.91318
     14.845        2    82.91797
     14.995        2    82.92345
     15.145        2    82.92835
     15.295        2    82.93286
     15.445        2    82.93606
     15.595        2    82.94100
     15.745        2    82.94620
     15.895        2    82.94983
     16.045        2    82.95381
     16.195        2    82.95881
     16.345        2    82.96314
     16.495        2    82.96752
     16.645        2    82.97042
     16.795        2    82.97355
     16.945        2    82.97719
     17.095        2    82.98158
     17.245        2    82.98523
     17.395        2    82.98956
     17.545        2    82.99276
     17.695        2    82.99643
     17.845        2    82.99980
     17.995        2    83.00280
     18.145        2    83.00594
     18.295        2    83.00928
     18.445        2    83.01241
     18.595        2    83.01491
     18.745        2    83.01862
     18.895        2    83.02134
     19.045        2    83.02581
     19.195        2    83.02815
     19.345        2    83.03155
     19.495        2    83.03498
     19.645        2    83.03853
     19.795        2    83.04249
     19.945        2    83.04562
     20.095        2    83.04835
     21.836        2    83.14493
     30.068        2    83.27316
     42.097        2    83.38516
     58.937        2    83.49423
     82.515        2    83.59718
     115.53        2    83.68978
     161.74        2    83.78501
     226.45        2    83.87155
     317.04        2    83.95605
     443.87        2    84.04030
     621.44        2    84.12609
     870.05        2    84.20541
     1218.1        2    84.27511
     1705.4        2    84.34348
     2387.7        2    84.41606
     3342.9        2    84.47972
     4680.2        2    84.54563
     6552.5        2    84.61247
     9173.8        2    84.66718
     12844.        2    84.72344
     17982.        2    84.77860
     25176.        2    84.81987
     35247.        2    84.86438
     49348.        2    84.90283
     69090.        2    84.93892
     96729.        2    84.96999
    0.13543E+06    2    84.99619
    0.18960E+06    2    85.03171
    0.26545E+06    2    85.05919
    0.37165E+06    2    85.08283
    0.52033E+06    2    85.10562
    0.72849E+06    2    85.12619
    0.10199E+07    2    85.14197
    0.14279E+07    2    85.15515
    0.19992E+07    2    85.16935
    0.27990E+07    2    85.18523
    0.39187E+07    2    85.19917
    0.54864E+07    2    85.20675
    0.76812E+07    2    85.21652
    0.10754E+08    2    85.22383
    0.15056E+08    2    85.23321
    0.21080E+08    2    85.23856
    0.29513E+08    2    85.24257
    0.41319E+08    2    85.25140
    0.57849E+08    2    85.25640
    0.80991E+08    2    85.26186
    0.11339E+09    2    85.26608
    0.15875E+09    2    85.26920
    0.22226E+09    2    85.27171
    0.31118E+09    2    85.27391
    0.43567E+09    2    85.27581
    0.60996E+09    2    85.27909
    0.85398E+09    2    85.28102
    0.11956E+10    2    85.28250
    0.16739E+10    2    85.28294
    0.23436E+10    2    85.28543
    0.32811E+10    2    85.28668
    0.45937E+10    2    85.28695
    0.64315E+10    2    85.28762
    0.90044E+10    2    85.28838
    0.12607E+11    2    85.28874
    0.17650E+11    2    85.28902
    0.24711E+11    2    85.28845
    0.34596E+11    2    85.28857
    0.48437E+11    2    85.28878
    0.67814E+11    2    85.28888
    0.10000E+12    2    85.30181
    -29.945        3     0.00000
    -29.795        3     0.00000
    -29.645        3     0.00000
    -29.495        3     0.00000
    -29.345        3     0.00000
    -29.195        3     0.00000
    -29.045        3     0.00000
    -28.895        3     0.00000
    -28.745        3     0.00000
    -28.595        3     0.00000
    -28.445        3     0.00000
    -28.295        3     0.00000
    -28.145        3     0.00000
    -27.995        3     0.00000
    -27.845        3     0.00000
    -27.695        3     0.00000
    -27.545        3     0.00000
    -27.395        3     0.00000
    -27.245        3     0.00000
    -27.095        3     0.00000
    -26.945        3     0.00000
    -26.795        3     0.00000
    -26.645        3     0.00000
    -26.495        3     0.00000
    -26.345        3     0.00000
    -26.195        3     0.00000
    -26.045        3     0.00000
    -25.895        3     0.00000
    -25.745        3     0.00000
    -25.595        3     0.00000
    -25.445        3     0.00000
    -25.295        3     0.00000
    -25.145        3     0.00000
    -24.995        3     0.00000
    -24.845        3     0.00000
    -24.695        3     0.00000
    -24.545        3     0.00000
    -24.395        3     0.00000
    -24.245        3     0.00000
    -24.095        3     0.00000
    -23.945        3     0.00000
    -23.795        3     0.00000
    -23.645        3     0.00000
    -23.495        3     0.00000
    -23.345        3     0.00000
    -23.195        3     0.00000
    -23.045        3     0.00000
    -22.895        3     0.00000
    -22.745        3     0.00000
    -22.595        3     0.00000
    -22.445        3     0.00000
    -22.295        3     0.00000
    -22.145        3     0.00000
    -21.995        3     0.00000
    -21.845        3     0.00000
    -21.695        3     0.00000
    -21.545        3     0.00000
    -21.395        3     0.00000
    -21.245        3     0.00000
    -21.095        3     0.00000
    -20.945        3     0.00000
    -20.795        3     0.00000
    -20.645        3     0.00000
    -20.495        3     0.00000
    -20.345        3     0.00000
    -20.195        3     0.00000
    -20.045        3     0.00000
    -19.895        3     0.00000
    -19.745        3     0.00000
    -19.595        3     0.00000
    -19.445        3     0.00000
    -19.295        3     0.00000
    -19.145        3     0.00000
    -18.995        3     0.00000
    -18.845        3     0.00000
    -18.695        3     0.00000
    -18.545        3     0.00000
    -18.395        3     0.00000
    -18.245        3     0.00000
    -18.095        3     0.00000
    -17.945        3     0.00000
    -17.795        3     0.00000
    -17.645        3     0.00000
    -17.495        3     0.00000
    -17.345        3     0.00000
    -17.195        3     0.00000
    -17.045        3     0.00000
    -16.895        3     0.00000
    -16.745        3     0.00000
    -16.595        3     0.00000
    -16.445        3     0.00000
    -16.295        3    -0.00002
    -16.145        3    -0.00039
    -15.995        3    -0.00763
    -15.845        3    -0.03905
    -15.695        3    -0.10495
    -15.545        3    -0.22081
    -15.395        3    -0.39151
    -15.245        3    -0.60224
    -15.095        3    -0.84703
    -14.945        3    -1.11020
    -14.795        3    -1.38922
    -14.645        3    -1.67115
    -14.495        3    -1.95782
    -14.345        3    -2.26411
    -14.195        3    -2.60308
    -14.045        3    -2.98414
    -13.895        3    -3.41630
    -13.745        3    -3.90102
    -13.595        3    -4.43441
    -13.445        3    -5.00949
    -13.295        3    -5.60696
    -13.145        3    -6.23206
    -12.995        3    -6.87961
    -12.845        3    -7.54876
    -12.695        3    -8.23842
    -12.545        3    -8.94081
    -12.395        3    -9.65097
    -12.245        3   -10.36637
    -12.095        3   -11.08319
    -11.945        3   -11.80856
    -11.795        3   -12.53935
    -11.645        3   -13.27751
    -11.495        3   -14.03518
    -11.345        3   -14.82538
    -11.195        3   -15.66036
    -11.045        3   -16.51992
    -10.895        3   -17.41708
    -10.745        3   -18.34442
    -10.595        3   -19.28338
    -10.445        3   -20.23115
    -10.295        3   -21.17985
    -10.145        3   -22.12214
    -9.9950        3   -23.06240
    -9.8450        3   -24.00934
    -9.6950        3   -24.96812
    -9.5450        3   -25.93367
    -9.3950        3   -26.92037
    -9.2450        3   -27.95065
    -9.0950        3   -29.03823
    -8.9450        3   -30.19457
    -8.7950        3   -31.42896
    -8.6450        3   -32.75650
    -8.4950        3   -34.18500
    -8.3450        3   -35.71289
    -8.1950        3   -37.33567
    -8.0450        3   -39.04970
    -7.8950        3   -40.85472
    -7.7450        3   -42.74278
    -7.5950        3   -44.71276
    -7.4450        3   -46.76456
    -7.2950        3   -48.88906
    -7.1450        3   -51.06721
    -6.9950        3   -53.30928
    -6.8450        3   -55.60674
    -6.6950        3   -57.95486
    -6.5450        3   -60.36487
    -6.3950        3   -62.81797
    -6.2450        3   -65.31165
    -6.0950        3   -67.82867
    -5.9450        3   -70.36158
    -5.7950        3   -72.91076
    -5.6450        3   -75.46262
    -5.4950        3   -78.00993
    -5.3450        3   -80.53568
    -5.1950        3   -83.03820
    -5.0450        3   -85.49463
    -4.8950        3   -87.91355
    -4.7450        3   -90.27983
    -4.5950        3   -92.61109
    -4.4450        3   -94.91094
    -4.2950        3   -97.19267
    -4.1450        3   -99.47110
    -3.9950        3  -101.75061
    -3.8450        3  -104.04160
    -3.6950        3  -106.35255
    -3.5450        3  -108.69973
    -3.3950        3  -111.09565
    -3.2450        3  -113.56160
    -3.0950        3  -116.12751
    -2.9450        3  -118.81699
    -2.7950        3  -121.67554
    -2.6450        3  -124.72978
    -2.4950        3  -128.03282
    -2.3450        3  -131.63873
    -2.1950        3  -135.65200
    -2.0450        3  -140.13614
    -1.8950        3  -145.20198
    -1.7450        3  -151.00236
    -1.5950        3  -157.67595
    -1.4450        3  -165.28911
    -1.2950        3  -173.79686
    -1.1450        3  -183.08976
   -0.99500        3  -193.03564
   -0.84500        3  -203.49431
   -0.69500        3  -214.40669
   -0.54500        3  -225.93077
   -0.39500        3  -238.81525
   -0.25300        3  -248.57564
   -0.21500        3  -249.24389
   -0.20900        3  -249.92239
   -0.20300        3  -250.61244
   -0.19700        3  -251.31375
   -0.19100        3  -252.02713
   -0.18500        3  -252.75347
   -0.17900        3  -253.49353
   -0.17300        3  -254.24814
   -0.16700        3  -255.01811
   -0.16100        3  -255.80476
   -0.15500        3  -256.60871
   -0.14900        3  -257.43088
   -0.14300        3  -258.27318
   -0.13700        3  -259.13772
   -0.13100        3  -260.02562
   -0.12500        3  -260.93844
   -0.11900        3  -261.87917
   -0.11300        3  -262.84980
   -0.10700        3  -263.85465
   -0.10100        3  -264.89780
   -0.95000E-01    3  -265.98264
   -0.89000E-01    3  -267.11421
   -0.83000E-01    3  -268.29807
   -0.77000E-01    3  -269.54157
   -0.71000E-01    3  -270.85433
   -0.65000E-01    3  -272.24838
   -0.59000E-01    3  -273.73997
   -0.53000E-01    3  -275.34949
   -0.47000E-01    3  -277.10695
   -0.41000E-01    3  -279.05717
   -0.35000E-01    3  -281.26653
   -0.29000E-01    3  -283.83979
   -0.23000E-01    3  -286.97800
   -0.19700E-01    3  -287.33157
   -0.19100E-01    3  -287.69528
   -0.18500E-01    3  -288.06984
   -0.17900E-01    3  -288.45642
   -0.17300E-01    3  -288.85583
   -0.16700E-01    3  -289.26954
   -0.16100E-01    3  -289.69858
   -0.15500E-01    3  -290.14421
   -0.14900E-01    3  -290.60756
   -0.14300E-01    3  -291.08914
   -0.13700E-01    3  -291.59016
   -0.13100E-01    3  -292.11125
   -0.12500E-01    3  -292.65316
   -0.11900E-01    3  -293.21701
   -0.11300E-01    3  -293.80373
   -0.10700E-01    3  -294.41585
   -0.10100E-01    3  -295.05456
   -0.95000E-02    3  -295.72057
   -0.89000E-02    3  -296.41419
   -0.83000E-02    3  -297.13595
   -0.77000E-02    3  -297.88613
   -0.71000E-02    3  -298.66582
   -0.65000E-02    3  -299.47658
   -0.59000E-02    3  -300.32097
   -0.53000E-02    3  -301.19475
   -0.47000E-02    3  -302.09100
   -0.41000E-02    3  -303.00290
   -0.35000E-02    3  -303.92218
   -0.29000E-02    3  -304.81584
   -0.23000E-02    3  -305.63335
   -0.17000E-02    3  -306.31277
   -0.11000E-02    3  -306.78678
   -0.50000E-03    3  -307.01162
    0.10000E-03    3  -306.96609
    0.70000E-03    3  -306.65484
    0.13000E-02    3  -306.10624
    0.19000E-02    3  -305.37302
    0.25000E-02    3  -304.52413
    0.31000E-02    3  -303.61683
    0.37000E-02    3  -302.69818
    0.43000E-02    3  -301.79125
    0.49000E-02    3  -300.90217
    0.55000E-02    3  -300.03798
    0.61000E-02    3  -299.20544
    0.67000E-02    3  -298.40623
    0.73000E-02    3  -297.63724
    0.79000E-02    3  -296.89735
    0.85000E-02    3  -296.18596
    0.91000E-02    3  -295.50255
    0.97000E-02    3  -294.84657
    0.10300E-01    3  -294.21778
    0.10900E-01    3  -293.61537
    0.11500E-01    3  -293.03735
    0.12100E-01    3  -292.48219
    0.12700E-01    3  -291.94852
    0.13300E-01    3  -291.43561
    0.13900E-01    3  -290.94261
    0.14500E-01    3  -290.46866
    0.15100E-01    3  -290.01301
    0.15700E-01    3  -289.57457
    0.16300E-01    3  -289.15247
    0.16900E-01    3  -288.74532
    0.17500E-01    3  -288.35218
    0.18100E-01    3  -287.97180
    0.18700E-01    3  -287.60305
    0.19300E-01    3  -287.24491
    0.20200E-01    3  -285.94125
    0.25000E-01    3  -283.05410
    0.31000E-01    3  -280.66266
    0.37000E-01    3  -278.61194
    0.43000E-01    3  -276.81028
    0.49000E-01    3  -275.20124
    0.55000E-01    3  -273.74438
    0.61000E-01    3  -272.41291
    0.67000E-01    3  -271.18634
    0.73000E-01    3  -270.05127
    0.79000E-01    3  -268.99580
    0.85000E-01    3  -268.01049
    0.91000E-01    3  -267.08695
    0.97000E-01    3  -266.21897
    0.10300        3  -265.39847
    0.10900        3  -264.62088
    0.11500        3  -263.88123
    0.12100        3  -263.17614
    0.12700        3  -262.50283
    0.13300        3  -261.85843
    0.13900        3  -261.24015
    0.14500        3  -260.64537
    0.15100        3  -260.07267
    0.15700        3  -259.52078
    0.16300        3  -258.98758
    0.16900        3  -258.47289
    0.17500        3  -257.97418
    0.18100        3  -257.49154
    0.18700        3  -257.02327
    0.19300        3  -256.56890
    0.19900        3  -256.12705
    0.20500        3  -255.69827
    0.21100        3  -255.28107
    0.21700        3  -254.87493
    0.29500        3  -246.91321
    0.44500        3  -241.89070
    0.59500        3  -238.11971
    0.74500        3  -234.97563
    0.89500        3  -232.19133
     1.0450        3  -229.65018
     1.1950        3  -227.28604
     1.3450        3  -225.05302
     1.4950        3  -222.92291
     1.6450        3  -220.87119
     1.7950        3  -218.88553
     1.9450        3  -216.95408
     2.0950        3  -215.07166
     2.2450        3  -213.23808
     2.3950        3  -211.44460
     2.5450        3  -209.68639
     2.6950        3  -207.95617
     2.8450        3  -206.25142
     2.9950        3  -204.57601
     3.1450        3  -202.91876
     3.2950        3  -201.29043
     3.4450        3  -199.68890
     3.5950        3  -198.11742
     3.7450        3  -196.57770
     3.8950        3  -195.07710
     4.0450        3  -193.62122
     4.1950        3  -192.21695
     4.3450        3  -190.87022
     4.4950        3  -189.57694
     4.6450        3  -188.34866
     4.7950        3  -187.18063
     4.9450        3  -186.08415
     5.0950        3  -185.05629
     5.2450        3  -184.10111
     5.3950        3  -183.21762
     5.5450        3  -182.39004
     5.6950        3  -181.63303
     5.8450        3  -180.92618
     5.9950        3  -180.27919
     6.1450        3  -179.68557
     6.2950        3  -179.13269
     6.4450        3  -178.62508
     6.5950        3  -178.15121
     6.7450        3  -177.71543
     6.8950        3  -177.30651
     7.0450        3  -176.92139
     7.1950        3  -176.55923
     7.3450        3  -176.21569
     7.4950        3  -175.88752
     7.6450        3  -175.57181
     7.7950        3  -175.27313
     7.9450        3  -174.98127
     8.0950        3  -174.70137
     8.2450        3  -174.42733
     8.3950        3  -174.16204
     8.5450        3  -173.90160
     8.6950        3  -173.64706
     8.8450        3  -173.39609
     8.9950        3  -173.15308
     9.1450        3  -172.91305
     9.2950        3  -172.68062
     9.4450        3  -172.44897
     9.5950        3  -172.22072
     9.7450        3  -171.99574
     9.8950        3  -171.77687
     10.045        3  -171.56103
     10.195        3  -171.34599
     10.345        3  -171.13531
     10.495        3  -170.92738
     10.645        3  -170.72060
     10.795        3  -170.51896
     10.945        3  -170.32049
     11.095        3  -170.12371
     11.245        3  -169.92804
     11.395        3  -169.73688
     11.545        3  -169.54869
     11.695        3  -169.36287
     11.845        3  -169.17713
     11.995        3  -168.99917
     12.145        3  -168.81867
     12.295        3  -168.63985
     12.445        3  -168.46294
     12.595        3  -168.29029
     12.745        3  -168.11726
     12.895        3  -167.94722
     13.045        3  -167.77956
     13.195        3  -167.61439
     13.345        3  -167.45080
     13.495        3  -167.28795
     13.645        3  -167.12681
     13.795        3  -166.96927
     13.945        3  -166.81262
     14.095        3  -166.65795
     14.245        3  -166.50421
     14.395        3  -166.35189
     14.545        3  -166.20255
     14.695        3  -166.05292
     14.845        3  -165.90646
     14.995        3  -165.75888
     15.145        3  -165.61555
     15.295        3  -165.47298
     15.445        3  -165.32972
     15.595        3  -165.18861
     15.745        3  -165.04947
     15.895        3  -164.91113
     16.045        3  -164.77408
     16.195        3  -164.63923
     16.345        3  -164.50595
     16.495        3  -164.37263
     16.645        3  -164.24029
     16.795        3  -164.10896
     16.945        3  -163.97848
     17.095        3  -163.85056
     17.245        3  -163.72156
     17.395        3  -163.59506
     17.545        3  -163.47025
     17.695        3  -163.34535
     17.845        3  -163.22282
     17.995        3  -163.10050
     18.145        3  -162.97841
     18.295        3  -162.85619
     18.445        3  -162.73642
     18.595        3  -162.61763
     18.745        3  -162.50030
     18.895        3  -162.38360
     19.045        3  -162.26810
     19.195        3  -162.15237
     19.345        3  -162.03730
     19.495        3  -161.92428
     19.645        3  -161.81001
     19.795        3  -161.69880
     19.945        3  -161.58810
     20.095        3  -161.47782
     21.836        3  -158.14309
     30.068        3  -153.18341
     42.097        3  -148.24955
     58.937        3  -143.35059
     82.515        3  -138.52902
     115.53        3  -133.77722
     161.74        3  -129.10702
     226.45        3  -124.52442
     317.04        3  -120.02855
     443.87        3  -115.62729
     621.44        3  -111.32715
     870.05        3  -107.12329
     1218.1        3  -103.02157
     1705.4        3   -99.01056
     2387.7        3   -95.11033
     3342.9        3   -91.30599
     4680.2        3   -87.61029
     6552.5        3   -84.01923
     9173.8        3   -80.52922
     12844.        3   -77.14332
     17982.        3   -73.87636
     25176.        3   -70.71711
     35247.        3   -67.66927
     49348.        3   -64.74311
     69090.        3   -61.94045
     96729.        3   -59.25859
    0.13543E+06    3   -56.69817
    0.18960E+06    3   -54.26211
    0.26545E+06    3   -51.94024
    0.37165E+06    3   -49.72541
    0.52033E+06    3   -47.62111
    0.72849E+06    3   -45.61544
    0.10199E+07    3   -43.70748
    0.14279E+07    3   -41.89098
    0.19992E+07    3   -40.16519
    0.27990E+07    3   -38.52278
    0.39187E+07    3   -36.96358
    0.54864E+07    3   -35.47835
    0.76812E+07    3   -34.06805
    0.10754E+08    3   -32.72844
    0.15056E+08    3   -31.45062
    0.21080E+08    3   -30.23878
    0.29513E+08    3   -29.08938
    0.41319E+08    3   -28.00633
    0.57849E+08    3   -26.99574
    0.80991E+08    3   -26.06022
    0.11339E+09    3   -25.19198
    0.15875E+09    3   -24.38149
    0.22226E+09    3   -23.62577
    0.31118E+09    3   -22.91618
    0.43567E+09    3   -22.25660
    0.60996E+09    3   -21.65095
    0.85398E+09    3   -21.10402
    0.11956E+10    3   -20.60451
    0.16739E+10    3   -20.14457
    0.23436E+10    3   -19.72257
    0.32811E+10    3   -19.33559
    0.45937E+10    3   -18.98020
    0.64315E+10    3   -18.65226
    0.90044E+10    3   -18.35196
    0.12607E+11    3   -18.07554
    0.17650E+11    3   -17.82060
    0.24711E+11    3   -17.58710
    0.34596E+11    3   -17.37154
    0.48437E+11    3   -17.17339
    0.67814E+11    3   -16.99131
    0.10000E+12    3   -14.91353
