    -159.95         0.00000
    -159.79         0.00000
    -159.65         0.00000
    -159.49         0.00000
    -159.34         0.00000
    -159.20         0.00000
    -159.04         0.00000
    -158.90         0.00000
    -158.74         0.00000
    -158.59         0.00000
    -158.45         0.00000
    -158.29         0.00000
    -158.15         0.00000
    -157.99         0.00000
    -157.84         0.00000
    -157.70         0.00000
    -157.54         0.00000
    -157.40         0.00000
    -157.24         0.00000
    -157.09         0.00000
    -156.95         0.00000
    -156.79         0.00000
    -156.65         0.00000
    -156.49         0.00000
    -156.34         0.00000
    -156.20         0.00000
    -156.04         0.00000
    -155.90         0.00000
    -155.74         0.00000
    -155.59         0.00000
    -155.45         0.00000
    -155.29         0.00000
    -155.15         0.00000
    -154.99         0.00000
    -154.84         0.00000
    -154.70         0.00000
    -154.54         0.00000
    -154.40         0.00000
    -154.24         0.00000
    -154.09         0.00000
    -153.95         0.00000
    -153.79         0.00000
    -153.65         0.00000
    -153.49         0.00000
    -153.34         0.00000
    -153.20         0.00000
    -153.04         0.00000
    -152.90         0.00000
    -152.74         0.00000
    -152.59         0.00000
    -152.45         0.00000
    -152.29         0.00000
    -152.15         0.00000
    -151.99         0.00000
    -151.84         0.00000
    -151.70         0.00000
    -151.54         0.00000
    -151.40         0.00000
    -151.24         0.00000
    -151.09         0.00000
    -150.95         0.00000
    -150.79         0.00000
    -150.65         0.00000
    -150.49         0.00000
    -150.34         0.00000
    -150.20         0.00000
    -150.04         0.00000
    -149.90         0.00000
    -149.74         0.00000
    -149.59         0.00000
    -149.45         0.00000
    -149.29         0.00000
    -149.15         0.00000
    -148.99         0.00000
    -148.84         0.00000
    -148.70         0.00000
    -148.54         0.00000
    -148.40         0.00000
    -148.24         0.00000
    -148.09         0.00000
    -147.95         0.00000
    -147.79         0.00000
    -147.65         0.00000
    -147.49         0.00000
    -147.34         0.00000
    -147.20         0.00000
    -147.04         0.00000
    -146.90         0.00000
    -146.74         0.00000
    -146.59         0.00000
    -146.45         0.00000
    -146.29         0.00000
    -146.15         0.00000
    -145.99         0.00000
    -145.84         0.00000
    -145.70         0.00000
    -145.54         0.00000
    -145.40         0.00000
    -145.24         0.00000
    -145.09         0.00000
    -144.95         0.00000
    -144.79         0.00000
    -144.65         0.00000
    -144.49         0.00000
    -144.34         0.00000
    -144.20         0.00000
    -144.04         0.00000
    -143.90         0.00000
    -143.74         0.00000
    -143.59         0.00000
    -143.45         0.00000
    -143.29         0.00000
    -143.15         0.00000
    -142.99         0.00000
    -142.84         0.00000
    -142.70         0.00000
    -142.54         0.00000
    -142.40         0.00000
    -142.24         0.00000
    -142.09         0.00000
    -141.95         0.00000
    -141.79         0.00000
    -141.65         0.00000
    -141.49         0.00000
    -141.34         0.00000
    -141.20         0.00000
    -141.04         0.00000
    -140.90         0.00000
    -140.74         0.00000
    -140.59         0.00000
    -140.45         0.00000
    -140.29         0.00000
    -140.15         0.00000
    -139.99         0.00000
    -139.84         0.00000
    -139.70         0.00000
    -139.54         0.00000
    -139.40         0.00000
    -139.24         0.00000
    -139.09         0.00000
    -138.95         0.00000
    -138.79         0.00000
    -138.65         0.00000
    -138.49         0.00000
    -138.34         0.00000
    -138.20         0.00000
    -138.04         0.00000
    -137.90         0.00000
    -137.74         0.00000
    -137.59         0.00000
    -137.45         0.00000
    -137.29         0.00000
    -137.15         0.00000
    -136.99         0.00000
    -136.84         0.00000
    -136.70         0.00000
    -136.54         0.00000
    -136.40         0.00000
    -136.24         0.00000
    -136.09         0.00000
    -135.95         0.00000
    -135.79         0.00000
    -135.65         0.00000
    -135.49         0.00000
    -135.34         0.00000
    -135.20         0.00000
    -135.04         0.00000
    -134.90         0.00000
    -134.74         0.00000
    -134.59         0.00000
    -134.45         0.00000
    -134.29         0.00000
    -134.15         0.00000
    -133.99         0.00000
    -133.84         0.00000
    -133.70         0.00000
    -133.54         0.00000
    -133.40         0.00000
    -133.24         0.00000
    -133.09         0.00000
    -132.95         0.00000
    -132.79         0.00000
    -132.65         0.00000
    -132.49         0.00000
    -132.34         0.00000
    -132.20         0.00000
    -132.04         0.00000
    -131.90         0.00000
    -131.74         0.00000
    -131.59         0.00000
    -131.45         0.00000
    -131.29         0.00000
    -131.15         0.00000
    -130.99         0.00000
    -130.84         0.00000
    -130.70         0.00000
    -130.54         0.00000
    -130.40         0.00000
    -130.24         0.00000
    -130.09         0.00000
    -129.95         0.00000
    -129.79         0.00000
    -129.65         0.00000
    -129.49         0.00000
    -129.34         0.00000
    -129.20         0.00000
    -129.04         0.00000
    -128.90         0.00000
    -128.74         0.00000
    -128.59         0.00000
    -128.45         0.00000
    -128.29         0.00000
    -128.15         0.00000
    -127.99         0.00000
    -127.85         0.00000
    -127.69         0.00000
    -127.55         0.00000
    -127.39         0.00000
    -127.25         0.00000
    -127.10         0.00000
    -126.94         0.00000
    -126.80         0.00000
    -126.64         0.00000
    -126.50         0.00000
    -126.35         0.00000
    -126.19         0.00000
    -126.05         0.00000
    -125.89         0.00000
    -125.75         0.00000
    -125.60         0.00000
    -125.44         0.00000
    -125.30         0.00000
    -125.14         0.00000
    -125.00         0.00000
    -124.85         0.00000
    -124.69         0.00000
    -124.55         0.00000
    -124.39         0.00000
    -124.25         0.00000
    -124.10         0.00000
    -123.94         0.00000
    -123.80         0.00000
    -123.64         0.00000
    -123.50         0.00000
    -123.35         0.00000
    -123.19         0.00000
    -123.05         0.00000
    -122.89         0.00000
    -122.75         0.00000
    -122.60         0.00000
    -122.44         0.00000
    -122.30         0.00000
    -122.14         0.00000
    -122.00         0.00000
    -121.85         0.00000
    -121.69         0.00000
    -121.55         0.00000
    -121.39         0.00000
    -121.25         0.00000
    -121.10         0.00000
    -120.94         0.00000
    -120.80         0.00000
    -120.64         0.00000
    -120.50         0.00000
    -120.35         0.00000
    -120.19         0.00000
    -120.05         0.00000
    -119.89         0.00000
    -119.75         0.00000
    -119.60         0.00000
    -119.44         0.00000
    -119.30         0.00000
    -119.14         0.00000
    -119.00         0.00000
    -118.85         0.00000
    -118.69         0.00000
    -118.55         0.00000
    -118.39         0.00000
    -118.25         0.00000
    -118.10         0.00000
    -117.94         0.00000
    -117.80         0.00000
    -117.64         0.00000
    -117.50         0.00000
    -117.35         0.00000
    -117.19         0.00000
    -117.05         0.00000
    -116.89         0.00000
    -116.75         0.00000
    -116.60         0.00000
    -116.44         0.00000
    -116.30         0.00000
    -116.14         0.00000
    -116.00         0.00000
    -115.85         0.00000
    -115.69         0.00000
    -115.55         0.00000
    -115.39         0.00000
    -115.25         0.00000
    -115.10         0.00000
    -114.94         0.00000
    -114.80         0.00000
    -114.64         0.00000
    -114.50         0.00000
    -114.35         0.00000
    -114.19         0.00000
    -114.05         0.00000
    -113.89         0.00000
    -113.75         0.00000
    -113.60         0.00000
    -113.44         0.00000
    -113.30         0.00000
    -113.14         0.00000
    -113.00         0.00000
    -112.85         0.00000
    -112.69         0.00000
    -112.55         0.00000
    -112.39         0.00000
    -112.25         0.00000
    -112.10         0.00000
    -111.94         0.00000
    -111.80         0.00000
    -111.64         0.00000
    -111.50         0.00000
    -111.35         0.00000
    -111.19         0.00000
    -111.05         0.00000
    -110.89         0.00000
    -110.75         0.00000
    -110.60         0.00000
    -110.44         0.00000
    -110.30         0.00000
    -110.14         0.00000
    -110.00         0.00000
    -109.85         0.00000
    -109.69         0.00000
    -109.55         0.00000
    -109.39         0.00000
    -109.25         0.00000
    -109.10         0.00000
    -108.94         0.00000
    -108.80         0.00000
    -108.64         0.00000
    -108.50         0.00000
    -108.35         0.00000
    -108.19         0.00000
    -108.05         0.00000
    -107.89         0.00000
    -107.75         0.00000
    -107.60         0.00000
    -107.44         0.00000
    -107.30         0.00000
    -107.14         0.00000
    -107.00         0.00000
    -106.85         0.00000
    -106.69         0.00000
    -106.55         0.00000
    -106.39         0.00000
    -106.25         0.00000
    -106.10         0.00000
    -105.94         0.00000
    -105.80         0.00000
    -105.64         0.00000
    -105.50         0.00000
    -105.35         0.00000
    -105.19         0.00000
    -105.05         0.00000
    -104.89         0.00000
    -104.75         0.00000
    -104.60         0.00000
    -104.44         0.00000
    -104.30         0.00000
    -104.14         0.00000
    -104.00         0.00000
    -103.85         0.00000
    -103.69         0.00000
    -103.55         0.00000
    -103.39         0.00000
    -103.25         0.00000
    -103.10         0.00000
    -102.94         0.00000
    -102.80         0.00000
    -102.64         0.00000
    -102.50         0.00000
    -102.35         0.00000
    -102.19         0.00000
    -102.05         0.00000
    -101.89         0.00000
    -101.75         0.00000
    -101.60         0.00000
    -101.44         0.00000
    -101.30         0.00000
    -101.14         0.00000
    -101.00         0.00000
    -100.85         0.00000
    -100.69         0.00000
    -100.55         0.00000
    -100.39         0.00000
    -100.25         0.00000
    -100.10         0.00000
    -99.945         0.00000
    -99.795         0.00000
    -99.645         0.00000
    -99.495         0.00000
    -99.345         0.00000
    -99.195         0.00000
    -99.045         0.00000
    -98.895         0.00000
    -98.745         0.00000
    -98.595         0.00000
    -98.445         0.00000
    -98.295         0.00000
    -98.145         0.00000
    -97.995         0.00000
    -97.845         0.00000
    -97.695         0.00000
    -97.545         0.00000
    -97.395         0.00000
    -97.245         0.00000
    -97.095         0.00000
    -96.945         0.00000
    -96.795         0.00000
    -96.645         0.00000
    -96.495         0.00000
    -96.345         0.00000
    -96.195         0.00000
    -96.045         0.00000
    -95.895         0.00000
    -95.745         0.00000
    -95.595         0.00000
    -95.445         0.00000
    -95.295         0.00000
    -95.145         0.00000
    -94.995         0.00000
    -94.845         0.00000
    -94.695         0.00000
    -94.545         0.00000
    -94.395         0.00000
    -94.245         0.00000
    -94.095         0.00000
    -93.945         0.00000
    -93.795         0.00000
    -93.645         0.00000
    -93.495         0.00000
    -93.345         0.00000
    -93.195         0.00000
    -93.045         0.00000
    -92.895         0.00000
    -92.745         0.00000
    -92.595         0.00000
    -92.445         0.00000
    -92.295         0.00000
    -92.145         0.00000
    -91.995         0.00000
    -91.845         0.00000
    -91.695         0.00000
    -91.545         0.00000
    -91.395         0.00000
    -91.245         0.00000
    -91.095         0.00000
    -90.945         0.00000
    -90.795         0.00000
    -90.645         0.00000
    -90.495         0.00000
    -90.345         0.00000
    -90.195         0.00000
    -90.045         0.00000
    -89.895         0.00000
    -89.745         0.00000
    -89.595         0.00000
    -89.445         0.00000
    -89.295         0.00000
    -89.145         0.00000
    -88.995         0.00000
    -88.845         0.00000
    -88.695         0.00000
    -88.545         0.00000
    -88.395         0.00000
    -88.245         0.00000
    -88.095         0.00000
    -87.945         0.00000
    -87.795         0.00000
    -87.645         0.00000
    -87.495         0.00000
    -87.345         0.00000
    -87.195         0.00000
    -87.045         0.00000
    -86.895         0.00000
    -86.745         0.00000
    -86.595         0.00000
    -86.445         0.00000
    -86.295         0.00000
    -86.145         0.00000
    -85.995         0.00000
    -85.845         0.00000
    -85.695         0.00000
    -85.545         0.00000
    -85.395         0.00000
    -85.245         0.00000
    -85.095         0.00000
    -84.945         0.00000
    -84.795         0.00000
    -84.645         0.00000
    -84.495         0.00000
    -84.345         0.00000
    -84.195         0.00000
    -84.045         0.00000
    -83.895         0.00000
    -83.745         0.00000
    -83.595         0.00000
    -83.445         0.00000
    -83.295         0.00000
    -83.145         0.00000
    -82.995         0.00000
    -82.845         0.00000
    -82.695         0.00000
    -82.545         0.00000
    -82.395         0.00000
    -82.245         0.00000
    -82.095         0.00000
    -81.945         0.00000
    -81.795         0.00000
    -81.645         0.00000
    -81.495         0.00000
    -81.345         0.00000
    -81.195         0.00000
    -81.045         0.00000
    -80.895         0.00000
    -80.745         0.00000
    -80.595         0.00000
    -80.445         0.00000
    -80.295         0.00000
    -80.145         0.00000
    -79.995         0.00000
    -79.845         0.00000
    -79.695         0.00000
    -79.545         0.00000
    -79.395         0.00000
    -79.245         0.00000
    -79.095         0.00000
    -78.945         0.00000
    -78.795         0.00000
    -78.645         0.00000
    -78.495         0.00000
    -78.345         0.00000
    -78.195         0.00000
    -78.045         0.00000
    -77.895         0.00000
    -77.745         0.00000
    -77.595         0.00000
    -77.445         0.00000
    -77.295         0.00000
    -77.145         0.00000
    -76.995         0.00000
    -76.845         0.00000
    -76.695         0.00000
    -76.545         0.00000
    -76.395         0.00000
    -76.245         0.00000
    -76.095         0.00000
    -75.945         0.00000
    -75.795         0.00000
    -75.645         0.00000
    -75.495         0.00000
    -75.345         0.00000
    -75.195         0.00000
    -75.045         0.00000
    -74.895         0.00000
    -74.745         0.00000
    -74.595         0.00000
    -74.445         0.00000
    -74.295         0.00000
    -74.145         0.00000
    -73.995         0.00000
    -73.845         0.00000
    -73.695         0.00000
    -73.545         0.00000
    -73.395         0.00000
    -73.245         0.00000
    -73.095         0.00000
    -72.945         0.00000
    -72.795         0.00000
    -72.645         0.00000
    -72.495         0.00000
    -72.345         0.00000
    -72.195         0.00000
    -72.045         0.00000
    -71.895         0.00000
    -71.745         0.00000
    -71.595         0.00000
    -71.445         0.00000
    -71.295         0.00000
    -71.145         0.00000
    -70.995         0.00000
    -70.845         0.00000
    -70.695         0.00000
    -70.545         0.00000
    -70.395         0.00000
    -70.245         0.00000
    -70.095         0.00000
    -69.945         0.00000
    -69.795         0.00000
    -69.645         0.00000
    -69.495         0.00000
    -69.345         0.00000
    -69.195         0.00000
    -69.045         0.00000
    -68.895         0.00000
    -68.745         0.00000
    -68.595         0.00000
    -68.445         0.00000
    -68.295         0.00000
    -68.145         0.00000
    -67.995         0.00000
    -67.845         0.00000
    -67.695         0.00000
    -67.545         0.00000
    -67.395         0.00000
    -67.245         0.00000
    -67.095         0.00000
    -66.945         0.00000
    -66.795         0.00000
    -66.645         0.00000
    -66.495         0.00000
    -66.345         0.00000
    -66.195         0.00000
    -66.045         0.00000
    -65.895         0.00000
    -65.745         0.00000
    -65.595         0.00000
    -65.445         0.00000
    -65.295         0.00000
    -65.145         0.00000
    -64.995         0.00000
    -64.845         0.00000
    -64.695         0.00000
    -64.545         0.00000
    -64.395         0.00000
    -64.245         0.00000
    -64.095         0.00000
    -63.945         0.00000
    -63.795         0.00000
    -63.645         0.00000
    -63.495         0.00000
    -63.345         0.00000
    -63.195         0.00000
    -63.045         0.00000
    -62.895         0.00000
    -62.745         0.00000
    -62.595         0.00000
    -62.445         0.00000
    -62.295         0.00000
    -62.145         0.00000
    -61.995         0.00000
    -61.845         0.00000
    -61.695         0.00000
    -61.545         0.00000
    -61.395         0.00000
    -61.245         0.00000
    -61.095         0.00000
    -60.945         0.00000
    -60.795         0.00000
    -60.645         0.00000
    -60.495         0.00000
    -60.345         0.00000
    -60.195         0.00000
    -60.045         0.00000
    -59.895         0.00000
    -59.745         0.00000
    -59.595         0.00000
    -59.445         0.00000
    -59.295         0.00000
    -59.145         0.00000
    -58.995         0.00000
    -58.845         0.00000
    -58.695         0.00000
    -58.545         0.00000
    -58.395         0.00000
    -58.245         0.00000
    -58.095         0.00000
    -57.945         0.00000
    -57.795         0.00000
    -57.645         0.00000
    -57.495         0.00000
    -57.345         0.00000
    -57.195         0.00000
    -57.045         0.00000
    -56.895         0.00000
    -56.745         0.00000
    -56.595         0.00000
    -56.445         0.00000
    -56.295         0.00000
    -56.145         0.00000
    -55.995         0.00000
    -55.845         0.00000
    -55.695         0.00000
    -55.545         0.00000
    -55.395         0.00000
    -55.245         0.00000
    -55.095         0.00000
    -54.945         0.00000
    -54.795         0.00000
    -54.645         0.00000
    -54.495         0.00000
    -54.345         0.00000
    -54.195         0.00000
    -54.045         0.00000
    -53.895         0.00000
    -53.745         0.00000
    -53.595         0.00000
    -53.445         0.00000
    -53.295         0.00000
    -53.145         0.00000
    -52.995         0.00000
    -52.845         0.00000
    -52.695         0.00000
    -52.545         0.00000
    -52.395         0.00000
    -52.245         0.00000
    -52.095         0.00000
    -51.945         0.00000
    -51.795         0.00000
    -51.645         0.00000
    -51.495         0.00000
    -51.345         0.00000
    -51.195         0.00000
    -51.045         0.00000
    -50.895         0.00000
    -50.745         0.00000
    -50.595         0.00000
    -50.445         0.00000
    -50.295         0.00000
    -50.145         0.00000
    -49.995         0.00000
    -49.845         0.00000
    -49.695         0.00000
    -49.545         0.00000
    -49.395         0.00000
    -49.245         0.00000
    -49.095         0.00000
    -48.945         0.00000
    -48.795         0.00000
    -48.645         0.00000
    -48.495         0.00000
    -48.345         0.00000
    -48.195         0.00000
    -48.045         0.00000
    -47.895         0.00000
    -47.745         0.00000
    -47.595         0.00000
    -47.445         0.00000
    -47.295         0.00000
    -47.145         0.00000
    -46.995         0.00000
    -46.845         0.00000
    -46.695         0.00000
    -46.545         0.00000
    -46.395         0.00000
    -46.245         0.00000
    -46.095         0.00000
    -45.945         0.00000
    -45.795         0.00000
    -45.645         0.00000
    -45.495         0.00000
    -45.345         0.00000
    -45.195         0.00000
    -45.045         0.00000
    -44.895         0.00000
    -44.745         0.00000
    -44.595         0.00000
    -44.445         0.00000
    -44.295         0.00000
    -44.145         0.00000
    -43.995         0.00000
    -43.845         0.00000
    -43.695         0.00000
    -43.545         0.00000
    -43.395         0.00000
    -43.245         0.00000
    -43.095         0.00000
    -42.945         0.00000
    -42.795         0.00000
    -42.645         0.00000
    -42.495         0.00000
    -42.345         0.00000
    -42.195         0.00000
    -42.045         0.00000
    -41.895         0.00000
    -41.745         0.00000
    -41.595         0.00000
    -41.445         0.00000
    -41.295         0.00000
    -41.145         0.00000
    -40.995         0.00000
    -40.845         0.00000
    -40.695         0.00000
    -40.545         0.00000
    -40.395         0.00000
    -40.245         0.00000
    -40.095         0.00000
    -39.945         0.00000
    -39.795         0.00000
    -39.645         0.00000
    -39.495         0.00000
    -39.345         0.00000
    -39.195         0.00000
    -39.045         0.00000
    -38.895         0.00000
    -38.745         0.00000
    -38.595         0.00000
    -38.445         0.00000
    -38.295         0.00000
    -38.145         0.00000
    -37.995         0.00000
    -37.845         0.00000
    -37.695         0.00000
    -37.545         0.00000
    -37.395         0.00000
    -37.245         0.00000
    -37.095         0.00000
    -36.945         0.00000
    -36.795         0.00000
    -36.645         0.00000
    -36.495         0.00000
    -36.345         0.00000
    -36.195         0.00000
    -36.045         0.00000
    -35.895         0.00000
    -35.745         0.00000
    -35.595         0.00000
    -35.445         0.00000
    -35.295         0.00000
    -35.145         0.00000
    -34.995         0.00000
    -34.845         0.00000
    -34.695         0.00000
    -34.545         0.00000
    -34.395         0.00000
    -34.245         0.00000
    -34.095         0.00000
    -33.945         0.00000
    -33.795         0.00000
    -33.645         0.00000
    -33.495         0.00000
    -33.345         0.00000
    -33.195         0.00000
    -33.045         0.00000
    -32.895         0.00000
    -32.745         0.00000
    -32.595         0.00000
    -32.445         0.00000
    -32.295         0.00000
    -32.145         0.00000
    -31.995         0.00000
    -31.845         0.00000
    -31.695         0.00000
    -31.545         0.00000
    -31.395         0.00000
    -31.245         0.00000
    -31.095         0.00000
    -30.945         0.00000
    -30.795         0.00000
    -30.645         0.00000
    -30.495         0.00000
    -30.345         0.00000
    -30.195         0.00000
    -30.045         0.00000
    -29.895         0.00000
    -29.745         0.00000
    -29.595         0.00000
    -29.445         0.00000
    -29.295         0.00000
    -29.145         0.00000
    -28.995         0.00000
    -28.845         0.00000
    -28.695         0.00000
    -28.545         0.00000
    -28.395         0.00000
    -28.245         0.00000
    -28.095         0.00000
    -27.945         0.00000
    -27.795         0.00000
    -27.645         0.00000
    -27.495         0.00000
    -27.345         0.00000
    -27.195         0.00000
    -27.045         0.00000
    -26.895         0.00000
    -26.745         0.00000
    -26.595         0.00000
    -26.445         0.00000
    -26.295         0.00000
    -26.145         0.00000
    -25.995         0.00000
    -25.845         0.00000
    -25.695         0.00000
    -25.545         0.00000
    -25.395         0.00000
    -25.245         0.00000
    -25.095         0.00000
    -24.945         0.00000
    -24.795         0.00000
    -24.645         0.00000
    -24.495         0.00000
    -24.345         0.00000
    -24.195         0.00000
    -24.045         0.00000
    -23.895         0.00000
    -23.745         0.00000
    -23.595         0.00000
    -23.445         0.00000
    -23.295         0.00000
    -23.145         0.00000
    -22.995         0.00000
    -22.845         0.00000
    -22.695         0.00000
    -22.545         0.00000
    -22.395         0.00000
    -22.245         0.00000
    -22.095         0.00000
    -21.945         0.00000
    -21.795         0.00000
    -21.645         0.00000
    -21.495         0.00000
    -21.345         0.00000
    -21.195         0.00000
    -21.045         0.00000
    -20.895         0.00000
    -20.745         0.00000
    -20.595         0.00000
    -20.445         0.00000
    -20.295         0.00000
    -20.145         0.00000
    -19.995         0.00000
    -19.845         0.00000
    -19.695         0.00000
    -19.545         0.00000
    -19.395         0.00000
    -19.245         0.00000
    -19.095         0.00000
    -18.945         0.00000
    -18.795         0.00000
    -18.645         0.00000
    -18.495         0.00000
    -18.345         0.00000
    -18.195         0.00000
    -18.045         0.00000
    -17.895         0.00000
    -17.745         0.00000
    -17.595         0.00000
    -17.445         0.00000
    -17.295         0.00000
    -17.145         0.00000
    -16.995         0.00000
    -16.845         0.00000
    -16.695         0.00000
    -16.545         0.00000
    -16.395         0.00000
    -16.245         0.00000
    -16.095        -0.00330
    -15.945        -0.04490
    -15.795        -0.14631
    -15.645        -0.32867
    -15.495        -0.57045
    -15.345        -0.89045
    -15.195        -1.29895
    -15.045        -1.73022
    -14.895        -2.17493
    -14.745        -2.67378
    -14.595        -3.21762
    -14.445        -3.80123
    -14.295        -4.41856
    -14.145        -5.13577
    -13.995        -5.87640
    -13.845        -6.66461
    -13.695        -7.50184
    -13.545        -8.38357
    -13.395        -9.24661
    -13.245       -10.09223
    -13.095       -10.87088
    -12.945       -11.62502
    -12.795       -12.37925
    -12.645       -13.11038
    -12.495       -13.74487
    -12.345       -14.33784
    -12.195       -14.91893
    -12.045       -15.53139
    -11.895       -16.10694
    -11.745       -16.63090
    -11.595       -17.11041
    -11.445       -17.56373
    -11.295       -17.98223
    -11.145       -18.39239
    -10.995       -18.86986
    -10.845       -19.34031
    -10.695       -19.79728
    -10.545       -20.30126
    -10.395       -20.84249
    -10.245       -21.42648
    -10.095       -22.06186
    -9.9450       -22.72802
    -9.7950       -23.50770
    -9.6450       -24.32159
    -9.4950       -25.17689
    -9.3450       -26.14508
    -9.1950       -27.14742
    -9.0450       -28.22602
    -8.8950       -29.40075
    -8.7450       -30.56504
    -8.5950       -31.87602
    -8.4450       -33.21597
    -8.2950       -34.65404
    -8.1450       -36.10626
    -7.9950       -37.63777
    -7.8450       -39.27492
    -7.6950       -41.00607
    -7.5450       -42.84584
    -7.3950       -44.77561
    -7.2450       -46.82858
    -7.0950       -48.93421
    -6.9450       -51.23423
    -6.7950       -53.63550
    -6.6450       -56.18399
    -6.4950       -58.80725
    -6.3450       -61.48654
    -6.1950       -64.22173
    -6.0450       -67.15194
    -5.8950       -70.08773
    -5.7450       -72.93257
    -5.5950       -75.86889
    -5.4450       -78.74225
    -5.2950       -81.57753
    -5.1450       -84.39418
    -4.9950       -87.11203
    -4.8450       -89.81442
    -4.6950       -92.50236
    -4.5450       -95.09831
    -4.3950       -97.75243
    -4.2450      -100.41910
    -4.0950      -103.04354
    -3.9450      -105.76878
    -3.7950      -108.60350
    -3.6450      -111.46415
    -3.4950      -114.37536
    -3.3450      -117.40654
    -3.1950      -120.58724
    -3.0450      -123.99764
    -2.8950      -127.58092
    -2.7450      -131.47464
    -2.5950      -135.63490
    -2.4450      -140.20952
    -2.2950      -145.16515
    -2.1450      -150.78467
    -1.9950      -157.13797
    -1.8450      -164.42100
    -1.6950      -172.75072
    -1.5450      -182.17644
    -1.3950      -192.66033
    -1.2450      -204.19235
    -1.0950      -216.57865
   -0.94500      -229.72322
   -0.79500      -243.50607
   -0.64500      -258.15530
   -0.49500      -274.25385
   -0.34500      -293.48655
   -0.22700      -301.04345
   -0.21300      -301.99232
   -0.20700      -302.95872
   -0.20100      -303.94090
   -0.19500      -304.93477
   -0.18900      -305.94517
   -0.18300      -306.96879
   -0.17700      -308.01237
   -0.17100      -309.07318
   -0.16500      -310.15785
   -0.15900      -311.26839
   -0.15300      -312.39635
   -0.14700      -313.54984
   -0.14100      -314.73338
   -0.13500      -315.94062
   -0.12900      -317.17848
   -0.12300      -318.45358
   -0.11700      -319.76620
   -0.11100      -321.11986
   -0.10500      -322.52124
   -0.99000E-01  -323.97722
   -0.93000E-01  -325.49162
   -0.87000E-01  -327.07089
   -0.81000E-01  -328.72149
   -0.75000E-01  -330.46153
   -0.69000E-01  -332.30368
   -0.63000E-01  -334.26512
   -0.57000E-01  -336.36640
   -0.51000E-01  -338.63671
   -0.45000E-01  -341.11525
   -0.39000E-01  -343.86659
   -0.33000E-01  -346.98878
   -0.27000E-01  -350.63924
   -0.21300E-01  -353.56628
   -0.19500E-01  -354.03373
   -0.18900E-01  -354.51371
   -0.18300E-01  -355.00301
   -0.17700E-01  -355.50590
   -0.17100E-01  -356.02126
   -0.16500E-01  -356.54931
   -0.15900E-01  -357.09124
   -0.15300E-01  -357.64797
   -0.14700E-01  -358.21900
   -0.14100E-01  -358.80689
   -0.13500E-01  -359.41209
   -0.12900E-01  -360.03628
   -0.12300E-01  -360.68137
   -0.11700E-01  -361.34771
   -0.11100E-01  -362.03768
   -0.10500E-01  -362.75225
   -0.99000E-02  -363.49342
   -0.93000E-02  -364.26185
   -0.87000E-02  -365.05541
   -0.81000E-02  -365.87510
   -0.75000E-02  -366.71543
   -0.69000E-02  -367.57646
   -0.63000E-02  -368.45254
   -0.57000E-02  -369.33759
   -0.51000E-02  -370.22348
   -0.45000E-02  -371.10160
   -0.39000E-02  -371.95694
   -0.33000E-02  -372.76760
   -0.27000E-02  -373.50501
   -0.21000E-02  -374.13587
   -0.15000E-02  -374.62869
   -0.90000E-03  -374.94540
   -0.30000E-03  -375.05487
    0.30000E-03  -374.94541
    0.90000E-03  -374.62858
    0.15000E-02  -374.13574
    0.21000E-02  -373.50469
    0.27000E-02  -372.76839
    0.33000E-02  -371.95801
    0.39000E-02  -371.10571
    0.45000E-02  -370.23789
    0.51000E-02  -369.37699
    0.57000E-02  -368.53337
    0.63000E-02  -367.71076
    0.69000E-02  -366.91144
    0.75000E-02  -366.14023
    0.81000E-02  -365.39150
    0.87000E-02  -364.65909
    0.93000E-02  -363.94874
    0.99000E-02  -363.25533
    0.10500E-01  -362.57684
    0.11100E-01  -361.91772
    0.11700E-01  -361.27256
    0.12300E-01  -360.64240
    0.12900E-01  -360.02943
    0.13500E-01  -359.42976
    0.14100E-01  -358.84857
    0.14700E-01  -358.28061
    0.15300E-01  -357.72870
    0.15900E-01  -357.18908
    0.16500E-01  -356.66299
    0.17100E-01  -356.15108
    0.17700E-01  -355.65056
    0.18300E-01  -355.16316
    0.18900E-01  -354.68785
    0.19500E-01  -354.22174
    0.21300E-01  -351.31547
    0.27000E-01  -347.71516
    0.33000E-01  -344.66265
    0.39000E-01  -341.99165
    0.45000E-01  -339.60680
    0.51000E-01  -337.45183
    0.57000E-01  -335.48414
    0.63000E-01  -333.66601
    0.69000E-01  -331.98256
    0.75000E-01  -330.41223
    0.81000E-01  -328.93968
    0.87000E-01  -327.55648
    0.93000E-01  -326.24992
    0.99000E-01  -325.00317
    0.10500      -323.82112
    0.11100      -322.69900
    0.11700      -321.61937
    0.12300      -320.58504
    0.12900      -319.58657
    0.13500      -318.63039
    0.14100      -317.70895
    0.14700      -316.81898
    0.15300      -315.96078
    0.15900      -315.13029
    0.16500      -314.32763
    0.17100      -313.55014
    0.17700      -312.79604
    0.18300      -312.06811
    0.18900      -311.35527
    0.19500      -310.66604
    0.20100      -309.99081
    0.20700      -309.33910
    0.21300      -308.70335
    0.22700      -303.94394
    0.34500      -293.74438
    0.49500      -287.16448
    0.64500      -282.38949
    0.79500      -278.62046
    0.94500      -275.47465
     1.0950      -272.70051
     1.2450      -270.21614
     1.3950      -267.93505
     1.5450      -265.83856
     1.6950      -263.92474
     1.8450      -262.15453
     1.9950      -260.51318
     2.1450      -258.99394
     2.2950      -257.58844
     2.4450      -256.31223
     2.5950      -255.13557
     2.7450      -254.06709
     2.8950      -253.10699
     3.0450      -252.17052
     3.1950      -251.32715
     3.3450      -250.58929
     3.4950      -249.86317
     3.6450      -249.18646
     3.7950      -248.54901
     3.9450      -247.98412
     4.0950      -247.43582
     4.2450      -246.90714
     4.3950      -246.41493
     4.5450      -245.96467
     4.6950      -245.51043
     4.8450      -245.09616
     4.9950      -244.68716
     5.1450      -244.27253
     5.2950      -243.88833
     5.4450      -243.50744
     5.5950      -243.14884
     5.7450      -242.80115
     5.8950      -242.46010
     6.0450      -242.13356
     6.1950      -241.78718
     6.3450      -241.46857
     6.4950      -241.15988
     6.6450      -240.84055
     6.7950      -240.53777
     6.9450      -240.25465
     7.0950      -239.95716
     7.2450      -239.67268
     7.3950      -239.39019
     7.5450      -239.10827
     7.6950      -238.83709
     7.8450      -238.58661
     7.9950      -238.31802
     8.1450      -238.05554
     8.2950      -237.80319
     8.4450      -237.55867
     8.5950      -237.32087
     8.7450      -237.08466
     8.8950      -236.85014
     9.0450      -236.61518
     9.1950      -236.39779
     9.3450      -236.18110
     9.4950      -235.96084
     9.6450      -235.75586
     9.7950      -235.54197
     9.9450      -235.32824
     10.095      -235.12037
     10.245      -234.91330
     10.395      -234.71292
     10.545      -234.50494
     10.695      -234.30729
     10.845      -234.10437
     10.995      -233.91277
     11.145      -233.72766
     11.295      -233.53571
     11.445      -233.35148
     11.595      -233.17061
     11.745      -232.99254
     11.895      -232.81418
     12.045      -232.64049
     12.195      -232.46429
     12.345      -232.29471
     12.495      -232.11487
     12.645      -231.95458
     12.795      -231.78136
     12.945      -231.61079
     13.095      -231.44650
     13.245      -231.29951
     13.395      -231.14027
     13.545      -230.98447
     13.695      -230.82731
     13.845      -230.67351
     13.995      -230.51382
     14.145      -230.36187
     14.295      -230.20599
     14.445      -230.06018
     14.595      -229.91440
     14.745      -229.77127
     14.895      -229.62798
     15.045      -229.48324
     15.195      -229.34306
     15.345      -229.21474
     15.495      -229.07589
     15.645      -228.94586
     15.795      -228.81849
     15.945      -228.68639
     16.095      -228.55868
     16.245      -228.43155
     16.395      -228.30592
     16.545      -228.17349
     16.695      -228.04318
     16.845      -227.92042
     16.995      -227.79677
     17.145      -227.68071
     17.295      -227.55680
     17.445      -227.43975
     17.595      -227.31766
     17.745      -227.19937
     17.895      -227.08423
     18.045      -226.96137
     18.195      -226.85005
     18.345      -226.71964
     18.495      -226.60141
     18.645      -226.48688
     18.795      -226.37113
     18.945      -226.25603
     19.095      -226.14445
     19.245      -226.03328
     19.395      -225.93333
     19.545      -225.81980
     19.695      -225.70794
     19.845      -225.60714
     19.995      -225.49411
     20.145      -225.39449
     20.295      -225.28986
     20.445      -225.18135
     20.595      -225.07531
     20.745      -224.96923
     20.895      -224.87003
     21.045      -224.76871
     21.195      -224.67031
     21.345      -224.56502
     21.495      -224.45968
     21.645      -224.35959
     21.795      -224.25271
     21.945      -224.14999
     22.095      -224.04879
     22.245      -223.95362
     22.395      -223.86219
     22.545      -223.76492
     22.695      -223.67375
     22.845      -223.57987
     22.995      -223.48556
     23.145      -223.39292
     23.295      -223.29940
     23.445      -223.20970
     23.595      -223.11835
     23.745      -223.01961
     23.895      -222.92528
     24.045      -222.83897
     24.195      -222.74715
     24.345      -222.65694
     24.495      -222.56255
     24.645      -222.47483
     24.795      -222.38497
     24.945      -222.29399
     25.095      -222.20561
     25.245      -222.12181
     25.395      -222.04635
     25.545      -221.96895
     25.695      -221.89148
     25.845      -221.80707
     25.995      -221.72238
     26.145      -221.64108
     26.295      -221.55958
     26.445      -221.47857
     26.595      -221.40663
     26.745      -221.32868
     26.895      -221.24923
     27.045      -221.16815
     27.195      -221.08771
     27.345      -221.00693
     27.495      -220.93640
     27.645      -220.85938
     27.795      -220.77929
     27.945      -220.70354
     28.095      -220.62789
     28.245      -220.55667
     28.395      -220.47821
     28.545      -220.41208
     28.695      -220.33354
     28.845      -220.26023
     28.995      -220.18394
     29.145      -220.10820
     29.295      -220.03419
     29.445      -219.96227
     29.595      -219.88866
     29.745      -219.81107
     29.895      -219.73824
     30.045      -219.66848
     30.195      -219.59844
     30.345      -219.53245
     30.495      -219.45883
     30.645      -219.39331
     30.795      -219.32421
     30.945      -219.24934
     31.095      -219.17710
     31.245      -219.10911
     31.395      -219.03958
     31.545      -218.97134
     31.695      -218.90297
     31.845      -218.83050
     31.995      -218.76392
     32.145      -218.69841
     32.295      -218.63204
     32.445      -218.56096
     32.595      -218.49146
     32.745      -218.42628
     32.895      -218.35537
     33.045      -218.29029
     33.195      -218.22693
     33.345      -218.16125
     33.495      -218.09836
     33.645      -218.02917
     33.795      -217.96960
     33.945      -217.90723
     34.095      -217.84501
     34.245      -217.77917
     34.395      -217.71863
     34.545      -217.65947
     34.695      -217.59533
     34.845      -217.53096
     34.995      -217.46778
     35.145      -217.40547
     35.295      -217.34446
     35.445      -217.28484
     35.595      -217.23024
     35.745      -217.17342
     35.895      -217.11015
     36.045      -217.05046
     36.195      -216.99147
     36.345      -216.93593
     36.495      -216.87844
     36.645      -216.81567
     36.795      -216.75807
     36.945      -216.69751
     37.095      -216.64428
     37.245      -216.58457
     37.395      -216.53259
     37.545      -216.47588
     37.695      -216.42020
     37.845      -216.35820
     37.995      -216.30154
     38.145      -216.24717
     38.295      -216.19420
     38.445      -216.13476
     38.595      -216.07963
     38.745      -216.02449
     38.895      -215.97076
     39.045      -215.91840
     39.195      -215.86126
     39.345      -215.80244
     39.495      -215.75246
     39.645      -215.70004
     39.795      -215.64476
     39.945      -215.59287
     40.095      -215.54187
     40.245      -215.48645
     40.395      -215.43570
     40.545      -215.38055
     40.695      -215.32741
     40.845      -215.27452
     40.995      -215.22065
     41.145      -215.16600
     41.295      -215.11361
     41.445      -215.06438
     41.595      -215.01222
     41.745      -214.96019
     41.895      -214.91042
     42.045      -214.85643
     42.195      -214.80998
     42.345      -214.75901
     42.495      -214.71152
     42.645      -214.65817
     42.795      -214.61083
     42.945      -214.55911
     43.095      -214.51075
     43.245      -214.46054
     43.395      -214.41024
     43.545      -214.35663
     43.695      -214.30966
     43.845      -214.25787
     43.995      -214.20796
     44.145      -214.15697
     44.295      -214.10833
     44.445      -214.05736
     44.595      -214.00789
     44.745      -213.96174
     44.895      -213.91737
     45.045      -213.87262
     45.195      -213.82808
     45.345      -213.78361
     45.495      -213.73132
     45.645      -213.68702
     45.795      -213.64235
     45.945      -213.59309
     46.095      -213.54932
     46.245      -213.49953
     46.395      -213.45386
     46.545      -213.40763
     46.695      -213.36445
     46.845      -213.31545
     46.995      -213.27308
     47.145      -213.22770
     47.295      -213.18465
     47.445      -213.14205
     47.595      -213.09788
     47.745      -213.05148
     47.895      -213.00650
     48.045      -212.96303
     48.195      -212.91999
     48.345      -212.87565
     48.495      -212.83041
     48.645      -212.78645
     48.795      -212.74014
     48.945      -212.69531
     49.095      -212.65511
     49.245      -212.60986
     49.395      -212.56847
     49.545      -212.52605
     49.695      -212.48803
     49.845      -212.44826
     49.995      -212.40448
     50.145      -212.36480
     50.295      -212.32354
     50.445      -212.27844
     50.595      -212.23852
     50.745      -212.19758
     50.895      -212.15556
     51.045      -212.11465
     51.195      -212.07657
     51.345      -212.03405
     51.495      -211.99353
     51.645      -211.95110
     51.795      -211.90940
     51.945      -211.86668
     52.095      -211.82634
     52.245      -211.78743
     52.395      -211.74770
     52.545      -211.70683
     52.695      -211.66680
     52.845      -211.62872
     52.995      -211.59005
     53.145      -211.54636
     53.295      -211.50756
     53.445      -211.46856
     53.595      -211.42487
     53.745      -211.38873
     53.895      -211.35203
     54.045      -211.31170
     54.195      -211.27388
     54.345      -211.23582
     54.495      -211.18951
     54.645      -211.15196
     54.795      -211.11443
     54.945      -211.07497
     55.095      -211.03572
     59.433      -207.94131
     80.646      -203.36612
     111.21      -198.85435
     153.36      -194.44820
     211.49      -190.08617
     291.64      -185.77385
     402.18      -181.51162
     554.60      -177.36944
     764.80      -173.27953
     1054.7      -169.24872
     1454.4      -165.27766
     2005.6      -161.42188
     2765.8      -157.61196
     3814.0      -153.89957
     5259.5      -150.26324
     7252.9      -146.72537
     10002.      -143.26248
     13793.      -139.88178
     19020.      -136.59217
     26229.      -133.41222
     36170.      -130.34241
     49878.      -127.36961
     68782.      -124.52481
     94851.      -121.82051
    0.13080E+06  -119.22409
    0.18038E+06  -116.72782
    0.24874E+06  -114.35057
    0.34301E+06  -112.09190
    0.47302E+06  -109.93539
    0.65229E+06  -107.87740
    0.89952E+06  -105.89118
    0.12404E+07  -104.01544
    0.17106E+07  -102.22955
    0.23589E+07  -100.51269
    0.32529E+07   -98.87695
    0.44858E+07   -97.32637
    0.61860E+07   -95.84657
    0.85305E+07   -94.42173
    0.11764E+08   -93.07401
    0.16222E+08   -91.80314
    0.22370E+08   -90.58932
    0.30849E+08   -89.43431
    0.42541E+08   -88.33898
    0.58664E+08   -87.31335
    0.80898E+08   -86.36283
    0.11156E+09   -85.48512
    0.15384E+09   -84.66675
    0.21215E+09   -83.89235
    0.29255E+09   -83.16808
    0.40343E+09   -82.49037
    0.55633E+09   -81.86392
    0.76719E+09   -81.28943
    0.10580E+10   -80.76303
    0.14589E+10   -80.28034
    0.20119E+10   -79.83357
    0.27744E+10   -79.42811
    0.38259E+10   -79.05067
    0.52760E+10   -78.70223
    0.72756E+10   -78.38154
    0.10033E+11   -78.08204
    0.13836E+11   -77.80666
    0.19079E+11   -77.55387
    0.26311E+11   -77.32088
    0.36283E+11   -77.10945
    0.50034E+11   -76.91155
    0.68997E+11   -76.72738
    0.10000E+12   -74.53060
