    -159.95         0.00000
    -159.79         0.00000
    -159.65         0.00000
    -159.49         0.00000
    -159.34         0.00000
    -159.20         0.00000
    -159.04         0.00000
    -158.90         0.00000
    -158.74         0.00000
    -158.59         0.00000
    -158.45         0.00000
    -158.29         0.00000
    -158.15         0.00000
    -157.99         0.00000
    -157.84         0.00000
    -157.70         0.00000
    -157.54         0.00000
    -157.40         0.00000
    -157.24         0.00000
    -157.09         0.00000
    -156.95         0.00000
    -156.79         0.00000
    -156.65         0.00000
    -156.49         0.00000
    -156.34         0.00000
    -156.20         0.00000
    -156.04         0.00000
    -155.90         0.00000
    -155.74         0.00000
    -155.59         0.00000
    -155.45         0.00000
    -155.29         0.00000
    -155.15         0.00000
    -154.99         0.00000
    -154.84         0.00000
    -154.70         0.00000
    -154.54         0.00000
    -154.40         0.00000
    -154.24         0.00000
    -154.09         0.00000
    -153.95         0.00000
    -153.79         0.00000
    -153.65         0.00000
    -153.49         0.00000
    -153.34         0.00000
    -153.20         0.00000
    -153.04         0.00000
    -152.90         0.00000
    -152.74         0.00000
    -152.59         0.00000
    -152.45         0.00000
    -152.29         0.00000
    -152.15         0.00000
    -151.99         0.00000
    -151.84         0.00000
    -151.70         0.00000
    -151.54         0.00000
    -151.40         0.00000
    -151.24         0.00000
    -151.09         0.00000
    -150.95         0.00000
    -150.79         0.00000
    -150.65         0.00000
    -150.49         0.00000
    -150.34         0.00000
    -150.20         0.00000
    -150.04         0.00000
    -149.90         0.00000
    -149.74         0.00000
    -149.59         0.00000
    -149.45         0.00000
    -149.29         0.00000
    -149.15         0.00000
    -148.99         0.00000
    -148.84         0.00000
    -148.70         0.00000
    -148.54         0.00000
    -148.40         0.00000
    -148.24         0.00000
    -148.09         0.00000
    -147.95         0.00000
    -147.79         0.00000
    -147.65         0.00000
    -147.49         0.00000
    -147.34         0.00000
    -147.20         0.00000
    -147.04         0.00000
    -146.90         0.00000
    -146.74         0.00000
    -146.59         0.00000
    -146.45         0.00000
    -146.29         0.00000
    -146.15         0.00000
    -145.99         0.00000
    -145.84         0.00000
    -145.70         0.00000
    -145.54         0.00000
    -145.40         0.00000
    -145.24         0.00000
    -145.09         0.00000
    -144.95         0.00000
    -144.79         0.00000
    -144.65         0.00000
    -144.49         0.00000
    -144.34         0.00000
    -144.20         0.00000
    -144.04         0.00000
    -143.90         0.00000
    -143.74         0.00000
    -143.59         0.00000
    -143.45         0.00000
    -143.29         0.00000
    -143.15         0.00000
    -142.99         0.00000
    -142.84         0.00000
    -142.70         0.00000
    -142.54         0.00000
    -142.40         0.00000
    -142.24         0.00000
    -142.09         0.00000
    -141.95         0.00000
    -141.79         0.00000
    -141.65         0.00000
    -141.49         0.00000
    -141.34         0.00000
    -141.20         0.00000
    -141.04         0.00000
    -140.90         0.00000
    -140.74         0.00000
    -140.59         0.00000
    -140.45         0.00000
    -140.29         0.00000
    -140.15         0.00000
    -139.99         0.00000
    -139.84         0.00000
    -139.70         0.00000
    -139.54         0.00000
    -139.40         0.00000
    -139.24         0.00000
    -139.09         0.00000
    -138.95         0.00000
    -138.79         0.00000
    -138.65         0.00000
    -138.49         0.00000
    -138.34         0.00000
    -138.20         0.00000
    -138.04         0.00000
    -137.90         0.00000
    -137.74         0.00000
    -137.59         0.00000
    -137.45         0.00000
    -137.29         0.00000
    -137.15         0.00000
    -136.99         0.00000
    -136.84         0.00000
    -136.70         0.00000
    -136.54         0.00000
    -136.40         0.00000
    -136.24         0.00000
    -136.09         0.00000
    -135.95         0.00000
    -135.79         0.00000
    -135.65         0.00000
    -135.49         0.00000
    -135.34         0.00000
    -135.20         0.00000
    -135.04         0.00000
    -134.90         0.00000
    -134.74         0.00000
    -134.59         0.00000
    -134.45         0.00000
    -134.29         0.00000
    -134.15         0.00000
    -133.99         0.00000
    -133.84         0.00000
    -133.70         0.00000
    -133.54         0.00000
    -133.40         0.00000
    -133.24         0.00000
    -133.09         0.00000
    -132.95         0.00000
    -132.79         0.00000
    -132.65         0.00000
    -132.49         0.00000
    -132.34         0.00000
    -132.20         0.00000
    -132.04         0.00000
    -131.90         0.00000
    -131.74         0.00000
    -131.59         0.00000
    -131.45         0.00000
    -131.29         0.00000
    -131.15         0.00000
    -130.99         0.00000
    -130.84         0.00000
    -130.70         0.00000
    -130.54         0.00000
    -130.40         0.00000
    -130.24         0.00000
    -130.09         0.00000
    -129.95         0.00000
    -129.79         0.00000
    -129.65         0.00000
    -129.49         0.00000
    -129.34         0.00000
    -129.20         0.00000
    -129.04         0.00000
    -128.90         0.00000
    -128.74         0.00000
    -128.59         0.00000
    -128.45         0.00000
    -128.29         0.00000
    -128.15         0.00000
    -127.99         0.00000
    -127.85         0.00000
    -127.69         0.00000
    -127.55         0.00000
    -127.39         0.00000
    -127.25         0.00000
    -127.10         0.00000
    -126.94         0.00000
    -126.80         0.00000
    -126.64         0.00000
    -126.50         0.00000
    -126.35         0.00000
    -126.19         0.00000
    -126.05         0.00000
    -125.89         0.00000
    -125.75         0.00000
    -125.60         0.00000
    -125.44         0.00000
    -125.30         0.00000
    -125.14         0.00000
    -125.00         0.00000
    -124.85         0.00000
    -124.69         0.00000
    -124.55         0.00000
    -124.39         0.00000
    -124.25         0.00000
    -124.10         0.00000
    -123.94         0.00000
    -123.80         0.00000
    -123.64         0.00000
    -123.50         0.00000
    -123.35         0.00000
    -123.19         0.00000
    -123.05         0.00000
    -122.89         0.00000
    -122.75         0.00000
    -122.60         0.00000
    -122.44         0.00000
    -122.30         0.00000
    -122.14         0.00000
    -122.00         0.00000
    -121.85         0.00000
    -121.69         0.00000
    -121.55         0.00000
    -121.39         0.00000
    -121.25         0.00000
    -121.10         0.00000
    -120.94         0.00000
    -120.80         0.00000
    -120.64         0.00000
    -120.50         0.00000
    -120.35         0.00000
    -120.19         0.00000
    -120.05         0.00000
    -119.89         0.00000
    -119.75         0.00000
    -119.60         0.00000
    -119.44         0.00000
    -119.30         0.00000
    -119.14         0.00000
    -119.00         0.00000
    -118.85         0.00000
    -118.69         0.00000
    -118.55         0.00000
    -118.39         0.00000
    -118.25         0.00000
    -118.10         0.00000
    -117.94         0.00000
    -117.80         0.00000
    -117.64         0.00000
    -117.50         0.00000
    -117.35         0.00000
    -117.19         0.00000
    -117.05         0.00000
    -116.89         0.00000
    -116.75         0.00000
    -116.60         0.00000
    -116.44         0.00000
    -116.30         0.00000
    -116.14         0.00000
    -116.00         0.00000
    -115.85         0.00000
    -115.69         0.00000
    -115.55         0.00000
    -115.39         0.00000
    -115.25         0.00000
    -115.10         0.00000
    -114.94         0.00000
    -114.80         0.00000
    -114.64         0.00000
    -114.50         0.00000
    -114.35         0.00000
    -114.19         0.00000
    -114.05         0.00000
    -113.89         0.00000
    -113.75         0.00000
    -113.60         0.00000
    -113.44         0.00000
    -113.30         0.00000
    -113.14         0.00000
    -113.00         0.00000
    -112.85         0.00000
    -112.69         0.00000
    -112.55         0.00000
    -112.39         0.00000
    -112.25         0.00000
    -112.10         0.00000
    -111.94         0.00000
    -111.80         0.00000
    -111.64         0.00000
    -111.50         0.00000
    -111.35         0.00000
    -111.19         0.00000
    -111.05         0.00000
    -110.89         0.00000
    -110.75         0.00000
    -110.60         0.00000
    -110.44         0.00000
    -110.30         0.00000
    -110.14         0.00000
    -110.00         0.00000
    -109.85         0.00000
    -109.69         0.00000
    -109.55         0.00000
    -109.39         0.00000
    -109.25         0.00000
    -109.10         0.00000
    -108.94         0.00000
    -108.80         0.00000
    -108.64         0.00000
    -108.50         0.00000
    -108.35         0.00000
    -108.19         0.00000
    -108.05         0.00000
    -107.89         0.00000
    -107.75         0.00000
    -107.60         0.00000
    -107.44         0.00000
    -107.30         0.00000
    -107.14         0.00000
    -107.00         0.00000
    -106.85         0.00000
    -106.69         0.00000
    -106.55         0.00000
    -106.39         0.00000
    -106.25         0.00000
    -106.10         0.00000
    -105.94         0.00000
    -105.80         0.00000
    -105.64         0.00000
    -105.50         0.00000
    -105.35         0.00000
    -105.19         0.00000
    -105.05         0.00000
    -104.89         0.00000
    -104.75         0.00000
    -104.60         0.00000
    -104.44         0.00000
    -104.30         0.00000
    -104.14         0.00000
    -104.00         0.00000
    -103.85         0.00000
    -103.69         0.00000
    -103.55         0.00000
    -103.39         0.00000
    -103.25         0.00000
    -103.10         0.00000
    -102.94         0.00000
    -102.80         0.00000
    -102.64         0.00000
    -102.50         0.00000
    -102.35         0.00000
    -102.19         0.00000
    -102.05         0.00000
    -101.89         0.00000
    -101.75         0.00000
    -101.60         0.00000
    -101.44         0.00000
    -101.30         0.00000
    -101.14         0.00000
    -101.00         0.00000
    -100.85         0.00000
    -100.69         0.00000
    -100.55         0.00000
    -100.39         0.00000
    -100.25         0.00000
    -100.10         0.00000
    -99.945         0.00000
    -99.795         0.00000
    -99.645         0.00000
    -99.495         0.00000
    -99.345         0.00000
    -99.195         0.00000
    -99.045         0.00000
    -98.895         0.00000
    -98.745         0.00000
    -98.595         0.00000
    -98.445         0.00000
    -98.295         0.00000
    -98.145         0.00000
    -97.995         0.00000
    -97.845         0.00000
    -97.695         0.00000
    -97.545         0.00000
    -97.395         0.00000
    -97.245         0.00000
    -97.095         0.00000
    -96.945         0.00000
    -96.795         0.00000
    -96.645         0.00000
    -96.495         0.00000
    -96.345         0.00000
    -96.195         0.00000
    -96.045         0.00000
    -95.895         0.00000
    -95.745         0.00000
    -95.595         0.00000
    -95.445         0.00000
    -95.295         0.00000
    -95.145         0.00000
    -94.995         0.00000
    -94.845         0.00000
    -94.695         0.00000
    -94.545         0.00000
    -94.395         0.00000
    -94.245         0.00000
    -94.095         0.00000
    -93.945         0.00000
    -93.795         0.00000
    -93.645         0.00000
    -93.495         0.00000
    -93.345         0.00000
    -93.195         0.00000
    -93.045         0.00000
    -92.895         0.00000
    -92.745         0.00000
    -92.595         0.00000
    -92.445         0.00000
    -92.295         0.00000
    -92.145         0.00000
    -91.995         0.00000
    -91.845         0.00000
    -91.695         0.00000
    -91.545         0.00000
    -91.395         0.00000
    -91.245         0.00000
    -91.095         0.00000
    -90.945         0.00000
    -90.795         0.00000
    -90.645         0.00000
    -90.495         0.00000
    -90.345         0.00000
    -90.195         0.00000
    -90.045         0.00000
    -89.895         0.00000
    -89.745         0.00000
    -89.595         0.00000
    -89.445         0.00000
    -89.295         0.00000
    -89.145         0.00000
    -88.995         0.00000
    -88.845         0.00000
    -88.695         0.00000
    -88.545         0.00000
    -88.395         0.00000
    -88.245         0.00000
    -88.095         0.00000
    -87.945         0.00000
    -87.795         0.00000
    -87.645         0.00000
    -87.495         0.00000
    -87.345         0.00000
    -87.195         0.00000
    -87.045         0.00000
    -86.895         0.00000
    -86.745         0.00000
    -86.595         0.00000
    -86.445         0.00000
    -86.295         0.00000
    -86.145         0.00000
    -85.995         0.00000
    -85.845         0.00000
    -85.695         0.00000
    -85.545         0.00000
    -85.395         0.00000
    -85.245         0.00000
    -85.095         0.00000
    -84.945         0.00000
    -84.795         0.00000
    -84.645         0.00000
    -84.495         0.00000
    -84.345         0.00000
    -84.195         0.00000
    -84.045         0.00000
    -83.895         0.00000
    -83.745         0.00000
    -83.595         0.00000
    -83.445         0.00000
    -83.295         0.00000
    -83.145         0.00000
    -82.995         0.00000
    -82.845         0.00000
    -82.695         0.00000
    -82.545         0.00000
    -82.395         0.00000
    -82.245         0.00000
    -82.095         0.00000
    -81.945         0.00000
    -81.795         0.00000
    -81.645         0.00000
    -81.495         0.00000
    -81.345         0.00000
    -81.195         0.00000
    -81.045         0.00000
    -80.895         0.00000
    -80.745         0.00000
    -80.595         0.00000
    -80.445         0.00000
    -80.295         0.00000
    -80.145         0.00000
    -79.995         0.00000
    -79.845         0.00000
    -79.695         0.00000
    -79.545         0.00000
    -79.395         0.00000
    -79.245         0.00000
    -79.095         0.00000
    -78.945         0.00000
    -78.795         0.00000
    -78.645         0.00000
    -78.495         0.00000
    -78.345         0.00000
    -78.195         0.00000
    -78.045         0.00000
    -77.895         0.00000
    -77.745         0.00000
    -77.595         0.00000
    -77.445         0.00000
    -77.295         0.00000
    -77.145         0.00000
    -76.995         0.00000
    -76.845         0.00000
    -76.695         0.00000
    -76.545         0.00000
    -76.395         0.00000
    -76.245         0.00000
    -76.095         0.00000
    -75.945         0.00000
    -75.795         0.00000
    -75.645         0.00000
    -75.495         0.00000
    -75.345         0.00000
    -75.195         0.00000
    -75.045         0.00000
    -74.895         0.00000
    -74.745         0.00000
    -74.595         0.00000
    -74.445         0.00000
    -74.295         0.00000
    -74.145         0.00000
    -73.995         0.00000
    -73.845         0.00000
    -73.695         0.00000
    -73.545         0.00000
    -73.395         0.00000
    -73.245         0.00000
    -73.095         0.00000
    -72.945         0.00000
    -72.795         0.00000
    -72.645         0.00000
    -72.495         0.00000
    -72.345         0.00000
    -72.195         0.00000
    -72.045         0.00000
    -71.895         0.00000
    -71.745         0.00000
    -71.595         0.00000
    -71.445         0.00000
    -71.295         0.00000
    -71.145         0.00000
    -70.995         0.00000
    -70.845         0.00000
    -70.695         0.00000
    -70.545         0.00000
    -70.395         0.00000
    -70.245         0.00000
    -70.095         0.00000
    -69.945         0.00000
    -69.795         0.00000
    -69.645         0.00000
    -69.495         0.00000
    -69.345         0.00000
    -69.195         0.00000
    -69.045         0.00000
    -68.895         0.00000
    -68.745         0.00000
    -68.595         0.00000
    -68.445         0.00000
    -68.295         0.00000
    -68.145         0.00000
    -67.995         0.00000
    -67.845         0.00000
    -67.695         0.00000
    -67.545         0.00000
    -67.395         0.00000
    -67.245         0.00000
    -67.095         0.00000
    -66.945         0.00000
    -66.795         0.00000
    -66.645         0.00000
    -66.495         0.00000
    -66.345         0.00000
    -66.195         0.00000
    -66.045         0.00000
    -65.895         0.00000
    -65.745         0.00000
    -65.595         0.00000
    -65.445         0.00000
    -65.295         0.00000
    -65.145         0.00000
    -64.995         0.00000
    -64.845         0.00000
    -64.695         0.00000
    -64.545         0.00000
    -64.395         0.00000
    -64.245         0.00000
    -64.095         0.00000
    -63.945         0.00000
    -63.795         0.00000
    -63.645         0.00000
    -63.495         0.00000
    -63.345         0.00000
    -63.195         0.00000
    -63.045         0.00000
    -62.895         0.00000
    -62.745         0.00000
    -62.595         0.00000
    -62.445         0.00000
    -62.295         0.00000
    -62.145         0.00000
    -61.995         0.00000
    -61.845         0.00000
    -61.695         0.00000
    -61.545         0.00000
    -61.395         0.00000
    -61.245         0.00000
    -61.095         0.00000
    -60.945         0.00000
    -60.795         0.00000
    -60.645         0.00000
    -60.495         0.00000
    -60.345         0.00000
    -60.195         0.00000
    -60.045         0.00000
    -59.895         0.00000
    -59.745         0.00000
    -59.595         0.00000
    -59.445         0.00000
    -59.295         0.00000
    -59.145         0.00000
    -58.995         0.00000
    -58.845         0.00000
    -58.695         0.00000
    -58.545         0.00000
    -58.395         0.00000
    -58.245         0.00000
    -58.095         0.00000
    -57.945         0.00000
    -57.795         0.00000
    -57.645         0.00000
    -57.495         0.00000
    -57.345         0.00000
    -57.195         0.00000
    -57.045         0.00000
    -56.895         0.00000
    -56.745         0.00000
    -56.595         0.00000
    -56.445         0.00000
    -56.295         0.00000
    -56.145         0.00000
    -55.995         0.00000
    -55.845         0.00000
    -55.695         0.00000
    -55.545         0.00000
    -55.395         0.00000
    -55.245         0.00000
    -55.095         0.00000
    -54.945         0.00000
    -54.795         0.00000
    -54.645         0.00000
    -54.495         0.00000
    -54.345         0.00000
    -54.195         0.00000
    -54.045         0.00000
    -53.895         0.00000
    -53.745         0.00000
    -53.595         0.00000
    -53.445         0.00000
    -53.295         0.00000
    -53.145         0.00000
    -52.995         0.00000
    -52.845         0.00000
    -52.695         0.00000
    -52.545         0.00000
    -52.395         0.00000
    -52.245         0.00000
    -52.095         0.00000
    -51.945         0.00000
    -51.795         0.00000
    -51.645         0.00000
    -51.495         0.00000
    -51.345         0.00000
    -51.195         0.00000
    -51.045         0.00000
    -50.895         0.00000
    -50.745         0.00000
    -50.595         0.00000
    -50.445         0.00000
    -50.295         0.00000
    -50.145         0.00000
    -49.995         0.00000
    -49.845         0.00000
    -49.695         0.00000
    -49.545         0.00000
    -49.395         0.00000
    -49.245         0.00000
    -49.095         0.00000
    -48.945         0.00000
    -48.795         0.00000
    -48.645         0.00000
    -48.495         0.00000
    -48.345         0.00000
    -48.195         0.00000
    -48.045         0.00000
    -47.895         0.00000
    -47.745         0.00000
    -47.595         0.00000
    -47.445         0.00000
    -47.295         0.00000
    -47.145         0.00000
    -46.995         0.00000
    -46.845         0.00000
    -46.695         0.00000
    -46.545         0.00000
    -46.395         0.00000
    -46.245         0.00000
    -46.095         0.00000
    -45.945         0.00000
    -45.795         0.00000
    -45.645         0.00000
    -45.495         0.00000
    -45.345         0.00000
    -45.195         0.00000
    -45.045         0.00000
    -44.895         0.00000
    -44.745         0.00000
    -44.595         0.00000
    -44.445         0.00000
    -44.295         0.00000
    -44.145         0.00000
    -43.995         0.00000
    -43.845         0.00000
    -43.695         0.00000
    -43.545         0.00000
    -43.395         0.00000
    -43.245         0.00000
    -43.095         0.00000
    -42.945         0.00000
    -42.795         0.00000
    -42.645         0.00000
    -42.495         0.00000
    -42.345         0.00000
    -42.195         0.00000
    -42.045         0.00000
    -41.895         0.00000
    -41.745         0.00000
    -41.595         0.00000
    -41.445         0.00000
    -41.295         0.00000
    -41.145         0.00000
    -40.995         0.00000
    -40.845         0.00000
    -40.695         0.00000
    -40.545         0.00000
    -40.395         0.00000
    -40.245         0.00000
    -40.095         0.00000
    -39.945         0.00000
    -39.795         0.00000
    -39.645         0.00000
    -39.495         0.00000
    -39.345         0.00000
    -39.195         0.00000
    -39.045         0.00000
    -38.895         0.00000
    -38.745         0.00000
    -38.595         0.00000
    -38.445         0.00000
    -38.295         0.00000
    -38.145         0.00000
    -37.995         0.00000
    -37.845         0.00000
    -37.695         0.00000
    -37.545         0.00000
    -37.395         0.00000
    -37.245         0.00000
    -37.095         0.00000
    -36.945         0.00000
    -36.795         0.00000
    -36.645         0.00000
    -36.495         0.00000
    -36.345         0.00000
    -36.195         0.00000
    -36.045         0.00000
    -35.895         0.00000
    -35.745         0.00000
    -35.595         0.00000
    -35.445         0.00000
    -35.295         0.00000
    -35.145         0.00000
    -34.995         0.00000
    -34.845         0.00000
    -34.695         0.00000
    -34.545         0.00000
    -34.395         0.00000
    -34.245         0.00000
    -34.095         0.00000
    -33.945         0.00000
    -33.795         0.00000
    -33.645         0.00000
    -33.495         0.00000
    -33.345         0.00000
    -33.195         0.00000
    -33.045         0.00000
    -32.895         0.00000
    -32.745         0.00000
    -32.595         0.00000
    -32.445         0.00000
    -32.295         0.00000
    -32.145         0.00000
    -31.995         0.00000
    -31.845         0.00000
    -31.695         0.00000
    -31.545         0.00000
    -31.395         0.00000
    -31.245         0.00000
    -31.095         0.00000
    -30.945         0.00000
    -30.795         0.00000
    -30.645         0.00000
    -30.495         0.00000
    -30.345         0.00000
    -30.195         0.00000
    -30.045         0.00000
    -29.895         0.00000
    -29.745         0.00000
    -29.595         0.00000
    -29.445         0.00000
    -29.295         0.00000
    -29.145         0.00000
    -28.995         0.00000
    -28.845         0.00000
    -28.695         0.00000
    -28.545         0.00000
    -28.395         0.00000
    -28.245         0.00000
    -28.095         0.00000
    -27.945         0.00000
    -27.795         0.00000
    -27.645         0.00000
    -27.495         0.00000
    -27.345         0.00000
    -27.195         0.00000
    -27.045         0.00000
    -26.895         0.00000
    -26.745         0.00000
    -26.595         0.00000
    -26.445         0.00000
    -26.295         0.00000
    -26.145         0.00000
    -25.995         0.00000
    -25.845         0.00000
    -25.695         0.00000
    -25.545         0.00000
    -25.395         0.00000
    -25.245         0.00000
    -25.095         0.00000
    -24.945         0.00000
    -24.795         0.00000
    -24.645         0.00000
    -24.495         0.00000
    -24.345         0.00000
    -24.195         0.00000
    -24.045         0.00000
    -23.895         0.00000
    -23.745         0.00000
    -23.595         0.00000
    -23.445         0.00000
    -23.295         0.00000
    -23.145         0.00000
    -22.995         0.00000
    -22.845         0.00000
    -22.695         0.00000
    -22.545         0.00000
    -22.395         0.00000
    -22.245         0.00000
    -22.095         0.00000
    -21.945         0.00000
    -21.795         0.00000
    -21.645         0.00000
    -21.495         0.00000
    -21.345         0.00000
    -21.195         0.00000
    -21.045         0.00000
    -20.895         0.00000
    -20.745         0.00000
    -20.595         0.00000
    -20.445         0.00000
    -20.295         0.00000
    -20.145         0.00000
    -19.995         0.00000
    -19.845         0.00000
    -19.695         0.00000
    -19.545         0.00000
    -19.395         0.00000
    -19.245         0.00000
    -19.095         0.00000
    -18.945         0.00000
    -18.795         0.00000
    -18.645         0.00000
    -18.495         0.00000
    -18.345         0.00000
    -18.195         0.00000
    -18.045         0.00000
    -17.895         0.00000
    -17.745         0.00000
    -17.595         0.00000
    -17.445         0.00000
    -17.295         0.00000
    -17.145         0.00000
    -16.995         0.00000
    -16.845         0.00000
    -16.695         0.00000
    -16.545         0.00000
    -16.395         0.00000
    -16.245         0.00000
    -16.095         0.00000
    -15.945         0.00000
    -15.795         0.00000
    -15.645         0.00000
    -15.495         0.00000
    -15.345         0.00000
    -15.195         0.00000
    -15.045         0.00000
    -14.895         0.00000
    -14.745         0.00000
    -14.595         0.00000
    -14.445         0.00000
    -14.295         0.00000
    -14.145         0.00000
    -13.995         0.00000
    -13.845         0.00000
    -13.695         0.00000
    -13.545         0.00000
    -13.395         0.00000
    -13.245         0.00000
    -13.095         0.00000
    -12.945         0.00000
    -12.795         0.00000
    -12.645         0.00000
    -12.495         0.00000
    -12.345         0.00000
    -12.195         0.00000
    -12.045         0.00000
    -11.895         0.00000
    -11.745         0.00000
    -11.595         0.00000
    -11.445         0.00000
    -11.295         0.00000
    -11.145         0.00000
    -10.995         0.00000
    -10.845         0.00000
    -10.695         0.00000
    -10.545         0.00000
    -10.395         0.00000
    -10.245         0.00000
    -10.095         0.00000
    -9.9450         0.00000
    -9.7950         0.00000
    -9.6450         0.00000
    -9.4950         0.00000
    -9.3450         0.00000
    -9.1950         0.00000
    -9.0450        -0.00073
    -8.8950        -0.00150
    -8.7450        -0.00354
    -8.5950        -0.00659
    -8.4450        -0.01542
    -8.2950        -0.02189
    -8.1450        -0.03283
    -7.9950        -0.04933
    -7.8450        -0.07691
    -7.6950        -0.10380
    -7.5450        -0.13573
    -7.3950        -0.17374
    -7.2450        -0.23132
    -7.0950        -0.28911
    -6.9450        -0.36548
    -6.7950        -0.44312
    -6.6450        -0.53482
    -6.4950        -0.64016
    -6.3450        -0.74827
    -6.1950        -0.87319
    -6.0450        -1.02152
    -5.8950        -1.19482
    -5.7450        -1.36547
    -5.5950        -1.55237
    -5.4450        -1.75946
    -5.2950        -1.97028
    -5.1450        -2.18877
    -4.9950        -2.43219
    -4.8450        -2.67185
    -4.6950        -2.92746
    -4.5450        -3.18878
    -4.3950        -3.42222
    -4.2450        -3.65417
    -4.0950        -3.88677
    -3.9450        -4.09711
    -3.7950        -4.28843
    -3.6450        -4.49337
    -3.4950        -4.69372
    -3.3450        -4.88846
    -3.1950        -5.08944
    -3.0450        -5.29132
    -2.8950        -5.49361
    -2.7450        -5.71424
    -2.5950        -5.94216
    -2.4450        -6.20057
    -2.2950        -6.49079
    -2.1450        -6.82173
    -1.9950        -7.22054
    -1.8450        -7.71845
    -1.6950        -8.35895
    -1.5450        -9.14380
    -1.3950       -10.13089
    -1.2450       -11.30260
    -1.0950       -12.68008
   -0.94500       -14.21976
   -0.79500       -15.93070
   -0.64500       -17.82338
   -0.49500       -20.10774
   -0.34500       -23.20202
   -0.22700       -24.57323
   -0.21300       -24.75537
   -0.20700       -24.94381
   -0.20100       -25.13300
   -0.19500       -25.32663
   -0.18900       -25.52505
   -0.18300       -25.72913
   -0.17700       -25.94340
   -0.17100       -26.16306
   -0.16500       -26.38781
   -0.15900       -26.61859
   -0.15300       -26.85978
   -0.14700       -27.11077
   -0.14100       -27.36877
   -0.13500       -27.63862
   -0.12900       -27.91600
   -0.12300       -28.20796
   -0.11700       -28.51221
   -0.11100       -28.83505
   -0.10500       -29.17289
   -0.99000E-01   -29.53006
   -0.93000E-01   -29.90725
   -0.87000E-01   -30.30946
   -0.81000E-01   -30.73996
   -0.75000E-01   -31.20388
   -0.69000E-01   -31.70615
   -0.63000E-01   -32.25433
   -0.57000E-01   -32.85770
   -0.51000E-01   -33.53310
   -0.45000E-01   -34.29592
   -0.39000E-01   -35.17705
   -0.33000E-01   -36.21927
   -0.27000E-01   -37.50121
   -0.21300E-01   -38.57561
   -0.19500E-01   -38.75179
   -0.18900E-01   -38.93329
   -0.18300E-01   -39.12186
   -0.17700E-01   -39.31647
   -0.17100E-01   -39.51783
   -0.16500E-01   -39.72745
   -0.15900E-01   -39.94419
   -0.15300E-01   -40.17002
   -0.14700E-01   -40.40556
   -0.14100E-01   -40.65204
   -0.13500E-01   -40.91037
   -0.12900E-01   -41.18169
   -0.12300E-01   -41.46799
   -0.11700E-01   -41.77075
   -0.11100E-01   -42.09256
   -0.10500E-01   -42.43664
   -0.99000E-02   -42.80747
   -0.93000E-02   -43.20720
   -0.87000E-02   -43.63928
   -0.81000E-02   -44.10542
   -0.75000E-02   -44.60708
   -0.69000E-02   -45.14785
   -0.63000E-02   -45.72860
   -0.57000E-02   -46.35330
   -0.51000E-02   -47.02706
   -0.45000E-02   -47.75401
   -0.39000E-02   -48.54054
   -0.33000E-02   -49.39972
   -0.27000E-02   -50.35156
   -0.21000E-02   -51.38141
   -0.15000E-02   -52.37525
   -0.90000E-03   -53.09156
   -0.30000E-03   -53.35496
    0.30000E-03   -53.10654
    0.90000E-03   -52.40624
    0.15000E-02   -51.41393
    0.21000E-02   -50.38411
    0.27000E-02   -49.43189
    0.33000E-02   -48.57271
    0.39000E-02   -47.78539
    0.45000E-02   -47.05798
    0.51000E-02   -46.38517
    0.57000E-02   -45.76061
    0.63000E-02   -45.18092
    0.69000E-02   -44.64162
    0.75000E-02   -44.14185
    0.81000E-02   -43.67714
    0.87000E-02   -43.24676
    0.93000E-02   -42.84703
    0.99000E-02   -42.47763
    0.10500E-01   -42.13447
    0.11100E-01   -41.81365
    0.11700E-01   -41.51108
    0.12300E-01   -41.22633
    0.12900E-01   -40.95589
    0.13500E-01   -40.69762
    0.14100E-01   -40.45225
    0.14700E-01   -40.21775
    0.15300E-01   -39.99272
    0.15900E-01   -39.77640
    0.16500E-01   -39.56785
    0.17100E-01   -39.36731
    0.17700E-01   -39.17391
    0.18300E-01   -38.98707
    0.18900E-01   -38.80647
    0.19500E-01   -38.63178
    0.21300E-01   -37.56302
    0.27000E-01   -36.29091
    0.33000E-01   -35.25527
    0.39000E-01   -34.38244
    0.45000E-01   -33.62924
    0.51000E-01   -32.96551
    0.57000E-01   -32.37484
    0.63000E-01   -31.84152
    0.69000E-01   -31.35653
    0.75000E-01   -30.90928
    0.81000E-01   -30.49670
    0.87000E-01   -30.11724
    0.93000E-01   -29.76477
    0.99000E-01   -29.43245
    0.10500       -29.12032
    0.11100       -28.82877
    0.11700       -28.55677
    0.12300       -28.29673
    0.12900       -28.05096
    0.13500       -27.81861
    0.14100       -27.59528
    0.14700       -27.38195
    0.15300       -27.17966
    0.15900       -26.98601
    0.16500       -26.79924
    0.17100       -26.62024
    0.17700       -26.44760
    0.18300       -26.28253
    0.18900       -26.12282
    0.19500       -25.96743
    0.20100       -25.81697
    0.20700       -25.67373
    0.21300       -25.53597
    0.22700       -24.52940
    0.34500       -22.58595
    0.49500       -21.47655
    0.64500       -20.73245
    0.79500       -20.18372
    0.94500       -19.73555
     1.0950       -19.35513
     1.2450       -19.02009
     1.3950       -18.72205
     1.5450       -18.45543
     1.6950       -18.21723
     1.8450       -18.00736
     1.9950       -17.81904
     2.1450       -17.65252
     2.2950       -17.49309
     2.4450       -17.35533
     2.5950       -17.23525
     2.7450       -17.12481
     2.8950       -17.02673
     3.0450       -16.94160
     3.1950       -16.86381
     3.3450       -16.78877
     3.4950       -16.72746
     3.6450       -16.66174
     3.7950       -16.60603
     3.9450       -16.55298
     4.0950       -16.50304
     4.2450       -16.45539
     4.3950       -16.40724
     4.5450       -16.36296
     4.6950       -16.31877
     4.8450       -16.27827
     4.9950       -16.23887
     5.1450       -16.20057
     5.2950       -16.16345
     5.4450       -16.12757
     5.5950       -16.09273
     5.7450       -16.05868
     5.8950       -16.02562
     6.0450       -15.99340
     6.1950       -15.96155
     6.3450       -15.93098
     6.4950       -15.90110
     6.6450       -15.87206
     6.7950       -15.84339
     6.9450       -15.81533
     7.0950       -15.78813
     7.2450       -15.76103
     7.3950       -15.73542
     7.5450       -15.70951
     7.6950       -15.68418
     7.8450       -15.65973
     7.9950       -15.63574
     8.1450       -15.61197
     8.2950       -15.58847
     8.4450       -15.56555
     8.5950       -15.54339
     8.7450       -15.52152
     8.8950       -15.49999
     9.0450       -15.47885
     9.1950       -15.45752
     9.3450       -15.43663
     9.4950       -15.41617
     9.6450       -15.39603
     9.7950       -15.37648
     9.9450       -15.35711
     10.095       -15.33812
     10.245       -15.31917
     10.395       -15.30065
     10.545       -15.28248
     10.695       -15.26481
     10.845       -15.24720
     10.995       -15.22972
     11.145       -15.21215
     11.295       -15.19512
     11.445       -15.17840
     11.595       -15.16193
     11.745       -15.14590
     11.895       -15.12980
     12.045       -15.11412
     12.195       -15.09863
     12.345       -15.08276
     12.495       -15.06777
     12.645       -15.05287
     12.795       -15.03791
     12.945       -15.02334
     13.095       -15.00843
     13.245       -14.99382
     13.395       -14.97952
     13.545       -14.96541
     13.695       -14.95176
     13.845       -14.93826
     13.995       -14.92478
     14.145       -14.91138
     14.295       -14.89811
     14.445       -14.88505
     14.595       -14.87212
     14.745       -14.85946
     14.895       -14.84677
     15.045       -14.83409
     15.195       -14.82168
     15.345       -14.80915
     15.495       -14.79689
     15.645       -14.78462
     15.795       -14.77267
     15.945       -14.76062
     16.095       -14.74868
     16.245       -14.73698
     16.395       -14.72563
     16.545       -14.71412
     16.695       -14.70271
     16.845       -14.69155
     16.995       -14.68048
     17.145       -14.66936
     17.295       -14.65863
     17.445       -14.64795
     17.595       -14.63702
     17.745       -14.62657
     17.895       -14.61590
     18.045       -14.60541
     18.195       -14.59520
     18.345       -14.58478
     18.495       -14.57480
     18.645       -14.56441
     18.795       -14.55447
     18.945       -14.54444
     19.095       -14.53441
     19.245       -14.52453
     19.395       -14.51484
     19.545       -14.50546
     19.695       -14.49596
     19.845       -14.48663
     19.995       -14.47716
     20.145       -14.46818
     20.295       -14.45932
     20.445       -14.45008
     20.595       -14.44099
     20.745       -14.43192
     20.895       -14.42287
     21.045       -14.41399
     21.195       -14.40483
     21.345       -14.39617
     21.495       -14.38780
     21.645       -14.37903
     21.795       -14.37040
     21.945       -14.36149
     22.095       -14.35278
     22.245       -14.34440
     22.395       -14.33613
     22.545       -14.32780
     22.695       -14.31955
     22.845       -14.31120
     22.995       -14.30282
     23.145       -14.29482
     23.295       -14.28711
     23.445       -14.27926
     23.595       -14.27151
     23.745       -14.26368
     23.895       -14.25587
     24.045       -14.24821
     24.195       -14.24064
     24.345       -14.23309
     24.495       -14.22554
     24.645       -14.21779
     24.795       -14.21040
     24.945       -14.20285
     25.095       -14.19540
     25.245       -14.18846
     25.395       -14.18119
     25.545       -14.17390
     25.695       -14.16670
     25.845       -14.15947
     25.995       -14.15233
     26.145       -14.14512
     26.295       -14.13798
     26.445       -14.13090
     26.595       -14.12390
     26.745       -14.11711
     26.895       -14.11037
     27.045       -14.10361
     27.195       -14.09677
     27.345       -14.08990
     27.495       -14.08339
     27.645       -14.07655
     27.795       -14.07003
     27.945       -14.06368
     28.095       -14.05699
     28.245       -14.05041
     28.395       -14.04395
     28.545       -14.03753
     28.695       -14.03091
     28.845       -14.02456
     28.995       -14.01803
     29.145       -14.01157
     29.295       -14.00526
     29.445       -13.99901
     29.595       -13.99268
     29.745       -13.98666
     29.895       -13.98031
     30.045       -13.97424
     30.195       -13.96828
     30.345       -13.96225
     30.495       -13.95647
     30.645       -13.95025
     30.795       -13.94433
     30.945       -13.93848
     31.095       -13.93270
     31.245       -13.92681
     31.395       -13.92091
     31.545       -13.91525
     31.695       -13.90953
     31.845       -13.90369
     31.995       -13.89805
     32.145       -13.89223
     32.295       -13.88646
     32.445       -13.88108
     32.595       -13.87523
     32.745       -13.86961
     32.895       -13.86411
     33.045       -13.85881
     33.195       -13.85326
     33.345       -13.84787
     33.495       -13.84231
     33.645       -13.83675
     33.795       -13.83115
     33.945       -13.82585
     34.095       -13.82040
     34.245       -13.81502
     34.395       -13.80977
     34.545       -13.80447
     34.695       -13.79931
     34.845       -13.79412
     34.995       -13.78878
     35.145       -13.78375
     35.295       -13.77853
     35.445       -13.77358
     35.595       -13.76849
     35.745       -13.76333
     35.895       -13.75817
     36.045       -13.75312
     36.195       -13.74791
     36.345       -13.74297
     36.495       -13.73786
     36.645       -13.73274
     36.795       -13.72786
     36.945       -13.72273
     37.095       -13.71793
     37.245       -13.71310
     37.395       -13.70836
     37.545       -13.70337
     37.695       -13.69852
     37.845       -13.69356
     37.995       -13.68878
     38.145       -13.68389
     38.295       -13.67923
     38.445       -13.67450
     38.595       -13.66980
     38.745       -13.66516
     38.895       -13.66056
     39.045       -13.65591
     39.195       -13.65132
     39.345       -13.64657
     39.495       -13.64208
     39.645       -13.63756
     39.795       -13.63281
     39.945       -13.62822
     40.095       -13.62360
     40.245       -13.61915
     40.395       -13.61464
     40.545       -13.61001
     40.695       -13.60545
     40.845       -13.60096
     40.995       -13.59652
     41.145       -13.59226
     41.295       -13.58797
     41.445       -13.58347
     41.595       -13.57913
     41.745       -13.57483
     41.895       -13.57048
     42.045       -13.56608
     42.195       -13.56185
     42.345       -13.55758
     42.495       -13.55330
     42.645       -13.54884
     42.795       -13.54470
     42.945       -13.54046
     43.095       -13.53601
     43.245       -13.53166
     43.395       -13.52770
     43.545       -13.52356
     43.695       -13.51944
     43.845       -13.51544
     43.995       -13.51136
     44.145       -13.50710
     44.295       -13.50304
     44.445       -13.49909
     44.595       -13.49512
     44.745       -13.49127
     44.895       -13.48743
     45.045       -13.48358
     45.195       -13.47966
     45.345       -13.47583
     45.495       -13.47193
     45.645       -13.46790
     45.795       -13.46386
     45.945       -13.45990
     46.095       -13.45613
     46.245       -13.45226
     46.395       -13.44847
     46.545       -13.44453
     46.695       -13.44074
     46.845       -13.43685
     46.995       -13.43305
     47.145       -13.42927
     47.295       -13.42545
     47.445       -13.42163
     47.595       -13.41798
     47.745       -13.41410
     47.895       -13.41032
     48.045       -13.40659
     48.195       -13.40289
     48.345       -13.39919
     48.495       -13.39551
     48.645       -13.39187
     48.795       -13.38815
     48.945       -13.38459
     49.095       -13.38092
     49.245       -13.37719
     49.395       -13.37362
     49.545       -13.36990
     49.695       -13.36634
     49.845       -13.36276
     49.995       -13.35927
     50.145       -13.35572
     50.295       -13.35214
     50.445       -13.34855
     50.595       -13.34489
     50.745       -13.34138
     50.895       -13.33791
     51.045       -13.33436
     51.195       -13.33071
     51.345       -13.32723
     51.495       -13.32386
     51.645       -13.32039
     51.795       -13.31690
     51.945       -13.31344
     52.095       -13.30998
     52.245       -13.30671
     52.395       -13.30328
     52.545       -13.29980
     52.695       -13.29639
     52.845       -13.29298
     52.995       -13.28966
     53.145       -13.28628
     53.295       -13.28301
     53.445       -13.27963
     53.595       -13.27643
     53.745       -13.27310
     53.895       -13.26979
     54.045       -13.26657
     54.195       -13.26326
     54.345       -13.26011
     54.495       -13.25694
     54.645       -13.25365
     54.795       -13.25038
     54.945       -13.24704
     55.095       -13.24376
     59.433       -12.99163
     80.646       -12.62349
     111.21       -12.26600
     153.36       -11.91773
     211.49       -11.58051
     291.64       -11.25408
     402.18       -10.93886
     554.60       -10.63485
     764.80       -10.33971
     1054.7       -10.05447
     1454.4        -9.78131
     2005.6        -9.51557
     2765.8        -9.25933
     3814.0        -9.01161
     5259.5        -8.77136
     7252.9        -8.53919
     10002.        -8.31585
     13793.        -8.10076
     19020.        -7.89465
     26229.        -7.69594
     36170.        -7.50665
     49878.        -7.32518
     68782.        -7.15200
     94851.        -6.98687
    0.13080E+06    -6.82878
    0.18038E+06    -6.67946
    0.24874E+06    -6.53675
    0.34301E+06    -6.40025
    0.47302E+06    -6.27115
    0.65229E+06    -6.14745
    0.89952E+06    -6.02927
    0.12404E+07    -5.91665
    0.17106E+07    -5.80978
    0.23589E+07    -5.70800
    0.32529E+07    -5.61134
    0.44858E+07    -5.51954
    0.61860E+07    -5.43211
    0.85305E+07    -5.34874
    0.11764E+08    -5.27003
    0.16222E+08    -5.19453
    0.22370E+08    -5.12272
    0.30849E+08    -5.05518
    0.42541E+08    -4.99117
    0.58664E+08    -4.93011
    0.80898E+08    -4.87291
    0.11156E+09    -4.81959
    0.15384E+09    -4.76971
    0.21215E+09    -4.72284
    0.29255E+09    -4.67920
    0.40343E+09    -4.63849
    0.55633E+09    -4.59999
    0.76719E+09    -4.56518
    0.10580E+10    -4.53311
    0.14589E+10    -4.50381
    0.20119E+10    -4.47682
    0.27744E+10    -4.45185
    0.38259E+10    -4.42875
    0.52760E+10    -4.40751
    0.72756E+10    -4.38841
    0.10033E+11    -4.37039
    0.13836E+11    -4.35383
    0.19079E+11    -4.33867
    0.26311E+11    -4.32448
    0.36283E+11    -4.31130
    0.50034E+11    -4.29930
    0.68997E+11    -4.28786
    0.10000E+12    -4.15448
