    -159.95         0.00000
    -159.79         0.00000
    -159.65         0.00000
    -159.49         0.00000
    -159.34         0.00000
    -159.20         0.00000
    -159.04         0.00000
    -158.90         0.00000
    -158.74         0.00000
    -158.59         0.00000
    -158.45         0.00000
    -158.29         0.00000
    -158.15         0.00000
    -157.99         0.00000
    -157.84         0.00000
    -157.70         0.00000
    -157.54         0.00000
    -157.40         0.00000
    -157.24         0.00000
    -157.09         0.00000
    -156.95         0.00000
    -156.79         0.00000
    -156.65         0.00000
    -156.49         0.00000
    -156.34         0.00000
    -156.20         0.00000
    -156.04         0.00000
    -155.90         0.00000
    -155.74         0.00000
    -155.59         0.00000
    -155.45         0.00000
    -155.29         0.00000
    -155.15         0.00000
    -154.99         0.00000
    -154.84         0.00000
    -154.70         0.00000
    -154.54         0.00000
    -154.40         0.00000
    -154.24         0.00000
    -154.09         0.00000
    -153.95         0.00000
    -153.79         0.00000
    -153.65         0.00000
    -153.49         0.00000
    -153.34         0.00000
    -153.20         0.00000
    -153.04         0.00000
    -152.90         0.00000
    -152.74         0.00000
    -152.59         0.00000
    -152.45         0.00000
    -152.29         0.00000
    -152.15         0.00000
    -151.99         0.00000
    -151.84         0.00000
    -151.70         0.00000
    -151.54         0.00000
    -151.40         0.00000
    -151.24         0.00000
    -151.09         0.00000
    -150.95         0.00000
    -150.79         0.00000
    -150.65         0.00000
    -150.49         0.00000
    -150.34         0.00000
    -150.20         0.00000
    -150.04         0.00000
    -149.90         0.00000
    -149.74         0.00000
    -149.59         0.00000
    -149.45         0.00000
    -149.29         0.00000
    -149.15         0.00000
    -148.99         0.00000
    -148.84         0.00000
    -148.70         0.00000
    -148.54         0.00000
    -148.40         0.00000
    -148.24         0.00000
    -148.09         0.00000
    -147.95         0.00000
    -147.79         0.00000
    -147.65         0.00000
    -147.49         0.00000
    -147.34         0.00000
    -147.20         0.00000
    -147.04         0.00000
    -146.90         0.00000
    -146.74         0.00000
    -146.59         0.00000
    -146.45         0.00000
    -146.29         0.00000
    -146.15         0.00000
    -145.99         0.00000
    -145.84         0.00000
    -145.70         0.00000
    -145.54         0.00000
    -145.40         0.00000
    -145.24         0.00000
    -145.09         0.00000
    -144.95         0.00000
    -144.79         0.00000
    -144.65         0.00000
    -144.49         0.00000
    -144.34         0.00000
    -144.20         0.00000
    -144.04         0.00000
    -143.90         0.00000
    -143.74         0.00000
    -143.59         0.00000
    -143.45         0.00000
    -143.29         0.00000
    -143.15         0.00000
    -142.99         0.00000
    -142.84         0.00000
    -142.70         0.00000
    -142.54         0.00000
    -142.40         0.00000
    -142.24         0.00000
    -142.09         0.00000
    -141.95         0.00000
    -141.79         0.00000
    -141.65         0.00000
    -141.49         0.00000
    -141.34         0.00000
    -141.20         0.00000
    -141.04         0.00000
    -140.90         0.00000
    -140.74         0.00000
    -140.59         0.00000
    -140.45         0.00000
    -140.29         0.00000
    -140.15         0.00000
    -139.99         0.00000
    -139.84         0.00000
    -139.70         0.00000
    -139.54         0.00000
    -139.40         0.00000
    -139.24         0.00000
    -139.09         0.00000
    -138.95         0.00000
    -138.79         0.00000
    -138.65         0.00000
    -138.49         0.00000
    -138.34         0.00000
    -138.20         0.00000
    -138.04         0.00000
    -137.90         0.00000
    -137.74         0.00000
    -137.59         0.00000
    -137.45         0.00000
    -137.29         0.00000
    -137.15         0.00000
    -136.99         0.00000
    -136.84         0.00000
    -136.70         0.00000
    -136.54         0.00000
    -136.40         0.00000
    -136.24         0.00000
    -136.09         0.00000
    -135.95         0.00000
    -135.79         0.00000
    -135.65         0.00000
    -135.49         0.00000
    -135.34         0.00000
    -135.20         0.00000
    -135.04         0.00000
    -134.90         0.00000
    -134.74         0.00000
    -134.59         0.00000
    -134.45         0.00000
    -134.29         0.00000
    -134.15         0.00000
    -133.99         0.00000
    -133.84         0.00000
    -133.70         0.00000
    -133.54         0.00000
    -133.40         0.00000
    -133.24         0.00000
    -133.09         0.00000
    -132.95         0.00000
    -132.79         0.00000
    -132.65         0.00000
    -132.49         0.00000
    -132.34         0.00000
    -132.20         0.00000
    -132.04         0.00000
    -131.90         0.00000
    -131.74         0.00000
    -131.59         0.00000
    -131.45         0.00000
    -131.29         0.00000
    -131.15         0.00000
    -130.99         0.00000
    -130.84         0.00000
    -130.70         0.00000
    -130.54         0.00000
    -130.40         0.00000
    -130.24         0.00000
    -130.09         0.00000
    -129.95         0.00000
    -129.79         0.00000
    -129.65         0.00000
    -129.49         0.00000
    -129.34         0.00000
    -129.20         0.00000
    -129.04         0.00000
    -128.90         0.00000
    -128.74         0.00000
    -128.59         0.00000
    -128.45         0.00000
    -128.29         0.00000
    -128.15         0.00000
    -127.99         0.00000
    -127.85         0.00000
    -127.69         0.00000
    -127.55         0.00000
    -127.39         0.00000
    -127.25         0.00000
    -127.10         0.00000
    -126.94         0.00000
    -126.80         0.00000
    -126.64         0.00000
    -126.50         0.00000
    -126.35         0.00000
    -126.19         0.00000
    -126.05         0.00000
    -125.89         0.00000
    -125.75         0.00000
    -125.60         0.00000
    -125.44         0.00000
    -125.30         0.00000
    -125.14         0.00000
    -125.00         0.00000
    -124.85         0.00000
    -124.69         0.00000
    -124.55         0.00000
    -124.39         0.00000
    -124.25         0.00000
    -124.10         0.00000
    -123.94         0.00000
    -123.80         0.00000
    -123.64         0.00000
    -123.50         0.00000
    -123.35         0.00000
    -123.19         0.00000
    -123.05         0.00000
    -122.89         0.00000
    -122.75         0.00000
    -122.60         0.00000
    -122.44         0.00000
    -122.30         0.00000
    -122.14         0.00000
    -122.00         0.00000
    -121.85         0.00000
    -121.69         0.00000
    -121.55         0.00000
    -121.39         0.00000
    -121.25         0.00000
    -121.10         0.00000
    -120.94         0.00000
    -120.80         0.00000
    -120.64         0.00000
    -120.50         0.00000
    -120.35         0.00000
    -120.19         0.00000
    -120.05         0.00000
    -119.89         0.00000
    -119.75         0.00000
    -119.60         0.00000
    -119.44         0.00000
    -119.30         0.00000
    -119.14         0.00000
    -119.00         0.00000
    -118.85         0.00000
    -118.69         0.00000
    -118.55         0.00000
    -118.39         0.00000
    -118.25         0.00000
    -118.10         0.00000
    -117.94         0.00000
    -117.80         0.00000
    -117.64         0.00000
    -117.50         0.00000
    -117.35         0.00000
    -117.19         0.00000
    -117.05         0.00000
    -116.89         0.00000
    -116.75         0.00000
    -116.60         0.00000
    -116.44         0.00000
    -116.30         0.00000
    -116.14         0.00000
    -116.00         0.00000
    -115.85         0.00000
    -115.69         0.00000
    -115.55         0.00000
    -115.39         0.00000
    -115.25         0.00000
    -115.10         0.00000
    -114.94         0.00000
    -114.80         0.00000
    -114.64         0.00000
    -114.50         0.00000
    -114.35         0.00000
    -114.19         0.00000
    -114.05         0.00000
    -113.89         0.00000
    -113.75         0.00000
    -113.60         0.00000
    -113.44         0.00000
    -113.30         0.00000
    -113.14         0.00000
    -113.00         0.00000
    -112.85         0.00000
    -112.69         0.00000
    -112.55         0.00000
    -112.39         0.00000
    -112.25         0.00000
    -112.10         0.00000
    -111.94         0.00000
    -111.80         0.00000
    -111.64         0.00000
    -111.50         0.00000
    -111.35         0.00000
    -111.19         0.00000
    -111.05         0.00000
    -110.89         0.00000
    -110.75         0.00000
    -110.60         0.00000
    -110.44         0.00000
    -110.30         0.00000
    -110.14         0.00000
    -110.00         0.00000
    -109.85         0.00000
    -109.69         0.00000
    -109.55         0.00000
    -109.39         0.00000
    -109.25         0.00000
    -109.10         0.00000
    -108.94         0.00000
    -108.80         0.00000
    -108.64         0.00000
    -108.50         0.00000
    -108.35         0.00000
    -108.19         0.00000
    -108.05         0.00000
    -107.89         0.00000
    -107.75         0.00000
    -107.60         0.00000
    -107.44         0.00000
    -107.30         0.00000
    -107.14         0.00000
    -107.00         0.00000
    -106.85         0.00000
    -106.69         0.00000
    -106.55         0.00000
    -106.39         0.00000
    -106.25         0.00000
    -106.10         0.00000
    -105.94         0.00000
    -105.80         0.00000
    -105.64         0.00000
    -105.50         0.00000
    -105.35         0.00000
    -105.19         0.00000
    -105.05         0.00000
    -104.89         0.00000
    -104.75         0.00000
    -104.60         0.00000
    -104.44         0.00000
    -104.30         0.00000
    -104.14         0.00000
    -104.00         0.00000
    -103.85         0.00000
    -103.69         0.00000
    -103.55         0.00000
    -103.39         0.00000
    -103.25         0.00000
    -103.10         0.00000
    -102.94         0.00000
    -102.80         0.00000
    -102.64         0.00000
    -102.50         0.00000
    -102.35         0.00000
    -102.19         0.00000
    -102.05         0.00000
    -101.89         0.00000
    -101.75         0.00000
    -101.60         0.00000
    -101.44         0.00000
    -101.30         0.00000
    -101.14         0.00000
    -101.00         0.00000
    -100.85         0.00000
    -100.69         0.00000
    -100.55         0.00000
    -100.39         0.00000
    -100.25         0.00000
    -100.10         0.00000
    -99.945         0.00000
    -99.795         0.00000
    -99.645         0.00000
    -99.495         0.00000
    -99.345         0.00000
    -99.195         0.00000
    -99.045         0.00000
    -98.895         0.00000
    -98.745         0.00000
    -98.595         0.00000
    -98.445         0.00000
    -98.295         0.00000
    -98.145         0.00000
    -97.995         0.00000
    -97.845         0.00000
    -97.695         0.00000
    -97.545         0.00000
    -97.395         0.00000
    -97.245         0.00000
    -97.095         0.00000
    -96.945         0.00000
    -96.795         0.00000
    -96.645         0.00000
    -96.495         0.00000
    -96.345         0.00000
    -96.195         0.00000
    -96.045         0.00000
    -95.895         0.00000
    -95.745         0.00000
    -95.595         0.00000
    -95.445         0.00000
    -95.295         0.00000
    -95.145         0.00000
    -94.995         0.00000
    -94.845         0.00000
    -94.695         0.00000
    -94.545         0.00000
    -94.395         0.00000
    -94.245         0.00000
    -94.095         0.00000
    -93.945         0.00000
    -93.795         0.00000
    -93.645         0.00000
    -93.495         0.00000
    -93.345         0.00000
    -93.195         0.00000
    -93.045         0.00000
    -92.895         0.00000
    -92.745         0.00000
    -92.595         0.00000
    -92.445         0.00000
    -92.295         0.00000
    -92.145         0.00000
    -91.995         0.00000
    -91.845         0.00000
    -91.695         0.00000
    -91.545         0.00000
    -91.395         0.00000
    -91.245         0.00000
    -91.095         0.00000
    -90.945         0.00000
    -90.795         0.00000
    -90.645         0.00000
    -90.495         0.00000
    -90.345         0.00000
    -90.195         0.00000
    -90.045         0.00000
    -89.895         0.00000
    -89.745         0.00000
    -89.595         0.00000
    -89.445         0.00000
    -89.295         0.00000
    -89.145         0.00000
    -88.995         0.00000
    -88.845         0.00000
    -88.695         0.00000
    -88.545         0.00000
    -88.395         0.00000
    -88.245         0.00000
    -88.095         0.00000
    -87.945         0.00000
    -87.795         0.00000
    -87.645         0.00000
    -87.495         0.00000
    -87.345         0.00000
    -87.195         0.00000
    -87.045         0.00000
    -86.895         0.00000
    -86.745         0.00000
    -86.595         0.00000
    -86.445         0.00000
    -86.295         0.00000
    -86.145         0.00000
    -85.995         0.00000
    -85.845         0.00000
    -85.695         0.00000
    -85.545         0.00000
    -85.395         0.00000
    -85.245         0.00000
    -85.095         0.00000
    -84.945         0.00000
    -84.795         0.00000
    -84.645         0.00000
    -84.495         0.00000
    -84.345         0.00000
    -84.195         0.00000
    -84.045         0.00000
    -83.895         0.00000
    -83.745         0.00000
    -83.595         0.00000
    -83.445         0.00000
    -83.295         0.00000
    -83.145         0.00000
    -82.995         0.00000
    -82.845         0.00000
    -82.695         0.00000
    -82.545         0.00000
    -82.395         0.00000
    -82.245         0.00000
    -82.095         0.00000
    -81.945         0.00000
    -81.795         0.00000
    -81.645         0.00000
    -81.495         0.00000
    -81.345         0.00000
    -81.195         0.00000
    -81.045         0.00000
    -80.895         0.00000
    -80.745         0.00000
    -80.595         0.00000
    -80.445         0.00000
    -80.295         0.00000
    -80.145         0.00000
    -79.995         0.00000
    -79.845         0.00000
    -79.695         0.00000
    -79.545         0.00000
    -79.395         0.00000
    -79.245         0.00000
    -79.095         0.00000
    -78.945         0.00000
    -78.795         0.00000
    -78.645         0.00000
    -78.495         0.00000
    -78.345         0.00000
    -78.195         0.00000
    -78.045         0.00000
    -77.895         0.00000
    -77.745         0.00000
    -77.595         0.00000
    -77.445         0.00000
    -77.295         0.00000
    -77.145         0.00000
    -76.995         0.00000
    -76.845         0.00000
    -76.695         0.00000
    -76.545         0.00000
    -76.395         0.00000
    -76.245         0.00000
    -76.095         0.00000
    -75.945         0.00000
    -75.795         0.00000
    -75.645         0.00000
    -75.495         0.00000
    -75.345         0.00000
    -75.195         0.00000
    -75.045         0.00000
    -74.895         0.00000
    -74.745         0.00000
    -74.595         0.00000
    -74.445         0.00000
    -74.295         0.00000
    -74.145         0.00000
    -73.995         0.00000
    -73.845         0.00000
    -73.695         0.00000
    -73.545         0.00000
    -73.395         0.00000
    -73.245         0.00000
    -73.095         0.00000
    -72.945         0.00000
    -72.795         0.00000
    -72.645         0.00000
    -72.495         0.00000
    -72.345         0.00000
    -72.195         0.00000
    -72.045         0.00000
    -71.895         0.00000
    -71.745         0.00000
    -71.595         0.00000
    -71.445         0.00000
    -71.295         0.00000
    -71.145         0.00000
    -70.995         0.00000
    -70.845         0.00000
    -70.695         0.00000
    -70.545         0.00000
    -70.395         0.00000
    -70.245         0.00000
    -70.095         0.00000
    -69.945         0.00000
    -69.795         0.00000
    -69.645         0.00000
    -69.495         0.00000
    -69.345         0.00000
    -69.195         0.00000
    -69.045         0.00000
    -68.895         0.00000
    -68.745         0.00000
    -68.595         0.00000
    -68.445         0.00000
    -68.295         0.00000
    -68.145         0.00000
    -67.995         0.00000
    -67.845         0.00000
    -67.695         0.00000
    -67.545         0.00000
    -67.395         0.00000
    -67.245         0.00000
    -67.095         0.00000
    -66.945         0.00000
    -66.795         0.00000
    -66.645         0.00000
    -66.495         0.00000
    -66.345         0.00000
    -66.195         0.00000
    -66.045         0.00000
    -65.895         0.00000
    -65.745         0.00000
    -65.595         0.00000
    -65.445         0.00000
    -65.295         0.00000
    -65.145         0.00000
    -64.995         0.00000
    -64.845         0.00000
    -64.695         0.00000
    -64.545         0.00000
    -64.395         0.00000
    -64.245         0.00000
    -64.095         0.00000
    -63.945         0.00000
    -63.795         0.00000
    -63.645         0.00000
    -63.495         0.00000
    -63.345         0.00000
    -63.195         0.00000
    -63.045         0.00000
    -62.895         0.00000
    -62.745         0.00000
    -62.595         0.00000
    -62.445         0.00000
    -62.295         0.00000
    -62.145         0.00000
    -61.995         0.00000
    -61.845         0.00000
    -61.695         0.00000
    -61.545         0.00000
    -61.395         0.00000
    -61.245         0.00000
    -61.095         0.00000
    -60.945         0.00000
    -60.795         0.00000
    -60.645         0.00000
    -60.495         0.00000
    -60.345         0.00000
    -60.195         0.00000
    -60.045         0.00000
    -59.895         0.00000
    -59.745         0.00000
    -59.595         0.00000
    -59.445         0.00000
    -59.295         0.00000
    -59.145         0.00000
    -58.995         0.00000
    -58.845         0.00000
    -58.695         0.00000
    -58.545         0.00000
    -58.395         0.00000
    -58.245         0.00000
    -58.095         0.00000
    -57.945         0.00000
    -57.795         0.00000
    -57.645         0.00000
    -57.495         0.00000
    -57.345         0.00000
    -57.195         0.00000
    -57.045         0.00000
    -56.895         0.00000
    -56.745         0.00000
    -56.595         0.00000
    -56.445         0.00000
    -56.295         0.00000
    -56.145         0.00000
    -55.995         0.00000
    -55.845         0.00000
    -55.695         0.00000
    -55.545         0.00000
    -55.395         0.00000
    -55.245         0.00000
    -55.095         0.00000
    -54.945         0.00000
    -54.795         0.00000
    -54.645         0.00000
    -54.495         0.00000
    -54.345         0.00000
    -54.195         0.00000
    -54.045         0.00000
    -53.895         0.00000
    -53.745         0.00000
    -53.595         0.00000
    -53.445         0.00000
    -53.295         0.00000
    -53.145         0.00000
    -52.995         0.00000
    -52.845         0.00000
    -52.695         0.00000
    -52.545         0.00000
    -52.395         0.00000
    -52.245         0.00000
    -52.095         0.00000
    -51.945         0.00000
    -51.795         0.00000
    -51.645         0.00000
    -51.495         0.00000
    -51.345         0.00000
    -51.195         0.00000
    -51.045         0.00000
    -50.895         0.00000
    -50.745         0.00000
    -50.595         0.00000
    -50.445         0.00000
    -50.295         0.00000
    -50.145         0.00000
    -49.995         0.00000
    -49.845         0.00000
    -49.695         0.00000
    -49.545         0.00000
    -49.395         0.00000
    -49.245         0.00000
    -49.095         0.00000
    -48.945         0.00000
    -48.795         0.00000
    -48.645         0.00000
    -48.495         0.00000
    -48.345         0.00000
    -48.195         0.00000
    -48.045         0.00000
    -47.895         0.00000
    -47.745         0.00000
    -47.595         0.00000
    -47.445         0.00000
    -47.295         0.00000
    -47.145         0.00000
    -46.995         0.00000
    -46.845         0.00000
    -46.695         0.00000
    -46.545         0.00000
    -46.395         0.00000
    -46.245         0.00000
    -46.095         0.00000
    -45.945         0.00000
    -45.795         0.00000
    -45.645         0.00000
    -45.495         0.00000
    -45.345         0.00000
    -45.195         0.00000
    -45.045         0.00000
    -44.895         0.00000
    -44.745         0.00000
    -44.595         0.00000
    -44.445         0.00000
    -44.295         0.00000
    -44.145         0.00000
    -43.995         0.00000
    -43.845         0.00000
    -43.695         0.00000
    -43.545         0.00000
    -43.395         0.00000
    -43.245         0.00000
    -43.095         0.00000
    -42.945         0.00000
    -42.795         0.00000
    -42.645         0.00000
    -42.495         0.00000
    -42.345         0.00000
    -42.195         0.00000
    -42.045         0.00000
    -41.895         0.00000
    -41.745         0.00000
    -41.595         0.00000
    -41.445         0.00000
    -41.295         0.00000
    -41.145         0.00000
    -40.995         0.00000
    -40.845         0.00000
    -40.695         0.00000
    -40.545         0.00000
    -40.395         0.00000
    -40.245         0.00000
    -40.095         0.00000
    -39.945         0.00000
    -39.795         0.00000
    -39.645         0.00000
    -39.495         0.00000
    -39.345         0.00000
    -39.195         0.00000
    -39.045         0.00000
    -38.895         0.00000
    -38.745         0.00000
    -38.595         0.00000
    -38.445         0.00000
    -38.295         0.00000
    -38.145         0.00000
    -37.995         0.00000
    -37.845         0.00000
    -37.695         0.00000
    -37.545         0.00000
    -37.395         0.00000
    -37.245         0.00000
    -37.095         0.00000
    -36.945         0.00000
    -36.795         0.00000
    -36.645         0.00000
    -36.495         0.00000
    -36.345         0.00000
    -36.195         0.00000
    -36.045         0.00000
    -35.895         0.00000
    -35.745         0.00000
    -35.595         0.00000
    -35.445         0.00000
    -35.295         0.00000
    -35.145         0.00000
    -34.995         0.00000
    -34.845         0.00000
    -34.695         0.00000
    -34.545         0.00000
    -34.395         0.00000
    -34.245         0.00000
    -34.095         0.00000
    -33.945         0.00000
    -33.795         0.00000
    -33.645         0.00000
    -33.495         0.00000
    -33.345         0.00000
    -33.195         0.00000
    -33.045         0.00000
    -32.895         0.00000
    -32.745         0.00000
    -32.595         0.00000
    -32.445         0.00000
    -32.295         0.00000
    -32.145         0.00000
    -31.995         0.00000
    -31.845         0.00000
    -31.695         0.00000
    -31.545         0.00000
    -31.395         0.00000
    -31.245         0.00000
    -31.095         0.00000
    -30.945         0.00000
    -30.795         0.00000
    -30.645         0.00000
    -30.495         0.00000
    -30.345         0.00000
    -30.195         0.00000
    -30.045         0.00000
    -29.895         0.00000
    -29.745         0.00000
    -29.595         0.00000
    -29.445         0.00000
    -29.295         0.00000
    -29.145         0.00000
    -28.995         0.00000
    -28.845         0.00000
    -28.695         0.00000
    -28.545         0.00000
    -28.395         0.00000
    -28.245         0.00000
    -28.095         0.00000
    -27.945         0.00000
    -27.795         0.00000
    -27.645         0.00000
    -27.495         0.00000
    -27.345         0.00000
    -27.195         0.00000
    -27.045         0.00000
    -26.895         0.00000
    -26.745         0.00000
    -26.595         0.00000
    -26.445         0.00000
    -26.295         0.00000
    -26.145         0.00000
    -25.995         0.00000
    -25.845         0.00000
    -25.695         0.00000
    -25.545         0.00000
    -25.395         0.00000
    -25.245         0.00000
    -25.095         0.00000
    -24.945         0.00000
    -24.795         0.00000
    -24.645         0.00000
    -24.495         0.00000
    -24.345         0.00000
    -24.195         0.00000
    -24.045         0.00000
    -23.895         0.00000
    -23.745         0.00000
    -23.595         0.00000
    -23.445         0.00000
    -23.295         0.00000
    -23.145         0.00000
    -22.995         0.00000
    -22.845         0.00000
    -22.695         0.00000
    -22.545         0.00000
    -22.395         0.00000
    -22.245         0.00000
    -22.095         0.00000
    -21.945         0.00000
    -21.795         0.00000
    -21.645         0.00000
    -21.495         0.00000
    -21.345         0.00000
    -21.195         0.00000
    -21.045         0.00000
    -20.895         0.00000
    -20.745         0.00000
    -20.595         0.00000
    -20.445         0.00000
    -20.295         0.00000
    -20.145         0.00000
    -19.995         0.00000
    -19.845         0.00000
    -19.695         0.00000
    -19.545         0.00000
    -19.395         0.00000
    -19.245         0.00000
    -19.095         0.00000
    -18.945         0.00000
    -18.795         0.00000
    -18.645         0.00000
    -18.495         0.00000
    -18.345         0.00000
    -18.195         0.00000
    -18.045         0.00000
    -17.895         0.00000
    -17.745         0.00000
    -17.595         0.00000
    -17.445         0.00000
    -17.295         0.00000
    -17.145         0.00000
    -16.995         0.00000
    -16.845         0.00000
    -16.695         0.00000
    -16.545         0.00000
    -16.395         0.00000
    -16.245         0.00000
    -16.095         0.00000
    -15.945         0.00000
    -15.795         0.00000
    -15.645         0.00000
    -15.495         0.00000
    -15.345         0.00000
    -15.195         0.00000
    -15.045         0.00000
    -14.895         0.00000
    -14.745         0.00000
    -14.595         0.00000
    -14.445         0.00000
    -14.295         0.00000
    -14.145         0.00000
    -13.995         0.00000
    -13.845         0.00000
    -13.695         0.00000
    -13.545         0.00000
    -13.395         0.00000
    -13.245         0.00000
    -13.095         0.00000
    -12.945         0.00000
    -12.795         0.00000
    -12.645         0.00000
    -12.495         0.00000
    -12.345         0.00000
    -12.195         0.00000
    -12.045         0.00000
    -11.895         0.00000
    -11.745         0.00000
    -11.595         0.00000
    -11.445         0.00000
    -11.295         0.00000
    -11.145         0.00000
    -10.995         0.00000
    -10.845         0.00000
    -10.695         0.00000
    -10.545         0.00000
    -10.395         0.00000
    -10.245         0.00000
    -10.095         0.00000
    -9.9450         0.00000
    -9.7950         0.00000
    -9.6450         0.00000
    -9.4950         0.00000
    -9.3450         0.00000
    -9.1950         0.00000
    -9.0450         0.00000
    -8.8950        -0.00077
    -8.7450        -0.00342
    -8.5950        -0.00576
    -8.4450        -0.01168
    -8.2950        -0.01945
    -8.1450        -0.03283
    -7.9950        -0.04692
    -7.8450        -0.06567
    -7.6950        -0.09541
    -7.5450        -0.13580
    -7.3950        -0.17270
    -7.2450        -0.21631
    -7.0950        -0.27464
    -6.9450        -0.35256
    -6.7950        -0.43581
    -6.6450        -0.53802
    -6.4950        -0.63897
    -6.3450        -0.76379
    -6.1950        -0.90235
    -6.0450        -1.05845
    -5.8950        -1.22908
    -5.7450        -1.41522
    -5.5950        -1.60601
    -5.4450        -1.81267
    -5.2950        -2.04809
    -5.1450        -2.27669
    -4.9950        -2.51455
    -4.8450        -2.75921
    -4.6950        -3.01482
    -4.5450        -3.26769
    -4.3950        -3.49305
    -4.2450        -3.72104
    -4.0950        -3.95015
    -3.9450        -4.15876
    -3.7950        -4.35483
    -3.6450        -4.55017
    -3.4950        -4.73535
    -3.3450        -4.92315
    -3.1950        -5.10962
    -3.0450        -5.31469
    -2.8950        -5.51112
    -2.7450        -5.71132
    -2.5950        -5.94875
    -2.4450        -6.20503
    -2.2950        -6.50204
    -2.1450        -6.83588
    -1.9950        -7.22677
    -1.8450        -7.71983
    -1.6950        -8.34585
    -1.5450        -9.13645
    -1.3950       -10.09142
    -1.2450       -11.27920
    -1.0950       -12.66742
   -0.94500       -14.22594
   -0.79500       -15.93522
   -0.64500       -17.85120
   -0.49500       -20.11447
   -0.34500       -23.21299
   -0.22700       -24.56976
   -0.21300       -24.74770
   -0.20700       -24.93128
   -0.20100       -25.12161
   -0.19500       -25.31666
   -0.18900       -25.51795
   -0.18300       -25.72220
   -0.17700       -25.93423
   -0.17100       -26.15342
   -0.16500       -26.38065
   -0.15900       -26.61118
   -0.15300       -26.85358
   -0.14700       -27.10354
   -0.14100       -27.36304
   -0.13500       -27.63474
   -0.12900       -27.91506
   -0.12300       -28.20717
   -0.11700       -28.51276
   -0.11100       -28.83404
   -0.10500       -29.17397
   -0.99000E-01   -29.53366
   -0.93000E-01   -29.91146
   -0.87000E-01   -30.31361
   -0.81000E-01   -30.74317
   -0.75000E-01   -31.20756
   -0.69000E-01   -31.71060
   -0.63000E-01   -32.25794
   -0.57000E-01   -32.86258
   -0.51000E-01   -33.53706
   -0.45000E-01   -34.29993
   -0.39000E-01   -35.18202
   -0.33000E-01   -36.22382
   -0.27000E-01   -37.50708
   -0.21300E-01   -38.58027
   -0.19500E-01   -38.75602
   -0.18900E-01   -38.93787
   -0.18300E-01   -39.12584
   -0.17700E-01   -39.32092
   -0.17100E-01   -39.52272
   -0.16500E-01   -39.73176
   -0.15900E-01   -39.94935
   -0.15300E-01   -40.17577
   -0.14700E-01   -40.41105
   -0.14100E-01   -40.65713
   -0.13500E-01   -40.91563
   -0.12900E-01   -41.18656
   -0.12300E-01   -41.47261
   -0.11700E-01   -41.77574
   -0.11100E-01   -42.09770
   -0.10500E-01   -42.44146
   -0.99000E-02   -42.81275
   -0.93000E-02   -43.21327
   -0.87000E-02   -43.64579
   -0.81000E-02   -44.11088
   -0.75000E-02   -44.61169
   -0.69000E-02   -45.15183
   -0.63000E-02   -45.73176
   -0.57000E-02   -46.35649
   -0.51000E-02   -47.03012
   -0.45000E-02   -47.75679
   -0.39000E-02   -48.54454
   -0.33000E-02   -49.40472
   -0.27000E-02   -50.35824
   -0.21000E-02   -51.38903
   -0.15000E-02   -52.38264
   -0.90000E-03   -53.09890
   -0.30000E-03   -53.36210
    0.30000E-03   -53.11386
    0.90000E-03   -52.41313
    0.15000E-02   -51.42108
    0.21000E-02   -50.39203
    0.27000E-02   -49.44164
    0.33000E-02   -48.58383
    0.39000E-02   -47.79719
    0.45000E-02   -47.07110
    0.51000E-02   -46.39894
    0.57000E-02   -45.77566
    0.63000E-02   -45.19637
    0.69000E-02   -44.65733
    0.75000E-02   -44.15698
    0.81000E-02   -43.69222
    0.87000E-02   -43.26160
    0.93000E-02   -42.86184
    0.99000E-02   -42.49224
    0.10500E-01   -42.14837
    0.11100E-01   -41.82709
    0.11700E-01   -41.52514
    0.12300E-01   -41.24016
    0.12900E-01   -40.96934
    0.13500E-01   -40.71264
    0.14100E-01   -40.46693
    0.14700E-01   -40.23223
    0.15300E-01   -40.00690
    0.15900E-01   -39.79037
    0.16500E-01   -39.58263
    0.17100E-01   -39.38261
    0.17700E-01   -39.18936
    0.18300E-01   -39.00255
    0.18900E-01   -38.82105
    0.19500E-01   -38.64527
    0.21300E-01   -37.57719
    0.27000E-01   -36.30311
    0.33000E-01   -35.26821
    0.39000E-01   -34.39509
    0.45000E-01   -33.64164
    0.51000E-01   -32.97894
    0.57000E-01   -32.38734
    0.63000E-01   -31.85430
    0.69000E-01   -31.36827
    0.75000E-01   -30.92319
    0.81000E-01   -30.51518
    0.87000E-01   -30.13387
    0.93000E-01   -29.78089
    0.99000E-01   -29.45105
    0.10500       -29.14133
    0.11100       -28.85012
    0.11700       -28.57327
    0.12300       -28.31558
    0.12900       -28.06771
    0.13500       -27.83471
    0.14100       -27.61030
    0.14700       -27.39959
    0.15300       -27.19450
    0.15900       -26.99956
    0.16500       -26.81406
    0.17100       -26.63351
    0.17700       -26.45982
    0.18300       -26.29545
    0.18900       -26.13400
    0.19500       -25.97997
    0.20100       -25.83246
    0.20700       -25.68812
    0.21300       -25.55056
    0.22700       -24.54251
    0.34500       -22.59719
    0.49500       -21.47845
    0.64500       -20.73750
    0.79500       -20.18518
    0.94500       -19.72981
     1.0950       -19.34437
     1.2450       -19.00666
     1.3950       -18.71116
     1.5450       -18.44281
     1.6950       -18.20625
     1.8450       -17.99663
     1.9950       -17.81167
     2.1450       -17.64271
     2.2950       -17.48562
     2.4450       -17.34502
     2.5950       -17.23114
     2.7450       -17.13140
     2.8950       -17.04419
     3.0450       -16.96000
     3.1950       -16.88970
     3.3450       -16.82077
     3.4950       -16.75443
     3.6450       -16.69432
     3.7950       -16.63760
     3.9450       -16.58347
     4.0950       -16.53264
     4.2450       -16.48519
     4.3950       -16.43838
     4.5450       -16.38991
     4.6950       -16.34574
     4.8450       -16.30529
     4.9950       -16.26596
     5.1450       -16.22770
     5.2950       -16.19062
     5.4450       -16.15475
     5.5950       -16.11995
     5.7450       -16.08596
     5.8950       -16.05291
     6.0450       -16.02069
     6.1950       -15.98884
     6.3450       -15.95825
     6.4950       -15.92836
     6.6450       -15.89935
     6.7950       -15.87067
     6.9450       -15.84265
     7.0950       -15.81547
     7.2450       -15.78839
     7.3950       -15.76281
     7.5450       -15.73691
     7.6950       -15.71164
     7.8450       -15.68720
     7.9950       -15.66321
     8.1450       -15.63943
     8.2950       -15.61594
     8.4450       -15.59304
     8.5950       -15.57087
     8.7450       -15.54902
     8.8950       -15.52750
     9.0450       -15.50639
     9.1950       -15.48507
     9.3450       -15.46417
     9.4950       -15.44370
     9.6450       -15.42356
     9.7950       -15.40402
     9.9450       -15.38467
     10.095       -15.36571
     10.245       -15.34676
     10.395       -15.32825
     10.545       -15.31012
     10.695       -15.29245
     10.845       -15.27485
     10.995       -15.25738
     11.145       -15.23981
     11.295       -15.22280
     11.445       -15.20613
     11.595       -15.18967
     11.745       -15.17365
     11.895       -15.15756
     12.045       -15.14189
     12.195       -15.12641
     12.345       -15.11057
     12.495       -15.09559
     12.645       -15.08070
     12.795       -15.06574
     12.945       -15.05117
     13.095       -15.03627
     13.245       -15.02167
     13.395       -15.00735
     13.545       -14.99326
     13.695       -14.97964
     13.845       -14.96617
     13.995       -14.95270
     14.145       -14.93930
     14.295       -14.92604
     14.445       -14.91298
     14.595       -14.90005
     14.745       -14.88740
     14.895       -14.87473
     15.045       -14.86206
     15.195       -14.84966
     15.345       -14.83713
     15.495       -14.82487
     15.645       -14.81261
     15.795       -14.80068
     15.945       -14.78863
     16.095       -14.77669
     16.245       -14.76501
     16.395       -14.75368
     16.545       -14.74217
     16.695       -14.73077
     16.845       -14.71962
     16.995       -14.70856
     17.145       -14.69744
     17.295       -14.68673
     17.445       -14.67605
     17.595       -14.66513
     17.745       -14.65468
     17.895       -14.64400
     18.045       -14.63351
     18.195       -14.62331
     18.345       -14.61290
     18.495       -14.60295
     18.645       -14.59255
     18.795       -14.58261
     18.945       -14.57259
     19.095       -14.56257
     19.245       -14.55269
     19.395       -14.54301
     19.545       -14.53363
     19.695       -14.52413
     19.845       -14.51480
     19.995       -14.50534
     20.145       -14.49638
     20.295       -14.48752
     20.445       -14.47829
     20.595       -14.46920
     20.745       -14.46013
     20.895       -14.45107
     21.045       -14.44220
     21.195       -14.43304
     21.345       -14.42437
     21.495       -14.41601
     21.645       -14.40724
     21.795       -14.39862
     21.945       -14.38972
     22.095       -14.38102
     22.245       -14.37264
     22.395       -14.36437
     22.545       -14.35604
     22.695       -14.34780
     22.845       -14.33945
     22.995       -14.33107
     23.145       -14.32308
     23.295       -14.31538
     23.445       -14.30754
     23.595       -14.29979
     23.745       -14.29195
     23.895       -14.28415
     24.045       -14.27649
     24.195       -14.26893
     24.345       -14.26139
     24.495       -14.25384
     24.645       -14.24609
     24.795       -14.23870
     24.945       -14.23116
     25.095       -14.22370
     25.245       -14.21675
     25.395       -14.20950
     25.545       -14.20220
     25.695       -14.19502
     25.845       -14.18779
     25.995       -14.18067
     26.145       -14.17346
     26.295       -14.16633
     26.445       -14.15926
     26.595       -14.15226
     26.745       -14.14547
     26.895       -14.13873
     27.045       -14.13198
     27.195       -14.12514
     27.345       -14.11827
     27.495       -14.11178
     27.645       -14.10493
     27.795       -14.09841
     27.945       -14.09206
     28.095       -14.08537
     28.245       -14.07879
     28.395       -14.07234
     28.545       -14.06592
     28.695       -14.05930
     28.845       -14.05295
     28.995       -14.04642
     29.145       -14.03997
     29.295       -14.03365
     29.445       -14.02741
     29.595       -14.02107
     29.745       -14.01505
     29.895       -14.00871
     30.045       -14.00264
     30.195       -13.99669
     30.345       -13.99066
     30.495       -13.98489
     30.645       -13.97868
     30.795       -13.97276
     30.945       -13.96692
     31.095       -13.96114
     31.245       -13.95525
     31.395       -13.94937
     31.545       -13.94372
     31.695       -13.93799
     31.845       -13.93216
     31.995       -13.92651
     32.145       -13.92069
     32.295       -13.91492
     32.445       -13.90954
     32.595       -13.90370
     32.745       -13.89807
     32.895       -13.89257
     33.045       -13.88728
     33.195       -13.88173
     33.345       -13.87635
     33.495       -13.87079
     33.645       -13.86523
     33.795       -13.85963
     33.945       -13.85433
     34.095       -13.84889
     34.245       -13.84351
     34.395       -13.83827
     34.545       -13.83297
     34.695       -13.82781
     34.845       -13.82262
     34.995       -13.81727
     35.145       -13.81224
     35.295       -13.80703
     35.445       -13.80208
     35.595       -13.79700
     35.745       -13.79185
     35.895       -13.78669
     36.045       -13.78163
     36.195       -13.77643
     36.345       -13.77149
     36.495       -13.76639
     36.645       -13.76127
     36.795       -13.75639
     36.945       -13.75126
     37.095       -13.74646
     37.245       -13.74163
     37.395       -13.73688
     37.545       -13.73190
     37.695       -13.72704
     37.845       -13.72209
     37.995       -13.71731
     38.145       -13.71241
     38.295       -13.70776
     38.445       -13.70303
     38.595       -13.69833
     38.745       -13.69370
     38.895       -13.68909
     39.045       -13.68444
     39.195       -13.67985
     39.345       -13.67511
     39.495       -13.67062
     39.645       -13.66610
     39.795       -13.66136
     39.945       -13.65677
     40.095       -13.65216
     40.245       -13.64771
     40.395       -13.64320
     40.545       -13.63857
     40.695       -13.63400
     40.845       -13.62951
     40.995       -13.62507
     41.145       -13.62082
     41.295       -13.61653
     41.445       -13.61203
     41.595       -13.60769
     41.745       -13.60339
     41.895       -13.59904
     42.045       -13.59464
     42.195       -13.59041
     42.345       -13.58615
     42.495       -13.58187
     42.645       -13.57742
     42.795       -13.57328
     42.945       -13.56904
     43.095       -13.56460
     43.245       -13.56024
     43.395       -13.55627
     43.545       -13.55214
     43.695       -13.54803
     43.845       -13.54403
     43.995       -13.53994
     44.145       -13.53568
     44.295       -13.53162
     44.445       -13.52767
     44.595       -13.52370
     44.745       -13.51985
     44.895       -13.51602
     45.045       -13.51217
     45.195       -13.50825
     45.345       -13.50442
     45.495       -13.50054
     45.645       -13.49651
     45.795       -13.49248
     45.945       -13.48852
     46.095       -13.48475
     46.245       -13.48088
     46.395       -13.47709
     46.545       -13.47315
     46.695       -13.46937
     46.845       -13.46547
     46.995       -13.46169
     47.145       -13.45791
     47.295       -13.45410
     47.445       -13.45028
     47.595       -13.44663
     47.745       -13.44276
     47.895       -13.43896
     48.045       -13.43523
     48.195       -13.43154
     48.345       -13.42783
     48.495       -13.42415
     48.645       -13.42054
     48.795       -13.41682
     48.945       -13.41326
     49.095       -13.40959
     49.245       -13.40587
     49.395       -13.40230
     49.545       -13.39859
     49.695       -13.39501
     49.845       -13.39144
     49.995       -13.38795
     50.145       -13.38441
     50.295       -13.38083
     50.445       -13.37724
     50.595       -13.37358
     50.745       -13.37008
     50.895       -13.36661
     51.045       -13.36306
     51.195       -13.35941
     51.345       -13.35594
     51.495       -13.35257
     51.645       -13.34911
     51.795       -13.34562
     51.945       -13.34216
     52.095       -13.33870
     52.245       -13.33544
     52.395       -13.33201
     52.545       -13.32853
     52.695       -13.32513
     52.845       -13.32172
     52.995       -13.31840
     53.145       -13.31501
     53.295       -13.31174
     53.445       -13.30837
     53.595       -13.30518
     53.745       -13.30185
     53.895       -13.29854
     54.045       -13.29533
     54.195       -13.29201
     54.345       -13.28886
     54.495       -13.28570
     54.645       -13.28241
     54.795       -13.27914
     54.945       -13.27579
     55.095       -13.27251
     59.433       -13.02048
     80.646       -12.65251
     111.21       -12.29522
     153.36       -11.94712
     211.49       -11.61007
     291.64       -11.28377
     402.18       -10.96864
     554.60       -10.66479
     764.80       -10.36976
     1054.7       -10.08459
     1454.4        -9.81151
     2005.6        -9.54583
     2765.8        -9.28966
     3814.0        -9.04198
     5259.5        -8.80181
     7252.9        -8.56972
     10002.        -8.34642
     13793.        -8.13138
     19020.        -7.92531
     26229.        -7.72663
     36170.        -7.53736
     49878.        -7.35589
     68782.        -7.18275
     94851.        -7.01762
    0.13080E+06    -6.85955
    0.18038E+06    -6.71022
    0.24874E+06    -6.56754
    0.34301E+06    -6.43105
    0.47302E+06    -6.30194
    0.65229E+06    -6.17824
    0.89952E+06    -6.06006
    0.12404E+07    -5.94746
    0.17106E+07    -5.84059
    0.23589E+07    -5.73880
    0.32529E+07    -5.64215
    0.44858E+07    -5.55035
    0.61860E+07    -5.46294
    0.85305E+07    -5.37956
    0.11764E+08    -5.30087
    0.16222E+08    -5.22535
    0.22370E+08    -5.15354
    0.30849E+08    -5.08600
    0.42541E+08    -5.02200
    0.58664E+08    -4.96093
    0.80898E+08    -4.90372
    0.11156E+09    -4.85040
    0.15384E+09    -4.80051
    0.21215E+09    -4.75364
    0.29255E+09    -4.71000
    0.40343E+09    -4.66929
    0.55633E+09    -4.63077
    0.76719E+09    -4.59595
    0.10580E+10    -4.56388
    0.14589E+10    -4.53459
    0.20119E+10    -4.50760
    0.27744E+10    -4.48262
    0.38259E+10    -4.45951
    0.52760E+10    -4.43827
    0.72756E+10    -4.41917
    0.10033E+11    -4.40114
    0.13836E+11    -4.38458
    0.19079E+11    -4.36942
    0.26311E+11    -4.35523
    0.36283E+11    -4.34205
    0.50034E+11    -4.33005
    0.68997E+11    -4.31860
    0.10000E+12    -4.18522
