    -29.945        1     0.00000
    -29.795        1     0.00000
    -29.645        1     0.00000
    -29.495        1     0.00000
    -29.345        1     0.00000
    -29.195        1     0.00000
    -29.045        1     0.00000
    -28.895        1     0.00000
    -28.745        1     0.00000
    -28.595        1     0.00000
    -28.445        1     0.00000
    -28.295        1     0.00000
    -28.145        1     0.00000
    -27.995        1     0.00000
    -27.845        1     0.00000
    -27.695        1     0.00000
    -27.545        1     0.00000
    -27.395        1     0.00000
    -27.245        1     0.00000
    -27.095        1     0.00000
    -26.945        1     0.00000
    -26.795        1     0.00000
    -26.645        1     0.00000
    -26.495        1     0.00000
    -26.345        1     0.00000
    -26.195        1     0.00000
    -26.045        1     0.00000
    -25.895        1     0.00000
    -25.745        1     0.00000
    -25.595        1     0.00000
    -25.445        1     0.00000
    -25.295        1     0.00000
    -25.145        1     0.00000
    -24.995        1     0.00000
    -24.845        1     0.00000
    -24.695        1     0.00000
    -24.545        1     0.00000
    -24.395        1     0.00000
    -24.245        1     0.00000
    -24.095        1     0.00000
    -23.945        1     0.00000
    -23.795        1     0.00000
    -23.645        1     0.00000
    -23.495        1     0.00000
    -23.345        1     0.00000
    -23.195        1     0.00000
    -23.045        1     0.00000
    -22.895        1     0.00000
    -22.745        1     0.00000
    -22.595        1     0.00000
    -22.445        1     0.00000
    -22.295        1     0.00000
    -22.145        1     0.00000
    -21.995        1     0.00000
    -21.845        1     0.00000
    -21.695        1     0.00000
    -21.545        1     0.00000
    -21.395        1     0.00000
    -21.245        1     0.00000
    -21.095        1     0.00000
    -20.945        1     0.00000
    -20.795        1     0.00000
    -20.645        1     0.00000
    -20.495        1     0.00000
    -20.345        1     0.00000
    -20.195        1     0.00000
    -20.045        1     0.00000
    -19.895        1     0.00000
    -19.745        1     0.00000
    -19.595        1     0.00000
    -19.445        1     0.00000
    -19.295        1     0.00000
    -19.145        1     0.00000
    -18.995        1     0.00000
    -18.845        1     0.00000
    -18.695        1     0.00000
    -18.545        1     0.00000
    -18.395        1     0.00000
    -18.245        1     0.00000
    -18.095        1     0.00000
    -17.945        1     0.00000
    -17.795        1     0.00000
    -17.645        1     0.00000
    -17.495        1     0.00000
    -17.345        1     0.00000
    -17.195        1     0.00000
    -17.045        1     0.00000
    -16.895        1     0.00000
    -16.745        1     0.00000
    -16.595        1     0.00000
    -16.445        1     0.00000
    -16.295        1     0.00000
    -16.145        1     0.00000
    -15.995        1     0.00000
    -15.845        1     0.00000
    -15.695        1     0.00000
    -15.545        1     0.00000
    -15.395        1     0.00000
    -15.245        1     0.00000
    -15.095        1     0.00000
    -14.945        1     0.00000
    -14.795        1     0.00000
    -14.645        1     0.00000
    -14.495        1     0.00000
    -14.345        1     0.00000
    -14.195        1     0.00000
    -14.045        1     0.00000
    -13.895        1     0.00000
    -13.745        1     0.00000
    -13.595        1     0.00000
    -13.445        1     0.00000
    -13.295        1     0.00000
    -13.145        1     0.00000
    -12.995        1     0.00000
    -12.845        1     0.00000
    -12.695        1     0.00000
    -12.545        1     0.00000
    -12.395        1     0.00000
    -12.245        1     0.00000
    -12.095        1     0.00000
    -11.945        1     0.00000
    -11.795        1     0.00000
    -11.645        1     0.00000
    -11.495        1     0.00000
    -11.345        1     0.00000
    -11.195        1     0.00000
    -11.045        1     0.00000
    -10.895        1     0.00000
    -10.745        1     0.00000
    -10.595        1     0.00000
    -10.445        1     0.00000
    -10.295        1     0.00000
    -10.145        1     0.00000
    -9.9950        1     0.00000
    -9.8450        1     0.00000
    -9.6950        1     0.00000
    -9.5450        1    -0.00225
    -9.3950        1    -0.00917
    -9.2450        1    -0.02000
    -9.0950        1    -0.03406
    -8.9450        1    -0.05169
    -8.7950        1    -0.07306
    -8.6450        1    -0.09785
    -8.4950        1    -0.12996
    -8.3450        1    -0.17355
    -8.1950        1    -0.21894
    -8.0450        1    -0.26522
    -7.8950        1    -0.31677
    -7.7450        1    -0.37693
    -7.5950        1    -0.44370
    -7.4450        1    -0.51634
    -7.2950        1    -0.59917
    -7.1450        1    -0.69154
    -6.9950        1    -0.79635
    -6.8450        1    -0.91469
    -6.6950        1    -1.05341
    -6.5450        1    -1.19626
    -6.3950        1    -1.34405
    -6.2450        1    -1.50134
    -6.0950        1    -1.66885
    -5.9450        1    -1.83916
    -5.7950        1    -2.01183
    -5.6450        1    -2.18991
    -5.4950        1    -2.37520
    -5.3450        1    -2.57122
    -5.1950        1    -2.78044
    -5.0450        1    -3.00104
    -4.8950        1    -3.24499
    -4.7450        1    -3.52407
    -4.5950        1    -3.82846
    -4.4450        1    -4.15295
    -4.2950        1    -4.49922
    -4.1450        1    -4.87565
    -3.9950        1    -5.27468
    -3.8450        1    -5.71291
    -3.6950        1    -6.18886
    -3.5450        1    -6.69570
    -3.3950        1    -7.23141
    -3.2450        1    -7.80079
    -3.0950        1    -8.40541
    -2.9450        1    -9.04700
    -2.7950        1    -9.72769
    -2.6450        1   -10.45889
    -2.4950        1   -11.24232
    -2.3450        1   -12.08326
    -2.1950        1   -12.99811
    -2.0450        1   -13.99631
    -1.8950        1   -15.08804
    -1.7450        1   -16.30559
    -1.5950        1   -17.68009
    -1.4450        1   -19.26186
    -1.2950        1   -21.12637
    -1.1450        1   -23.38199
   -0.99500        1   -26.23086
   -0.84500        1   -30.08053
   -0.69500        1   -35.87853
   -0.54500        1   -47.05322
   -0.39500        1   -77.98395
   -0.25300        1  -109.42769
   -0.21500        1  -110.81035
   -0.20900        1  -112.07331
   -0.20300        1  -113.20635
   -0.19700        1  -114.23237
   -0.19100        1  -115.12820
   -0.18500        1  -115.91187
   -0.17900        1  -116.60677
   -0.17300        1  -117.22456
   -0.16700        1  -117.77651
   -0.16100        1  -118.27020
   -0.15500        1  -118.71224
   -0.14900        1  -119.10834
   -0.14300        1  -119.46356
   -0.13700        1  -119.78307
   -0.13100        1  -120.07000
   -0.12500        1  -120.32661
   -0.11900        1  -120.55303
   -0.11300        1  -120.75413
   -0.10700        1  -120.93322
   -0.10100        1  -121.09280
   -0.95000E-01    1  -121.23473
   -0.89000E-01    1  -121.36051
   -0.83000E-01    1  -121.47177
   -0.77000E-01    1  -121.57005
   -0.71000E-01    1  -121.65631
   -0.65000E-01    1  -121.73155
   -0.59000E-01    1  -121.79672
   -0.53000E-01    1  -121.85267
   -0.47000E-01    1  -121.90014
   -0.41000E-01    1  -121.93982
   -0.35000E-01    1  -121.97230
   -0.29000E-01    1  -121.99810
   -0.23000E-01    1  -122.01776
   -0.19700E-01    1  -122.01940
   -0.19100E-01    1  -122.02099
   -0.18500E-01    1  -122.02252
   -0.17900E-01    1  -122.02400
   -0.17300E-01    1  -122.02541
   -0.16700E-01    1  -122.02679
   -0.16100E-01    1  -122.02810
   -0.15500E-01    1  -122.02936
   -0.14900E-01    1  -122.03057
   -0.14300E-01    1  -122.03172
   -0.13700E-01    1  -122.03282
   -0.13100E-01    1  -122.03386
   -0.12500E-01    1  -122.03486
   -0.11900E-01    1  -122.03579
   -0.11300E-01    1  -122.03669
   -0.10700E-01    1  -122.03754
   -0.10100E-01    1  -122.03833
   -0.95000E-02    1  -122.03907
   -0.89000E-02    1  -122.03976
   -0.83000E-02    1  -122.04041
   -0.77000E-02    1  -122.04100
   -0.71000E-02    1  -122.04155
   -0.65000E-02    1  -122.04204
   -0.59000E-02    1  -122.04249
   -0.53000E-02    1  -122.04290
   -0.47000E-02    1  -122.04325
   -0.41000E-02    1  -122.04356
   -0.35000E-02    1  -122.04382
   -0.29000E-02    1  -122.04404
   -0.23000E-02    1  -122.04421
   -0.17000E-02    1  -122.04434
   -0.11000E-02    1  -122.04442
   -0.50000E-03    1  -122.04446
    0.10000E-03    1  -122.04445
    0.70000E-03    1  -122.04440
    0.13000E-02    1  -122.04430
    0.19000E-02    1  -122.04417
    0.25000E-02    1  -122.04399
    0.31000E-02    1  -122.04377
    0.37000E-02    1  -122.04350
    0.43000E-02    1  -122.04319
    0.49000E-02    1  -122.04284
    0.55000E-02    1  -122.04246
    0.61000E-02    1  -122.04203
    0.67000E-02    1  -122.04156
    0.73000E-02    1  -122.04105
    0.79000E-02    1  -122.04051
    0.85000E-02    1  -122.03992
    0.91000E-02    1  -122.03930
    0.97000E-02    1  -122.03865
    0.10300E-01    1  -122.03795
    0.10900E-01    1  -122.03721
    0.11500E-01    1  -122.03644
    0.12100E-01    1  -122.03564
    0.12700E-01    1  -122.03480
    0.13300E-01    1  -122.03392
    0.13900E-01    1  -122.03301
    0.14500E-01    1  -122.03206
    0.15100E-01    1  -122.03108
    0.15700E-01    1  -122.03006
    0.16300E-01    1  -122.02900
    0.16900E-01    1  -122.02792
    0.17500E-01    1  -122.02679
    0.18100E-01    1  -122.02564
    0.18700E-01    1  -122.02445
    0.19300E-01    1  -122.02323
    0.20200E-01    1  -122.01819
    0.25000E-01    1  -122.00302
    0.31000E-01    1  -121.98490
    0.37000E-01    1  -121.96407
    0.43000E-01    1  -121.94081
    0.49000E-01    1  -121.91528
    0.55000E-01    1  -121.88753
    0.61000E-01    1  -121.85784
    0.67000E-01    1  -121.82623
    0.73000E-01    1  -121.79305
    0.79000E-01    1  -121.75828
    0.85000E-01    1  -121.72207
    0.91000E-01    1  -121.68464
    0.97000E-01    1  -121.64583
    0.10300        1  -121.60592
    0.10900        1  -121.56508
    0.11500        1  -121.52320
    0.12100        1  -121.48050
    0.12700        1  -121.43698
    0.13300        1  -121.39260
    0.13900        1  -121.34775
    0.14500        1  -121.30211
    0.15100        1  -121.25595
    0.15700        1  -121.20930
    0.16300        1  -121.16220
    0.16900        1  -121.11477
    0.17500        1  -121.06674
    0.18100        1  -121.01846
    0.18700        1  -120.96992
    0.19300        1  -120.92108
    0.19900        1  -120.87209
    0.20500        1  -120.82280
    0.21100        1  -120.77358
    0.21700        1  -120.72404
    0.29500        1  -119.45241
    0.44500        1  -118.27356
    0.59500        1  -117.21643
    0.74500        1  -116.27000
    0.89500        1  -115.42141
     1.0450        1  -114.66357
     1.1950        1  -113.98891
     1.3450        1  -113.37964
     1.4950        1  -112.82231
     1.6450        1  -112.31113
     1.7950        1  -111.83854
     1.9450        1  -111.39989
     2.0950        1  -110.98927
     2.2450        1  -110.60552
     2.3950        1  -110.24408
     2.5450        1  -109.90187
     2.6950        1  -109.57797
     2.8450        1  -109.27148
     2.9950        1  -108.98184
     3.1450        1  -108.70739
     3.2950        1  -108.44759
     3.4450        1  -108.20096
     3.5950        1  -107.96623
     3.7450        1  -107.74219
     3.8950        1  -107.52772
     4.0450        1  -107.32310
     4.1950        1  -107.12606
     4.3450        1  -106.93711
     4.4950        1  -106.75540
     4.6450        1  -106.57998
     4.7950        1  -106.41069
     4.9450        1  -106.24670
     5.0950        1  -106.08803
     5.2450        1  -105.93449
     5.3950        1  -105.78623
     5.5450        1  -105.64181
     5.6950        1  -105.50330
     5.8450        1  -105.36842
     5.9950        1  -105.23673
     6.1450        1  -105.11049
     6.2950        1  -104.98772
     6.4450        1  -104.87140
     6.5950        1  -104.75455
     6.7450        1  -104.64433
     6.8950        1  -104.53659
     7.0450        1  -104.43010
     7.1950        1  -104.32608
     7.3450        1  -104.22494
     7.4950        1  -104.12603
     7.6450        1  -104.02929
     7.7950        1  -103.93237
     7.9450        1  -103.83838
     8.0950        1  -103.74180
     8.2450        1  -103.64895
     8.3950        1  -103.55437
     8.5450        1  -103.45896
     8.6950        1  -103.36517
     8.8450        1  -103.26964
     8.9950        1  -103.17665
     9.1450        1  -103.08482
     9.2950        1  -102.99332
     9.4450        1  -102.90203
     9.5950        1  -102.81099
     9.7450        1  -102.71937
     9.8950        1  -102.63086
     10.045        1  -102.54342
     10.195        1  -102.45613
     10.345        1  -102.37251
     10.495        1  -102.28946
     10.645        1  -102.20776
     10.795        1  -102.12515
     10.945        1  -102.04431
     11.095        1  -101.96667
     11.245        1  -101.88794
     11.395        1  -101.81420
     11.545        1  -101.73968
     11.695        1  -101.66944
     11.845        1  -101.60078
     11.995        1  -101.53433
     12.145        1  -101.46903
     12.295        1  -101.40622
     12.445        1  -101.34623
     12.595        1  -101.28973
     12.745        1  -101.23530
     12.895        1  -101.18271
     13.045        1  -101.13282
     13.195        1  -101.08801
     13.345        1  -101.04436
     13.495        1  -101.00342
     13.645        1  -100.96747
     13.795        1  -100.93084
     13.945        1  -100.89552
     14.095        1  -100.86210
     14.245        1  -100.83168
     14.395        1  -100.80225
     14.545        1  -100.77356
     14.695        1  -100.74943
     14.845        1  -100.72669
     14.995        1  -100.70721
     15.145        1  -100.68879
     15.295        1  -100.67176
     15.445        1  -100.65374
     15.595        1  -100.63699
     15.745        1  -100.62482
     15.895        1  -100.61149
     16.045        1  -100.59952
     16.195        1  -100.58802
     16.345        1  -100.57785
     16.495        1  -100.56730
     16.645        1  -100.55690
     16.795        1  -100.54853
     16.945        1  -100.53910
     17.095        1  -100.53166
     17.245        1  -100.52244
     17.395        1  -100.51430
     17.545        1  -100.50691
     17.695        1  -100.50005
     17.845        1  -100.49268
     17.995        1  -100.48524
     18.145        1  -100.47816
     18.295        1  -100.47081
     18.445        1  -100.46352
     18.595        1  -100.45753
     18.745        1  -100.45141
     18.895        1  -100.44536
     19.045        1  -100.43958
     19.195        1  -100.43324
     19.345        1  -100.42706
     19.495        1  -100.42168
     19.645        1  -100.41637
     19.795        1  -100.41064
     19.945        1  -100.40523
     20.095        1  -100.39974
     20.245        1  -100.39290
     20.395        1  -100.38715
     20.545        1  -100.38175
     20.695        1  -100.37584
     20.845        1  -100.37021
     20.995        1  -100.36416
     21.145        1  -100.35766
     21.295        1  -100.35140
     21.445        1  -100.34570
     21.595        1  -100.33943
     21.745        1  -100.33365
     21.895        1  -100.32712
     22.045        1  -100.32056
     22.195        1  -100.31413
     22.345        1  -100.30844
     22.495        1  -100.30181
     22.645        1  -100.29185
     22.795        1  -100.28394
     22.945        1  -100.27577
     23.095        1  -100.26649
     23.245        1  -100.25786
     23.395        1  -100.25045
     23.545        1  -100.24229
     23.695        1  -100.23250
     23.845        1  -100.22313
     23.995        1  -100.21171
     24.145        1  -100.20067
     24.295        1  -100.18922
     24.445        1  -100.17735
     24.595        1  -100.16422
     24.745        1  -100.15125
     24.895        1  -100.13857
     25.045        1  -100.12589
     25.195        1  -100.11200
     25.345        1  -100.09881
     25.495        1  -100.08509
     25.645        1  -100.07142
     25.795        1  -100.05732
     25.945        1  -100.04317
     26.095        1  -100.02864
     26.245        1  -100.01521
     26.395        1  -100.00052
     26.545        1   -99.98619
     26.695        1   -99.97163
     26.845        1   -99.95765
     26.995        1   -99.94277
     27.145        1   -99.92800
     27.295        1   -99.91324
     27.445        1   -99.89867
     27.595        1   -99.88407
     27.745        1   -99.86900
     27.895        1   -99.85423
     28.045        1   -99.83910
     28.195        1   -99.82449
     28.345        1   -99.81036
     28.495        1   -99.79558
     28.645        1   -99.78046
     28.795        1   -99.76524
     28.945        1   -99.75011
     29.095        1   -99.73494
     29.245        1   -99.72051
     29.395        1   -99.70554
     29.545        1   -99.69070
     29.695        1   -99.67599
     29.845        1   -99.66119
     29.995        1   -99.64626
     30.145        1   -99.63137
     30.295        1   -99.61649
     30.445        1   -99.60173
     30.595        1   -99.58710
     30.745        1   -99.57227
     30.895        1   -99.55776
     31.045        1   -99.54283
     31.195        1   -99.52825
     31.345        1   -99.51368
     31.495        1   -99.49897
     31.645        1   -99.48419
     31.795        1   -99.46936
     31.945        1   -99.45472
     32.095        1   -99.44017
     32.245        1   -99.42578
     32.395        1   -99.41134
     32.545        1   -99.39672
     32.695        1   -99.38233
     32.845        1   -99.36818
     32.995        1   -99.35384
     33.145        1   -99.33945
     33.295        1   -99.32527
     33.445        1   -99.31122
     33.595        1   -99.29677
     33.745        1   -99.28305
     33.895        1   -99.26892
     34.045        1   -99.25537
     34.195        1   -99.24128
     34.345        1   -99.22723
     34.495        1   -99.21311
     34.645        1   -99.19953
     34.795        1   -99.18642
     34.945        1   -99.17264
     35.095        1   -99.15891
     35.245        1   -99.14568
     35.395        1   -99.13322
     35.545        1   -99.12046
     35.695        1   -99.10823
     35.845        1   -99.09537
     35.995        1   -99.08275
     36.145        1   -99.07016
     36.295        1   -99.05842
     36.445        1   -99.04734
     36.595        1   -99.03566
     36.745        1   -99.02559
     36.895        1   -99.01359
     37.045        1   -99.00229
     37.195        1   -98.99160
     37.345        1   -98.98166
     37.495        1   -98.97196
     37.645        1   -98.96328
     37.795        1   -98.95407
     37.945        1   -98.94757
     38.095        1   -98.94133
     38.245        1   -98.93624
     38.395        1   -98.93113
     38.545        1   -98.92531
     38.695        1   -98.92103
     38.845        1   -98.91592
     38.995        1   -98.91018
     39.145        1   -98.90591
     39.295        1   -98.90224
     39.445        1   -98.89729
     39.595        1   -98.89420
     39.745        1   -98.89170
     39.895        1   -98.88793
     40.045        1   -98.88545
     40.195        1   -98.88247
     40.345        1   -98.87944
     40.495        1   -98.87695
     40.645        1   -98.87404
     40.795        1   -98.87153
     40.945        1   -98.86904
     41.095        1   -98.86551
     41.245        1   -98.86305
     41.395        1   -98.86066
     41.545        1   -98.85838
     41.695        1   -98.85592
     41.845        1   -98.85297
     41.995        1   -98.85059
     42.145        1   -98.84830
     42.295        1   -98.84600
     42.445        1   -98.84350
     42.595        1   -98.84119
     42.745        1   -98.83892
     42.895        1   -98.83657
     43.045        1   -98.83362
     43.195        1   -98.83135
     43.345        1   -98.82906
     43.495        1   -98.82686
     43.645        1   -98.82465
     43.795        1   -98.82244
     43.945        1   -98.82021
     44.095        1   -98.81810
     44.245        1   -98.81595
     44.395        1   -98.81364
     44.545        1   -98.81148
     44.695        1   -98.80933
     44.845        1   -98.80722
     44.995        1   -98.80507
     45.145        1   -98.80294
     45.295        1   -98.80073
     45.445        1   -98.79851
     45.595        1   -98.79643
     45.745        1   -98.79434
     45.895        1   -98.79214
     46.045        1   -98.78993
     46.195        1   -98.78779
     46.345        1   -98.78557
     46.495        1   -98.78340
     46.645        1   -98.78128
     46.795        1   -98.77918
     46.945        1   -98.77704
     47.095        1   -98.77499
     47.245        1   -98.77301
     47.395        1   -98.77091
     47.545        1   -98.76889
     47.695        1   -98.76674
     47.845        1   -98.76472
     47.995        1   -98.76277
     48.145        1   -98.76065
     48.295        1   -98.75865
     48.445        1   -98.75663
     48.595        1   -98.75465
     48.745        1   -98.75271
     48.895        1   -98.75073
     49.045        1   -98.74871
     49.195        1   -98.74679
     49.345        1   -98.74486
     49.495        1   -98.74294
     49.645        1   -98.74081
     49.795        1   -98.73886
     49.945        1   -98.73692
     50.095        1   -98.73488
     50.245        1   -98.73296
     50.395        1   -98.73097
     50.545        1   -98.72908
     50.695        1   -98.72720
     50.845        1   -98.72534
     50.995        1   -98.72336
     51.145        1   -98.72143
     51.295        1   -98.71952
     51.445        1   -98.71762
     51.595        1   -98.71563
     51.745        1   -98.71371
     51.895        1   -98.71186
     52.045        1   -98.70991
     52.195        1   -98.70810
     52.345        1   -98.70632
     52.495        1   -98.70447
     52.645        1   -98.70264
     52.795        1   -98.70088
     52.945        1   -98.69909
     53.095        1   -98.69731
     53.245        1   -98.69550
     53.395        1   -98.69369
     53.545        1   -98.69185
     53.695        1   -98.69009
     53.845        1   -98.68828
     53.995        1   -98.68646
     54.145        1   -98.68466
     54.295        1   -98.68296
     54.445        1   -98.68118
     54.595        1   -98.67950
     54.745        1   -98.67776
     54.895        1   -98.67601
     55.045        1   -98.67428
     55.195        1   -98.67260
     55.345        1   -98.67088
     55.495        1   -98.66903
     55.645        1   -98.66733
     55.795        1   -98.66569
     55.945        1   -98.66405
     56.095        1   -98.66221
     56.245        1   -98.66045
     56.395        1   -98.65873
     56.545        1   -98.65697
     56.695        1   -98.65532
     56.845        1   -98.65371
     56.995        1   -98.65204
     57.145        1   -98.65039
     57.295        1   -98.64868
     57.445        1   -98.64698
     57.595        1   -98.64531
     57.745        1   -98.64356
     57.895        1   -98.64186
     58.045        1   -98.64023
     58.195        1   -98.63861
     58.345        1   -98.63697
     58.495        1   -98.63533
     58.645        1   -98.63366
     58.795        1   -98.63208
     58.945        1   -98.63048
     59.095        1   -98.62887
     59.245        1   -98.62727
     59.395        1   -98.62563
     59.545        1   -98.62403
     59.695        1   -98.62244
     59.845        1   -98.62088
     59.995        1   -98.61923
     60.145        1   -98.61758
     60.295        1   -98.61597
     60.445        1   -98.61437
     60.595        1   -98.61279
     60.745        1   -98.61124
     60.895        1   -98.60960
     61.045        1   -98.60810
     61.195        1   -98.60656
     61.345        1   -98.60501
     61.495        1   -98.60345
     61.645        1   -98.60187
     61.795        1   -98.60029
     61.945        1   -98.59870
     62.095        1   -98.59713
     62.245        1   -98.59563
     62.395        1   -98.59413
     62.545        1   -98.59261
     62.695        1   -98.59110
     62.845        1   -98.58943
     62.995        1   -98.58787
     63.145        1   -98.58638
     63.295        1   -98.58481
     63.445        1   -98.58332
     63.595        1   -98.58168
     63.745        1   -98.58020
     63.895        1   -98.57873
     64.045        1   -98.57718
     64.195        1   -98.57571
     64.345        1   -98.57422
     64.495        1   -98.57273
     64.645        1   -98.57126
     64.795        1   -98.56971
     64.945        1   -98.56827
     65.095        1   -98.56684
     70.156        1   -98.43114
     94.967        1   -98.22811
     130.63        1   -98.02258
     179.69        1   -97.82012
     247.17        1   -97.61862
     340.00        1   -97.41981
     467.69        1   -97.22131
     643.33        1   -97.02425
     884.93        1   -96.82958
     1217.3        1   -96.63653
     1674.4        1   -96.44424
     2303.2        1   -96.25454
     3168.2        1   -96.06653
     4358.0        1   -95.88157
     5994.7        1   -95.69963
     8246.0        1   -95.51970
     11343.        1   -95.34248
     15603.        1   -95.16730
     21462.        1   -94.99518
     29522.        1   -94.82639
     40609.        1   -94.66196
     55860.        1   -94.50171
     76839.        1   -94.34549
    0.10570E+06    1   -94.19382
    0.14539E+06    1   -94.04665
    0.19999E+06    1   -93.90468
    0.27510E+06    1   -93.76837
    0.37841E+06    1   -93.63744
    0.52052E+06    1   -93.51196
    0.71601E+06    1   -93.39229
    0.98490E+06    1   -93.27807
    0.13548E+07    1   -93.16915
    0.18636E+07    1   -93.06546
    0.25634E+07    1   -92.96656
    0.35262E+07    1   -92.87233
    0.48504E+07    1   -92.78242
    0.66720E+07    1   -92.69723
    0.91776E+07    1   -92.61570
    0.12624E+08    1   -92.53778
    0.17365E+08    1   -92.46405
    0.23887E+08    1   -92.39387
    0.32858E+08    1   -92.32693
    0.45197E+08    1   -92.26267
    0.62171E+08    1   -92.20193
    0.85520E+08    1   -92.14435
    0.11764E+09    1   -92.08929
    0.16182E+09    1   -92.03714
    0.22259E+09    1   -91.98723
    0.30618E+09    1   -91.94053
    0.42116E+09    1   -91.89659
    0.57933E+09    1   -91.85589
    0.79690E+09    1   -91.81825
    0.10962E+10    1   -91.78291
    0.15078E+10    1   -91.74983
    0.20741E+10    1   -91.71864
    0.28531E+10    1   -91.68951
    0.39245E+10    1   -91.66255
    0.53984E+10    1   -91.63808
    0.74258E+10    1   -91.61551
    0.10215E+11    1   -91.59471
    0.14051E+11    1   -91.57566
    0.19327E+11    1   -91.55801
    0.26586E+11    1   -91.54176
    0.36570E+11    1   -91.52675
    0.50304E+11    1   -91.51288
    0.69195E+11    1   -91.50005
    0.10000E+12    1   -91.34573
    -149.95        2     0.00000
    -149.80        2     0.00000
    -149.65        2     0.00000
    -149.49        2     0.00000
    -149.34        2     0.00000
    -149.20        2     0.00000
    -149.05        2     0.00000
    -148.90        2     0.00000
    -148.74        2     0.00000
    -148.59        2     0.00000
    -148.45        2     0.00000
    -148.30        2     0.00000
    -148.15        2     0.00000
    -147.99        2     0.00000
    -147.84        2     0.00000
    -147.70        2     0.00000
    -147.55        2     0.00000
    -147.40        2     0.00000
    -147.24        2     0.00000
    -147.09        2     0.00000
    -146.95        2     0.00000
    -146.80        2     0.00000
    -146.65        2     0.00000
    -146.49        2     0.00000
    -146.34        2     0.00000
    -146.20        2     0.00000
    -146.05        2     0.00000
    -145.90        2     0.00000
    -145.74        2     0.00000
    -145.59        2     0.00000
    -145.45        2     0.00000
    -145.30        2     0.00000
    -145.15        2     0.00000
    -144.99        2     0.00000
    -144.84        2     0.00000
    -144.70        2     0.00000
    -144.55        2     0.00000
    -144.40        2     0.00000
    -144.24        2     0.00000
    -144.09        2     0.00000
    -143.95        2     0.00000
    -143.80        2     0.00000
    -143.65        2     0.00000
    -143.49        2     0.00000
    -143.34        2     0.00000
    -143.20        2     0.00000
    -143.05        2     0.00000
    -142.90        2     0.00000
    -142.74        2     0.00000
    -142.59        2     0.00000
    -142.45        2     0.00000
    -142.30        2     0.00000
    -142.15        2     0.00000
    -141.99        2     0.00000
    -141.84        2     0.00000
    -141.70        2     0.00000
    -141.55        2     0.00000
    -141.40        2     0.00000
    -141.24        2     0.00000
    -141.09        2     0.00000
    -140.95        2     0.00000
    -140.80        2     0.00000
    -140.65        2     0.00000
    -140.49        2     0.00000
    -140.34        2     0.00000
    -140.20        2     0.00000
    -140.05        2     0.00000
    -139.90        2     0.00000
    -139.74        2     0.00000
    -139.59        2     0.00000
    -139.45        2     0.00000
    -139.30        2     0.00000
    -139.15        2     0.00000
    -138.99        2     0.00000
    -138.84        2     0.00000
    -138.70        2     0.00000
    -138.55        2     0.00000
    -138.40        2     0.00000
    -138.24        2     0.00000
    -138.09        2     0.00000
    -137.95        2     0.00000
    -137.80        2     0.00000
    -137.65        2     0.00000
    -137.49        2     0.00000
    -137.34        2     0.00000
    -137.20        2     0.00000
    -137.05        2     0.00000
    -136.90        2     0.00000
    -136.74        2     0.00000
    -136.59        2     0.00000
    -136.45        2     0.00000
    -136.30        2     0.00000
    -136.15        2     0.00000
    -135.99        2     0.00000
    -135.84        2     0.00000
    -135.70        2     0.00000
    -135.55        2     0.00000
    -135.40        2     0.00000
    -135.24        2     0.00000
    -135.09        2     0.00000
    -134.95        2     0.00000
    -134.80        2     0.00000
    -134.65        2     0.00000
    -134.49        2     0.00000
    -134.34        2     0.00000
    -134.20        2     0.00000
    -134.05        2     0.00000
    -133.90        2     0.00000
    -133.74        2     0.00000
    -133.59        2     0.00000
    -133.45        2     0.00000
    -133.30        2     0.00000
    -133.15        2     0.00000
    -132.99        2     0.00000
    -132.84        2     0.00000
    -132.70        2     0.00000
    -132.55        2     0.00000
    -132.40        2     0.00000
    -132.24        2     0.00000
    -132.09        2     0.00000
    -131.95        2     0.00000
    -131.80        2     0.00000
    -131.65        2     0.00000
    -131.49        2     0.00000
    -131.34        2     0.00000
    -131.20        2     0.00000
    -131.05        2     0.00000
    -130.90        2     0.00000
    -130.74        2     0.00000
    -130.59        2     0.00000
    -130.45        2     0.00000
    -130.30        2     0.00000
    -130.15        2     0.00000
    -129.99        2     0.00000
    -129.84        2     0.00000
    -129.70        2     0.00000
    -129.55        2     0.00000
    -129.40        2     0.00000
    -129.24        2     0.00000
    -129.09        2     0.00000
    -128.95        2     0.00000
    -128.80        2     0.00000
    -128.65        2     0.00000
    -128.49        2     0.00000
    -128.34        2     0.00000
    -128.20        2     0.00000
    -128.05        2     0.00000
    -127.89        2     0.00000
    -127.75        2     0.00000
    -127.60        2     0.00000
    -127.44        2     0.00000
    -127.30        2     0.00000
    -127.14        2     0.00000
    -127.00        2     0.00000
    -126.85        2     0.00000
    -126.69        2     0.00000
    -126.55        2     0.00000
    -126.39        2     0.00000
    -126.25        2     0.00000
    -126.10        2     0.00000
    -125.94        2     0.00000
    -125.80        2     0.00000
    -125.64        2     0.00000
    -125.50        2     0.00000
    -125.35        2     0.00000
    -125.19        2     0.00000
    -125.05        2     0.00000
    -124.89        2     0.00000
    -124.75        2     0.00000
    -124.60        2     0.00000
    -124.44        2     0.00000
    -124.30        2     0.00000
    -124.14        2     0.00000
    -124.00        2     0.00000
    -123.85        2     0.00000
    -123.69        2     0.00000
    -123.55        2     0.00000
    -123.39        2     0.00000
    -123.25        2     0.00000
    -123.10        2     0.00000
    -122.94        2     0.00000
    -122.80        2     0.00000
    -122.64        2     0.00000
    -122.50        2     0.00000
    -122.35        2     0.00000
    -122.19        2     0.00000
    -122.05        2     0.00000
    -121.89        2     0.00000
    -121.75        2     0.00000
    -121.60        2     0.00000
    -121.44        2     0.00000
    -121.30        2     0.00000
    -121.14        2     0.00000
    -121.00        2     0.00000
    -120.85        2     0.00000
    -120.69        2     0.00000
    -120.55        2     0.00000
    -120.39        2     0.00000
    -120.25        2     0.00000
    -120.10        2     0.00000
    -119.94        2     0.00000
    -119.80        2     0.00000
    -119.64        2     0.00000
    -119.50        2     0.00000
    -119.35        2     0.00000
    -119.19        2     0.00000
    -119.05        2     0.00000
    -118.89        2     0.00000
    -118.75        2     0.00000
    -118.60        2     0.00000
    -118.44        2     0.00000
    -118.30        2     0.00000
    -118.14        2     0.00000
    -118.00        2     0.00000
    -117.85        2     0.00000
    -117.69        2     0.00000
    -117.55        2     0.00000
    -117.39        2     0.00000
    -117.25        2     0.00000
    -117.10        2     0.00000
    -116.94        2     0.00000
    -116.80        2     0.00000
    -116.64        2     0.00000
    -116.50        2     0.00000
    -116.35        2     0.00000
    -116.19        2     0.00000
    -116.05        2     0.00000
    -115.89        2     0.00000
    -115.75        2     0.00000
    -115.60        2     0.00000
    -115.44        2     0.00000
    -115.30        2     0.00000
    -115.14        2     0.00000
    -115.00        2     0.00000
    -114.85        2     0.00000
    -114.69        2     0.00000
    -114.55        2     0.00000
    -114.39        2     0.00000
    -114.25        2     0.00000
    -114.10        2     0.00000
    -113.94        2     0.00000
    -113.80        2     0.00000
    -113.64        2     0.00000
    -113.50        2     0.00000
    -113.35        2     0.00000
    -113.19        2     0.00000
    -113.05        2     0.00000
    -112.89        2     0.00000
    -112.75        2     0.00000
    -112.60        2     0.00000
    -112.44        2     0.00000
    -112.30        2     0.00000
    -112.14        2     0.00000
    -112.00        2     0.00000
    -111.85        2     0.00000
    -111.69        2     0.00000
    -111.55        2     0.00000
    -111.39        2     0.00000
    -111.25        2     0.00000
    -111.10        2     0.00000
    -110.94        2     0.00000
    -110.80        2     0.00000
    -110.64        2     0.00000
    -110.50        2     0.00000
    -110.35        2     0.00000
    -110.19        2     0.00000
    -110.05        2     0.00000
    -109.89        2     0.00000
    -109.75        2     0.00000
    -109.60        2     0.00000
    -109.44        2     0.00000
    -109.30        2     0.00000
    -109.14        2     0.00000
    -109.00        2     0.00000
    -108.85        2     0.00000
    -108.69        2    -0.39942
    -108.55        2    -5.04627
    -108.39        2   -10.43946
    -108.25        2   -15.31332
    -108.10        2   -19.45887
    -107.94        2   -22.89446
    -107.80        2   -25.64850
    -107.64        2   -27.93619
    -107.50        2   -29.71738
    -107.35        2   -31.18366
    -107.19        2   -32.34189
    -107.05        2   -33.27424
    -106.89        2   -34.00130
    -106.75        2   -34.59097
    -106.60        2   -35.05843
    -106.44        2   -35.42408
    -106.30        2   -35.72765
    -106.14        2   -35.97439
    -106.00        2   -36.17207
    -105.85        2   -36.32424
    -105.69        2   -36.44280
    -105.55        2   -36.53735
    -105.39        2   -36.60789
    -105.25        2   -37.13646
    -105.10        2   -39.43814
    -104.94        2   -42.35663
    -104.80        2   -45.54993
    -104.64        2   -48.76844
    -104.50        2   -51.96293
    -104.35        2   -55.03622
    -104.19        2   -57.90512
    -104.05        2   -60.66592
    -103.89        2   -63.20692
    -103.75        2   -65.58002
    -103.60        2   -67.73884
    -103.44        2   -69.71083
    -103.30        2   -71.51427
    -103.14        2   -73.14189
    -103.00        2   -74.61878
    -102.85        2   -75.95809
    -102.69        2   -77.12402
    -102.55        2   -78.18839
    -102.39        2   -79.14114
    -102.25        2   -80.00843
    -102.10        2   -80.78215
    -101.94        2   -81.46610
    -101.80        2   -82.07094
    -101.64        2   -82.62544
    -101.50        2   -83.12543
    -101.35        2   -83.56488
    -101.19        2   -83.97158
    -101.05        2   -84.32027
    -100.89        2   -84.62065
    -100.75        2   -84.90069
    -100.60        2   -85.13988
    -100.44        2   -85.34290
    -100.30        2   -85.53730
    -100.14        2   -85.71488
    -99.995        2   -85.86263
    -99.845        2   -86.00119
    -99.695        2   -86.11562
    -99.545        2   -86.21222
    -99.395        2   -86.30247
    -99.245        2   -86.38148
    -99.095        2   -86.45850
    -98.945        2   -86.52040
    -98.795        2   -86.57783
    -98.645        2   -86.62474
    -98.495        2   -86.67741
    -98.345        2   -86.71724
    -98.195        2   -86.74935
    -98.045        2   -86.77804
    -97.895        2   -86.81611
    -97.745        2   -86.89278
    -97.595        2   -87.03549
    -97.445        2   -87.26397
    -97.295        2   -87.61481
    -97.145        2   -88.12161
    -96.995        2   -88.79920
    -96.845        2   -89.68499
    -96.695        2   -90.78146
    -96.545        2   -92.08228
    -96.395        2   -93.58408
    -96.245        2   -95.27568
    -96.095        2   -97.16939
    -95.945        2   -99.22934
    -95.795        2  -101.36204
    -95.645        2  -103.55972
    -95.495        2  -105.81781
    -95.345        2  -108.07056
    -95.195        2  -110.34417
    -95.045        2  -112.55163
    -94.895        2  -114.64350
    -94.745        2  -116.64526
    -94.595        2  -118.48871
    -94.445        2  -120.21549
    -94.295        2  -121.82831
    -94.145        2  -123.26851
    -93.995        2  -124.59328
    -93.845        2  -125.78271
    -93.695        2  -126.88570
    -93.545        2  -127.81880
    -93.395        2  -128.66517
    -93.245        2  -129.39266
    -93.095        2  -130.00853
    -92.945        2  -130.56446
    -92.795        2  -131.04141
    -92.645        2  -131.43465
    -92.495        2  -131.78539
    -92.345        2  -132.08410
    -92.195        2  -132.32682
    -92.045        2  -132.54139
    -91.895        2  -132.72061
    -91.745        2  -132.86354
    -91.595        2  -132.99825
    -91.445        2  -133.10518
    -91.295        2  -133.19579
    -91.145        2  -133.26992
    -90.995        2  -133.32653
    -90.845        2  -133.38054
    -90.695        2  -133.42914
    -90.545        2  -133.46522
    -90.395        2  -133.49496
    -90.245        2  -133.52415
    -90.095        2  -133.55144
    -89.945        2  -133.57341
    -89.795        2  -133.59001
    -89.645        2  -133.60149
    -89.495        2  -133.61279
    -89.345        2  -133.62279
    -89.195        2  -133.62994
    -89.045        2  -133.63543
    -88.895        2  -133.63988
    -88.745        2  -133.64415
    -88.595        2  -133.64682
    -88.445        2  -133.65065
    -88.295        2  -133.65495
    -88.145        2  -133.65749
    -87.995        2  -133.65883
    -87.845        2  -133.66054
    -87.695        2  -133.66224
    -87.545        2  -133.66303
    -87.395        2  -133.66545
    -87.245        2  -133.66658
    -87.095        2  -133.66771
    -86.945        2  -133.66874
    -86.795        2  -133.66944
    -86.645        2  -133.67020
    -86.495        2  -133.67053
    -86.345        2  -133.67092
    -86.195        2  -133.67133
    -86.045        2  -133.67182
    -85.895        2  -133.67217
    -85.745        2  -133.67235
    -85.595        2  -133.67273
    -85.445        2  -133.67370
    -85.295        2  -133.67413
    -85.145        2  -133.67469
    -84.995        2  -133.67523
    -84.845        2  -133.67582
    -84.695        2  -133.67669
    -84.545        2  -133.67716
    -84.395        2  -133.67835
    -84.245        2  -133.67865
    -84.095        2  -133.67963
    -83.945        2  -133.68056
    -83.795        2  -133.68097
    -83.645        2  -133.68180
    -83.495        2  -133.68271
    -83.345        2  -133.68330
    -83.195        2  -133.68417
    -83.045        2  -133.68503
    -82.895        2  -133.68626
    -82.745        2  -133.68683
    -82.595        2  -133.68733
    -82.445        2  -133.68846
    -82.295        2  -133.68957
    -82.145        2  -133.69119
    -81.995        2  -133.69214
    -81.845        2  -133.69343
    -81.695        2  -133.69488
    -81.545        2  -133.69616
    -81.395        2  -133.69773
    -81.245        2  -133.69830
    -81.095        2  -133.69885
    -80.945        2  -133.70030
    -80.795        2  -133.70119
    -80.645        2  -133.70267
    -80.495        2  -133.70417
    -80.345        2  -133.70499
    -80.195        2  -133.70661
    -80.045        2  -133.70813
    -79.895        2  -133.70958
    -79.745        2  -133.71161
    -79.595        2  -133.71286
    -79.445        2  -133.71564
    -79.295        2  -133.71664
    -79.145        2  -133.71817
    -78.995        2  -133.71970
    -78.845        2  -133.72131
    -78.695        2  -133.72346
    -78.545        2  -133.72690
    -78.395        2  -133.72970
    -78.245        2  -133.73166
    -78.095        2  -133.73432
    -77.945        2  -133.73575
    -77.795        2  -133.73844
    -77.645        2  -133.74213
    -77.495        2  -133.74482
    -77.345        2  -133.74948
    -77.195        2  -133.75405
    -77.045        2  -133.75832
    -76.895        2  -133.76195
    -76.745        2  -133.76695
    -76.595        2  -133.77104
    -76.445        2  -133.77670
    -76.295        2  -133.78028
    -76.145        2  -133.78620
    -75.995        2  -133.79168
    -75.845        2  -133.79917
    -75.695        2  -133.80550
    -75.545        2  -133.81145
    -75.395        2  -133.81979
    -75.245        2  -133.82677
    -75.095        2  -133.83360
    -74.945        2  -133.84367
    -74.795        2  -133.85273
    -74.645        2  -133.86208
    -74.495        2  -133.87240
    -74.345        2  -133.88193
    -74.195        2  -133.89352
    -74.045        2  -133.90472
    -73.895        2  -133.91617
    -73.745        2  -133.93173
    -73.595        2  -133.94768
    -73.445        2  -133.96821
    -73.295        2  -133.98424
    -73.145        2  -134.00286
    -72.995        2  -134.02400
    -72.845        2  -134.04606
    -72.695        2  -134.06944
    -72.545        2  -134.09511
    -72.395        2  -134.12327
    -72.245        2  -134.14943
    -72.095        2  -134.17833
    -71.945        2  -134.20655
    -71.795        2  -134.23735
    -71.645        2  -134.27107
    -71.495        2  -134.30150
    -71.345        2  -134.33513
    -71.195        2  -134.37190
    -71.045        2  -134.40659
    -70.895        2  -134.44563
    -70.745        2  -134.48340
    -70.595        2  -134.52532
    -70.445        2  -134.56709
    -70.295        2  -134.60766
    -70.145        2  -134.64995
    -69.995        2  -134.69578
    -69.845        2  -134.73637
    -69.695        2  -134.78004
    -69.545        2  -134.82809
    -69.395        2  -134.87649
    -69.245        2  -134.92537
    -69.095        2  -134.97517
    -68.945        2  -135.02706
    -68.795        2  -135.07643
    -68.645        2  -135.12988
    -68.495        2  -135.18068
    -68.345        2  -135.23301
    -68.195        2  -135.28583
    -68.045        2  -135.34082
    -67.895        2  -135.39130
    -67.745        2  -135.44681
    -67.595        2  -135.50144
    -67.445        2  -135.55890
    -67.295        2  -135.61578
    -67.145        2  -135.67461
    -66.995        2  -135.73148
    -66.845        2  -135.79036
    -66.695        2  -135.84332
    -66.545        2  -135.89690
    -66.395        2  -135.95196
    -66.245        2  -136.00413
    -66.095        2  -136.05733
    -65.945        2  -136.10951
    -65.795        2  -136.16168
    -65.645        2  -136.21067
    -65.495        2  -136.26010
    -65.345        2  -136.31219
    -65.195        2  -136.36238
    -65.045        2  -136.41183
    -64.895        2  -136.46486
    -64.745        2  -136.51502
    -64.595        2  -136.56406
    -64.445        2  -136.60728
    -64.295        2  -136.65461
    -64.145        2  -136.70135
    -63.995        2  -136.74502
    -63.845        2  -136.78375
    -63.695        2  -136.82284
    -63.545        2  -136.86012
    -63.395        2  -136.89796
    -63.245        2  -136.93702
    -63.095        2  -136.97195
    -62.945        2  -137.00630
    -62.795        2  -137.04054
    -62.645        2  -137.07571
    -62.495        2  -137.10856
    -62.345        2  -137.13958
    -62.195        2  -137.17029
    -62.045        2  -137.19878
    -61.895        2  -137.22726
    -61.745        2  -137.25830
    -61.595        2  -137.28357
    -61.445        2  -137.30971
    -61.295        2  -137.33420
    -61.145        2  -137.36093
    -60.995        2  -137.38636
    -60.845        2  -137.40953
    -60.695        2  -137.43269
    -60.545        2  -137.45308
    -60.395        2  -137.47955
    -60.245        2  -137.50136
    -60.095        2  -137.52248
    -59.945        2  -137.54310
    -59.795        2  -137.56576
    -59.645        2  -137.58449
    -59.495        2  -137.60398
    -59.345        2  -137.62232
    -59.195        2  -137.64124
    -59.045        2  -137.65880
    -58.895        2  -137.67407
    -58.745        2  -137.68991
    -58.595        2  -137.70470
    -58.445        2  -137.72332
    -58.295        2  -137.73818
    -58.145        2  -137.75317
    -57.995        2  -137.76935
    -57.845        2  -137.78470
    -57.695        2  -137.79705
    -57.545        2  -137.80848
    -57.395        2  -137.82050
    -57.245        2  -137.83319
    -57.095        2  -137.84558
    -56.945        2  -137.85702
    -56.795        2  -137.86835
    -56.645        2  -137.87882
    -56.495        2  -137.88934
    -56.345        2  -137.89792
    -56.195        2  -137.90797
    -56.045        2  -137.91598
    -55.895        2  -137.92500
    -55.745        2  -137.93190
    -55.595        2  -137.94253
    -55.445        2  -137.95188
    -55.295        2  -137.95963
    -55.145        2  -137.96874
    -54.995        2  -137.97922
    -54.845        2  -137.98715
    -54.695        2  -137.99531
    -54.545        2  -138.00486
    -54.395        2  -138.01431
    -54.245        2  -138.02159
    -54.095        2  -138.02989
    -53.945        2  -138.03741
    -53.795        2  -138.04696
    -53.645        2  -138.05586
    -53.495        2  -138.06521
    -53.345        2  -138.07281
    -53.195        2  -138.08257
    -53.045        2  -138.09062
    -52.895        2  -138.09992
    -52.745        2  -138.10918
    -52.595        2  -138.11831
    -52.445        2  -138.12815
    -52.295        2  -138.13783
    -52.145        2  -138.14734
    -51.995        2  -138.15638
    -51.845        2  -138.16742
    -51.695        2  -138.17881
    -51.545        2  -138.18835
    -51.395        2  -138.20053
    -51.245        2  -138.20996
    -51.095        2  -138.22139
    -50.945        2  -138.23265
    -50.795        2  -138.24278
    -50.645        2  -138.25321
    -50.495        2  -138.26289
    -50.345        2  -138.27197
    -50.195        2  -138.28100
    -50.045        2  -138.29168
    -49.895        2  -138.30159
    -49.745        2  -138.31200
    -49.595        2  -138.32027
    -49.445        2  -138.32895
    -49.295        2  -138.33892
    -49.145        2  -138.34753
    -48.995        2  -138.35690
    -48.845        2  -138.36670
    -48.695        2  -138.37595
    -48.545        2  -138.38371
    -48.395        2  -138.39146
    -48.245        2  -138.39848
    -48.095        2  -138.40540
    -47.945        2  -138.41418
    -47.795        2  -138.42154
    -47.645        2  -138.42865
    -47.495        2  -138.43444
    -47.345        2  -138.44115
    -47.195        2  -138.44684
    -47.045        2  -138.45378
    -46.895        2  -138.45911
    -46.745        2  -138.46454
    -46.595        2  -138.47030
    -46.445        2  -138.47597
    -46.295        2  -138.48145
    -46.145        2  -138.48726
    -45.995        2  -138.49210
    -45.845        2  -138.49709
    -45.695        2  -138.50156
    -45.545        2  -138.50568
    -45.395        2  -138.51023
    -45.245        2  -138.51452
    -45.095        2  -138.51823
    -44.945        2  -138.52157
    -44.795        2  -138.52539
    -44.645        2  -138.52939
    -44.495        2  -138.53365
    -44.345        2  -138.53605
    -44.195        2  -138.53996
    -44.045        2  -138.54335
    -43.895        2  -138.54700
    -43.745        2  -138.55039
    -43.595        2  -138.55377
    -43.445        2  -138.55736
    -43.295        2  -138.56013
    -43.145        2  -138.56315
    -42.995        2  -138.56608
    -42.845        2  -138.56913
    -42.695        2  -138.57273
    -42.545        2  -138.57607
    -42.395        2  -138.57894
    -42.245        2  -138.58203
    -42.095        2  -138.58591
    -41.945        2  -138.58888
    -41.795        2  -138.59240
    -41.645        2  -138.59477
    -41.495        2  -138.59747
    -41.345        2  -138.60071
    -41.195        2  -138.60436
    -41.045        2  -138.60768
    -40.895        2  -138.61131
    -40.745        2  -138.61364
    -40.595        2  -138.61723
    -40.445        2  -138.62030
    -40.295        2  -138.62306
    -40.145        2  -138.62690
    -39.995        2  -138.63010
    -39.845        2  -138.63333
    -39.695        2  -138.63639
    -39.545        2  -138.64008
    -39.395        2  -138.64324
    -39.245        2  -138.64676
    -39.095        2  -138.65011
    -38.945        2  -138.65326
    -38.795        2  -138.65618
    -38.645        2  -138.65951
    -38.495        2  -138.66248
    -38.345        2  -138.66508
    -38.195        2  -138.66784
    -38.045        2  -138.67059
    -37.895        2  -138.67393
    -37.745        2  -138.67703
    -37.595        2  -138.67984
    -37.445        2  -138.68276
    -37.295        2  -138.68591
    -37.145        2  -138.68832
    -36.995        2  -138.69145
    -36.845        2  -138.69306
    -36.695        2  -138.69560
    -36.545        2  -138.69878
    -36.395        2  -138.70228
    -36.245        2  -138.70488
    -36.095        2  -138.70785
    -35.945        2  -138.71042
    -35.795        2  -138.71282
    -35.645        2  -138.71515
    -35.495        2  -138.71756
    -35.345        2  -138.72035
    -35.195        2  -138.72231
    -35.045        2  -138.72446
    -34.895        2  -138.72710
    -34.745        2  -138.72912
    -34.595        2  -138.73187
    -34.445        2  -138.73413
    -34.295        2  -138.73668
    -34.145        2  -138.73925
    -33.995        2  -138.74067
    -33.845        2  -138.74354
    -33.695        2  -138.74596
    -33.545        2  -138.74825
    -33.395        2  -138.75019
    -33.245        2  -138.75269
    -33.095        2  -138.75530
    -32.945        2  -138.75831
    -32.795        2  -138.76076
    -32.645        2  -138.76362
    -32.495        2  -138.76608
    -32.345        2  -138.76769
    -32.195        2  -138.76995
    -32.045        2  -138.77199
    -31.895        2  -138.77476
    -31.745        2  -138.77690
    -31.595        2  -138.77938
    -31.445        2  -138.78162
    -31.295        2  -138.78392
    -31.145        2  -138.78654
    -30.995        2  -138.78946
    -30.845        2  -138.79175
    -30.695        2  -138.79433
    -30.545        2  -138.79677
    -30.395        2  -138.79936
    -30.245        2  -138.80242
    -30.095        2  -138.80575
    -29.945        2  -138.80845
    -29.795        2  -138.81190
    -29.645        2  -138.81535
    -29.495        2  -138.81948
    -29.345        2  -138.82301
    -29.195        2  -138.82791
    -29.045        2  -138.83148
    -28.895        2  -138.83682
    -28.745        2  -138.84195
    -28.595        2  -138.84733
    -28.445        2  -138.85187
    -28.295        2  -138.85642
    -28.145        2  -138.86131
    -27.995        2  -138.86677
    -27.845        2  -138.87179
    -27.695        2  -138.87728
    -27.545        2  -138.88208
    -27.395        2  -138.88695
    -27.245        2  -138.89116
    -27.095        2  -138.89684
    -26.945        2  -138.90134
    -26.795        2  -138.90659
    -26.645        2  -138.91204
    -26.495        2  -138.91762
    -26.345        2  -138.92258
    -26.195        2  -138.92779
    -26.045        2  -138.93248
    -25.895        2  -138.93655
    -25.745        2  -138.94161
    -25.595        2  -138.94626
    -25.445        2  -138.95183
    -25.295        2  -138.95743
    -25.145        2  -138.96123
    -24.995        2  -138.96649
    -24.845        2  -138.97083
    -24.695        2  -138.97633
    -24.545        2  -138.98163
    -24.395        2  -138.98737
    -24.245        2  -138.99307
    -24.095        2  -138.99846
    -23.945        2  -139.00531
    -23.795        2  -139.01088
    -23.645        2  -139.01784
    -23.495        2  -139.02267
    -23.345        2  -139.02783
    -23.195        2  -139.03471
    -23.045        2  -139.04168
    -22.895        2  -139.04777
    -22.745        2  -139.05548
    -22.595        2  -139.06154
    -22.445        2  -139.06827
    -22.295        2  -139.07654
    -22.145        2  -139.08430
    -21.995        2  -139.09212
    -21.845        2  -139.09926
    -21.695        2  -139.10529
    -21.545        2  -139.11119
    -21.395        2  -139.11892
    -21.245        2  -139.12756
    -21.095        2  -139.13460
    -20.945        2  -139.14133
    -20.795        2  -139.15043
    -20.645        2  -139.15774
    -20.495        2  -139.16655
    -20.345        2  -139.17494
    -20.195        2  -139.18473
    -20.045        2  -139.19431
    -19.895        2  -139.20325
    -19.745        2  -139.21126
    -19.595        2  -139.21962
    -19.445        2  -139.22735
    -19.295        2  -139.23866
    -19.145        2  -139.24734
    -18.995        2  -139.25647
    -18.845        2  -139.26603
    -18.695        2  -139.27362
    -18.545        2  -139.28281
    -18.395        2  -139.29315
    -18.245        2  -139.30192
    -18.095        2  -139.31030
    -17.945        2  -139.32107
    -17.795        2  -139.33224
    -17.645        2  -139.34297
    -17.495        2  -139.35449
    -17.345        2  -139.36532
    -17.195        2  -139.37650
    -17.045        2  -139.38900
    -16.895        2  -139.40010
    -16.745        2  -139.41578
    -16.595        2  -139.42982
    -16.445        2  -139.44323
    -16.295        2  -139.45752
    -16.145        2  -139.47221
    -15.995        2  -139.48706
    -15.845        2  -139.50101
    -15.695        2  -139.51747
    -15.545        2  -139.53168
    -15.395        2  -139.54626
    -15.245        2  -139.56507
    -15.095        2  -139.58259
    -14.945        2  -139.60124
    -14.795        2  -139.61922
    -14.645        2  -139.63590
    -14.495        2  -139.65340
    -14.345        2  -139.67066
    -14.195        2  -139.68735
    -14.045        2  -139.70651
    -13.895        2  -139.72599
    -13.745        2  -139.74475
    -13.595        2  -139.76286
    -13.445        2  -139.78285
    -13.295        2  -139.80396
    -13.145        2  -139.82609
    -12.995        2  -139.84706
    -12.845        2  -139.86852
    -12.695        2  -139.88973
    -12.545        2  -139.91343
    -12.395        2  -139.93890
    -12.245        2  -139.96441
    -12.095        2  -139.99335
    -11.945        2  -140.01914
    -11.795        2  -140.04657
    -11.645        2  -140.07702
    -11.495        2  -140.10809
    -11.345        2  -140.13871
    -11.195        2  -140.16781
    -11.045        2  -140.20128
    -10.895        2  -140.23719
    -10.745        2  -140.27215
    -10.595        2  -140.31217
    -10.445        2  -140.35429
    -10.295        2  -140.39928
    -10.145        2  -140.44541
    -9.9950        2  -140.49332
    -9.8450        2  -140.54250
    -9.6950        2  -140.59436
    -9.5450        2  -140.64635
    -9.3950        2  -140.69957
    -9.2450        2  -140.75688
    -9.0950        2  -140.81541
    -8.9450        2  -140.87519
    -8.7950        2  -140.93782
    -8.6450        2  -141.00321
    -8.4950        2  -141.06932
    -8.3450        2  -141.14010
    -8.1950        2  -141.21141
    -8.0450        2  -141.28562
    -7.8950        2  -141.36379
    -7.7450        2  -141.44130
    -7.5950        2  -141.52496
    -7.4450        2  -141.60893
    -7.2950        2  -141.69715
    -7.1450        2  -141.78593
    -6.9950        2  -141.87927
    -6.8450        2  -141.97807
    -6.6950        2  -142.07888
    -6.5450        2  -142.18325
    -6.3950        2  -142.29038
    -6.2450        2  -142.40278
    -6.0950        2  -142.52147
    -5.9450        2  -142.64264
    -5.7950        2  -142.76741
    -5.6450        2  -142.89901
    -5.4950        2  -143.03529
    -5.3450        2  -143.17726
    -5.1950        2  -143.32374
    -5.0450        2  -143.47790
    -4.8950        2  -143.63772
    -4.7450        2  -143.80523
    -4.5950        2  -143.98152
    -4.4450        2  -144.16655
    -4.2950        2  -144.35646
    -4.1450        2  -144.55634
    -3.9950        2  -144.76785
    -3.8450        2  -144.98791
    -3.6950        2  -145.21844
    -3.5450        2  -145.46127
    -3.3950        2  -145.71580
    -3.2450        2  -145.98385
    -3.0950        2  -146.26621
    -2.9450        2  -146.56309
    -2.7950        2  -146.87632
    -2.6450        2  -147.20991
    -2.4950        2  -147.56462
    -2.3450        2  -147.94053
    -2.1950        2  -148.34133
    -2.0450        2  -148.76796
    -1.8950        2  -149.22875
    -1.7450        2  -149.72624
    -1.5950        2  -150.26335
    -1.4450        2  -150.85234
    -1.2950        2  -151.50006
    -1.1450        2  -152.22789
   -0.99500        2  -153.03442
   -0.84500        2  -153.92721
   -0.69500        2  -154.92141
   -0.54500        2  -156.03560
   -0.39500        2  -157.26987
   -0.25300        2  -158.08768
   -0.21500        2  -158.13766
   -0.20900        2  -158.18739
   -0.20300        2  -158.23709
   -0.19700        2  -158.28648
   -0.19100        2  -158.33561
   -0.18500        2  -158.38433
   -0.17900        2  -158.43281
   -0.17300        2  -158.48092
   -0.16700        2  -158.52879
   -0.16100        2  -158.57610
   -0.15500        2  -158.62295
   -0.14900        2  -158.66917
   -0.14300        2  -158.71479
   -0.13700        2  -158.75981
   -0.13100        2  -158.80420
   -0.12500        2  -158.84780
   -0.11900        2  -158.89050
   -0.11300        2  -158.93228
   -0.10700        2  -158.97302
   -0.10100        2  -159.01262
   -0.95000E-01    2  -159.05114
   -0.89000E-01    2  -159.08839
   -0.83000E-01    2  -159.12427
   -0.77000E-01    2  -159.15862
   -0.71000E-01    2  -159.19138
   -0.65000E-01    2  -159.22235
   -0.59000E-01    2  -159.25155
   -0.53000E-01    2  -159.27870
   -0.47000E-01    2  -159.30371
   -0.41000E-01    2  -159.32638
   -0.35000E-01    2  -159.34642
   -0.29000E-01    2  -159.36370
   -0.23000E-01    2  -159.37798
   -0.19700E-01    2  -159.37924
   -0.19100E-01    2  -159.38045
   -0.18500E-01    2  -159.38163
   -0.17900E-01    2  -159.38278
   -0.17300E-01    2  -159.38389
   -0.16700E-01    2  -159.38498
   -0.16100E-01    2  -159.38603
   -0.15500E-01    2  -159.38704
   -0.14900E-01    2  -159.38801
   -0.14300E-01    2  -159.38896
   -0.13700E-01    2  -159.38987
   -0.13100E-01    2  -159.39073
   -0.12500E-01    2  -159.39157
   -0.11900E-01    2  -159.39237
   -0.11300E-01    2  -159.39313
   -0.10700E-01    2  -159.39386
   -0.10100E-01    2  -159.39454
   -0.95000E-02    2  -159.39519
   -0.89000E-02    2  -159.39580
   -0.83000E-02    2  -159.39637
   -0.77000E-02    2  -159.39690
   -0.71000E-02    2  -159.39740
   -0.65000E-02    2  -159.39785
   -0.59000E-02    2  -159.39827
   -0.53000E-02    2  -159.39864
   -0.47000E-02    2  -159.39898
   -0.41000E-02    2  -159.39927
   -0.35000E-02    2  -159.39952
   -0.29000E-02    2  -159.39973
   -0.23000E-02    2  -159.39990
   -0.17000E-02    2  -159.40002
   -0.11000E-02    2  -159.40010
   -0.50000E-03    2  -159.40014
    0.10000E-03    2  -159.40013
    0.70000E-03    2  -159.40008
    0.13000E-02    2  -159.39999
    0.19000E-02    2  -159.39985
    0.25000E-02    2  -159.39966
    0.31000E-02    2  -159.39943
    0.37000E-02    2  -159.39915
    0.43000E-02    2  -159.39882
    0.49000E-02    2  -159.39845
    0.55000E-02    2  -159.39804
    0.61000E-02    2  -159.39757
    0.67000E-02    2  -159.39706
    0.73000E-02    2  -159.39650
    0.79000E-02    2  -159.39589
    0.85000E-02    2  -159.39523
    0.91000E-02    2  -159.39452
    0.97000E-02    2  -159.39376
    0.10300E-01    2  -159.39296
    0.10900E-01    2  -159.39210
    0.11500E-01    2  -159.39119
    0.12100E-01    2  -159.39023
    0.12700E-01    2  -159.38921
    0.13300E-01    2  -159.38815
    0.13900E-01    2  -159.38703
    0.14500E-01    2  -159.38586
    0.15100E-01    2  -159.38464
    0.15700E-01    2  -159.38337
    0.16300E-01    2  -159.38205
    0.16900E-01    2  -159.38067
    0.17500E-01    2  -159.37923
    0.18100E-01    2  -159.37775
    0.18700E-01    2  -159.37621
    0.19300E-01    2  -159.37460
    0.20200E-01    2  -159.36779
    0.25000E-01    2  -159.34614
    0.31000E-01    2  -159.31816
    0.37000E-01    2  -159.28327
    0.43000E-01    2  -159.24105
    0.49000E-01    2  -159.19074
    0.55000E-01    2  -159.13166
    0.61000E-01    2  -159.06298
    0.67000E-01    2  -158.98395
    0.73000E-01    2  -158.89351
    0.79000E-01    2  -158.79057
    0.85000E-01    2  -158.67424
    0.91000E-01    2  -158.54309
    0.97000E-01    2  -158.39545
    0.10300        2  -158.22940
    0.10900        2  -158.04276
    0.11500        2  -157.83345
    0.12100        2  -157.59735
    0.12700        2  -157.32994
    0.13300        2  -157.03188
    0.13900        2  -156.70054
    0.14500        2  -156.33188
    0.15100        2  -155.92167
    0.15700        2  -155.46318
    0.16300        2  -154.95020
    0.16900        2  -154.37677
    0.17500        2  -153.73428
    0.18100        2  -153.01244
    0.18700        2  -152.19595
    0.19300        2  -151.25623
    0.19900        2  -150.19772
    0.20500        2  -149.02392
    0.21100        2  -147.71215
    0.21700        2  -146.29575
    0.29500        2   -98.86240
    0.44500        2   -77.17053
    0.59500        2   -68.56439
    0.74500        2   -63.60282
    0.89500        2   -60.16767
     1.0450        2   -57.58456
     1.1950        2   -55.52160
     1.3450        2   -53.80690
     1.4950        2   -52.34310
     1.6450        2   -51.07150
     1.7950        2   -49.94788
     1.9450        2   -48.94415
     2.0950        2   -48.03744
     2.2450        2   -47.21377
     2.3950        2   -46.46334
     2.5450        2   -45.77287
     2.6950        2   -45.13436
     2.8450        2   -44.54194
     2.9950        2   -43.99993
     3.1450        2   -43.50139
     3.2950        2   -43.04156
     3.4450        2   -42.62513
     3.5950        2   -42.25293
     3.7450        2   -41.91758
     3.8950        2   -41.61247
     4.0450        2   -41.33050
     4.1950        2   -41.07149
     4.3450        2   -40.83549
     4.4950        2   -40.61738
     4.6450        2   -40.41636
     4.7950        2   -40.22990
     4.9450        2   -40.05743
     5.0950        2   -39.89972
     5.2450        2   -39.75469
     5.3950        2   -39.62247
     5.5450        2   -39.49895
     5.6950        2   -39.39145
     5.8450        2   -39.29598
     5.9950        2   -39.20495
     6.1450        2   -39.12501
     6.2950        2   -39.05369
     6.4450        2   -38.99423
     6.5950        2   -38.93943
     6.7450        2   -38.89225
     6.8950        2   -38.85256
     7.0450        2   -38.81812
     7.1950        2   -38.78851
     7.3450        2   -38.76379
     7.4950        2   -38.74286
     7.6450        2   -38.72561
     7.7950        2   -38.71126
     7.9450        2   -38.70091
     8.0950        2   -38.69125
     8.2450        2   -38.68310
     8.3950        2   -38.67591
     8.5450        2   -38.67127
     8.6950        2   -38.66613
     8.8450        2   -38.66218
     8.9950        2   -38.65902
     9.1450        2   -38.65496
     9.2950        2   -38.65215
     9.4450        2   -38.64983
     9.5950        2   -38.64698
     9.7450        2   -38.64336
     9.8950        2   -38.64024
     10.045        2   -38.63776
     10.195        2   -38.63648
     10.345        2   -38.63379
     10.495        2   -38.63190
     10.645        2   -38.63007
     10.795        2   -38.62861
     10.945        2   -38.62690
     11.095        2   -38.62527
     11.245        2   -38.62376
     11.395        2   -38.62227
     11.545        2   -38.62021
     11.695        2   -38.61819
     11.845        2   -38.61724
     11.995        2   -38.61583
     12.145        2   -38.61393
     12.295        2   -38.61297
     12.445        2   -38.61085
     12.595        2   -38.60977
     12.745        2   -38.60907
     12.895        2   -38.60680
     13.045        2   -38.60522
     13.195        2   -38.60392
     13.345        2   -38.60298
     13.495        2   -38.60151
     13.645        2   -38.60020
     13.795        2   -38.60004
     13.945        2   -38.59796
     14.095        2   -38.59602
     14.245        2   -38.59573
     14.395        2   -38.59497
     14.545        2   -38.59348
     14.695        2   -38.59288
     14.845        2   -38.59160
     14.995        2   -38.59106
     15.145        2   -38.59048
     15.295        2   -38.58870
     15.445        2   -38.58789
     15.595        2   -38.58724
     15.745        2   -38.58710
     15.895        2   -38.58601
     16.045        2   -38.58580
     16.195        2   -38.58494
     16.345        2   -38.58459
     16.495        2   -38.58423
     16.645        2   -38.58327
     16.795        2   -38.58202
     16.945        2   -38.58132
     17.095        2   -38.58114
     17.245        2   -38.58063
     17.395        2   -38.58046
     17.545        2   -38.57998
     17.695        2   -38.57956
     17.845        2   -38.57871
     17.995        2   -38.57751
     18.145        2   -38.57698
     18.295        2   -38.57637
     18.445        2   -38.57581
     18.595        2   -38.57489
     18.745        2   -38.57366
     18.895        2   -38.57347
     19.045        2   -38.57288
     19.195        2   -38.57180
     19.345        2   -38.57121
     19.495        2   -38.57021
     19.645        2   -38.56985
     19.795        2   -38.56923
     19.945        2   -38.56850
     20.095        2   -38.56769
     21.836        2   -38.55075
     30.068        2   -38.53065
     42.097        2   -38.51514
     58.937        2   -38.50688
     82.515        2   -38.50140
     115.53        2   -38.49903
     161.74        2   -38.49714
     226.45        2   -38.49735
     317.04        2   -38.50033
     443.87        2   -38.50441
     621.44        2   -38.50977
     870.05        2   -38.51721
     1218.1        2   -38.52180
     1705.4        2   -38.52733
     2387.7        2   -38.53390
     3342.9        2   -38.53797
     4680.2        2   -38.54412
     6552.5        2   -38.55205
     9173.8        2   -38.55870
     12844.        2   -38.56730
     17982.        2   -38.57117
     25176.        2   -38.57895
     35247.        2   -38.58783
     49348.        2   -38.59558
     69090.        2   -38.60481
     96729.        2   -38.61347
    0.13543E+06    2   -38.62456
    0.18960E+06    2   -38.63280
    0.26545E+06    2   -38.64405
    0.37165E+06    2   -38.65254
    0.52033E+06    2   -38.66352
    0.72849E+06    2   -38.67177
    0.10199E+07    2   -38.67981
    0.14279E+07    2   -38.68740
    0.19992E+07    2   -38.69733
    0.27990E+07    2   -38.70800
    0.39187E+07    2   -38.71759
    0.54864E+07    2   -38.72437
    0.76812E+07    2   -38.73289
    0.10754E+08    2   -38.74304
    0.15056E+08    2   -38.75095
    0.21080E+08    2   -38.75498
    0.29513E+08    2   -38.75974
    0.41319E+08    2   -38.76426
    0.57849E+08    2   -38.76936
    0.80991E+08    2   -38.77452
    0.11339E+09    2   -38.77935
    0.15875E+09    2   -38.78360
    0.22226E+09    2   -38.78755
    0.31118E+09    2   -38.79146
    0.43567E+09    2   -38.79421
    0.60996E+09    2   -38.79758
    0.85398E+09    2   -38.80160
    0.11956E+10    2   -38.80404
    0.16739E+10    2   -38.80596
    0.23436E+10    2   -38.80877
    0.32811E+10    2   -38.81003
    0.45937E+10    2   -38.81264
    0.64315E+10    2   -38.81552
    0.90044E+10    2   -38.81671
    0.12607E+11    2   -38.81840
    0.17650E+11    2   -38.81947
    0.24711E+11    2   -38.82123
    0.34596E+11    2   -38.82297
    0.48437E+11    2   -38.82324
    0.67814E+11    2   -38.82407
    0.10000E+12    2   -38.83394
    -29.945        3     0.00000
    -29.795        3     0.00000
    -29.645        3     0.00000
    -29.495        3     0.00000
    -29.345        3     0.00000
    -29.195        3     0.00000
    -29.045        3     0.00000
    -28.895        3     0.00000
    -28.745        3     0.00000
    -28.595        3     0.00000
    -28.445        3     0.00000
    -28.295        3     0.00000
    -28.145        3     0.00000
    -27.995        3     0.00000
    -27.845        3     0.00000
    -27.695        3     0.00000
    -27.545        3     0.00000
    -27.395        3     0.00000
    -27.245        3     0.00000
    -27.095        3     0.00000
    -26.945        3     0.00000
    -26.795        3     0.00000
    -26.645        3     0.00000
    -26.495        3     0.00000
    -26.345        3     0.00000
    -26.195        3     0.00000
    -26.045        3     0.00000
    -25.895        3     0.00000
    -25.745        3     0.00000
    -25.595        3     0.00000
    -25.445        3     0.00000
    -25.295        3     0.00000
    -25.145        3     0.00000
    -24.995        3     0.00000
    -24.845        3     0.00000
    -24.695        3     0.00000
    -24.545        3     0.00000
    -24.395        3     0.00000
    -24.245        3     0.00000
    -24.095        3     0.00000
    -23.945        3     0.00000
    -23.795        3     0.00000
    -23.645        3     0.00000
    -23.495        3     0.00000
    -23.345        3     0.00000
    -23.195        3     0.00000
    -23.045        3     0.00000
    -22.895        3     0.00000
    -22.745        3     0.00000
    -22.595        3     0.00000
    -22.445        3     0.00000
    -22.295        3     0.00000
    -22.145        3     0.00000
    -21.995        3     0.00000
    -21.845        3     0.00000
    -21.695        3     0.00000
    -21.545        3     0.00000
    -21.395        3     0.00000
    -21.245        3     0.00000
    -21.095        3     0.00000
    -20.945        3     0.00000
    -20.795        3     0.00000
    -20.645        3     0.00000
    -20.495        3     0.00000
    -20.345        3     0.00000
    -20.195        3     0.00000
    -20.045        3     0.00000
    -19.895        3     0.00000
    -19.745        3     0.00000
    -19.595        3     0.00000
    -19.445        3     0.00000
    -19.295        3     0.00000
    -19.145        3     0.00000
    -18.995        3     0.00000
    -18.845        3     0.00000
    -18.695        3     0.00000
    -18.545        3     0.00000
    -18.395        3     0.00000
    -18.245        3     0.00000
    -18.095        3     0.00000
    -17.945        3     0.00000
    -17.795        3     0.00000
    -17.645        3     0.00000
    -17.495        3     0.00000
    -17.345        3    -0.00003
    -17.195        3    -0.00002
    -17.045        3    -0.00005
    -16.895        3    -0.00010
    -16.745        3    -0.00027
    -16.595        3    -0.00041
    -16.445        3    -0.00072
    -16.295        3    -0.00094
    -16.145        3    -0.00112
    -15.995        3    -0.00262
    -15.845        3    -0.01783
    -15.695        3    -0.07919
    -15.545        3    -0.21859
    -15.395        3    -0.44834
    -15.245        3    -0.75167
    -15.095        3    -1.11167
    -14.945        3    -1.52096
    -14.795        3    -1.95069
    -14.645        3    -2.39210
    -14.495        3    -2.82712
    -14.345        3    -3.24612
    -14.195        3    -3.65488
    -14.045        3    -4.04531
    -13.895        3    -4.41350
    -13.745        3    -4.76171
    -13.595        3    -5.09811
    -13.445        3    -5.42582
    -13.295        3    -5.75328
    -13.145        3    -6.10202
    -12.995        3    -6.49006
    -12.845        3    -6.92848
    -12.695        3    -7.42420
    -12.545        3    -7.96878
    -12.395        3    -8.56099
    -12.245        3    -9.19127
    -12.095        3    -9.84278
    -11.945        3   -10.50268
    -11.795        3   -11.16542
    -11.645        3   -11.80700
    -11.495        3   -12.43038
    -11.345        3   -13.02590
    -11.195        3   -13.59495
    -11.045        3   -14.13113
    -10.895        3   -14.65827
    -10.745        3   -15.16027
    -10.595        3   -15.65241
    -10.445        3   -16.13247
    -10.295        3   -16.60735
    -10.145        3   -17.08251
    -9.9950        3   -17.56431
    -9.8450        3   -18.05483
    -9.6950        3   -18.56196
    -9.5450        3   -19.07669
    -9.3950        3   -19.61324
    -9.2450        3   -20.18062
    -9.0950        3   -20.76374
    -8.9450        3   -21.36772
    -8.7950        3   -21.99349
    -8.6450        3   -22.64597
    -8.4950        3   -23.33239
    -8.3450        3   -24.05911
    -8.1950        3   -24.83194
    -8.0450        3   -25.63941
    -7.8950        3   -26.49046
    -7.7450        3   -27.37821
    -7.5950        3   -28.29799
    -7.4450        3   -29.25924
    -7.2950        3   -30.27785
    -7.1450        3   -31.38141
    -6.9950        3   -32.59272
    -6.8450        3   -33.90719
    -6.6950        3   -35.32645
    -6.5450        3   -36.81364
    -6.3950        3   -38.35880
    -6.2450        3   -39.93821
    -6.0950        3   -41.53136
    -5.9450        3   -43.11915
    -5.7950        3   -44.68646
    -5.6450        3   -46.23257
    -5.4950        3   -47.74161
    -5.3450        3   -49.21300
    -5.1950        3   -50.65230
    -5.0450        3   -52.05109
    -4.8950        3   -53.40796
    -4.7450        3   -54.72306
    -4.5950        3   -56.00040
    -4.4450        3   -57.25107
    -4.2950        3   -58.47833
    -4.1450        3   -59.69098
    -3.9950        3   -60.90783
    -3.8450        3   -62.13573
    -3.6950        3   -63.38531
    -3.5450        3   -64.67889
    -3.3950        3   -66.01901
    -3.2450        3   -67.42776
    -3.0950        3   -68.91910
    -2.9450        3   -70.51071
    -2.7950        3   -72.22033
    -2.6450        3   -74.06952
    -2.4950        3   -76.07568
    -2.3450        3   -78.28819
    -2.1950        3   -80.77272
    -2.0450        3   -83.62355
    -1.8950        3   -87.00011
    -1.7450        3   -91.07825
    -1.5950        3   -95.99781
    -1.4450        3  -101.86893
    -1.2950        3  -108.69774
    -1.1450        3  -116.35674
   -0.99500        3  -124.68934
   -0.84500        3  -133.51508
   -0.69500        3  -142.71733
   -0.54500        3  -152.42102
   -0.39500        3  -163.30111
   -0.25300        3  -171.62631
   -0.21500        3  -172.19637
   -0.20900        3  -172.77454
   -0.20300        3  -173.36160
   -0.19700        3  -173.95873
   -0.19100        3  -174.56488
   -0.18500        3  -175.18102
   -0.17900        3  -175.80800
   -0.17300        3  -176.44662
   -0.16700        3  -177.09766
   -0.16100        3  -177.76150
   -0.15500        3  -178.43874
   -0.14900        3  -179.13149
   -0.14300        3  -179.83995
   -0.13700        3  -180.56524
   -0.13100        3  -181.31011
   -0.12500        3  -182.07491
   -0.11900        3  -182.86189
   -0.11300        3  -183.67256
   -0.10700        3  -184.51002
   -0.10100        3  -185.37722
   -0.95000E-01    3  -186.27836
   -0.89000E-01    3  -187.21672
   -0.83000E-01    3  -188.19712
   -0.77000E-01    3  -189.22652
   -0.71000E-01    3  -190.31381
   -0.65000E-01    3  -191.46864
   -0.59000E-01    3  -192.70339
   -0.53000E-01    3  -194.03596
   -0.47000E-01    3  -195.49071
   -0.41000E-01    3  -197.10398
   -0.35000E-01    3  -198.93093
   -0.29000E-01    3  -201.06829
   -0.23000E-01    3  -203.67410
   -0.19700E-01    3  -203.96580
   -0.19100E-01    3  -204.26504
   -0.18500E-01    3  -204.57213
   -0.17900E-01    3  -204.88776
   -0.17300E-01    3  -205.21230
   -0.16700E-01    3  -205.54640
   -0.16100E-01    3  -205.89090
   -0.15500E-01    3  -206.24615
   -0.14900E-01    3  -206.61305
   -0.14300E-01    3  -206.99233
   -0.13700E-01    3  -207.38502
   -0.13100E-01    3  -207.79221
   -0.12500E-01    3  -208.21502
   -0.11900E-01    3  -208.65478
   -0.11300E-01    3  -209.11312
   -0.10700E-01    3  -209.59177
   -0.10100E-01    3  -210.09310
   -0.95000E-02    3  -210.62017
   -0.89000E-02    3  -211.17743
   -0.83000E-02    3  -211.76795
   -0.77000E-02    3  -212.39429
   -0.71000E-02    3  -213.05874
   -0.65000E-02    3  -213.76433
   -0.59000E-02    3  -214.51532
   -0.53000E-02    3  -215.31610
   -0.47000E-02    3  -216.16789
   -0.41000E-02    3  -217.06714
   -0.35000E-02    3  -218.01063
   -0.29000E-02    3  -218.97807
   -0.23000E-02    3  -219.91099
   -0.17000E-02    3  -220.72123
   -0.11000E-02    3  -221.30165
   -0.50000E-03    3  -221.57912
    0.10000E-03    3  -221.52299
    0.70000E-03    3  -221.13910
    0.13000E-02    3  -220.47162
    0.19000E-02    3  -219.60781
    0.25000E-02    3  -218.65498
    0.31000E-02    3  -217.69007
    0.37000E-02    3  -216.76032
    0.43000E-02    3  -215.87642
    0.49000E-02    3  -215.04135
    0.55000E-02    3  -214.25763
    0.61000E-02    3  -213.52290
    0.67000E-02    3  -212.83207
    0.73000E-02    3  -212.18137
    0.79000E-02    3  -211.56821
    0.85000E-02    3  -210.99028
    0.91000E-02    3  -210.44572
    0.97000E-02    3  -209.93035
    0.10300E-01    3  -209.43958
    0.10900E-01    3  -208.97063
    0.11500E-01    3  -208.52122
    0.12100E-01    3  -208.08977
    0.12700E-01    3  -207.67449
    0.13300E-01    3  -207.27429
    0.13900E-01    3  -206.88804
    0.14500E-01    3  -206.51488
    0.15100E-01    3  -206.15391
    0.15700E-01    3  -205.80435
    0.16300E-01    3  -205.46537
    0.16900E-01    3  -205.13643
    0.17500E-01    3  -204.81690
    0.18100E-01    3  -204.50627
    0.18700E-01    3  -204.20403
    0.19300E-01    3  -203.90963
    0.20200E-01    3  -202.83337
    0.25000E-01    3  -200.44092
    0.31000E-01    3  -198.46820
    0.37000E-01    3  -196.78004
    0.43000E-01    3  -195.29480
    0.49000E-01    3  -193.96435
    0.55000E-01    3  -192.75842
    0.61000E-01    3  -191.65664
    0.67000E-01    3  -190.64182
    0.73000E-01    3  -189.70111
    0.79000E-01    3  -188.82525
    0.85000E-01    3  -188.00728
    0.91000E-01    3  -187.24037
    0.97000E-01    3  -186.51769
    0.10300        3  -185.83480
    0.10900        3  -185.18905
    0.11500        3  -184.57689
    0.12100        3  -183.99644
    0.12700        3  -183.44490
    0.13300        3  -182.91987
    0.13900        3  -182.41913
    0.14500        3  -181.94116
    0.15100        3  -181.48436
    0.15700        3  -181.04763
    0.16300        3  -180.62861
    0.16900        3  -180.22713
    0.17500        3  -179.84206
    0.18100        3  -179.47221
    0.18700        3  -179.11561
    0.19300        3  -178.77279
    0.19900        3  -178.44317
    0.20500        3  -178.12549
    0.21100        3  -177.81979
    0.21700        3  -177.52381
    0.29500        3  -172.15931
    0.44500        3  -169.12253
    0.59500        3  -166.88161
    0.74500        3  -165.01562
    0.89500        3  -163.36953
     1.0450        3  -161.86980
     1.1950        3  -160.47562
     1.3450        3  -159.15860
     1.4950        3  -157.90453
     1.6450        3  -156.70137
     1.7950        3  -155.54118
     1.9450        3  -154.42258
     2.0950        3  -153.34311
     2.2450        3  -152.30787
     2.3950        3  -151.31888
     2.5450        3  -150.37204
     2.6950        3  -149.46889
     2.8450        3  -148.60953
     2.9950        3  -147.79584
     3.1450        3  -147.02671
     3.2950        3  -146.30188
     3.4450        3  -145.61181
     3.5950        3  -144.96030
     3.7450        3  -144.33912
     3.8950        3  -143.74593
     4.0450        3  -143.17573
     4.1950        3  -142.63111
     4.3450        3  -142.09565
     4.4950        3  -141.56718
     4.6450        3  -141.04035
     4.7950        3  -140.50840
     4.9450        3  -139.96736
     5.0950        3  -139.40535
     5.2450        3  -138.81241
     5.3950        3  -138.17031
     5.5450        3  -137.47538
     5.6950        3  -136.70275
     5.8450        3  -135.85592
     5.9950        3  -134.93072
     6.1450        3  -133.92760
     6.2950        3  -132.85314
     6.4450        3  -131.71849
     6.5950        3  -130.53710
     6.7450        3  -129.32071
     6.8950        3  -128.08243
     7.0450        3  -126.83279
     7.1950        3  -125.57804
     7.3450        3  -124.33341
     7.4950        3  -123.09799
     7.6450        3  -121.87976
     7.7950        3  -120.67916
     7.9450        3  -119.50854
     8.0950        3  -118.37134
     8.2450        3  -117.26567
     8.3950        3  -116.19599
     8.5450        3  -115.16183
     8.6950        3  -114.18085
     8.8450        3  -113.25195
     8.9950        3  -112.36926
     9.1450        3  -111.55053
     9.2950        3  -110.79462
     9.4450        3  -110.10456
     9.5950        3  -109.48455
     9.7450        3  -108.93212
     9.8950        3  -108.44294
     10.045        3  -108.00396
     10.195        3  -107.62044
     10.345        3  -107.27883
     10.495        3  -106.98338
     10.645        3  -106.71617
     10.795        3  -106.47418
     10.945        3  -106.25773
     11.095        3  -106.05445
     11.245        3  -105.86275
     11.395        3  -105.68268
     11.545        3  -105.50838
     11.695        3  -105.34132
     11.845        3  -105.17968
     11.995        3  -105.02254
     12.145        3  -104.87019
     12.295        3  -104.72301
     12.445        3  -104.57903
     12.595        3  -104.43592
     12.745        3  -104.29712
     12.895        3  -104.15791
     13.045        3  -104.01971
     13.195        3  -103.88422
     13.345        3  -103.74969
     13.495        3  -103.61613
     13.645        3  -103.48471
     13.795        3  -103.35624
     13.945        3  -103.22760
     14.095        3  -103.10248
     14.245        3  -102.97733
     14.395        3  -102.85337
     14.545        3  -102.72892
     14.695        3  -102.60716
     14.845        3  -102.48554
     14.995        3  -102.36658
     15.145        3  -102.24816
     15.295        3  -102.13124
     15.445        3  -102.01561
     15.595        3  -101.89965
     15.745        3  -101.78503
     15.895        3  -101.67411
     16.045        3  -101.56036
     16.195        3  -101.44853
     16.345        3  -101.33798
     16.495        3  -101.22926
     16.645        3  -101.12079
     16.795        3  -101.01193
     16.945        3  -100.90580
     17.095        3  -100.79910
     17.245        3  -100.69458
     17.395        3  -100.59141
     17.545        3  -100.48748
     17.695        3  -100.38517
     17.845        3  -100.28312
     17.995        3  -100.18212
     18.145        3  -100.08066
     18.295        3   -99.98252
     18.445        3   -99.88505
     18.595        3   -99.78709
     18.745        3   -99.69071
     18.895        3   -99.59383
     19.045        3   -99.49824
     19.195        3   -99.40457
     19.345        3   -99.31117
     19.495        3   -99.21749
     19.645        3   -99.12508
     19.795        3   -99.03249
     19.945        3   -98.94129
     20.095        3   -98.85119
     21.836        3   -96.07219
     30.068        3   -91.87629
     42.097        3   -87.60797
     58.937        3   -83.27577
     82.515        3   -78.90524
     115.53        3   -74.50912
     161.74        3   -70.09392
     226.45        3   -65.68764
     317.04        3   -61.31073
     443.87        3   -56.95373
     621.44        3   -52.63246
     870.05        3   -48.36183
     1218.1        3   -44.13577
     1705.4        3   -39.95465
     2387.7        3   -35.82276
     3342.9        3   -31.76362
     4680.2        3   -27.79341
     6552.5        3   -23.92373
     9173.8        3   -20.16517
     12844.        3   -16.52493
     17982.        3   -13.00174
     25176.        3    -9.59115
     35247.        3    -6.30784
     49348.        3    -3.16319
     69090.        3    -0.16355
     96729.        3     2.70035
    0.13543E+06    3     5.43102
    0.18960E+06    3     8.03011
    0.26545E+06    3    10.50574
    0.37165E+06    3    12.86239
    0.52033E+06    3    15.10403
    0.72849E+06    3    17.23511
    0.10199E+07    3    19.26104
    0.14279E+07    3    21.18703
    0.19992E+07    3    23.02109
    0.27990E+07    3    24.76240
    0.39187E+07    3    26.41729
    0.54864E+07    3    27.99264
    0.76812E+07    3    29.48719
    0.10754E+08    3    30.90652
    0.15056E+08    3    32.25614
    0.21080E+08    3    33.53928
    0.29513E+08    3    34.75335
    0.41319E+08    3    35.89806
    0.57849E+08    3    36.96644
    0.80991E+08    3    37.95279
    0.11339E+09    3    38.86980
    0.15875E+09    3    39.72427
    0.22226E+09    3    40.52202
    0.31118E+09    3    41.26836
    0.43567E+09    3    41.96362
    0.60996E+09    3    42.60076
    0.85398E+09    3    43.17725
    0.11956E+10    3    43.70558
    0.16739E+10    3    44.19004
    0.23436E+10    3    44.63546
    0.32811E+10    3    45.04512
    0.45937E+10    3    45.42072
    0.64315E+10    3    45.76507
    0.90044E+10    3    46.08267
    0.12607E+11    3    46.37427
    0.17650E+11    3    46.64262
    0.24711E+11    3    46.88912
    0.34596E+11    3    47.11542
    0.48437E+11    3    47.32344
    0.67814E+11    3    47.51489
    0.10000E+12    3    49.69924
