    -159.95         0.00000
    -159.79         0.00000
    -159.65         0.00000
    -159.49         0.00000
    -159.34         0.00000
    -159.20         0.00000
    -159.04         0.00000
    -158.90         0.00000
    -158.74         0.00000
    -158.59         0.00000
    -158.45         0.00000
    -158.29         0.00000
    -158.15         0.00000
    -157.99         0.00000
    -157.84         0.00000
    -157.70         0.00000
    -157.54         0.00000
    -157.40         0.00000
    -157.24         0.00000
    -157.09         0.00000
    -156.95         0.00000
    -156.79         0.00000
    -156.65         0.00000
    -156.49         0.00000
    -156.34         0.00000
    -156.20         0.00000
    -156.04         0.00000
    -155.90         0.00000
    -155.74         0.00000
    -155.59         0.00000
    -155.45         0.00000
    -155.29         0.00000
    -155.15         0.00000
    -154.99         0.00000
    -154.84         0.00000
    -154.70         0.00000
    -154.54         0.00000
    -154.40         0.00000
    -154.24         0.00000
    -154.09         0.00000
    -153.95         0.00000
    -153.79         0.00000
    -153.65         0.00000
    -153.49         0.00000
    -153.34         0.00000
    -153.20         0.00000
    -153.04         0.00000
    -152.90         0.00000
    -152.74         0.00000
    -152.59         0.00000
    -152.45         0.00000
    -152.29         0.00000
    -152.15         0.00000
    -151.99         0.00000
    -151.84         0.00000
    -151.70         0.00000
    -151.54         0.00000
    -151.40         0.00000
    -151.24         0.00000
    -151.09         0.00000
    -150.95         0.00000
    -150.79         0.00000
    -150.65         0.00000
    -150.49         0.00000
    -150.34         0.00000
    -150.20         0.00000
    -150.04         0.00000
    -149.90         0.00000
    -149.74         0.00000
    -149.59         0.00000
    -149.45         0.00000
    -149.29         0.00000
    -149.15         0.00000
    -148.99         0.00000
    -148.84         0.00000
    -148.70         0.00000
    -148.54         0.00000
    -148.40         0.00000
    -148.24         0.00000
    -148.09         0.00000
    -147.95         0.00000
    -147.79         0.00000
    -147.65         0.00000
    -147.49         0.00000
    -147.34         0.00000
    -147.20         0.00000
    -147.04         0.00000
    -146.90         0.00000
    -146.74         0.00000
    -146.59         0.00000
    -146.45         0.00000
    -146.29         0.00000
    -146.15         0.00000
    -145.99         0.00000
    -145.84         0.00000
    -145.70         0.00000
    -145.54         0.00000
    -145.40         0.00000
    -145.24         0.00000
    -145.09         0.00000
    -144.95         0.00000
    -144.79         0.00000
    -144.65         0.00000
    -144.49         0.00000
    -144.34         0.00000
    -144.20         0.00000
    -144.04         0.00000
    -143.90         0.00000
    -143.74         0.00000
    -143.59         0.00000
    -143.45         0.00000
    -143.29         0.00000
    -143.15         0.00000
    -142.99         0.00000
    -142.84         0.00000
    -142.70         0.00000
    -142.54         0.00000
    -142.40         0.00000
    -142.24         0.00000
    -142.09         0.00000
    -141.95         0.00000
    -141.79         0.00000
    -141.65         0.00000
    -141.49         0.00000
    -141.34         0.00000
    -141.20         0.00000
    -141.04         0.00000
    -140.90         0.00000
    -140.74         0.00000
    -140.59         0.00000
    -140.45         0.00000
    -140.29         0.00000
    -140.15         0.00000
    -139.99         0.00000
    -139.84         0.00000
    -139.70         0.00000
    -139.54         0.00000
    -139.40         0.00000
    -139.24         0.00000
    -139.09         0.00000
    -138.95         0.00000
    -138.79         0.00000
    -138.65         0.00000
    -138.49         0.00000
    -138.34         0.00000
    -138.20         0.00000
    -138.04         0.00000
    -137.90         0.00000
    -137.74         0.00000
    -137.59         0.00000
    -137.45         0.00000
    -137.29         0.00000
    -137.15         0.00000
    -136.99         0.00000
    -136.84         0.00000
    -136.70         0.00000
    -136.54         0.00000
    -136.40         0.00000
    -136.24         0.00000
    -136.09         0.00000
    -135.95         0.00000
    -135.79         0.00000
    -135.65         0.00000
    -135.49         0.00000
    -135.34         0.00000
    -135.20         0.00000
    -135.04         0.00000
    -134.90         0.00000
    -134.74         0.00000
    -134.59         0.00000
    -134.45         0.00000
    -134.29         0.00000
    -134.15         0.00000
    -133.99         0.00000
    -133.84         0.00000
    -133.70         0.00000
    -133.54         0.00000
    -133.40         0.00000
    -133.24         0.00000
    -133.09         0.00000
    -132.95         0.00000
    -132.79         0.00000
    -132.65         0.00000
    -132.49         0.00000
    -132.34         0.00000
    -132.20         0.00000
    -132.04         0.00000
    -131.90         0.00000
    -131.74         0.00000
    -131.59         0.00000
    -131.45         0.00000
    -131.29         0.00000
    -131.15         0.00000
    -130.99         0.00000
    -130.84         0.00000
    -130.70         0.00000
    -130.54         0.00000
    -130.40         0.00000
    -130.24         0.00000
    -130.09         0.00000
    -129.95         0.00000
    -129.79         0.00000
    -129.65         0.00000
    -129.49         0.00000
    -129.34         0.00000
    -129.20         0.00000
    -129.04         0.00000
    -128.90         0.00000
    -128.74         0.00000
    -128.59         0.00000
    -128.45         0.00000
    -128.29         0.00000
    -128.15         0.00000
    -127.99         0.00000
    -127.85         0.00000
    -127.69         0.00000
    -127.55         0.00000
    -127.39         0.00000
    -127.25         0.00000
    -127.10         0.00000
    -126.94         0.00000
    -126.80         0.00000
    -126.64         0.00000
    -126.50         0.00000
    -126.35         0.00000
    -126.19         0.00000
    -126.05         0.00000
    -125.89         0.00000
    -125.75         0.00000
    -125.60         0.00000
    -125.44         0.00000
    -125.30         0.00000
    -125.14         0.00000
    -125.00         0.00000
    -124.85         0.00000
    -124.69         0.00000
    -124.55         0.00000
    -124.39         0.00000
    -124.25         0.00000
    -124.10         0.00000
    -123.94         0.00000
    -123.80         0.00000
    -123.64         0.00000
    -123.50         0.00000
    -123.35         0.00000
    -123.19         0.00000
    -123.05         0.00000
    -122.89         0.00000
    -122.75         0.00000
    -122.60         0.00000
    -122.44         0.00000
    -122.30         0.00000
    -122.14         0.00000
    -122.00         0.00000
    -121.85         0.00000
    -121.69         0.00000
    -121.55         0.00000
    -121.39         0.00000
    -121.25         0.00000
    -121.10         0.00000
    -120.94         0.00000
    -120.80         0.00000
    -120.64         0.00000
    -120.50         0.00000
    -120.35         0.00000
    -120.19         0.00000
    -120.05         0.00000
    -119.89         0.00000
    -119.75         0.00000
    -119.60         0.00000
    -119.44         0.00000
    -119.30         0.00000
    -119.14         0.00000
    -119.00         0.00000
    -118.85         0.00000
    -118.69         0.00000
    -118.55         0.00000
    -118.39         0.00000
    -118.25         0.00000
    -118.10         0.00000
    -117.94         0.00000
    -117.80         0.00000
    -117.64         0.00000
    -117.50         0.00000
    -117.35         0.00000
    -117.19         0.00000
    -117.05         0.00000
    -116.89         0.00000
    -116.75         0.00000
    -116.60         0.00000
    -116.44         0.00000
    -116.30         0.00000
    -116.14         0.00000
    -116.00         0.00000
    -115.85         0.00000
    -115.69         0.00000
    -115.55         0.00000
    -115.39         0.00000
    -115.25         0.00000
    -115.10         0.00000
    -114.94         0.00000
    -114.80         0.00000
    -114.64         0.00000
    -114.50         0.00000
    -114.35         0.00000
    -114.19         0.00000
    -114.05         0.00000
    -113.89         0.00000
    -113.75         0.00000
    -113.60         0.00000
    -113.44         0.00000
    -113.30         0.00000
    -113.14         0.00000
    -113.00         0.00000
    -112.85         0.00000
    -112.69         0.00000
    -112.55         0.00000
    -112.39         0.00000
    -112.25         0.00000
    -112.10         0.00000
    -111.94         0.00000
    -111.80         0.00000
    -111.64         0.00000
    -111.50         0.00000
    -111.35         0.00000
    -111.19         0.00000
    -111.05         0.00000
    -110.89         0.00000
    -110.75         0.00000
    -110.60         0.00000
    -110.44         0.00000
    -110.30         0.00000
    -110.14         0.00000
    -110.00         0.00000
    -109.85         0.00000
    -109.69         0.00000
    -109.55         0.00000
    -109.39         0.00000
    -109.25         0.00000
    -109.10         0.00000
    -108.94         0.00000
    -108.80         0.00000
    -108.64         0.00000
    -108.50         0.00000
    -108.35         0.00000
    -108.19         0.00000
    -108.05         0.00000
    -107.89         0.00000
    -107.75         0.00000
    -107.60         0.00000
    -107.44         0.00000
    -107.30         0.00000
    -107.14         0.00000
    -107.00         0.00000
    -106.85         0.00000
    -106.69         0.00000
    -106.55         0.00000
    -106.39         0.00000
    -106.25         0.00000
    -106.10         0.00000
    -105.94         0.00000
    -105.80         0.00000
    -105.64         0.00000
    -105.50         0.00000
    -105.35         0.00000
    -105.19         0.00000
    -105.05         0.00000
    -104.89         0.00000
    -104.75         0.00000
    -104.60         0.00000
    -104.44         0.00000
    -104.30         0.00000
    -104.14         0.00000
    -104.00         0.00000
    -103.85         0.00000
    -103.69         0.00000
    -103.55         0.00000
    -103.39         0.00000
    -103.25         0.00000
    -103.10         0.00000
    -102.94         0.00000
    -102.80         0.00000
    -102.64         0.00000
    -102.50         0.00000
    -102.35         0.00000
    -102.19         0.00000
    -102.05         0.00000
    -101.89         0.00000
    -101.75         0.00000
    -101.60         0.00000
    -101.44         0.00000
    -101.30         0.00000
    -101.14         0.00000
    -101.00         0.00000
    -100.85         0.00000
    -100.69         0.00000
    -100.55         0.00000
    -100.39         0.00000
    -100.25         0.00000
    -100.10         0.00000
    -99.945         0.00000
    -99.795         0.00000
    -99.645         0.00000
    -99.495         0.00000
    -99.345         0.00000
    -99.195         0.00000
    -99.045         0.00000
    -98.895         0.00000
    -98.745         0.00000
    -98.595         0.00000
    -98.445         0.00000
    -98.295         0.00000
    -98.145         0.00000
    -97.995         0.00000
    -97.845         0.00000
    -97.695         0.00000
    -97.545         0.00000
    -97.395         0.00000
    -97.245         0.00000
    -97.095         0.00000
    -96.945         0.00000
    -96.795         0.00000
    -96.645         0.00000
    -96.495         0.00000
    -96.345         0.00000
    -96.195         0.00000
    -96.045         0.00000
    -95.895         0.00000
    -95.745         0.00000
    -95.595         0.00000
    -95.445         0.00000
    -95.295         0.00000
    -95.145         0.00000
    -94.995         0.00000
    -94.845         0.00000
    -94.695         0.00000
    -94.545         0.00000
    -94.395         0.00000
    -94.245         0.00000
    -94.095         0.00000
    -93.945         0.00000
    -93.795         0.00000
    -93.645         0.00000
    -93.495         0.00000
    -93.345         0.00000
    -93.195         0.00000
    -93.045         0.00000
    -92.895         0.00000
    -92.745         0.00000
    -92.595         0.00000
    -92.445         0.00000
    -92.295         0.00000
    -92.145         0.00000
    -91.995         0.00000
    -91.845         0.00000
    -91.695         0.00000
    -91.545         0.00000
    -91.395         0.00000
    -91.245         0.00000
    -91.095         0.00000
    -90.945         0.00000
    -90.795         0.00000
    -90.645         0.00000
    -90.495         0.00000
    -90.345         0.00000
    -90.195         0.00000
    -90.045         0.00000
    -89.895         0.00000
    -89.745         0.00000
    -89.595         0.00000
    -89.445         0.00000
    -89.295         0.00000
    -89.145         0.00000
    -88.995         0.00000
    -88.845         0.00000
    -88.695         0.00000
    -88.545         0.00000
    -88.395         0.00000
    -88.245         0.00000
    -88.095         0.00000
    -87.945         0.00000
    -87.795         0.00000
    -87.645         0.00000
    -87.495         0.00000
    -87.345         0.00000
    -87.195         0.00000
    -87.045         0.00000
    -86.895         0.00000
    -86.745         0.00000
    -86.595         0.00000
    -86.445         0.00000
    -86.295         0.00000
    -86.145         0.00000
    -85.995         0.00000
    -85.845         0.00000
    -85.695         0.00000
    -85.545         0.00000
    -85.395         0.00000
    -85.245         0.00000
    -85.095         0.00000
    -84.945         0.00000
    -84.795         0.00000
    -84.645         0.00000
    -84.495         0.00000
    -84.345         0.00000
    -84.195         0.00000
    -84.045         0.00000
    -83.895         0.00000
    -83.745         0.00000
    -83.595         0.00000
    -83.445         0.00000
    -83.295         0.00000
    -83.145         0.00000
    -82.995         0.00000
    -82.845         0.00000
    -82.695         0.00000
    -82.545         0.00000
    -82.395         0.00000
    -82.245         0.00000
    -82.095         0.00000
    -81.945         0.00000
    -81.795         0.00000
    -81.645         0.00000
    -81.495         0.00000
    -81.345         0.00000
    -81.195         0.00000
    -81.045         0.00000
    -80.895         0.00000
    -80.745         0.00000
    -80.595         0.00000
    -80.445         0.00000
    -80.295         0.00000
    -80.145         0.00000
    -79.995         0.00000
    -79.845         0.00000
    -79.695         0.00000
    -79.545         0.00000
    -79.395         0.00000
    -79.245         0.00000
    -79.095         0.00000
    -78.945         0.00000
    -78.795         0.00000
    -78.645         0.00000
    -78.495         0.00000
    -78.345         0.00000
    -78.195         0.00000
    -78.045         0.00000
    -77.895         0.00000
    -77.745         0.00000
    -77.595         0.00000
    -77.445         0.00000
    -77.295         0.00000
    -77.145         0.00000
    -76.995         0.00000
    -76.845         0.00000
    -76.695         0.00000
    -76.545         0.00000
    -76.395         0.00000
    -76.245         0.00000
    -76.095         0.00000
    -75.945         0.00000
    -75.795         0.00000
    -75.645         0.00000
    -75.495         0.00000
    -75.345         0.00000
    -75.195         0.00000
    -75.045         0.00000
    -74.895         0.00000
    -74.745         0.00000
    -74.595         0.00000
    -74.445         0.00000
    -74.295         0.00000
    -74.145         0.00000
    -73.995         0.00000
    -73.845         0.00000
    -73.695         0.00000
    -73.545         0.00000
    -73.395         0.00000
    -73.245         0.00000
    -73.095         0.00000
    -72.945         0.00000
    -72.795         0.00000
    -72.645         0.00000
    -72.495         0.00000
    -72.345         0.00000
    -72.195         0.00000
    -72.045         0.00000
    -71.895         0.00000
    -71.745         0.00000
    -71.595         0.00000
    -71.445         0.00000
    -71.295         0.00000
    -71.145         0.00000
    -70.995         0.00000
    -70.845         0.00000
    -70.695         0.00000
    -70.545         0.00000
    -70.395         0.00000
    -70.245         0.00000
    -70.095         0.00000
    -69.945         0.00000
    -69.795         0.00000
    -69.645         0.00000
    -69.495         0.00000
    -69.345         0.00000
    -69.195         0.00000
    -69.045         0.00000
    -68.895         0.00000
    -68.745         0.00000
    -68.595         0.00000
    -68.445         0.00000
    -68.295         0.00000
    -68.145         0.00000
    -67.995         0.00000
    -67.845         0.00000
    -67.695         0.00000
    -67.545         0.00000
    -67.395         0.00000
    -67.245         0.00000
    -67.095         0.00000
    -66.945         0.00000
    -66.795         0.00000
    -66.645         0.00000
    -66.495         0.00000
    -66.345         0.00000
    -66.195         0.00000
    -66.045         0.00000
    -65.895         0.00000
    -65.745         0.00000
    -65.595         0.00000
    -65.445         0.00000
    -65.295         0.00000
    -65.145         0.00000
    -64.995         0.00000
    -64.845         0.00000
    -64.695         0.00000
    -64.545         0.00000
    -64.395         0.00000
    -64.245         0.00000
    -64.095         0.00000
    -63.945         0.00000
    -63.795         0.00000
    -63.645         0.00000
    -63.495         0.00000
    -63.345         0.00000
    -63.195         0.00000
    -63.045         0.00000
    -62.895         0.00000
    -62.745         0.00000
    -62.595         0.00000
    -62.445         0.00000
    -62.295         0.00000
    -62.145         0.00000
    -61.995         0.00000
    -61.845         0.00000
    -61.695         0.00000
    -61.545         0.00000
    -61.395         0.00000
    -61.245         0.00000
    -61.095         0.00000
    -60.945         0.00000
    -60.795         0.00000
    -60.645         0.00000
    -60.495         0.00000
    -60.345         0.00000
    -60.195         0.00000
    -60.045         0.00000
    -59.895         0.00000
    -59.745         0.00000
    -59.595         0.00000
    -59.445         0.00000
    -59.295         0.00000
    -59.145         0.00000
    -58.995         0.00000
    -58.845         0.00000
    -58.695         0.00000
    -58.545         0.00000
    -58.395         0.00000
    -58.245         0.00000
    -58.095         0.00000
    -57.945         0.00000
    -57.795         0.00000
    -57.645         0.00000
    -57.495         0.00000
    -57.345         0.00000
    -57.195         0.00000
    -57.045         0.00000
    -56.895         0.00000
    -56.745         0.00000
    -56.595         0.00000
    -56.445         0.00000
    -56.295         0.00000
    -56.145         0.00000
    -55.995         0.00000
    -55.845         0.00000
    -55.695         0.00000
    -55.545         0.00000
    -55.395         0.00000
    -55.245         0.00000
    -55.095         0.00000
    -54.945         0.00000
    -54.795         0.00000
    -54.645         0.00000
    -54.495         0.00000
    -54.345         0.00000
    -54.195         0.00000
    -54.045         0.00000
    -53.895         0.00000
    -53.745         0.00000
    -53.595         0.00000
    -53.445         0.00000
    -53.295         0.00000
    -53.145         0.00000
    -52.995         0.00000
    -52.845         0.00000
    -52.695         0.00000
    -52.545         0.00000
    -52.395         0.00000
    -52.245         0.00000
    -52.095         0.00000
    -51.945         0.00000
    -51.795         0.00000
    -51.645         0.00000
    -51.495         0.00000
    -51.345         0.00000
    -51.195         0.00000
    -51.045         0.00000
    -50.895         0.00000
    -50.745         0.00000
    -50.595         0.00000
    -50.445         0.00000
    -50.295         0.00000
    -50.145         0.00000
    -49.995         0.00000
    -49.845         0.00000
    -49.695         0.00000
    -49.545         0.00000
    -49.395         0.00000
    -49.245         0.00000
    -49.095         0.00000
    -48.945         0.00000
    -48.795         0.00000
    -48.645         0.00000
    -48.495         0.00000
    -48.345         0.00000
    -48.195         0.00000
    -48.045         0.00000
    -47.895         0.00000
    -47.745         0.00000
    -47.595         0.00000
    -47.445         0.00000
    -47.295         0.00000
    -47.145         0.00000
    -46.995         0.00000
    -46.845         0.00000
    -46.695         0.00000
    -46.545         0.00000
    -46.395         0.00000
    -46.245         0.00000
    -46.095         0.00000
    -45.945         0.00000
    -45.795         0.00000
    -45.645         0.00000
    -45.495         0.00000
    -45.345         0.00000
    -45.195         0.00000
    -45.045         0.00000
    -44.895         0.00000
    -44.745         0.00000
    -44.595         0.00000
    -44.445         0.00000
    -44.295         0.00000
    -44.145         0.00000
    -43.995         0.00000
    -43.845         0.00000
    -43.695         0.00000
    -43.545         0.00000
    -43.395         0.00000
    -43.245         0.00000
    -43.095         0.00000
    -42.945         0.00000
    -42.795         0.00000
    -42.645         0.00000
    -42.495         0.00000
    -42.345         0.00000
    -42.195         0.00000
    -42.045         0.00000
    -41.895         0.00000
    -41.745         0.00000
    -41.595         0.00000
    -41.445         0.00000
    -41.295         0.00000
    -41.145         0.00000
    -40.995         0.00000
    -40.845         0.00000
    -40.695         0.00000
    -40.545         0.00000
    -40.395         0.00000
    -40.245         0.00000
    -40.095         0.00000
    -39.945         0.00000
    -39.795         0.00000
    -39.645         0.00000
    -39.495         0.00000
    -39.345         0.00000
    -39.195         0.00000
    -39.045         0.00000
    -38.895         0.00000
    -38.745         0.00000
    -38.595         0.00000
    -38.445         0.00000
    -38.295         0.00000
    -38.145         0.00000
    -37.995         0.00000
    -37.845         0.00000
    -37.695         0.00000
    -37.545         0.00000
    -37.395         0.00000
    -37.245         0.00000
    -37.095         0.00000
    -36.945         0.00000
    -36.795         0.00000
    -36.645         0.00000
    -36.495         0.00000
    -36.345         0.00000
    -36.195         0.00000
    -36.045         0.00000
    -35.895         0.00000
    -35.745         0.00000
    -35.595         0.00000
    -35.445         0.00000
    -35.295         0.00000
    -35.145         0.00000
    -34.995         0.00000
    -34.845         0.00000
    -34.695         0.00000
    -34.545         0.00000
    -34.395         0.00000
    -34.245         0.00000
    -34.095         0.00000
    -33.945         0.00000
    -33.795         0.00000
    -33.645         0.00000
    -33.495         0.00000
    -33.345         0.00000
    -33.195         0.00000
    -33.045         0.00000
    -32.895         0.00000
    -32.745         0.00000
    -32.595         0.00000
    -32.445         0.00000
    -32.295         0.00000
    -32.145         0.00000
    -31.995         0.00000
    -31.845         0.00000
    -31.695         0.00000
    -31.545         0.00000
    -31.395         0.00000
    -31.245         0.00000
    -31.095         0.00000
    -30.945         0.00000
    -30.795         0.00000
    -30.645         0.00000
    -30.495         0.00000
    -30.345         0.00000
    -30.195         0.00000
    -30.045         0.00000
    -29.895         0.00000
    -29.745         0.00000
    -29.595         0.00000
    -29.445         0.00000
    -29.295         0.00000
    -29.145         0.00000
    -28.995         0.00000
    -28.845         0.00000
    -28.695         0.00000
    -28.545         0.00000
    -28.395         0.00000
    -28.245         0.00000
    -28.095         0.00000
    -27.945         0.00000
    -27.795         0.00000
    -27.645         0.00000
    -27.495         0.00000
    -27.345         0.00000
    -27.195         0.00000
    -27.045         0.00000
    -26.895         0.00000
    -26.745         0.00000
    -26.595         0.00000
    -26.445         0.00000
    -26.295         0.00000
    -26.145         0.00000
    -25.995         0.00000
    -25.845         0.00000
    -25.695         0.00000
    -25.545         0.00000
    -25.395         0.00000
    -25.245         0.00000
    -25.095         0.00000
    -24.945         0.00000
    -24.795         0.00000
    -24.645         0.00000
    -24.495         0.00000
    -24.345         0.00000
    -24.195         0.00000
    -24.045         0.00000
    -23.895         0.00000
    -23.745         0.00000
    -23.595         0.00000
    -23.445         0.00000
    -23.295         0.00000
    -23.145         0.00000
    -22.995         0.00000
    -22.845         0.00000
    -22.695         0.00000
    -22.545         0.00000
    -22.395         0.00000
    -22.245         0.00000
    -22.095         0.00000
    -21.945         0.00000
    -21.795         0.00000
    -21.645         0.00000
    -21.495         0.00000
    -21.345         0.00000
    -21.195         0.00000
    -21.045         0.00000
    -20.895         0.00000
    -20.745         0.00000
    -20.595         0.00000
    -20.445         0.00000
    -20.295         0.00000
    -20.145         0.00000
    -19.995         0.00000
    -19.845         0.00000
    -19.695         0.00000
    -19.545         0.00000
    -19.395         0.00000
    -19.245         0.00000
    -19.095         0.00000
    -18.945         0.00000
    -18.795         0.00000
    -18.645         0.00000
    -18.495         0.00000
    -18.345         0.00000
    -18.195         0.00000
    -18.045         0.00000
    -17.895         0.00000
    -17.745         0.00000
    -17.595         0.00000
    -17.445         0.00000
    -17.295         0.00000
    -17.145         0.00000
    -16.995         0.00000
    -16.845         0.00000
    -16.695         0.00000
    -16.545         0.00000
    -16.395         0.00000
    -16.245         0.00000
    -16.095         0.00000
    -15.945         0.00000
    -15.795         0.00000
    -15.645         0.00000
    -15.495         0.00000
    -15.345         0.00000
    -15.195         0.00000
    -15.045         0.00000
    -14.895         0.00000
    -14.745         0.00000
    -14.595         0.00000
    -14.445         0.00000
    -14.295         0.00000
    -14.145         0.00000
    -13.995         0.00000
    -13.845         0.00000
    -13.695         0.00000
    -13.545         0.00000
    -13.395         0.00000
    -13.245         0.00000
    -13.095         0.00000
    -12.945         0.00000
    -12.795         0.00000
    -12.645         0.00000
    -12.495         0.00000
    -12.345         0.00000
    -12.195         0.00000
    -12.045         0.00000
    -11.895         0.00000
    -11.745         0.00000
    -11.595         0.00000
    -11.445         0.00000
    -11.295         0.00000
    -11.145         0.00000
    -10.995         0.00000
    -10.845         0.00000
    -10.695         0.00000
    -10.545         0.00000
    -10.395         0.00000
    -10.245         0.00000
    -10.095         0.00000
    -9.9450         0.00000
    -9.7950         0.00000
    -9.6450         0.00000
    -9.4950         0.00000
    -9.3450         0.00000
    -9.1950         0.00000
    -9.0450         0.00000
    -8.8950         0.00000
    -8.7450         0.00000
    -8.5950        -0.00067
    -8.4450        -0.00141
    -8.2950        -0.00459
    -8.1450        -0.01017
    -7.9950        -0.01768
    -7.8450        -0.04210
    -7.6950        -0.07569
    -7.5450        -0.12126
    -7.3950        -0.20596
    -7.2450        -0.31654
    -7.0950        -0.46086
    -6.9450        -0.62256
    -6.7950        -0.82140
    -6.6450        -1.03967
    -6.4950        -1.27683
    -6.3450        -1.54188
    -6.1950        -1.82401
    -6.0450        -2.11002
    -5.8950        -2.38175
    -5.7450        -2.66122
    -5.5950        -2.93790
    -5.4450        -3.20664
    -5.2950        -3.46971
    -5.1450        -3.71279
    -4.9950        -3.94305
    -4.8450        -4.16333
    -4.6950        -4.35662
    -4.5450        -4.53858
    -4.3950        -4.71054
    -4.2450        -4.88396
    -4.0950        -5.03246
    -3.9450        -5.19196
    -3.7950        -5.34816
    -3.6450        -5.48766
    -3.4950        -5.63126
    -3.3450        -5.76703
    -3.1950        -5.91209
    -3.0450        -6.05525
    -2.8950        -6.19352
    -2.7450        -6.35176
    -2.5950        -6.53059
    -2.4450        -6.72248
    -2.2950        -6.95924
    -2.1450        -7.24181
    -1.9950        -7.57273
    -1.8450        -7.96863
    -1.6950        -8.43476
    -1.5450        -9.00425
    -1.3950        -9.70937
    -1.2450       -10.60924
    -1.0950       -11.73496
   -0.94500       -13.07225
   -0.79500       -14.60726
   -0.64500       -16.28890
   -0.49500       -18.17306
   -0.34500       -20.57090
   -0.22700       -21.58103
   -0.21300       -21.71013
   -0.20700       -21.84583
   -0.20100       -21.98203
   -0.19500       -22.12390
   -0.18900       -22.26777
   -0.18300       -22.41470
   -0.17700       -22.56823
   -0.17100       -22.72572
   -0.16500       -22.88701
   -0.15900       -23.05455
   -0.15300       -23.22496
   -0.14700       -23.40196
   -0.14100       -23.58669
   -0.13500       -23.77581
   -0.12900       -23.97202
   -0.12300       -24.17386
   -0.11700       -24.38759
   -0.11100       -24.60879
   -0.10500       -24.83961
   -0.99000E-01   -25.08361
   -0.93000E-01   -25.33812
   -0.87000E-01   -25.60705
   -0.81000E-01   -25.89291
   -0.75000E-01   -26.19885
   -0.69000E-01   -26.52694
   -0.63000E-01   -26.87993
   -0.57000E-01   -27.26783
   -0.51000E-01   -27.69332
   -0.45000E-01   -28.16968
   -0.39000E-01   -28.71507
   -0.33000E-01   -29.35325
   -0.27000E-01   -30.13014
   -0.21300E-01   -30.77620
   -0.19500E-01   -30.88105
   -0.18900E-01   -30.98987
   -0.18300E-01   -31.10155
   -0.17700E-01   -31.21770
   -0.17100E-01   -31.33738
   -0.16500E-01   -31.46133
   -0.15900E-01   -31.58957
   -0.15300E-01   -31.72278
   -0.14700E-01   -31.86127
   -0.14100E-01   -32.00588
   -0.13500E-01   -32.15655
   -0.12900E-01   -32.31465
   -0.12300E-01   -32.48069
   -0.11700E-01   -32.65527
   -0.11100E-01   -32.83880
   -0.10500E-01   -33.03281
   -0.99000E-02   -33.23887
   -0.93000E-02   -33.45930
   -0.87000E-02   -33.69476
   -0.81000E-02   -33.94918
   -0.75000E-02   -34.22531
   -0.69000E-02   -34.52858
   -0.63000E-02   -34.86665
   -0.57000E-02   -35.24603
   -0.51000E-02   -35.67427
   -0.45000E-02   -36.15895
   -0.39000E-02   -36.71380
   -0.33000E-02   -37.35064
   -0.27000E-02   -38.07863
   -0.21000E-02   -38.91467
   -0.15000E-02   -39.90219
   -0.90000E-03   -40.89233
   -0.30000E-03   -41.33336
    0.30000E-03   -40.93584
    0.90000E-03   -39.94543
    0.15000E-02   -38.95676
    0.21000E-02   -38.12047
    0.27000E-02   -37.39249
    0.33000E-02   -36.75601
    0.39000E-02   -36.20092
    0.45000E-02   -35.71607
    0.51000E-02   -35.28773
    0.57000E-02   -34.90843
    0.63000E-02   -34.57047
    0.69000E-02   -34.26658
    0.75000E-02   -33.99044
    0.81000E-02   -33.73664
    0.87000E-02   -33.50139
    0.93000E-02   -33.28160
    0.99000E-02   -33.07602
    0.10500E-01   -32.88201
    0.11100E-01   -32.69845
    0.11700E-01   -32.52481
    0.12300E-01   -32.35981
    0.12900E-01   -32.20156
    0.13500E-01   -32.05116
    0.14100E-01   -31.90728
    0.14700E-01   -31.76848
    0.15300E-01   -31.63563
    0.15900E-01   -31.50808
    0.16500E-01   -31.38438
    0.17100E-01   -31.26525
    0.17700E-01   -31.15049
    0.18300E-01   -31.03938
    0.18900E-01   -30.93082
    0.19500E-01   -30.82601
    0.21300E-01   -30.18393
    0.27000E-01   -29.41112
    0.33000E-01   -28.77756
    0.39000E-01   -28.24082
    0.45000E-01   -27.77727
    0.51000E-01   -27.36899
    0.57000E-01   -27.00621
    0.63000E-01   -26.67941
    0.69000E-01   -26.38361
    0.75000E-01   -26.11227
    0.81000E-01   -25.86316
    0.87000E-01   -25.63385
    0.93000E-01   -25.41872
    0.99000E-01   -25.21855
    0.10500       -25.02882
    0.11100       -24.85172
    0.11700       -24.68442
    0.12300       -24.52592
    0.12900       -24.37428
    0.13500       -24.23000
    0.14100       -24.09110
    0.14700       -23.96012
    0.15300       -23.83449
    0.15900       -23.71309
    0.16500       -23.59827
    0.17100       -23.48919
    0.17700       -23.38424
    0.18300       -23.28456
    0.18900       -23.18755
    0.19500       -23.09593
    0.20100       -23.00665
    0.20700       -22.92026
    0.21300       -22.83655
    0.22700       -22.25907
    0.34500       -21.14775
    0.49500       -20.49017
    0.64500       -20.01296
    0.79500       -19.61111
    0.94500       -19.26867
     1.0950       -18.96040
     1.2450       -18.68876
     1.3950       -18.44632
     1.5450       -18.23485
     1.6950       -18.03578
     1.8450       -17.86469
     1.9950       -17.70511
     2.1450       -17.57033
     2.2950       -17.45244
     2.4450       -17.35116
     2.5950       -17.25627
     2.7450       -17.16921
     2.8950       -17.08917
     3.0450       -17.01791
     3.1950       -16.95442
     3.3450       -16.88384
     3.4950       -16.81998
     3.6450       -16.75916
     3.7950       -16.70644
     3.9450       -16.65274
     4.0950       -16.60257
     4.2450       -16.55419
     4.3950       -16.50895
     4.5450       -16.46634
     4.6950       -16.42438
     4.8450       -16.38471
     4.9950       -16.34458
     5.1450       -16.30596
     5.2950       -16.26860
     5.4450       -16.23291
     5.5950       -16.19586
     5.7450       -16.16183
     5.8950       -16.12825
     6.0450       -16.09530
     6.1950       -16.06408
     6.3450       -16.03319
     6.4950       -16.00297
     6.6450       -15.97302
     6.7950       -15.94433
     6.9450       -15.91613
     7.0950       -15.88840
     7.2450       -15.86167
     7.3950       -15.83567
     7.5450       -15.80946
     7.6950       -15.78352
     7.8450       -15.75817
     7.9950       -15.73382
     8.1450       -15.70983
     8.2950       -15.68623
     8.4450       -15.66304
     8.5950       -15.64028
     8.7450       -15.61852
     8.8950       -15.59697
     9.0450       -15.57576
     9.1950       -15.55525
     9.3450       -15.53422
     9.4950       -15.51401
     9.6450       -15.49397
     9.7950       -15.47444
     9.9450       -15.45503
     10.095       -15.43564
     10.245       -15.41681
     10.395       -15.39804
     10.545       -15.37934
     10.695       -15.36160
     10.845       -15.34368
     10.995       -15.32648
     11.145       -15.30890
     11.295       -15.29210
     11.445       -15.27521
     11.595       -15.25860
     11.745       -15.24214
     11.895       -15.22600
     12.045       -15.20992
     12.195       -15.19443
     12.345       -15.17884
     12.495       -15.16357
     12.645       -15.14828
     12.795       -15.13335
     12.945       -15.11825
     13.095       -15.10354
     13.245       -15.08918
     13.395       -15.07451
     13.545       -15.06008
     13.695       -15.04627
     13.845       -15.03237
     13.995       -15.01844
     14.145       -15.00461
     14.295       -14.99082
     14.445       -14.97768
     14.595       -14.96436
     14.745       -14.95120
     14.895       -14.93806
     15.045       -14.92541
     15.195       -14.91280
     15.345       -14.90022
     15.495       -14.88796
     15.645       -14.87586
     15.795       -14.86353
     15.945       -14.85159
     16.095       -14.83993
     16.245       -14.82839
     16.395       -14.81704
     16.545       -14.80561
     16.695       -14.79427
     16.845       -14.78276
     16.995       -14.77124
     17.145       -14.76026
     17.295       -14.74953
     17.445       -14.73868
     17.595       -14.72791
     17.745       -14.71739
     17.895       -14.70669
     18.045       -14.69621
     18.195       -14.68605
     18.345       -14.67570
     18.495       -14.66558
     18.645       -14.65538
     18.795       -14.64520
     18.945       -14.63540
     19.095       -14.62551
     19.245       -14.61544
     19.395       -14.60566
     19.545       -14.59638
     19.695       -14.58707
     19.845       -14.57741
     19.995       -14.56791
     20.145       -14.55837
     20.295       -14.54912
     20.445       -14.53975
     20.595       -14.53083
     20.745       -14.52172
     20.895       -14.51257
     21.045       -14.50382
     21.195       -14.49486
     21.345       -14.48603
     21.495       -14.47719
     21.645       -14.46855
     21.795       -14.45983
     21.945       -14.45138
     22.095       -14.44275
     22.245       -14.43423
     22.395       -14.42585
     22.545       -14.41764
     22.695       -14.40938
     22.845       -14.40101
     22.995       -14.39284
     23.145       -14.38458
     23.295       -14.37658
     23.445       -14.36868
     23.595       -14.36087
     23.745       -14.35322
     23.895       -14.34539
     24.045       -14.33756
     24.195       -14.32984
     24.345       -14.32194
     24.495       -14.31432
     24.645       -14.30667
     24.795       -14.29911
     24.945       -14.29177
     25.095       -14.28450
     25.245       -14.27709
     25.395       -14.26960
     25.545       -14.26230
     25.695       -14.25486
     25.845       -14.24753
     25.995       -14.24041
     26.145       -14.23326
     26.295       -14.22617
     26.445       -14.21911
     26.595       -14.21211
     26.745       -14.20513
     26.895       -14.19810
     27.045       -14.19131
     27.195       -14.18455
     27.345       -14.17765
     27.495       -14.17099
     27.645       -14.16429
     27.795       -14.15743
     27.945       -14.15079
     28.095       -14.14407
     28.245       -14.13723
     28.395       -14.13077
     28.545       -14.12411
     28.695       -14.11767
     28.845       -14.11120
     28.995       -14.10483
     29.145       -14.09840
     29.295       -14.09196
     29.445       -14.08558
     29.595       -14.07925
     29.745       -14.07338
     29.895       -14.06710
     30.045       -14.06102
     30.195       -14.05495
     30.345       -14.04913
     30.495       -14.04309
     30.645       -14.03692
     30.795       -14.03064
     30.945       -14.02469
     31.095       -14.01888
     31.245       -14.01309
     31.395       -14.00714
     31.545       -14.00129
     31.695       -13.99520
     31.845       -13.98932
     31.995       -13.98358
     32.145       -13.97791
     32.295       -13.97216
     32.445       -13.96643
     32.595       -13.96087
     32.745       -13.95519
     32.895       -13.94929
     33.045       -13.94369
     33.195       -13.93805
     33.345       -13.93252
     33.495       -13.92736
     33.645       -13.92195
     33.795       -13.91647
     33.945       -13.91097
     34.095       -13.90565
     34.245       -13.90040
     34.395       -13.89505
     34.545       -13.88978
     34.695       -13.88452
     34.845       -13.87943
     34.995       -13.87428
     35.145       -13.86921
     35.295       -13.86416
     35.445       -13.85904
     35.595       -13.85372
     35.745       -13.84880
     35.895       -13.84375
     36.045       -13.83849
     36.195       -13.83331
     36.345       -13.82813
     36.495       -13.82289
     36.645       -13.81788
     36.795       -13.81301
     36.945       -13.80795
     37.095       -13.80303
     37.245       -13.79816
     37.395       -13.79327
     37.545       -13.78864
     37.695       -13.78386
     37.845       -13.77885
     37.995       -13.77404
     38.145       -13.76929
     38.295       -13.76452
     38.445       -13.75983
     38.595       -13.75519
     38.745       -13.75056
     38.895       -13.74595
     39.045       -13.74136
     39.195       -13.73666
     39.345       -13.73216
     39.495       -13.72758
     39.645       -13.72306
     39.795       -13.71847
     39.945       -13.71388
     40.095       -13.70930
     40.245       -13.70494
     40.395       -13.70046
     40.545       -13.69616
     40.695       -13.69173
     40.845       -13.68732
     40.995       -13.68287
     41.145       -13.67838
     41.295       -13.67409
     41.445       -13.66966
     41.595       -13.66517
     41.745       -13.66068
     41.895       -13.65642
     42.045       -13.65233
     42.195       -13.64797
     42.345       -13.64364
     42.495       -13.63957
     42.645       -13.63518
     42.795       -13.63108
     42.945       -13.62696
     43.095       -13.62298
     43.245       -13.61885
     43.395       -13.61478
     43.545       -13.61074
     43.695       -13.60650
     43.845       -13.60232
     43.995       -13.59835
     44.145       -13.59429
     44.295       -13.59020
     44.445       -13.58611
     44.595       -13.58197
     44.745       -13.57789
     44.895       -13.57391
     45.045       -13.56993
     45.195       -13.56597
     45.345       -13.56189
     45.495       -13.55782
     45.645       -13.55378
     45.795       -13.54992
     45.945       -13.54599
     46.095       -13.54215
     46.245       -13.53825
     46.395       -13.53434
     46.545       -13.53056
     46.695       -13.52687
     46.845       -13.52300
     46.995       -13.51923
     47.145       -13.51540
     47.295       -13.51159
     47.445       -13.50768
     47.595       -13.50384
     47.745       -13.50010
     47.895       -13.49639
     48.045       -13.49256
     48.195       -13.48861
     48.345       -13.48486
     48.495       -13.48098
     48.645       -13.47730
     48.795       -13.47361
     48.945       -13.46991
     49.095       -13.46651
     49.245       -13.46277
     49.395       -13.45921
     49.545       -13.45544
     49.695       -13.45188
     49.845       -13.44829
     49.995       -13.44479
     50.145       -13.44138
     50.295       -13.43775
     50.445       -13.43415
     50.595       -13.43045
     50.745       -13.42708
     50.895       -13.42349
     51.045       -13.41999
     51.195       -13.41654
     51.345       -13.41301
     51.495       -13.40950
     51.645       -13.40616
     51.795       -13.40280
     51.945       -13.39941
     52.095       -13.39606
     52.245       -13.39262
     52.395       -13.38926
     52.545       -13.38581
     52.695       -13.38241
     52.845       -13.37909
     52.995       -13.37581
     53.145       -13.37220
     53.295       -13.36888
     53.445       -13.36548
     53.595       -13.36222
     53.745       -13.35891
     53.895       -13.35559
     54.045       -13.35232
     54.195       -13.34918
     54.345       -13.34590
     54.495       -13.34268
     54.645       -13.33946
     54.795       -13.33630
     54.945       -13.33307
     55.095       -13.32977
     59.433       -13.07566
     80.646       -12.70495
     111.21       -12.34301
     153.36       -11.99327
     211.49       -11.65548
     291.64       -11.32858
     402.18       -11.01011
     554.60       -10.70394
     764.80       -10.40750
     1054.7       -10.12316
     1454.4        -9.84885
     2005.6        -9.58313
     2765.8        -9.32694
     3814.0        -9.07990
     5259.5        -8.84224
     7252.9        -8.61269
     10002.        -8.39009
     13793.        -8.17565
     19020.        -7.97106
     26229.        -7.77334
     36170.        -7.58323
     49878.        -7.40171
     68782.        -7.22885
     94851.        -7.06279
    0.13080E+06    -6.90384
    0.18038E+06    -6.75197
    0.24874E+06    -6.60741
    0.34301E+06    -6.47027
    0.47302E+06    -6.33853
    0.65229E+06    -6.21343
    0.89952E+06    -6.09391
    0.12404E+07    -5.98063
    0.17106E+07    -5.87332
    0.23589E+07    -5.77120
    0.32529E+07    -5.67344
    0.44858E+07    -5.58106
    0.61860E+07    -5.49260
    0.85305E+07    -5.40863
    0.11764E+08    -5.32877
    0.16222E+08    -5.25287
    0.22370E+08    -5.18087
    0.30849E+08    -5.11216
    0.42541E+08    -5.04666
    0.58664E+08    -4.98585
    0.80898E+08    -4.92902
    0.11156E+09    -4.87570
    0.15384E+09    -4.82586
    0.21215E+09    -4.77931
    0.29255E+09    -4.73549
    0.40343E+09    -4.69428
    0.55633E+09    -4.65600
    0.76719E+09    -4.62170
    0.10580E+10    -4.58986
    0.14589E+10    -4.56049
    0.20119E+10    -4.53350
    0.27744E+10    -4.50817
    0.38259E+10    -4.48519
    0.52760E+10    -4.46385
    0.72756E+10    -4.44442
    0.10033E+11    -4.42613
    0.13836E+11    -4.40949
    0.19079E+11    -4.39439
    0.26311E+11    -4.38033
    0.36283E+11    -4.36742
    0.50034E+11    -4.35533
    0.68997E+11    -4.34411
    0.10000E+12    -4.21072
