    -29.945        1     0.00000
    -29.795        1     0.00000
    -29.645        1     0.00000
    -29.495        1     0.00000
    -29.345        1     0.00000
    -29.195        1     0.00000
    -29.045        1     0.00000
    -28.895        1     0.00000
    -28.745        1     0.00000
    -28.595        1     0.00000
    -28.445        1     0.00000
    -28.295        1     0.00000
    -28.145        1     0.00000
    -27.995        1     0.00000
    -27.845        1     0.00000
    -27.695        1     0.00000
    -27.545        1     0.00000
    -27.395        1     0.00000
    -27.245        1     0.00000
    -27.095        1     0.00000
    -26.945        1     0.00000
    -26.795        1     0.00000
    -26.645        1     0.00000
    -26.495        1     0.00000
    -26.345        1     0.00000
    -26.195        1     0.00000
    -26.045        1     0.00000
    -25.895        1     0.00000
    -25.745        1     0.00000
    -25.595        1     0.00000
    -25.445        1     0.00000
    -25.295        1     0.00000
    -25.145        1     0.00000
    -24.995        1     0.00000
    -24.845        1     0.00000
    -24.695        1     0.00000
    -24.545        1     0.00000
    -24.395        1     0.00000
    -24.245        1     0.00000
    -24.095        1     0.00000
    -23.945        1     0.00000
    -23.795        1     0.00000
    -23.645        1     0.00000
    -23.495        1     0.00000
    -23.345        1     0.00000
    -23.195        1     0.00000
    -23.045        1     0.00000
    -22.895        1     0.00000
    -22.745        1     0.00000
    -22.595        1     0.00000
    -22.445        1     0.00000
    -22.295        1     0.00000
    -22.145        1     0.00000
    -21.995        1     0.00000
    -21.845        1     0.00000
    -21.695        1     0.00000
    -21.545        1     0.00000
    -21.395        1     0.00000
    -21.245        1     0.00000
    -21.095        1     0.00000
    -20.945        1     0.00000
    -20.795        1     0.00000
    -20.645        1     0.00000
    -20.495        1     0.00000
    -20.345        1     0.00000
    -20.195        1     0.00000
    -20.045        1     0.00000
    -19.895        1     0.00000
    -19.745        1     0.00000
    -19.595        1     0.00000
    -19.445        1     0.00000
    -19.295        1     0.00000
    -19.145        1     0.00000
    -18.995        1     0.00000
    -18.845        1     0.00000
    -18.695        1     0.00000
    -18.545        1     0.00000
    -18.395        1     0.00000
    -18.245        1     0.00000
    -18.095        1     0.00000
    -17.945        1     0.00000
    -17.795        1     0.00000
    -17.645        1     0.00000
    -17.495        1     0.00000
    -17.345        1     0.00000
    -17.195        1     0.00000
    -17.045        1     0.00000
    -16.895        1     0.00000
    -16.745        1     0.00000
    -16.595        1     0.00000
    -16.445        1     0.00000
    -16.295        1     0.00000
    -16.145        1     0.00000
    -15.995        1     0.00000
    -15.845        1     0.00000
    -15.695        1     0.00000
    -15.545        1     0.00000
    -15.395        1     0.00000
    -15.245        1     0.00000
    -15.095        1     0.00000
    -14.945        1     0.00000
    -14.795        1     0.00000
    -14.645        1     0.00000
    -14.495        1     0.00000
    -14.345        1     0.00000
    -14.195        1     0.00000
    -14.045        1     0.00000
    -13.895        1     0.00000
    -13.745        1     0.00000
    -13.595        1     0.00000
    -13.445        1     0.00000
    -13.295        1     0.00000
    -13.145        1     0.00000
    -12.995        1     0.00000
    -12.845        1     0.00000
    -12.695        1     0.00000
    -12.545        1     0.00000
    -12.395        1     0.00000
    -12.245        1     0.00000
    -12.095        1     0.00000
    -11.945        1     0.00000
    -11.795        1     0.00000
    -11.645        1     0.00000
    -11.495        1     0.00000
    -11.345        1     0.00000
    -11.195        1     0.00000
    -11.045        1     0.00000
    -10.895        1     0.00000
    -10.745        1     0.00000
    -10.595        1     0.00000
    -10.445        1     0.00000
    -10.295        1     0.00000
    -10.145        1     0.00000
    -9.9950        1     0.00000
    -9.8450        1     0.00000
    -9.6950        1     0.00000
    -9.5450        1     0.00000
    -9.3950        1    -0.00075
    -9.2450        1    -0.00190
    -9.0950        1    -0.00390
    -8.9450        1    -0.00676
    -8.7950        1    -0.01314
    -8.6450        1    -0.02359
    -8.4950        1    -0.04206
    -8.3450        1    -0.06765
    -8.1950        1    -0.10160
    -8.0450        1    -0.14020
    -7.8950        1    -0.18214
    -7.7450        1    -0.23310
    -7.5950        1    -0.29882
    -7.4450        1    -0.36969
    -7.2950        1    -0.44310
    -7.1450        1    -0.51915
    -6.9950        1    -0.59717
    -6.8450        1    -0.68026
    -6.6950        1    -0.76882
    -6.5450        1    -0.86866
    -6.3950        1    -0.98236
    -6.2450        1    -1.10744
    -6.0950        1    -1.23925
    -5.9450        1    -1.37624
    -5.7950        1    -1.51921
    -5.6450        1    -1.67996
    -5.4950        1    -1.85850
    -5.3450        1    -2.05543
    -5.1950        1    -2.26564
    -5.0450        1    -2.48839
    -4.8950        1    -2.73093
    -4.7450        1    -2.99577
    -4.5950        1    -3.29221
    -4.4450        1    -3.63382
    -4.2950        1    -4.03144
    -4.1450        1    -4.46887
    -3.9950        1    -4.92802
    -3.8450        1    -5.41439
    -3.6950        1    -5.92519
    -3.5450        1    -6.45872
    -3.3950        1    -7.01734
    -3.2450        1    -7.60371
    -3.0950        1    -8.22596
    -2.9450        1    -8.88620
    -2.7950        1    -9.58142
    -2.6450        1   -10.32649
    -2.4950        1   -11.12961
    -2.3450        1   -12.01693
    -2.1950        1   -13.00677
    -2.0450        1   -14.14406
    -1.8950        1   -15.50507
    -1.7450        1   -17.06756
    -1.5950        1   -18.78827
    -1.4450        1   -20.69998
    -1.2950        1   -22.89363
    -1.1450        1   -25.50968
   -0.99500        1   -28.77792
   -0.84500        1   -33.17678
   -0.69500        1   -39.97846
   -0.54500        1   -53.00636
   -0.39500        1   -78.44135
   -0.25300        1  -106.83247
   -0.21500        1  -108.18646
   -0.20900        1  -109.46008
   -0.20300        1  -110.65371
   -0.19700        1  -111.71555
   -0.19100        1  -112.67563
   -0.18500        1  -113.55177
   -0.17900        1  -114.35448
   -0.17300        1  -115.09046
   -0.16700        1  -115.76367
   -0.16100        1  -116.38078
   -0.15500        1  -116.94746
   -0.14900        1  -117.46733
   -0.14300        1  -117.94197
   -0.13700        1  -118.37044
   -0.13100        1  -118.75976
   -0.12500        1  -119.11346
   -0.11900        1  -119.43488
   -0.11300        1  -119.71342
   -0.10700        1  -119.95660
   -0.10100        1  -120.17114
   -0.95000E-01    1  -120.36084
   -0.89000E-01    1  -120.52856
   -0.83000E-01    1  -120.67744
   -0.77000E-01    1  -120.80891
   -0.71000E-01    1  -120.92359
   -0.65000E-01    1  -121.02277
   -0.59000E-01    1  -121.10811
   -0.53000E-01    1  -121.18071
   -0.47000E-01    1  -121.24179
   -0.41000E-01    1  -121.29228
   -0.35000E-01    1  -121.33319
   -0.29000E-01    1  -121.36533
   -0.23000E-01    1  -121.38932
   -0.19700E-01    1  -121.39131
   -0.19100E-01    1  -121.39323
   -0.18500E-01    1  -121.39509
   -0.17900E-01    1  -121.39687
   -0.17300E-01    1  -121.39858
   -0.16700E-01    1  -121.40022
   -0.16100E-01    1  -121.40180
   -0.15500E-01    1  -121.40331
   -0.14900E-01    1  -121.40476
   -0.14300E-01    1  -121.40614
   -0.13700E-01    1  -121.40747
   -0.13100E-01    1  -121.40872
   -0.12500E-01    1  -121.40991
   -0.11900E-01    1  -121.41102
   -0.11300E-01    1  -121.41209
   -0.10700E-01    1  -121.41309
   -0.10100E-01    1  -121.41403
   -0.95000E-02    1  -121.41491
   -0.89000E-02    1  -121.41573
   -0.83000E-02    1  -121.41650
   -0.77000E-02    1  -121.41720
   -0.71000E-02    1  -121.41785
   -0.65000E-02    1  -121.41845
   -0.59000E-02    1  -121.41898
   -0.53000E-02    1  -121.41946
   -0.47000E-02    1  -121.41988
   -0.41000E-02    1  -121.42025
   -0.35000E-02    1  -121.42056
   -0.29000E-02    1  -121.42082
   -0.23000E-02    1  -121.42103
   -0.17000E-02    1  -121.42118
   -0.11000E-02    1  -121.42128
   -0.50000E-03    1  -121.42132
    0.10000E-03    1  -121.42132
    0.70000E-03    1  -121.42127
    0.13000E-02    1  -121.42117
    0.19000E-02    1  -121.42101
    0.25000E-02    1  -121.42081
    0.31000E-02    1  -121.42055
    0.37000E-02    1  -121.42025
    0.43000E-02    1  -121.41990
    0.49000E-02    1  -121.41951
    0.55000E-02    1  -121.41906
    0.61000E-02    1  -121.41857
    0.67000E-02    1  -121.41804
    0.73000E-02    1  -121.41745
    0.79000E-02    1  -121.41682
    0.85000E-02    1  -121.41614
    0.91000E-02    1  -121.41543
    0.97000E-02    1  -121.41466
    0.10300E-01    1  -121.41385
    0.10900E-01    1  -121.41300
    0.11500E-01    1  -121.41211
    0.12100E-01    1  -121.41119
    0.12700E-01    1  -121.41022
    0.13300E-01    1  -121.40920
    0.13900E-01    1  -121.40814
    0.14500E-01    1  -121.40704
    0.15100E-01    1  -121.40590
    0.15700E-01    1  -121.40471
    0.16300E-01    1  -121.40350
    0.16900E-01    1  -121.40224
    0.17500E-01    1  -121.40095
    0.18100E-01    1  -121.39962
    0.18700E-01    1  -121.39826
    0.19300E-01    1  -121.39686
    0.20200E-01    1  -121.39107
    0.25000E-01    1  -121.37370
    0.31000E-01    1  -121.35323
    0.37000E-01    1  -121.32982
    0.43000E-01    1  -121.30397
    0.49000E-01    1  -121.27582
    0.55000E-01    1  -121.24554
    0.61000E-01    1  -121.21344
    0.67000E-01    1  -121.17950
    0.73000E-01    1  -121.14416
    0.79000E-01    1  -121.10744
    0.85000E-01    1  -121.06949
    0.91000E-01    1  -121.03041
    0.97000E-01    1  -120.99006
    0.10300        1  -120.94878
    0.10900        1  -120.90668
    0.11500        1  -120.86379
    0.12100        1  -120.82014
    0.12700        1  -120.77597
    0.13300        1  -120.73097
    0.13900        1  -120.68568
    0.14500        1  -120.63985
    0.15100        1  -120.59351
    0.15700        1  -120.54672
    0.16300        1  -120.49975
    0.16900        1  -120.45249
    0.17500        1  -120.40475
    0.18100        1  -120.35715
    0.18700        1  -120.30893
    0.19300        1  -120.26065
    0.19900        1  -120.21212
    0.20500        1  -120.16349
    0.21100        1  -120.11484
    0.21700        1  -120.06604
    0.29500        1  -118.82897
    0.44500        1  -117.70437
    0.59500        1  -116.69629
    0.74500        1  -115.78200
    0.89500        1  -114.94410
     1.0450        1  -114.17549
     1.1950        1  -113.46391
     1.3450        1  -112.80036
     1.4950        1  -112.17843
     1.6450        1  -111.59130
     1.7950        1  -111.03608
     1.9450        1  -110.51913
     2.0950        1  -110.03276
     2.2450        1  -109.57876
     2.3950        1  -109.15175
     2.5450        1  -108.74624
     2.6950        1  -108.36101
     2.8450        1  -107.99236
     2.9950        1  -107.63996
     3.1450        1  -107.30168
     3.2950        1  -106.97617
     3.4450        1  -106.66257
     3.5950        1  -106.35928
     3.7450        1  -106.06682
     3.8950        1  -105.78308
     4.0450        1  -105.50705
     4.1950        1  -105.24006
     4.3450        1  -104.97934
     4.4950        1  -104.72644
     4.6450        1  -104.47916
     4.7950        1  -104.23789
     4.9450        1  -104.00286
     5.0950        1  -103.77331
     5.2450        1  -103.54955
     5.3950        1  -103.33213
     5.5450        1  -103.12053
     5.6950        1  -102.91400
     5.8450        1  -102.71250
     5.9950        1  -102.51543
     6.1450        1  -102.32292
     6.2950        1  -102.13534
     6.4450        1  -101.95243
     6.5950        1  -101.77455
     6.7450        1  -101.59978
     6.8950        1  -101.42814
     7.0450        1  -101.25997
     7.1950        1  -101.09592
     7.3450        1  -100.93363
     7.4950        1  -100.77435
     7.6450        1  -100.61806
     7.7950        1  -100.46332
     7.9450        1  -100.31064
     8.0950        1  -100.16141
     8.2450        1  -100.01427
     8.3950        1   -99.86987
     8.5450        1   -99.72742
     8.6950        1   -99.58750
     8.8450        1   -99.45194
     8.9950        1   -99.31967
     9.1450        1   -99.18817
     9.2950        1   -99.06256
     9.4450        1   -98.94147
     9.5950        1   -98.82047
     9.7450        1   -98.70523
     9.8950        1   -98.59318
     10.045        1   -98.48225
     10.195        1   -98.37862
     10.345        1   -98.27905
     10.495        1   -98.18073
     10.645        1   -98.08784
     10.795        1   -98.00162
     10.945        1   -97.91673
     11.095        1   -97.83630
     11.245        1   -97.75482
     11.395        1   -97.68010
     11.545        1   -97.60637
     11.695        1   -97.53231
     11.845        1   -97.46505
     11.995        1   -97.39929
     12.145        1   -97.33492
     12.295        1   -97.27218
     12.445        1   -97.21196
     12.595        1   -97.15360
     12.745        1   -97.09300
     12.895        1   -97.03489
     13.045        1   -96.97498
     13.195        1   -96.91818
     13.345        1   -96.86312
     13.495        1   -96.81005
     13.645        1   -96.75074
     13.795        1   -96.69746
     13.945        1   -96.63996
     14.095        1   -96.58804
     14.245        1   -96.53624
     14.395        1   -96.48521
     14.545        1   -96.43537
     14.695        1   -96.38273
     14.845        1   -96.33334
     14.995        1   -96.28107
     15.145        1   -96.22783
     15.295        1   -96.17630
     15.445        1   -96.12200
     15.595        1   -96.07260
     15.745        1   -96.02701
     15.895        1   -95.97567
     16.045        1   -95.92813
     16.195        1   -95.88251
     16.345        1   -95.83437
     16.495        1   -95.78786
     16.645        1   -95.74334
     16.795        1   -95.69714
     16.945        1   -95.65285
     17.095        1   -95.60577
     17.245        1   -95.56365
     17.395        1   -95.52169
     17.545        1   -95.47911
     17.695        1   -95.43962
     17.845        1   -95.39907
     17.995        1   -95.35545
     18.145        1   -95.31714
     18.295        1   -95.28061
     18.445        1   -95.23861
     18.595        1   -95.19871
     18.745        1   -95.15999
     18.895        1   -95.12529
     19.045        1   -95.08288
     19.195        1   -95.04577
     19.345        1   -95.00874
     19.495        1   -94.96949
     19.645        1   -94.93160
     19.795        1   -94.89484
     19.945        1   -94.85970
     20.095        1   -94.82415
     20.245        1   -94.78625
     20.395        1   -94.75486
     20.545        1   -94.71976
     20.695        1   -94.68436
     20.845        1   -94.64949
     20.995        1   -94.61590
     21.145        1   -94.57994
     21.295        1   -94.54944
     21.445        1   -94.51722
     21.595        1   -94.48362
     21.745        1   -94.45126
     21.895        1   -94.42169
     22.045        1   -94.39125
     22.195        1   -94.35989
     22.345        1   -94.33205
     22.495        1   -94.30657
     22.645        1   -94.28189
     22.795        1   -94.25736
     22.945        1   -94.23292
     23.095        1   -94.20532
     23.245        1   -94.18343
     23.395        1   -94.15679
     23.545        1   -94.13322
     23.695        1   -94.10818
     23.845        1   -94.08657
     23.995        1   -94.06645
     24.145        1   -94.04290
     24.295        1   -94.02342
     24.445        1   -94.00218
     24.595        1   -93.98112
     24.745        1   -93.96128
     24.895        1   -93.94178
     25.045        1   -93.92127
     25.195        1   -93.90041
     25.345        1   -93.88043
     25.495        1   -93.86057
     25.645        1   -93.84302
     25.795        1   -93.82541
     25.945        1   -93.80599
     26.095        1   -93.78795
     26.245        1   -93.76991
     26.395        1   -93.74958
     26.545        1   -93.73307
     26.695        1   -93.71920
     26.845        1   -93.70154
     26.995        1   -93.68561
     27.145        1   -93.67004
     27.295        1   -93.65443
     27.445        1   -93.63993
     27.595        1   -93.62538
     27.745        1   -93.61011
     27.895        1   -93.59432
     28.045        1   -93.58149
     28.195        1   -93.56522
     28.345        1   -93.55119
     28.495        1   -93.53906
     28.645        1   -93.52548
     28.795        1   -93.51191
     28.945        1   -93.50148
     29.095        1   -93.48880
     29.245        1   -93.47699
     29.395        1   -93.46670
     29.545        1   -93.45497
     29.695        1   -93.44600
     29.845        1   -93.43620
     29.995        1   -93.42728
     30.145        1   -93.41804
     30.295        1   -93.40741
     30.445        1   -93.39873
     30.595        1   -93.39053
     30.745        1   -93.38167
     30.895        1   -93.37321
     31.045        1   -93.36742
     31.195        1   -93.36008
     31.345        1   -93.35319
     31.495        1   -93.34845
     31.645        1   -93.34085
     31.795        1   -93.33494
     31.945        1   -93.33040
     32.095        1   -93.32475
     32.245        1   -93.31866
     32.395        1   -93.31328
     32.545        1   -93.30723
     32.695        1   -93.30194
     32.845        1   -93.29643
     32.995        1   -93.29070
     33.145        1   -93.28620
     33.295        1   -93.28191
     33.445        1   -93.27738
     33.595        1   -93.27344
     33.745        1   -93.27012
     33.895        1   -93.26621
     34.045        1   -93.26190
     34.195        1   -93.25851
     34.345        1   -93.25468
     34.495        1   -93.25123
     34.645        1   -93.24727
     34.795        1   -93.24399
     34.945        1   -93.24066
     35.095        1   -93.23751
     35.245        1   -93.23427
     35.395        1   -93.23100
     35.545        1   -93.22782
     35.695        1   -93.22453
     35.845        1   -93.22125
     35.995        1   -93.21810
     36.145        1   -93.21511
     36.295        1   -93.21194
     36.445        1   -93.20880
     36.595        1   -93.20566
     36.745        1   -93.20252
     36.895        1   -93.19945
     37.045        1   -93.19646
     37.195        1   -93.19346
     37.345        1   -93.19043
     37.495        1   -93.18734
     37.645        1   -93.18443
     37.795        1   -93.18144
     37.945        1   -93.17828
     38.095        1   -93.17522
     38.245        1   -93.17231
     38.395        1   -93.16935
     38.545        1   -93.16647
     38.695        1   -93.16353
     38.845        1   -93.16066
     38.995        1   -93.15773
     39.145        1   -93.15483
     39.295        1   -93.15198
     39.445        1   -93.14906
     39.595        1   -93.14611
     39.745        1   -93.14326
     39.895        1   -93.14028
     40.045        1   -93.13724
     40.195        1   -93.13448
     40.345        1   -93.13148
     40.495        1   -93.12866
     40.645        1   -93.12592
     40.795        1   -93.12308
     40.945        1   -93.12017
     41.095        1   -93.11734
     41.245        1   -93.11448
     41.395        1   -93.11181
     41.545        1   -93.10912
     41.695        1   -93.10633
     41.845        1   -93.10360
     41.995        1   -93.10081
     42.145        1   -93.09830
     42.295        1   -93.09557
     42.445        1   -93.09289
     42.595        1   -93.09027
     42.745        1   -93.08769
     42.895        1   -93.08513
     43.045        1   -93.08248
     43.195        1   -93.07990
     43.345        1   -93.07720
     43.495        1   -93.07460
     43.645        1   -93.07192
     43.795        1   -93.06928
     43.945        1   -93.06679
     44.095        1   -93.06414
     44.245        1   -93.06161
     44.395        1   -93.05907
     44.545        1   -93.05642
     44.695        1   -93.05388
     44.845        1   -93.05128
     44.995        1   -93.04879
     45.145        1   -93.04623
     45.295        1   -93.04367
     45.445        1   -93.04117
     45.595        1   -93.03871
     45.745        1   -93.03632
     45.895        1   -93.03385
     46.045        1   -93.03131
     46.195        1   -93.02878
     46.345        1   -93.02627
     46.495        1   -93.02397
     46.645        1   -93.02145
     46.795        1   -93.01909
     46.945        1   -93.01673
     47.095        1   -93.01433
     47.245        1   -93.01188
     47.395        1   -93.00950
     47.545        1   -93.00705
     47.695        1   -93.00467
     47.845        1   -93.00241
     47.995        1   -93.00009
     48.145        1   -92.99778
     48.295        1   -92.99545
     48.445        1   -92.99316
     48.595        1   -92.99073
     48.745        1   -92.98852
     48.895        1   -92.98622
     49.045        1   -92.98386
     49.195        1   -92.98145
     49.345        1   -92.97924
     49.495        1   -92.97694
     49.645        1   -92.97474
     49.795        1   -92.97242
     49.945        1   -92.97005
     50.095        1   -92.96778
     50.245        1   -92.96549
     50.395        1   -92.96338
     50.545        1   -92.96113
     50.695        1   -92.95881
     50.845        1   -92.95650
     50.995        1   -92.95421
     51.145        1   -92.95199
     51.295        1   -92.94976
     51.445        1   -92.94753
     51.595        1   -92.94532
     51.745        1   -92.94312
     51.895        1   -92.94098
     52.045        1   -92.93876
     52.195        1   -92.93659
     52.345        1   -92.93452
     52.495        1   -92.93239
     52.645        1   -92.93014
     52.795        1   -92.92806
     52.945        1   -92.92595
     53.095        1   -92.92380
     53.245        1   -92.92178
     53.395        1   -92.91964
     53.545        1   -92.91747
     53.695        1   -92.91532
     53.845        1   -92.91326
     53.995        1   -92.91110
     54.145        1   -92.90898
     54.295        1   -92.90688
     54.445        1   -92.90468
     54.595        1   -92.90260
     54.745        1   -92.90055
     54.895        1   -92.89845
     55.045        1   -92.89649
     55.195        1   -92.89444
     55.345        1   -92.89246
     55.495        1   -92.89050
     55.645        1   -92.88852
     55.795        1   -92.88658
     55.945        1   -92.88461
     56.095        1   -92.88253
     56.245        1   -92.88050
     56.395        1   -92.87843
     56.545        1   -92.87650
     56.695        1   -92.87453
     56.845        1   -92.87257
     56.995        1   -92.87055
     57.145        1   -92.86848
     57.295        1   -92.86656
     57.445        1   -92.86457
     57.595        1   -92.86254
     57.745        1   -92.86046
     57.895        1   -92.85847
     58.045        1   -92.85651
     58.195        1   -92.85448
     58.345        1   -92.85261
     58.495        1   -92.85073
     58.645        1   -92.84885
     58.795        1   -92.84689
     58.945        1   -92.84494
     59.095        1   -92.84303
     59.245        1   -92.84114
     59.395        1   -92.83924
     59.545        1   -92.83730
     59.695        1   -92.83534
     59.845        1   -92.83343
     59.995        1   -92.83150
     60.145        1   -92.82963
     70.939        1   -92.57701
     97.698        1   -92.32879
     134.55        1   -92.08567
     185.30        1   -91.85226
     255.20        1   -91.62433
     351.46        1   -91.40251
     484.04        1   -91.18475
     666.62        1   -90.97069
     918.07        1   -90.76010
     1264.4        1   -90.55331
     1741.3        1   -90.35137
     2398.1        1   -90.15381
     3302.7        1   -89.95957
     4548.5        1   -89.76858
     6264.3        1   -89.58145
     8627.2        1   -89.39925
     11881.        1   -89.22123
     16363.        1   -89.04744
     22535.        1   -88.87734
     31036.        1   -88.71057
     42743.        1   -88.54865
     58866.        1   -88.39064
     81070.        1   -88.23691
    0.11165E+06    1   -88.08708
    0.15377E+06    1   -87.94282
    0.21177E+06    1   -87.80364
    0.29165E+06    1   -87.66959
    0.40166E+06    1   -87.54104
    0.55317E+06    1   -87.41782
    0.76182E+06    1   -87.29980
    0.10492E+07    1   -87.18739
    0.14449E+07    1   -87.07977
    0.19900E+07    1   -86.97726
    0.27406E+07    1   -86.87959
    0.37744E+07    1   -86.78691
    0.51981E+07    1   -86.69818
    0.71589E+07    1   -86.61385
    0.98593E+07    1   -86.53310
    0.13578E+08    1   -86.45664
    0.18700E+08    1   -86.38389
    0.25754E+08    1   -86.31448
    0.35468E+08    1   -86.24816
    0.48847E+08    1   -86.18494
    0.67273E+08    1   -86.12511
    0.92648E+08    1   -86.06814
    0.12760E+09    1   -86.01366
    0.17573E+09    1   -85.96196
    0.24201E+09    1   -85.91292
    0.33330E+09    1   -85.86683
    0.45902E+09    1   -85.82398
    0.63217E+09    1   -85.78432
    0.87062E+09    1   -85.74743
    0.11990E+10    1   -85.71270
    0.16513E+10    1   -85.68019
    0.22742E+10    1   -85.64963
    0.31320E+10    1   -85.62104
    0.43134E+10    1   -85.59462
    0.59405E+10    1   -85.57071
    0.81813E+10    1   -85.54880
    0.11267E+11    1   -85.52857
    0.15517E+11    1   -85.50982
    0.21371E+11    1   -85.49262
    0.29432E+11    1   -85.47688
    0.40534E+11    1   -85.46222
    0.55823E+11    1   -85.44874
    0.10000E+12    1   -85.28618
    -149.95        2     0.00000
    -149.79        2     0.00000
    -149.65        2     0.00000
    -149.49        2     0.00000
    -149.34        2     0.00000
    -149.20        2     0.00000
    -149.04        2     0.00000
    -148.90        2     0.00000
    -148.74        2     0.00000
    -148.59        2     0.00000
    -148.45        2     0.00000
    -148.29        2     0.00000
    -148.15        2     0.00000
    -147.99        2     0.00000
    -147.84        2     0.00000
    -147.70        2     0.00000
    -147.54        2     0.00000
    -147.40        2     0.00000
    -147.24        2     0.00000
    -147.09        2     0.00000
    -146.95        2     0.00000
    -146.79        2     0.00000
    -146.65        2     0.00000
    -146.49        2     0.00000
    -146.34        2     0.00000
    -146.20        2     0.00000
    -146.04        2     0.00000
    -145.90        2     0.00000
    -145.74        2     0.00000
    -145.59        2     0.00000
    -145.45        2     0.00000
    -145.29        2     0.00000
    -145.15        2     0.00000
    -144.99        2     0.00000
    -144.84        2     0.00000
    -144.70        2     0.00000
    -144.54        2     0.00000
    -144.40        2     0.00000
    -144.24        2     0.00000
    -144.09        2     0.00000
    -143.95        2     0.00000
    -143.79        2     0.00000
    -143.65        2     0.00000
    -143.49        2     0.00000
    -143.34        2     0.00000
    -143.20        2     0.00000
    -143.04        2     0.00000
    -142.90        2     0.00000
    -142.74        2     0.00000
    -142.59        2     0.00000
    -142.45        2     0.00000
    -142.29        2     0.00000
    -142.15        2     0.00000
    -141.99        2     0.00000
    -141.84        2     0.00000
    -141.70        2     0.00000
    -141.54        2     0.00000
    -141.40        2     0.00000
    -141.24        2     0.00000
    -141.09        2     0.00000
    -140.95        2     0.00000
    -140.79        2     0.00000
    -140.65        2     0.00000
    -140.49        2     0.00000
    -140.34        2     0.00000
    -140.20        2     0.00000
    -140.04        2     0.00000
    -139.90        2     0.00000
    -139.74        2     0.00000
    -139.59        2     0.00000
    -139.45        2     0.00000
    -139.29        2     0.00000
    -139.15        2     0.00000
    -138.99        2     0.00000
    -138.84        2     0.00000
    -138.70        2     0.00000
    -138.54        2     0.00000
    -138.40        2     0.00000
    -138.24        2     0.00000
    -138.09        2     0.00000
    -137.95        2     0.00000
    -137.79        2     0.00000
    -137.65        2     0.00000
    -137.49        2     0.00000
    -137.34        2     0.00000
    -137.20        2     0.00000
    -137.04        2     0.00000
    -136.90        2     0.00000
    -136.74        2     0.00000
    -136.59        2     0.00000
    -136.45        2     0.00000
    -136.29        2     0.00000
    -136.15        2     0.00000
    -135.99        2     0.00000
    -135.84        2     0.00000
    -135.70        2     0.00000
    -135.54        2     0.00000
    -135.40        2     0.00000
    -135.24        2     0.00000
    -135.09        2     0.00000
    -134.95        2     0.00000
    -134.79        2     0.00000
    -134.65        2     0.00000
    -134.49        2     0.00000
    -134.34        2     0.00000
    -134.20        2     0.00000
    -134.04        2     0.00000
    -133.90        2     0.00000
    -133.74        2     0.00000
    -133.59        2     0.00000
    -133.45        2     0.00000
    -133.29        2     0.00000
    -133.15        2     0.00000
    -132.99        2     0.00000
    -132.84        2     0.00000
    -132.70        2     0.00000
    -132.54        2     0.00000
    -132.40        2     0.00000
    -132.24        2     0.00000
    -132.09        2     0.00000
    -131.95        2     0.00000
    -131.79        2     0.00000
    -131.65        2     0.00000
    -131.49        2     0.00000
    -131.34        2     0.00000
    -131.20        2     0.00000
    -131.04        2     0.00000
    -130.90        2     0.00000
    -130.74        2     0.00000
    -130.59        2     0.00000
    -130.45        2     0.00000
    -130.29        2     0.00000
    -130.15        2     0.00000
    -129.99        2     0.00000
    -129.84        2     0.00000
    -129.70        2     0.00000
    -129.54        2     0.00000
    -129.40        2     0.00000
    -129.24        2     0.00000
    -129.09        2     0.00000
    -128.95        2     0.00000
    -128.79        2     0.00000
    -128.65        2     0.00000
    -128.49        2     0.00000
    -128.34        2     0.00000
    -128.20        2     0.00000
    -128.04        2     0.00000
    -127.89        2     0.00000
    -127.75        2     0.00000
    -127.60        2     0.00000
    -127.44        2     0.00000
    -127.30        2     0.00000
    -127.14        2     0.00000
    -127.00        2     0.00000
    -126.85        2     0.00000
    -126.69        2     0.00000
    -126.55        2     0.00000
    -126.39        2     0.00000
    -126.25        2     0.00000
    -126.10        2     0.00000
    -125.94        2     0.00000
    -125.80        2     0.00000
    -125.64        2     0.00000
    -125.50        2     0.00000
    -125.35        2     0.00000
    -125.19        2     0.00000
    -125.05        2     0.00000
    -124.89        2     0.00000
    -124.75        2     0.00000
    -124.60        2     0.00000
    -124.44        2     0.00000
    -124.30        2     0.00000
    -124.14        2     0.00000
    -124.00        2     0.00000
    -123.85        2     0.00000
    -123.69        2     0.00000
    -123.55        2     0.00000
    -123.39        2     0.00000
    -123.25        2     0.00000
    -123.10        2     0.00000
    -122.94        2     0.00000
    -122.80        2     0.00000
    -122.64        2     0.00000
    -122.50        2     0.00000
    -122.35        2     0.00000
    -122.19        2     0.00000
    -122.05        2     0.00000
    -121.89        2     0.00000
    -121.75        2     0.00000
    -121.60        2     0.00000
    -121.44        2     0.00000
    -121.30        2     0.00000
    -121.14        2     0.00000
    -121.00        2     0.00000
    -120.85        2     0.00000
    -120.69        2     0.00000
    -120.55        2     0.00000
    -120.39        2     0.00000
    -120.25        2     0.00000
    -120.10        2     0.00000
    -119.94        2     0.00000
    -119.80        2     0.00000
    -119.64        2     0.00000
    -119.50        2     0.00000
    -119.35        2     0.00000
    -119.19        2     0.00000
    -119.05        2     0.00000
    -118.89        2     0.00000
    -118.75        2     0.00000
    -118.60        2     0.00000
    -118.44        2     0.00000
    -118.30        2     0.00000
    -118.14        2     0.00000
    -118.00        2     0.00000
    -117.85        2     0.00000
    -117.69        2     0.00000
    -117.55        2     0.00000
    -117.39        2     0.00000
    -117.25        2     0.00000
    -117.10        2     0.00000
    -116.94        2     0.00000
    -116.80        2     0.00000
    -116.64        2     0.00000
    -116.50        2     0.00000
    -116.35        2     0.00000
    -116.19        2     0.00000
    -116.05        2     0.00000
    -115.89        2     0.00000
    -115.75        2     0.00000
    -115.60        2     0.00000
    -115.44        2     0.00000
    -115.30        2     0.00000
    -115.14        2     0.00000
    -115.00        2     0.00000
    -114.85        2     0.00000
    -114.69        2     0.00000
    -114.55        2     0.00000
    -114.39        2     0.00000
    -114.25        2     0.00000
    -114.10        2     0.00000
    -113.94        2     0.00000
    -113.80        2     0.00000
    -113.64        2     0.00000
    -113.50        2     0.00000
    -113.35        2     0.00000
    -113.19        2     0.00000
    -113.05        2     0.00000
    -112.89        2     0.00000
    -112.75        2     0.00000
    -112.60        2     0.00000
    -112.44        2     0.00000
    -112.30        2     0.00000
    -112.14        2     0.00000
    -112.00        2     0.00000
    -111.85        2     0.00000
    -111.69        2     0.00000
    -111.55        2     0.00000
    -111.39        2     0.00000
    -111.25        2     0.00000
    -111.10        2     0.00000
    -110.94        2     0.00000
    -110.80        2     0.00000
    -110.64        2     0.00000
    -110.50        2     0.00000
    -110.35        2     0.00000
    -110.19        2     0.00000
    -110.05        2     0.00000
    -109.89        2     0.00000
    -109.75        2     0.00000
    -109.60        2     0.00000
    -109.44        2     0.00000
    -109.30        2     0.00000
    -109.14        2     0.00000
    -109.00        2     0.00000
    -108.85        2     0.00000
    -108.69        2     0.00000
    -108.55        2     0.00000
    -108.39        2     0.00000
    -108.25        2     0.00000
    -108.10        2     0.00000
    -107.94        2     0.00000
    -107.80        2     0.00000
    -107.64        2     0.00000
    -107.50        2     0.00000
    -107.35        2     0.00000
    -107.19        2     0.00000
    -107.05        2     0.00000
    -106.89        2     0.00000
    -106.75        2     0.00000
    -106.60        2     0.00000
    -106.44        2     0.00000
    -106.30        2     0.00000
    -106.14        2     0.00000
    -106.00        2     0.00000
    -105.85        2     0.00000
    -105.69        2     0.00000
    -105.55        2     0.00000
    -105.39        2     0.00000
    -105.25        2     0.00000
    -105.10        2     0.00000
    -104.94        2     0.00000
    -104.80        2     0.00000
    -104.64        2     0.00000
    -104.50        2     0.00000
    -104.35        2     0.00000
    -104.19        2     0.00000
    -104.05        2     0.00000
    -103.89        2     0.00000
    -103.75        2     0.00000
    -103.60        2     0.00000
    -103.44        2     0.00000
    -103.30        2     0.00000
    -103.14        2     0.00000
    -103.00        2     0.00000
    -102.85        2     0.00000
    -102.69        2     0.00000
    -102.55        2     0.00000
    -102.39        2     0.00000
    -102.25        2     0.00000
    -102.10        2     0.00000
    -101.94        2     0.00000
    -101.80        2     0.00000
    -101.64        2     0.00000
    -101.50        2     0.00000
    -101.35        2     0.00000
    -101.19        2     0.00000
    -101.05        2     0.00000
    -100.89        2     0.00000
    -100.75        2     0.00000
    -100.60        2     0.00000
    -100.44        2     0.00000
    -100.30        2     0.00000
    -100.14        2     0.00000
    -99.995        2     0.00000
    -99.845        2     0.00000
    -99.695        2     0.00000
    -99.545        2     0.00000
    -99.395        2     0.00000
    -99.245        2     0.00000
    -99.095        2     0.00000
    -98.945        2     0.00000
    -98.795        2     0.00000
    -98.645        2     0.00000
    -98.495        2     0.00000
    -98.345        2     0.00000
    -98.195        2     0.00000
    -98.045        2     0.00000
    -97.895        2     0.00000
    -97.745        2     0.00000
    -97.595        2     0.00000
    -97.445        2     0.00000
    -97.295        2     0.00000
    -97.145        2     0.00000
    -96.995        2     0.00000
    -96.845        2     0.00000
    -96.695        2     0.00000
    -96.545        2     0.00000
    -96.395        2     0.00000
    -96.245        2     0.00000
    -96.095        2     0.00000
    -95.945        2     0.00000
    -95.795        2     0.00000
    -95.645        2     0.00000
    -95.495        2     0.00000
    -95.345        2     0.00000
    -95.195        2     0.00000
    -95.045        2     0.00000
    -94.895        2     0.00000
    -94.745        2     0.00000
    -94.595        2     0.00000
    -94.445        2     0.00000
    -94.295        2     0.00000
    -94.145        2     0.00000
    -93.995        2     0.00000
    -93.845        2     0.00000
    -93.695        2     0.00000
    -93.545        2     0.00000
    -93.395        2     0.00000
    -93.245        2     0.00000
    -93.095        2     0.00000
    -92.945        2     0.00000
    -92.795        2     0.00000
    -92.645        2     0.00000
    -92.495        2     0.00000
    -92.345        2     0.00000
    -92.195        2     0.00000
    -92.045        2     0.00000
    -91.895        2     0.00000
    -91.745        2     0.00000
    -91.595        2     0.00000
    -91.445        2     0.00000
    -91.295        2     0.00000
    -91.145        2     0.00000
    -90.995        2     0.00000
    -90.845        2     0.00000
    -90.695        2     0.00000
    -90.545        2     0.00000
    -90.395        2     0.00000
    -90.245        2     0.00000
    -90.095        2     0.00000
    -89.945        2     0.00000
    -89.795        2     0.00000
    -89.645        2     0.00000
    -89.495        2     0.00000
    -89.345        2     0.00000
    -89.195        2     0.00000
    -89.045        2     0.00000
    -88.895        2     0.00000
    -88.745        2     0.00000
    -88.595        2     0.00000
    -88.445        2     0.00000
    -88.295        2     0.00000
    -88.145        2     0.00000
    -87.995        2     0.00000
    -87.845        2     0.00000
    -87.695        2     0.00000
    -87.545        2    -0.09614
    -87.395        2    -0.42919
    -87.245        2    -0.96452
    -87.095        2    -1.66459
    -86.945        2    -2.47838
    -86.795        2    -3.40842
    -86.645        2    -4.40623
    -86.495        2    -5.45671
    -86.345        2    -6.54535
    -86.195        2    -7.68043
    -86.045        2    -8.82963
    -85.895        2   -10.01529
    -85.745        2   -11.44496
    -85.595        2   -13.04306
    -85.445        2   -14.71859
    -85.295        2   -16.44037
    -85.145        2   -18.20498
    -84.995        2   -19.95267
    -84.845        2   -21.73752
    -84.695        2   -23.54344
    -84.545        2   -25.32134
    -84.395        2   -27.09635
    -84.245        2   -28.83724
    -84.095        2   -30.57906
    -83.945        2   -32.27592
    -83.795        2   -33.92970
    -83.645        2   -35.52656
    -83.495        2   -37.12434
    -83.345        2   -38.65684
    -83.195        2   -40.15524
    -83.045        2   -41.55883
    -82.895        2   -42.95506
    -82.745        2   -44.27295
    -82.595        2   -45.56197
    -82.445        2   -46.76349
    -82.295        2   -47.92457
    -82.145        2   -49.04858
    -81.995        2   -50.13013
    -81.845        2   -51.16845
    -81.695        2   -52.15498
    -81.545        2   -53.09883
    -81.395        2   -54.00272
    -81.245        2   -54.86047
    -81.095        2   -55.66736
    -80.945        2   -56.43187
    -80.795        2   -57.14965
    -80.645        2   -57.85255
    -80.495        2   -58.50772
    -80.345        2   -59.14795
    -80.195        2   -59.74042
    -80.045        2   -60.31174
    -79.895        2   -60.85821
    -79.745        2   -61.38557
    -79.595        2   -61.88799
    -79.445        2   -62.36395
    -79.295        2   -62.82259
    -79.145        2   -63.25948
    -78.995        2   -63.67412
    -78.845        2   -64.08380
    -78.695        2   -64.85723
    -78.545        2   -65.94438
    -78.395        2   -67.19006
    -78.245        2   -68.57803
    -78.095        2   -70.09772
    -77.945        2   -71.68462
    -77.795        2   -73.33304
    -77.645        2   -75.01474
    -77.495        2   -76.75408
    -77.345        2   -78.50554
    -77.195        2   -80.23170
    -77.045        2   -81.95861
    -76.895        2   -83.65914
    -76.745        2   -85.29902
    -76.595        2   -86.91406
    -76.445        2   -88.45389
    -76.295        2   -89.94946
    -76.145        2   -91.40145
    -75.995        2   -92.76126
    -75.845        2   -94.06406
    -75.695        2   -95.26770
    -75.545        2   -96.40775
    -75.395        2   -97.45670
    -75.245        2   -98.46569
    -75.095        2   -99.39624
    -74.945        2  -100.30155
    -74.795        2  -101.14835
    -74.645        2  -101.93085
    -74.495        2  -102.67538
    -74.345        2  -103.36014
    -74.195        2  -104.02037
    -74.045        2  -104.63559
    -73.895        2  -105.22093
    -73.745        2  -105.78258
    -73.595        2  -106.31155
    -73.445        2  -106.81589
    -73.295        2  -107.30614
    -73.145        2  -107.77344
    -72.995        2  -108.21393
    -72.845        2  -108.61898
    -72.695        2  -109.02326
    -72.545        2  -109.40700
    -72.395        2  -109.76761
    -72.245        2  -110.11245
    -72.095        2  -110.44728
    -71.945        2  -110.76114
    -71.795        2  -111.06674
    -71.645        2  -111.34316
    -71.495        2  -111.62229
    -71.345        2  -111.88506
    -71.195        2  -112.11864
    -71.045        2  -112.36091
    -70.895        2  -112.58190
    -70.745        2  -112.79661
    -70.595        2  -113.00384
    -70.445        2  -113.20275
    -70.295        2  -113.38646
    -70.145        2  -113.56181
    -69.995        2  -113.73689
    -69.845        2  -113.90048
    -69.695        2  -114.05680
    -69.545        2  -114.19416
    -69.395        2  -114.33444
    -69.245        2  -114.46649
    -69.095        2  -114.59575
    -68.945        2  -114.71380
    -68.795        2  -114.82384
    -68.645        2  -114.92978
    -68.495        2  -115.02951
    -68.345        2  -115.12535
    -68.195        2  -115.21254
    -68.045        2  -115.29292
    -67.895        2  -115.36893
    -67.745        2  -115.44917
    -67.595        2  -115.52029
    -67.445        2  -115.58791
    -67.295        2  -115.65803
    -67.145        2  -115.71891
    -66.995        2  -115.77927
    -66.845        2  -115.83884
    -66.695        2  -115.89418
    -66.545        2  -115.94416
    -66.395        2  -115.99295
    -66.245        2  -116.03968
    -66.095        2  -116.08386
    -65.945        2  -116.12611
    -65.795        2  -116.16544
    -65.645        2  -116.20751
    -65.495        2  -116.24568
    -65.345        2  -116.28163
    -65.195        2  -116.31317
    -65.045        2  -116.34188
    -64.895        2  -116.37091
    -64.745        2  -116.40096
    -64.595        2  -116.42805
    -64.445        2  -116.45570
    -64.295        2  -116.48098
    -64.145        2  -116.50695
    -63.995        2  -116.53278
    -63.845        2  -116.55511
    -63.695        2  -116.57769
    -63.545        2  -116.59788
    -63.395        2  -116.61947
    -63.245        2  -116.63751
    -63.095        2  -116.65396
    -62.945        2  -116.67075
    -62.795        2  -116.69164
    -62.645        2  -116.70899
    -62.495        2  -116.72542
    -62.345        2  -116.74016
    -62.195        2  -116.75511
    -62.045        2  -116.76636
    -61.895        2  -116.78071
    -61.745        2  -116.79122
    -61.595        2  -116.80433
    -61.445        2  -116.81680
    -61.295        2  -116.83031
    -61.145        2  -116.84362
    -60.995        2  -116.85604
    -60.845        2  -116.86839
    -60.695        2  -116.88037
    -60.545        2  -116.89092
    -60.395        2  -116.90309
    -60.245        2  -116.91410
    -60.095        2  -116.92613
    -59.945        2  -116.93658
    -59.795        2  -116.94733
    -59.645        2  -116.95896
    -59.495        2  -116.96916
    -59.345        2  -116.97962
    -59.195        2  -116.98839
    -59.045        2  -116.99934
    -58.895        2  -117.00841
    -58.745        2  -117.01902
    -58.595        2  -117.02751
    -58.445        2  -117.03620
    -58.295        2  -117.04529
    -58.145        2  -117.05517
    -57.995        2  -117.06325
    -57.845        2  -117.07171
    -57.695        2  -117.08014
    -57.545        2  -117.08773
    -57.395        2  -117.09381
    -57.245        2  -117.10149
    -57.095        2  -117.10969
    -56.945        2  -117.11726
    -56.795        2  -117.12557
    -56.645        2  -117.13355
    -56.495        2  -117.14145
    -56.345        2  -117.15030
    -56.195        2  -117.15708
    -56.045        2  -117.16389
    -55.895        2  -117.17243
    -55.745        2  -117.17773
    -55.595        2  -117.18460
    -55.445        2  -117.19172
    -55.295        2  -117.19914
    -55.145        2  -117.20384
    -54.995        2  -117.21142
    -54.845        2  -117.21954
    -54.695        2  -117.22555
    -54.545        2  -117.23065
    -54.395        2  -117.23650
    -54.245        2  -117.24370
    -54.095        2  -117.24840
    -53.945        2  -117.25425
    -53.795        2  -117.26102
    -53.645        2  -117.26681
    -53.495        2  -117.27163
    -53.345        2  -117.27780
    -53.195        2  -117.28424
    -53.045        2  -117.28910
    -52.895        2  -117.29542
    -52.745        2  -117.30156
    -52.595        2  -117.30898
    -52.445        2  -117.31594
    -52.295        2  -117.32152
    -52.145        2  -117.32866
    -51.995        2  -117.33481
    -51.845        2  -117.34132
    -51.695        2  -117.34728
    -51.545        2  -117.35349
    -51.395        2  -117.35757
    -51.245        2  -117.36169
    -51.095        2  -117.36686
    -50.945        2  -117.37403
    -50.795        2  -117.38118
    -50.645        2  -117.38881
    -50.495        2  -117.39507
    -50.345        2  -117.40276
    -50.195        2  -117.40940
    -50.045        2  -117.41382
    -49.895        2  -117.41949
    -49.745        2  -117.42700
    -49.595        2  -117.43388
    -49.445        2  -117.44030
    -49.295        2  -117.44712
    -49.145        2  -117.45585
    -48.995        2  -117.46339
    -48.845        2  -117.47157
    -48.695        2  -117.48083
    -48.545        2  -117.48801
    -48.395        2  -117.49435
    -48.245        2  -117.50247
    -48.095        2  -117.51122
    -47.945        2  -117.52139
    -47.795        2  -117.52856
    -47.645        2  -117.53714
    -47.495        2  -117.54442
    -47.345        2  -117.55136
    -47.195        2  -117.56202
    -47.045        2  -117.57007
    -46.895        2  -117.57979
    -46.745        2  -117.58763
    -46.595        2  -117.59696
    -46.445        2  -117.60509
    -46.295        2  -117.61234
    -46.145        2  -117.62139
    -45.995        2  -117.63024
    -45.845        2  -117.63838
    -45.695        2  -117.64452
    -45.545        2  -117.65286
    -45.395        2  -117.66033
    -45.245        2  -117.66724
    -45.095        2  -117.67550
    -44.945        2  -117.68351
    -44.795        2  -117.69180
    -44.645        2  -117.70126
    -44.495        2  -117.70900
    -44.345        2  -117.71777
    -44.195        2  -117.72430
    -44.045        2  -117.73178
    -43.895        2  -117.73950
    -43.745        2  -117.74814
    -43.595        2  -117.75624
    -43.445        2  -117.76388
    -43.295        2  -117.77245
    -43.145        2  -117.78038
    -42.995        2  -117.78626
    -42.845        2  -117.79278
    -42.695        2  -117.79851
    -42.545        2  -117.80554
    -42.395        2  -117.81432
    -42.245        2  -117.81857
    -42.095        2  -117.82403
    -41.945        2  -117.83067
    -41.795        2  -117.83742
    -41.645        2  -117.84486
    -41.495        2  -117.85293
    -41.345        2  -117.85870
    -41.195        2  -117.86596
    -41.045        2  -117.87185
    -40.895        2  -117.87780
    -40.745        2  -117.88256
    -40.595        2  -117.88922
    -40.445        2  -117.89457
    -40.295        2  -117.90116
    -40.145        2  -117.90740
    -39.995        2  -117.91290
    -39.845        2  -117.91974
    -39.695        2  -117.92611
    -39.545        2  -117.93164
    -39.395        2  -117.93618
    -39.245        2  -117.94050
    -39.095        2  -117.94508
    -38.945        2  -117.95024
    -38.795        2  -117.95507
    -38.645        2  -117.96165
    -38.495        2  -117.96611
    -38.345        2  -117.97125
    -38.195        2  -117.97544
    -38.045        2  -117.98054
    -37.895        2  -117.98599
    -37.745        2  -117.99126
    -37.595        2  -117.99652
    -37.445        2  -118.00082
    -37.295        2  -118.00436
    -37.145        2  -118.00787
    -36.995        2  -118.01096
    -36.845        2  -118.01428
    -36.695        2  -118.01985
    -36.545        2  -118.02451
    -36.395        2  -118.03034
    -36.245        2  -118.03358
    -36.095        2  -118.03871
    -35.945        2  -118.04416
    -35.795        2  -118.05111
    -35.645        2  -118.05635
    -35.495        2  -118.06233
    -35.345        2  -118.06674
    -35.195        2  -118.07107
    -35.045        2  -118.07511
    -34.895        2  -118.07951
    -34.745        2  -118.08536
    -34.595        2  -118.09370
    -34.445        2  -118.10200
    -34.295        2  -118.11246
    -34.145        2  -118.12399
    -33.995        2  -118.13781
    -33.845        2  -118.15050
    -33.695        2  -118.16489
    -33.545        2  -118.18118
    -33.395        2  -118.19817
    -33.245        2  -118.21493
    -33.095        2  -118.23002
    -32.945        2  -118.24683
    -32.795        2  -118.26534
    -32.645        2  -118.28530
    -32.495        2  -118.31033
    -32.345        2  -118.33443
    -32.195        2  -118.36070
    -32.045        2  -118.39005
    -31.895        2  -118.42076
    -31.745        2  -118.45001
    -31.595        2  -118.48013
    -31.445        2  -118.51109
    -31.295        2  -118.54163
    -31.145        2  -118.57383
    -30.995        2  -118.60471
    -30.845        2  -118.63518
    -30.695        2  -118.66817
    -30.545        2  -118.70360
    -30.395        2  -118.73890
    -30.245        2  -118.77205
    -30.095        2  -118.80592
    -29.945        2  -118.83901
    -29.795        2  -118.87478
    -29.645        2  -118.90763
    -29.495        2  -118.93915
    -29.345        2  -118.97471
    -29.195        2  -119.00652
    -29.045        2  -119.03948
    -28.895        2  -119.07400
    -28.745        2  -119.10896
    -28.595        2  -119.14257
    -28.445        2  -119.17398
    -28.295        2  -119.20334
    -28.145        2  -119.23841
    -27.995        2  -119.27452
    -27.845        2  -119.30779
    -27.695        2  -119.34236
    -27.545        2  -119.37548
    -27.395        2  -119.41178
    -27.245        2  -119.44537
    -27.095        2  -119.47792
    -26.945        2  -119.51057
    -26.795        2  -119.54265
    -26.645        2  -119.57889
    -26.495        2  -119.61128
    -26.345        2  -119.64671
    -26.195        2  -119.67671
    -26.045        2  -119.71025
    -25.895        2  -119.74243
    -25.745        2  -119.77867
    -25.595        2  -119.81309
    -25.445        2  -119.84735
    -25.295        2  -119.87888
    -25.145        2  -119.91423
    -24.995        2  -119.94687
    -24.845        2  -119.98031
    -24.695        2  -120.01494
    -24.545        2  -120.04581
    -24.395        2  -120.07653
    -24.245        2  -120.10887
    -24.095        2  -120.14142
    -23.945        2  -120.17169
    -23.795        2  -120.20502
    -23.645        2  -120.23754
    -23.495        2  -120.26825
    -23.345        2  -120.30082
    -23.195        2  -120.33055
    -23.045        2  -120.36340
    -22.895        2  -120.39808
    -22.745        2  -120.42807
    -22.595        2  -120.45987
    -22.445        2  -120.49191
    -22.295        2  -120.51972
    -22.145        2  -120.55265
    -21.995        2  -120.58039
    -21.845        2  -120.61552
    -21.695        2  -120.64714
    -21.545        2  -120.67864
    -21.395        2  -120.71015
    -21.245        2  -120.73985
    -21.095        2  -120.76845
    -20.945        2  -120.79764
    -20.795        2  -120.82954
    -20.645        2  -120.86096
    -20.495        2  -120.89139
    -20.345        2  -120.92343
    -20.195        2  -120.95604
    -20.045        2  -120.98401
    -19.895        2  -121.01520
    -19.745        2  -121.04523
    -19.595        2  -121.07160
    -19.445        2  -121.10481
    -19.295        2  -121.13551
    -19.145        2  -121.16358
    -18.995        2  -121.19661
    -18.845        2  -121.23040
    -18.695        2  -121.25986
    -18.545        2  -121.29111
    -18.395        2  -121.32304
    -18.245        2  -121.35847
    -18.095        2  -121.39340
    -17.945        2  -121.42997
    -17.795        2  -121.46380
    -17.645        2  -121.49916
    -17.495        2  -121.53305
    -17.345        2  -121.56870
    -17.195        2  -121.60617
    -17.045        2  -121.64435
    -16.895        2  -121.68488
    -16.745        2  -121.72521
    -16.595        2  -121.76522
    -16.445        2  -121.80535
    -16.295        2  -121.84432
    -16.145        2  -121.88661
    -15.995        2  -121.92796
    -15.845        2  -121.97308
    -15.695        2  -122.01693
    -15.545        2  -122.05683
    -15.395        2  -122.10053
    -15.245        2  -122.14511
    -15.095        2  -122.18710
    -14.945        2  -122.23299
    -14.795        2  -122.28356
    -14.645        2  -122.33128
    -14.495        2  -122.37869
    -14.345        2  -122.43197
    -14.195        2  -122.48152
    -14.045        2  -122.53276
    -13.895        2  -122.58243
    -13.745        2  -122.63624
    -13.595        2  -122.69284
    -13.445        2  -122.74770
    -13.295        2  -122.80233
    -13.145        2  -122.86055
    -12.995        2  -122.91758
    -12.845        2  -122.97592
    -12.695        2  -123.03576
    -12.545        2  -123.09644
    -12.395        2  -123.15799
    -12.245        2  -123.22204
    -12.095        2  -123.28197
    -11.945        2  -123.34794
    -11.795        2  -123.41579
    -11.645        2  -123.48440
    -11.495        2  -123.55374
    -11.345        2  -123.62558
    -11.195        2  -123.69833
    -11.045        2  -123.77165
    -10.895        2  -123.84675
    -10.745        2  -123.92224
    -10.595        2  -124.00112
    -10.445        2  -124.08117
    -10.295        2  -124.16386
    -10.145        2  -124.25126
    -9.9950        2  -124.33917
    -9.8450        2  -124.42931
    -9.6950        2  -124.51985
    -9.5450        2  -124.61382
    -9.3950        2  -124.71058
    -9.2450        2  -124.80791
    -9.0950        2  -124.90812
    -8.9450        2  -125.01150
    -8.7950        2  -125.11855
    -8.6450        2  -125.22969
    -8.4950        2  -125.34178
    -8.3450        2  -125.46001
    -8.1950        2  -125.57696
    -8.0450        2  -125.70068
    -7.8950        2  -125.82858
    -7.7450        2  -125.96027
    -7.5950        2  -126.09921
    -7.4450        2  -126.24100
    -7.2950        2  -126.38634
    -7.1450        2  -126.53540
    -6.9950        2  -126.68865
    -6.8450        2  -126.84879
    -6.6950        2  -127.01590
    -6.5450        2  -127.18637
    -6.3950        2  -127.36116
    -6.2450        2  -127.54177
    -6.0950        2  -127.72820
    -5.9450        2  -127.92068
    -5.7950        2  -128.11973
    -5.6450        2  -128.32397
    -5.4950        2  -128.53003
    -5.3450        2  -128.74120
    -5.1950        2  -128.95666
    -5.0450        2  -129.17598
    -4.8950        2  -129.40181
    -4.7450        2  -129.63296
    -4.5950        2  -129.87167
    -4.4450        2  -130.11547
    -4.2950        2  -130.36674
    -4.1450        2  -130.62709
    -3.9950        2  -130.89710
    -3.8450        2  -131.17721
    -3.6950        2  -131.46807
    -3.5450        2  -131.77338
    -3.3950        2  -132.09245
    -3.2450        2  -132.42664
    -3.0950        2  -132.77699
    -2.9450        2  -133.14388
    -2.7950        2  -133.52984
    -2.6450        2  -133.93214
    -2.4950        2  -134.35779
    -2.3450        2  -134.80586
    -2.1950        2  -135.28058
    -2.0450        2  -135.78325
    -1.8950        2  -136.31650
    -1.7450        2  -136.88175
    -1.5950        2  -137.48247
    -1.4450        2  -138.12477
    -1.2950        2  -138.81296
    -1.1450        2  -139.55114
   -0.99500        2  -140.34915
   -0.84500        2  -141.21619
   -0.69500        2  -142.17093
   -0.54500        2  -143.23058
   -0.39500        2  -144.40866
   -0.25300        2  -145.19680
   -0.21500        2  -145.24542
   -0.20900        2  -145.29375
   -0.20300        2  -145.34223
   -0.19700        2  -145.39056
   -0.19100        2  -145.43856
   -0.18500        2  -145.48662
   -0.17900        2  -145.53430
   -0.17300        2  -145.58171
   -0.16700        2  -145.62890
   -0.16100        2  -145.67574
   -0.15500        2  -145.72214
   -0.14900        2  -145.76833
   -0.14300        2  -145.81392
   -0.13700        2  -145.85916
   -0.13100        2  -145.90378
   -0.12500        2  -145.94783
   -0.11900        2  -145.99120
   -0.11300        2  -146.03378
   -0.10700        2  -146.07553
   -0.10100        2  -146.11647
   -0.95000E-01    2  -146.15651
   -0.89000E-01    2  -146.19533
   -0.83000E-01    2  -146.23309
   -0.77000E-01    2  -146.26954
   -0.71000E-01    2  -146.30451
   -0.65000E-01    2  -146.33784
   -0.59000E-01    2  -146.36952
   -0.53000E-01    2  -146.39926
   -0.47000E-01    2  -146.42683
   -0.41000E-01    2  -146.45198
   -0.35000E-01    2  -146.47455
   -0.29000E-01    2  -146.49413
   -0.23000E-01    2  -146.51046
   -0.19700E-01    2  -146.51189
   -0.19100E-01    2  -146.51330
   -0.18500E-01    2  -146.51467
   -0.17900E-01    2  -146.51600
   -0.17300E-01    2  -146.51729
   -0.16700E-01    2  -146.51854
   -0.16100E-01    2  -146.51976
   -0.15500E-01    2  -146.52094
   -0.14900E-01    2  -146.52207
   -0.14300E-01    2  -146.52317
   -0.13700E-01    2  -146.52422
   -0.13100E-01    2  -146.52523
   -0.12500E-01    2  -146.52621
   -0.11900E-01    2  -146.52713
   -0.11300E-01    2  -146.52803
   -0.10700E-01    2  -146.52887
   -0.10100E-01    2  -146.52967
   -0.95000E-02    2  -146.53043
   -0.89000E-02    2  -146.53114
   -0.83000E-02    2  -146.53181
   -0.77000E-02    2  -146.53244
   -0.71000E-02    2  -146.53302
   -0.65000E-02    2  -146.53355
   -0.59000E-02    2  -146.53403
   -0.53000E-02    2  -146.53447
   -0.47000E-02    2  -146.53486
   -0.41000E-02    2  -146.53521
   -0.35000E-02    2  -146.53551
   -0.29000E-02    2  -146.53575
   -0.23000E-02    2  -146.53595
   -0.17000E-02    2  -146.53610
   -0.11000E-02    2  -146.53620
   -0.50000E-03    2  -146.53625
    0.10000E-03    2  -146.53624
    0.70000E-03    2  -146.53619
    0.13000E-02    2  -146.53608
    0.19000E-02    2  -146.53592
    0.25000E-02    2  -146.53571
    0.31000E-02    2  -146.53545
    0.37000E-02    2  -146.53513
    0.43000E-02    2  -146.53475
    0.49000E-02    2  -146.53432
    0.55000E-02    2  -146.53383
    0.61000E-02    2  -146.53330
    0.67000E-02    2  -146.53269
    0.73000E-02    2  -146.53204
    0.79000E-02    2  -146.53132
    0.85000E-02    2  -146.53054
    0.91000E-02    2  -146.52971
    0.97000E-02    2  -146.52882
    0.10300E-01    2  -146.52786
    0.10900E-01    2  -146.52685
    0.11500E-01    2  -146.52577
    0.12100E-01    2  -146.52463
    0.12700E-01    2  -146.52342
    0.13300E-01    2  -146.52216
    0.13900E-01    2  -146.52082
    0.14500E-01    2  -146.51943
    0.15100E-01    2  -146.51797
    0.15700E-01    2  -146.51643
    0.16300E-01    2  -146.51484
    0.16900E-01    2  -146.51318
    0.17500E-01    2  -146.51145
    0.18100E-01    2  -146.50964
    0.18700E-01    2  -146.50776
    0.19300E-01    2  -146.50581
    0.20200E-01    2  -146.49755
    0.25000E-01    2  -146.47082
    0.31000E-01    2  -146.43575
    0.37000E-01    2  -146.39165
    0.43000E-01    2  -146.33771
    0.49000E-01    2  -146.27296
    0.55000E-01    2  -146.19628
    0.61000E-01    2  -146.10677
    0.67000E-01    2  -146.00267
    0.73000E-01    2  -145.88290
    0.79000E-01    2  -145.74592
    0.85000E-01    2  -145.59111
    0.91000E-01    2  -145.41618
    0.97000E-01    2  -145.21894
    0.10300        2  -144.99639
    0.10900        2  -144.74431
    0.11500        2  -144.45378
    0.12100        2  -144.12582
    0.12700        2  -143.76469
    0.13300        2  -143.36706
    0.13900        2  -142.92908
    0.14500        2  -142.44549
    0.15100        2  -141.91771
    0.15700        2  -141.34144
    0.16300        2  -140.71304
    0.16900        2  -140.02741
    0.17500        2  -139.28061
    0.18100        2  -138.46508
    0.18700        2  -137.57206
    0.19300        2  -136.58871
    0.19900        2  -135.48889
    0.20500        2  -134.27979
    0.21100        2  -132.98946
    0.21700        2  -131.61478
    0.29500        2   -90.01850
    0.44500        2   -70.38600
    0.59500        2   -60.00497
    0.74500        2   -54.34993
    0.89500        2   -50.43642
     1.0450        2   -47.42589
     1.1950        2   -44.97473
     1.3450        2   -42.88087
     1.4950        2   -41.02690
     1.6450        2   -39.34483
     1.7950        2   -37.89060
     1.9450        2   -36.71331
     2.0950        2   -35.72375
     2.2450        2   -34.86369
     2.3950        2   -34.10514
     2.5450        2   -33.42920
     2.6950        2   -32.82077
     2.8450        2   -32.27298
     2.9950        2   -31.77659
     3.1450        2   -31.32513
     3.2950        2   -30.91436
     3.4450        2   -30.54324
     3.5950        2   -30.20882
     3.7450        2   -29.90329
     3.8950        2   -29.63003
     4.0450        2   -29.38590
     4.1950        2   -29.16145
     4.3450        2   -28.96407
     4.4950        2   -28.78770
     4.6450        2   -28.62676
     4.7950        2   -28.48066
     4.9450        2   -28.34991
     5.0950        2   -28.23511
     5.2450        2   -28.12863
     5.3950        2   -28.03145
     5.5450        2   -27.95041
     5.6950        2   -27.88082
     5.8450        2   -27.82138
     5.9950        2   -27.76960
     6.1450        2   -27.72750
     6.2950        2   -27.68951
     6.4450        2   -27.66107
     6.5950        2   -27.63825
     6.7450        2   -27.61969
     6.8950        2   -27.60332
     7.0450        2   -27.58758
     7.1950        2   -27.57356
     7.3450        2   -27.56402
     7.4950        2   -27.55577
     7.6450        2   -27.54843
     7.7950        2   -27.54161
     7.9450        2   -27.53736
     8.0950        2   -27.53571
     8.2450        2   -27.53168
     8.3950        2   -27.52941
     8.5450        2   -27.52673
     8.6950        2   -27.52357
     8.8450        2   -27.52092
     8.9950        2   -27.51790
     9.1450        2   -27.51622
     9.2950        2   -27.51535
     9.4450        2   -27.51262
     9.5950        2   -27.51113
     9.7450        2   -27.50859
     9.8950        2   -27.50771
     10.045        2   -27.50599
     10.195        2   -27.50309
     10.345        2   -27.50131
     10.495        2   -27.49988
     10.645        2   -27.49816
     10.795        2   -27.49671
     10.945        2   -27.49538
     11.095        2   -27.49488
     11.245        2   -27.49309
     11.395        2   -27.49076
     11.545        2   -27.48904
     11.695        2   -27.48842
     11.845        2   -27.48661
     11.995        2   -27.48501
     12.145        2   -27.48353
     12.295        2   -27.48252
     12.445        2   -27.48043
     12.595        2   -27.47912
     12.745        2   -27.47716
     12.895        2   -27.47547
     13.045        2   -27.47309
     13.195        2   -27.47239
     13.345        2   -27.47199
     13.495        2   -27.46998
     13.645        2   -27.46899
     13.795        2   -27.46839
     13.945        2   -27.46771
     14.095        2   -27.46704
     14.245        2   -27.46674
     14.395        2   -27.46506
     14.545        2   -27.46383
     14.695        2   -27.46308
     14.845        2   -27.46211
     14.995        2   -27.46211
     15.145        2   -27.46054
     15.295        2   -27.45916
     15.445        2   -27.45873
     15.595        2   -27.45809
     15.745        2   -27.45663
     15.895        2   -27.45573
     16.045        2   -27.45547
     16.195        2   -27.45436
     16.345        2   -27.45387
     16.495        2   -27.45288
     16.645        2   -27.45150
     16.795        2   -27.45074
     16.945        2   -27.45011
     17.095        2   -27.45003
     17.245        2   -27.44909
     17.395        2   -27.44899
     17.545        2   -27.44861
     17.695        2   -27.44766
     17.845        2   -27.44779
     17.995        2   -27.44744
     18.145        2   -27.44627
     18.295        2   -27.44618
     18.445        2   -27.44628
     18.595        2   -27.44599
     18.745        2   -27.44566
     18.895        2   -27.44475
     19.045        2   -27.44433
     19.195        2   -27.44447
     19.345        2   -27.44442
     19.495        2   -27.44364
     19.645        2   -27.44224
     19.795        2   -27.44130
     19.945        2   -27.44031
     20.095        2   -27.44015
     21.836        2   -27.42109
     30.068        2   -27.40300
     42.097        2   -27.39663
     58.937        2   -27.38733
     82.515        2   -27.38457
     115.53        2   -27.38648
     161.74        2   -27.38800
     226.45        2   -27.39772
     317.04        2   -27.40240
     443.87        2   -27.41059
     621.44        2   -27.41652
     870.05        2   -27.43276
     1218.1        2   -27.43965
     1705.4        2   -27.45066
     2387.7        2   -27.46097
     3342.9        2   -27.47240
     4680.2        2   -27.48431
     6552.5        2   -27.49323
     9173.8        2   -27.50482
     12844.        2   -27.51849
     17982.        2   -27.52566
     25176.        2   -27.53381
     35247.        2   -27.54520
     49348.        2   -27.55248
     69090.        2   -27.56102
     96729.        2   -27.57119
    0.13543E+06    2   -27.57965
    0.18960E+06    2   -27.59127
    0.26545E+06    2   -27.60071
    0.37165E+06    2   -27.61097
    0.52033E+06    2   -27.62357
    0.72849E+06    2   -27.63486
    0.10199E+07    2   -27.64340
    0.14279E+07    2   -27.65210
    0.19992E+07    2   -27.66374
    0.27990E+07    2   -27.67368
    0.39187E+07    2   -27.68523
    0.54864E+07    2   -27.69558
    0.76812E+07    2   -27.70365
    0.10754E+08    2   -27.71220
    0.15056E+08    2   -27.72173
    0.21080E+08    2   -27.73001
    0.29513E+08    2   -27.73751
    0.41319E+08    2   -27.74404
    0.57849E+08    2   -27.75166
    0.80991E+08    2   -27.75750
    0.11339E+09    2   -27.76375
    0.15875E+09    2   -27.76792
    0.22226E+09    2   -27.77278
    0.31118E+09    2   -27.77756
    0.43567E+09    2   -27.78195
    0.60996E+09    2   -27.78495
    0.85398E+09    2   -27.78682
    0.11956E+10    2   -27.79012
    0.16739E+10    2   -27.79300
    0.23436E+10    2   -27.79581
    0.32811E+10    2   -27.79923
    0.45937E+10    2   -27.80025
    0.64315E+10    2   -27.80134
    0.90044E+10    2   -27.80375
    0.12607E+11    2   -27.80529
    0.17650E+11    2   -27.80671
    0.24711E+11    2   -27.80748
    0.34596E+11    2   -27.80848
    0.48437E+11    2   -27.80979
    0.67814E+11    2   -27.81157
    0.10000E+12    2   -27.82424
    -29.945        3     0.00000
    -29.795        3     0.00000
    -29.645        3     0.00000
    -29.495        3     0.00000
    -29.345        3     0.00000
    -29.195        3     0.00000
    -29.045        3     0.00000
    -28.895        3     0.00000
    -28.745        3     0.00000
    -28.595        3     0.00000
    -28.445        3     0.00000
    -28.295        3     0.00000
    -28.145        3     0.00000
    -27.995        3     0.00000
    -27.845        3     0.00000
    -27.695        3     0.00000
    -27.545        3     0.00000
    -27.395        3     0.00000
    -27.245        3     0.00000
    -27.095        3     0.00000
    -26.945        3     0.00000
    -26.795        3     0.00000
    -26.645        3     0.00000
    -26.495        3     0.00000
    -26.345        3     0.00000
    -26.195        3     0.00000
    -26.045        3     0.00000
    -25.895        3     0.00000
    -25.745        3     0.00000
    -25.595        3     0.00000
    -25.445        3     0.00000
    -25.295        3     0.00000
    -25.145        3     0.00000
    -24.995        3     0.00000
    -24.845        3     0.00000
    -24.695        3     0.00000
    -24.545        3     0.00000
    -24.395        3     0.00000
    -24.245        3     0.00000
    -24.095        3     0.00000
    -23.945        3     0.00000
    -23.795        3     0.00000
    -23.645        3     0.00000
    -23.495        3     0.00000
    -23.345        3     0.00000
    -23.195        3     0.00000
    -23.045        3     0.00000
    -22.895        3     0.00000
    -22.745        3     0.00000
    -22.595        3     0.00000
    -22.445        3     0.00000
    -22.295        3     0.00000
    -22.145        3     0.00000
    -21.995        3     0.00000
    -21.845        3     0.00000
    -21.695        3     0.00000
    -21.545        3     0.00000
    -21.395        3     0.00000
    -21.245        3     0.00000
    -21.095        3     0.00000
    -20.945        3     0.00000
    -20.795        3     0.00000
    -20.645        3     0.00000
    -20.495        3     0.00000
    -20.345        3     0.00000
    -20.195        3     0.00000
    -20.045        3     0.00000
    -19.895        3     0.00000
    -19.745        3     0.00000
    -19.595        3     0.00000
    -19.445        3     0.00000
    -19.295        3     0.00000
    -19.145        3     0.00000
    -18.995        3     0.00000
    -18.845        3     0.00000
    -18.695        3     0.00000
    -18.545        3     0.00000
    -18.395        3     0.00000
    -18.245        3     0.00000
    -18.095        3     0.00000
    -17.945        3     0.00000
    -17.795        3     0.00000
    -17.645        3     0.00000
    -17.495        3     0.00000
    -17.345        3     0.00000
    -17.195        3     0.00000
    -17.045        3     0.00000
    -16.895        3    -0.00000
    -16.745        3    -0.00103
    -16.595        3    -0.01145
    -16.445        3    -0.05725
    -16.295        3    -0.18413
    -16.145        3    -0.42165
    -15.995        3    -0.79340
    -15.845        3    -1.28488
    -15.695        3    -1.89068
    -15.545        3    -2.58766
    -15.395        3    -3.35339
    -15.245        3    -4.18792
    -15.095        3    -5.09427
    -14.945        3    -6.07047
    -14.795        3    -7.08442
    -14.645        3    -8.14180
    -14.495        3    -9.20569
    -14.345        3   -10.25932
    -14.195        3   -11.28884
    -14.045        3   -12.27983
    -13.895        3   -13.24006
    -13.745        3   -14.15044
    -13.595        3   -15.00558
    -13.445        3   -15.79458
    -13.295        3   -16.51973
    -13.145        3   -17.18315
    -12.995        3   -17.79813
    -12.845        3   -18.36146
    -12.695        3   -18.88684
    -12.545        3   -19.38378
    -12.395        3   -19.85582
    -12.245        3   -20.31272
    -12.095        3   -20.76007
    -11.945        3   -21.21866
    -11.795        3   -21.71206
    -11.645        3   -22.25231
    -11.495        3   -22.84660
    -11.345        3   -23.50647
    -11.195        3   -24.20400
    -11.045        3   -24.93892
    -10.895        3   -25.67947
    -10.745        3   -26.41589
    -10.595        3   -27.14614
    -10.445        3   -27.84039
    -10.295        3   -28.51122
    -10.145        3   -29.14959
    -9.9950        3   -29.75959
    -9.8450        3   -30.34382
    -9.6950        3   -30.91435
    -9.5450        3   -31.46345
    -9.3950        3   -32.00984
    -9.2450        3   -32.55485
    -9.0950        3   -33.10543
    -8.9450        3   -33.67752
    -8.7950        3   -34.27769
    -8.6450        3   -34.91458
    -8.4950        3   -35.58897
    -8.3450        3   -36.32888
    -8.1950        3   -37.13797
    -8.0450        3   -38.01670
    -7.8950        3   -38.97483
    -7.7450        3   -40.01225
    -7.5950        3   -41.12220
    -7.4450        3   -42.29741
    -7.2950        3   -43.53560
    -7.1450        3   -44.83928
    -6.9950        3   -46.19332
    -6.8450        3   -47.59883
    -6.6950        3   -49.05007
    -6.5450        3   -50.54394
    -6.3950        3   -52.08723
    -6.2450        3   -53.66760
    -6.0950        3   -55.28651
    -5.9450        3   -56.93294
    -5.7950        3   -58.59654
    -5.6450        3   -60.26800
    -5.4950        3   -61.94850
    -5.3450        3   -63.62766
    -5.1950        3   -65.30593
    -5.0450        3   -66.98121
    -4.8950        3   -68.66375
    -4.7450        3   -70.34267
    -4.5950        3   -72.04007
    -4.4450        3   -73.75829
    -4.2950        3   -75.51385
    -4.1450        3   -77.31486
    -3.9950        3   -79.17284
    -3.8450        3   -81.07970
    -3.6950        3   -83.03025
    -3.5450        3   -85.02053
    -3.3950        3   -87.06103
    -3.2450        3   -89.14999
    -3.0950        3   -91.33053
    -2.9450        3   -93.62594
    -2.7950        3   -96.08374
    -2.6450        3   -98.74851
    -2.4950        3  -101.67579
    -2.3450        3  -104.91130
    -2.1950        3  -108.51859
    -2.0450        3  -112.56578
    -1.8950        3  -117.14594
    -1.7450        3  -122.41578
    -1.5950        3  -128.51514
    -1.4450        3  -135.55659
    -1.2950        3  -143.49753
    -1.1450        3  -152.17763
   -0.99500        3  -161.45466
   -0.84500        3  -171.20327
   -0.69500        3  -181.40998
   -0.54500        3  -192.29742
   -0.39500        3  -204.63399
   -0.25300        3  -214.04418
   -0.21500        3  -214.68393
   -0.20900        3  -215.33261
   -0.20300        3  -215.98929
   -0.19700        3  -216.65569
   -0.19100        3  -217.33213
   -0.18500        3  -218.01846
   -0.17900        3  -218.71552
   -0.17300        3  -219.42423
   -0.16700        3  -220.14501
   -0.16100        3  -220.87794
   -0.15500        3  -221.62479
   -0.14900        3  -222.38656
   -0.14300        3  -223.16450
   -0.13700        3  -223.95933
   -0.13100        3  -224.77279
   -0.12500        3  -225.60596
   -0.11900        3  -226.46126
   -0.11300        3  -227.34084
   -0.10700        3  -228.24749
   -0.10100        3  -229.18474
   -0.95000E-01    3  -230.15620
   -0.89000E-01    3  -231.16681
   -0.83000E-01    3  -232.22101
   -0.77000E-01    3  -233.32671
   -0.71000E-01    3  -234.49438
   -0.65000E-01    3  -235.73521
   -0.59000E-01    3  -237.06621
   -0.53000E-01    3  -238.50555
   -0.47000E-01    3  -240.07204
   -0.41000E-01    3  -241.79621
   -0.35000E-01    3  -243.72823
   -0.29000E-01    3  -245.95064
   -0.23000E-01    3  -248.61866
   -0.19700E-01    3  -248.91587
   -0.19100E-01    3  -249.22063
   -0.18500E-01    3  -249.53361
   -0.17900E-01    3  -249.85517
   -0.17300E-01    3  -250.18612
   -0.16700E-01    3  -250.52720
   -0.16100E-01    3  -250.87939
   -0.15500E-01    3  -251.24381
   -0.14900E-01    3  -251.62182
   -0.14300E-01    3  -252.01433
   -0.13700E-01    3  -252.42314
   -0.13100E-01    3  -252.85053
   -0.12500E-01    3  -253.29830
   -0.11900E-01    3  -253.76778
   -0.11300E-01    3  -254.26009
   -0.10700E-01    3  -254.77696
   -0.10100E-01    3  -255.32026
   -0.95000E-02    3  -255.89295
   -0.89000E-02    3  -256.49728
   -0.83000E-02    3  -257.13603
   -0.77000E-02    3  -257.81287
   -0.71000E-02    3  -258.53079
   -0.65000E-02    3  -259.29341
   -0.59000E-02    3  -260.10080
   -0.53000E-02    3  -260.94841
   -0.47000E-02    3  -261.83143
   -0.41000E-02    3  -262.74361
   -0.35000E-02    3  -263.67616
   -0.29000E-02    3  -264.61633
   -0.23000E-02    3  -265.51693
   -0.17000E-02    3  -266.27911
   -0.11000E-02    3  -266.81533
   -0.50000E-03    3  -267.07082
    0.10000E-03    3  -267.01981
    0.70000E-03    3  -266.66667
    0.13000E-02    3  -266.04744
    0.19000E-02    3  -265.22769
    0.25000E-02    3  -264.30370
    0.31000E-02    3  -263.36386
    0.37000E-02    3  -262.43737
    0.43000E-02    3  -261.53421
    0.49000E-02    3  -260.66216
    0.55000E-02    3  -259.82721
    0.61000E-02    3  -259.03433
    0.67000E-02    3  -258.28711
    0.73000E-02    3  -257.58340
    0.79000E-02    3  -256.91986
    0.85000E-02    3  -256.29308
    0.91000E-02    3  -255.69994
    0.97000E-02    3  -255.13774
    0.10300E-01    3  -254.60387
    0.10900E-01    3  -254.09583
    0.11500E-01    3  -253.61166
    0.12100E-01    3  -253.14988
    0.12700E-01    3  -252.70930
    0.13300E-01    3  -252.28868
    0.13900E-01    3  -251.88592
    0.14500E-01    3  -251.49875
    0.15100E-01    3  -251.12584
    0.15700E-01    3  -250.76605
    0.16300E-01    3  -250.41812
    0.16900E-01    3  -250.08106
    0.17500E-01    3  -249.75375
    0.18100E-01    3  -249.43550
    0.18700E-01    3  -249.12580
    0.19300E-01    3  -248.82410
    0.20200E-01    3  -247.71791
    0.25000E-01    3  -245.23122
    0.31000E-01    3  -243.12985
    0.37000E-01    3  -241.29100
    0.43000E-01    3  -239.64763
    0.49000E-01    3  -238.16096
    0.55000E-01    3  -236.80879
    0.61000E-01    3  -235.57587
    0.67000E-01    3  -234.44325
    0.73000E-01    3  -233.39254
    0.79000E-01    3  -232.41194
    0.85000E-01    3  -231.49211
    0.91000E-01    3  -230.62367
    0.97000E-01    3  -229.80043
    0.10300        3  -229.01862
    0.10900        3  -228.27365
    0.11500        3  -227.56143
    0.12100        3  -226.87905
    0.12700        3  -226.22362
    0.13300        3  -225.59348
    0.13900        3  -224.98693
    0.14500        3  -224.40202
    0.15100        3  -223.83729
    0.15700        3  -223.29145
    0.16300        3  -222.76366
    0.16900        3  -222.25271
    0.17500        3  -221.75820
    0.18100        3  -221.27861
    0.18700        3  -220.81374
    0.19300        3  -220.36312
    0.19900        3  -219.92529
    0.20500        3  -219.49981
    0.21100        3  -219.08697
    0.21700        3  -218.68553
    0.29500        3  -210.97165
    0.44500        3  -206.29773
    0.59500        3  -202.85545
    0.74500        3  -200.03462
    0.89500        3  -197.58142
     1.0450        3  -195.36182
     1.1950        3  -193.30147
     1.3450        3  -191.35827
     1.4950        3  -189.51252
     1.6450        3  -187.73952
     1.7950        3  -186.03318
     1.9450        3  -184.38479
     2.0950        3  -182.79065
     2.2450        3  -181.24844
     2.3950        3  -179.75767
     2.5450        3  -178.31268
     2.6950        3  -176.91015
     2.8450        3  -175.54293
     2.9950        3  -174.21631
     3.1450        3  -172.91817
     3.2950        3  -171.65126
     3.4450        3  -170.41111
     3.5950        3  -169.19730
     3.7450        3  -167.99883
     3.8950        3  -166.81732
     4.0450        3  -165.64547
     4.1950        3  -164.47923
     4.3450        3  -163.29828
     4.4950        3  -162.11736
     4.6450        3  -160.91712
     4.7950        3  -159.69247
     4.9450        3  -158.44881
     5.0950        3  -157.17682
     5.2450        3  -155.88200
     5.3950        3  -154.55861
     5.5450        3  -153.21450
     5.6950        3  -151.85386
     5.8450        3  -150.46649
     5.9950        3  -149.07209
     6.1450        3  -147.66291
     6.2950        3  -146.23979
     6.4450        3  -144.81523
     6.5950        3  -143.38407
     6.7450        3  -141.96502
     6.8950        3  -140.55076
     7.0450        3  -139.14498
     7.1950        3  -137.75634
     7.3450        3  -136.38798
     7.4950        3  -135.05071
     7.6450        3  -133.74991
     7.7950        3  -132.49067
     7.9450        3  -131.27683
     8.0950        3  -130.11724
     8.2450        3  -129.00205
     8.3950        3  -127.95131
     8.5450        3  -126.96024
     8.6950        3  -126.02677
     8.8450        3  -125.15378
     8.9950        3  -124.34627
     9.1450        3  -123.61031
     9.2950        3  -122.93375
     9.4450        3  -122.31378
     9.5950        3  -121.74204
     9.7450        3  -121.21998
     9.8950        3  -120.73575
     10.045        3  -120.29915
     10.195        3  -119.89700
     10.345        3  -119.52323
     10.495        3  -119.17313
     10.645        3  -118.85237
     10.795        3  -118.56318
     10.945        3  -118.27828
     11.095        3  -118.02147
     11.245        3  -117.77318
     11.395        3  -117.54501
     11.545        3  -117.32029
     11.695        3  -117.11013
     11.845        3  -116.90755
     11.995        3  -116.71279
     12.145        3  -116.52695
     12.295        3  -116.35063
     12.445        3  -116.17300
     12.595        3  -116.00405
     12.745        3  -115.83924
     12.895        3  -115.67376
     13.045        3  -115.51169
     13.195        3  -115.35559
     13.345        3  -115.20079
     13.495        3  -115.04837
     13.645        3  -114.89992
     13.795        3  -114.75290
     13.945        3  -114.60809
     14.095        3  -114.46439
     14.245        3  -114.32349
     14.395        3  -114.18241
     14.545        3  -114.04351
     14.695        3  -113.90639
     14.845        3  -113.76881
     14.995        3  -113.63367
     15.145        3  -113.50006
     15.295        3  -113.36943
     15.445        3  -113.23972
     15.595        3  -113.11131
     15.745        3  -112.98350
     15.895        3  -112.85683
     16.045        3  -112.73066
     16.195        3  -112.60627
     16.345        3  -112.48344
     16.495        3  -112.36069
     16.645        3  -112.23874
     16.795        3  -112.11816
     16.945        3  -111.99833
     17.095        3  -111.88112
     17.245        3  -111.76428
     17.395        3  -111.64863
     17.545        3  -111.53332
     17.695        3  -111.41929
     17.845        3  -111.30667
     17.995        3  -111.19571
     18.145        3  -111.08483
     18.295        3  -110.97447
     18.445        3  -110.86485
     18.595        3  -110.75668
     18.745        3  -110.64983
     18.895        3  -110.54179
     19.045        3  -110.43507
     19.195        3  -110.33027
     19.345        3  -110.22649
     19.495        3  -110.12217
     19.645        3  -110.01914
     19.795        3  -109.91588
     19.945        3  -109.81359
     20.095        3  -109.71384
     21.836        3  -106.62711
     30.068        3  -102.01208
     42.097        3   -97.36373
     58.937        3   -92.69377
     82.515        3   -87.99101
     115.53        3   -83.29776
     161.74        3   -78.64961
     226.45        3   -74.06505
     317.04        3   -69.53850
     443.87        3   -65.05747
     621.44        3   -60.63060
     870.05        3   -56.28549
     1218.1        3   -52.03131
     1705.4        3   -47.86883
     2387.7        3   -43.79669
     3342.9        3   -39.80859
     4680.2        3   -35.91632
     6552.5        3   -32.11794
     9173.8        3   -28.42388
     12844.        3   -24.83800
     17982.        3   -21.37081
     25176.        3   -18.02664
     35247.        3   -14.80913
     49348.        3   -11.71859
     69090.        3    -8.75909
     96729.        3    -5.93513
    0.13543E+06    3    -3.23913
    0.18960E+06    3    -0.66663
    0.26545E+06    3     1.78002
    0.37165E+06    3     4.10730
    0.52033E+06    3     6.32518
    0.72849E+06    3     8.43270
    0.10199E+07    3    10.43889
    0.14279E+07    3    12.34619
    0.19992E+07    3    14.15953
    0.27990E+07    3    15.88459
    0.39187E+07    3    17.52216
    0.54864E+07    3    19.08155
    0.76812E+07    3    20.56399
    0.10754E+08    3    21.97019
    0.15056E+08    3    23.30833
    0.21080E+08    3    24.57885
    0.29513E+08    3    25.78445
    0.41319E+08    3    26.91874
    0.57849E+08    3    27.98040
    0.80991E+08    3    28.96097
    0.11339E+09    3    29.87127
    0.15875E+09    3    30.72070
    0.22226E+09    3    31.51350
    0.31118E+09    3    32.25490
    0.43567E+09    3    32.94561
    0.60996E+09    3    33.57901
    0.85398E+09    3    34.15137
    0.11956E+10    3    34.67592
    0.16739E+10    3    35.15637
    0.23436E+10    3    35.59794
    0.32811E+10    3    36.00345
    0.45937E+10    3    36.37606
    0.64315E+10    3    36.71855
    0.90044E+10    3    37.03412
    0.12607E+11    3    37.32373
    0.17650E+11    3    37.59046
    0.24711E+11    3    37.83620
    0.34596E+11    3    38.06175
    0.48437E+11    3    38.26953
    0.67814E+11    3    38.45964
    0.10000E+12    3    40.63243
