    -29.945         0.00000
    -29.795         0.00000
    -29.645         0.00000
    -29.495         0.00000
    -29.345         0.00000
    -29.195         0.00000
    -29.045         0.00000
    -28.895         0.00000
    -28.745         0.00000
    -28.595         0.00000
    -28.445         0.00000
    -28.295         0.00000
    -28.145         0.00000
    -27.995         0.00000
    -27.845         0.00000
    -27.695         0.00000
    -27.545         0.00000
    -27.395         0.00000
    -27.245         0.00000
    -27.095         0.00000
    -26.945         0.00000
    -26.795         0.00000
    -26.645         0.00000
    -26.495         0.00000
    -26.345         0.00000
    -26.195         0.00000
    -26.045         0.00000
    -25.895         0.00000
    -25.745         0.00000
    -25.595         0.00000
    -25.445         0.00000
    -25.295         0.00000
    -25.145         0.00000
    -24.995         0.00000
    -24.845         0.00000
    -24.695         0.00000
    -24.545         0.00000
    -24.395         0.00000
    -24.245         0.00000
    -24.095         0.00000
    -23.945         0.00000
    -23.795         0.00000
    -23.645         0.00000
    -23.495         0.00000
    -23.345         0.00000
    -23.195         0.00000
    -23.045         0.00000
    -22.895         0.00000
    -22.745         0.00000
    -22.595         0.00000
    -22.445         0.00000
    -22.295         0.00000
    -22.145         0.00000
    -21.995         0.00000
    -21.845         0.00000
    -21.695         0.00000
    -21.545         0.00000
    -21.395         0.00000
    -21.245         0.00000
    -21.095         0.00000
    -20.945         0.00000
    -20.795         0.00000
    -20.645         0.00000
    -20.495         0.00000
    -20.345         0.00000
    -20.195        -0.00020
    -20.045        -0.00126
    -19.895        -0.00685
    -19.745        -0.01953
    -19.595        -0.04487
    -19.445        -0.08485
    -19.295        -0.13935
    -19.145        -0.21532
    -18.995        -0.31335
    -18.845        -0.43417
    -18.695        -0.57811
    -18.545        -0.74960
    -18.395        -0.94386
    -18.245        -1.15708
    -18.095        -1.39179
    -17.945        -1.65149
    -17.795        -1.96325
    -17.645        -2.34885
    -17.495        -2.81607
    -17.345        -3.36572
    -17.195        -3.96136
    -17.045        -4.59853
    -16.895        -5.25435
    -16.745        -5.92503
    -16.595        -6.60447
    -16.445        -7.28615
    -16.295        -7.98512
    -16.145        -8.68799
    -15.995        -9.38227
    -15.845       -10.07612
    -15.695       -10.74790
    -15.545       -11.39404
    -15.395       -12.01261
    -15.245       -12.63877
    -15.095       -13.28047
    -14.945       -13.96770
    -14.795       -14.69693
    -14.645       -15.47487
    -14.495       -16.28602
    -14.345       -17.12476
    -14.195       -17.99380
    -14.045       -18.88040
    -13.895       -19.77816
    -13.745       -20.73123
    -13.595       -21.76086
    -13.445       -22.87746
    -13.295       -24.04698
    -13.145       -25.23151
    -12.995       -26.41496
    -12.845       -27.57928
    -12.695       -28.69894
    -12.545       -29.78155
    -12.395       -30.82472
    -12.245       -31.83479
    -12.095       -32.81490
    -11.945       -33.77451
    -11.795       -34.71365
    -11.645       -35.63961
    -11.495       -36.57460
    -11.345       -37.53091
    -11.195       -38.52081
    -11.045       -39.54159
    -10.895       -40.58319
    -10.745       -41.65993
    -10.595       -42.76064
    -10.445       -43.89260
    -10.295       -45.04260
    -10.145       -46.21532
    -9.9950       -47.42349
    -9.8450       -48.65171
    -9.6950       -49.90204
    -9.5450       -51.16778
    -9.3950       -52.43565
    -9.2450       -53.70561
    -9.0950       -54.96361
    -8.9450       -56.22109
    -8.7950       -57.50449
    -8.6450       -58.82533
    -8.4950       -60.19286
    -8.3450       -61.62441
    -8.1950       -63.11889
    -8.0450       -64.67734
    -7.8950       -66.29430
    -7.7450       -67.95248
    -7.5950       -69.63648
    -7.4450       -71.33666
    -7.2950       -73.05178
    -7.1450       -74.78176
    -6.9950       -76.52677
    -6.8450       -78.27877
    -6.6950       -80.02239
    -6.5450       -81.77292
    -6.3950       -83.51126
    -6.2450       -85.25064
    -6.0950       -86.97685
    -5.9450       -88.72161
    -5.7950       -90.46498
    -5.6450       -92.21591
    -5.4950       -93.97558
    -5.3450       -95.73956
    -5.1950       -97.51992
    -5.0450       -99.32136
    -4.8950      -101.14234
    -4.7450      -102.97905
    -4.5950      -104.85435
    -4.4450      -106.74713
    -4.2950      -108.64912
    -4.1450      -110.55413
    -3.9950      -112.46466
    -3.8450      -114.36579
    -3.6950      -116.25770
    -3.5450      -118.13606
    -3.3950      -120.01872
    -3.2450      -121.91088
    -3.0950      -123.85191
    -2.9450      -125.86723
    -2.7950      -128.00242
    -2.6450      -130.31511
    -2.4950      -132.85992
    -2.3450      -135.72165
    -2.1950      -139.00067
    -2.0450      -142.79158
    -1.8950      -147.22515
    -1.7450      -152.42444
    -1.5950      -158.45413
    -1.4450      -165.35458
    -1.2950      -173.05963
    -1.1450      -181.50490
   -0.99500      -190.57895
   -0.84500      -200.17138
   -0.69500      -210.28999
   -0.54500      -221.25222
   -0.39500      -233.99177
   -0.25300      -244.04227
   -0.21500      -244.74354
   -0.20900      -245.45736
   -0.20300      -246.18396
   -0.19700      -246.92446
   -0.19100      -247.67925
   -0.18500      -248.44966
   -0.17900      -249.23593
   -0.17300      -250.04011
   -0.16700      -250.86251
   -0.16100      -251.70413
   -0.15500      -252.56784
   -0.14900      -253.45490
   -0.14300      -254.36712
   -0.13700      -255.30569
   -0.13100      -256.27313
   -0.12500      -257.27265
   -0.11900      -258.30720
   -0.11300      -259.37968
   -0.10700      -260.49433
   -0.10100      -261.65655
   -0.95000E-01  -262.87176
   -0.89000E-01  -264.14712
   -0.83000E-01  -265.49273
   -0.77000E-01  -266.91817
   -0.71000E-01  -268.43770
   -0.65000E-01  -270.06846
   -0.59000E-01  -271.83475
   -0.53000E-01  -273.76925
   -0.47000E-01  -275.91830
   -0.41000E-01  -278.34968
   -0.35000E-01  -281.18094
   -0.29000E-01  -284.64007
   -0.23000E-01  -289.00652
   -0.19700E-01  -289.49969
   -0.19100E-01  -290.00550
   -0.18500E-01  -290.52490
   -0.17900E-01  -291.05832
   -0.17300E-01  -291.60607
   -0.16700E-01  -292.16913
   -0.16100E-01  -292.74835
   -0.15500E-01  -293.34416
   -0.14900E-01  -293.95731
   -0.14300E-01  -294.58837
   -0.13700E-01  -295.23832
   -0.13100E-01  -295.90820
   -0.12500E-01  -296.59939
   -0.11900E-01  -297.31281
   -0.11300E-01  -298.04915
   -0.10700E-01  -298.80922
   -0.10100E-01  -299.59376
   -0.95000E-02  -300.40444
   -0.89000E-02  -301.24314
   -0.83000E-02  -302.11194
   -0.77000E-02  -303.01006
   -0.71000E-02  -303.93583
   -0.65000E-02  -304.88640
   -0.59000E-02  -305.85577
   -0.53000E-02  -306.83406
   -0.47000E-02  -307.80591
   -0.41000E-02  -308.75001
   -0.35000E-02  -309.63558
   -0.29000E-02  -310.42806
   -0.23000E-02  -311.09730
   -0.17000E-02  -311.61686
   -0.11000E-02  -311.96397
   -0.50000E-03  -312.12433
    0.10000E-03  -312.09213
    0.70000E-03  -311.86860
    0.13000E-02  -311.46211
    0.19000E-02  -310.89030
    0.25000E-02  -310.17766
    0.31000E-02  -309.35167
    0.37000E-02  -308.44372
    0.43000E-02  -307.48921
    0.49000E-02  -306.51488
    0.55000E-02  -305.54007
    0.61000E-02  -304.57840
    0.67000E-02  -303.63800
    0.73000E-02  -302.72353
    0.79000E-02  -301.83756
    0.85000E-02  -300.98158
    0.91000E-02  -300.15526
    0.97000E-02  -299.35625
    0.10300E-01  -298.58316
    0.10900E-01  -297.83454
    0.11500E-01  -297.10943
    0.12100E-01  -296.40706
    0.12700E-01  -295.72669
    0.13300E-01  -295.06721
    0.13900E-01  -294.42729
    0.14500E-01  -293.80600
    0.15100E-01  -293.20242
    0.15700E-01  -292.61612
    0.16300E-01  -292.04620
    0.16900E-01  -291.49213
    0.17500E-01  -290.95318
    0.18100E-01  -290.42867
    0.18700E-01  -289.91786
    0.19300E-01  -289.42026
    0.20200E-01  -287.60319
    0.25000E-01  -283.62431
    0.31000E-01  -280.46509
    0.37000E-01  -277.85416
    0.43000E-01  -275.60722
    0.49000E-01  -273.62741
    0.55000E-01  -271.85468
    0.61000E-01  -270.24848
    0.67000E-01  -268.77677
    0.73000E-01  -267.41896
    0.79000E-01  -266.15890
    0.85000E-01  -264.98349
    0.91000E-01  -263.88269
    0.97000E-01  -262.84803
    0.10300      -261.87269
    0.10900      -260.95121
    0.11500      -260.07888
    0.12100      -259.25154
    0.12700      -258.46593
    0.13300      -257.71775
    0.13900      -257.00454
    0.14500      -256.32393
    0.15100      -255.67346
    0.15700      -255.05084
    0.16300      -254.45445
    0.16900      -253.88150
    0.17500      -253.33196
    0.18100      -252.80405
    0.18700      -252.29594
    0.19300      -251.80664
    0.19900      -251.33579
    0.20500      -250.88167
    0.21100      -250.44281
    0.21700      -250.01866
    0.29500      -242.35879
    0.44500      -238.31547
    0.59500      -235.59088
    0.74500      -233.49000
    0.89500      -231.75588
     1.0450      -230.26614
     1.1950      -228.94739
     1.3450      -227.76204
     1.4950      -226.68830
     1.6450      -225.71098
     1.7950      -224.81714
     1.9450      -223.99802
     2.0950      -223.24654
     2.2450      -222.55382
     2.3950      -221.91503
     2.5450      -221.31518
     2.6950      -220.75476
     2.8450      -220.22815
     2.9950      -219.72839
     3.1450      -219.25596
     3.2950      -218.80346
     3.4450      -218.37282
     3.5950      -217.95800
     3.7450      -217.56070
     3.8950      -217.17801
     4.0450      -216.80758
     4.1950      -216.44872
     4.3450      -216.10138
     4.4950      -215.76419
     4.6450      -215.43676
     4.7950      -215.11955
     4.9450      -214.80929
     5.0950      -214.50885
     5.2450      -214.21521
     5.3950      -213.92996
     5.5450      -213.65099
     5.6950      -213.37783
     5.8450      -213.11160
     5.9950      -212.85063
     6.1450      -212.59380
     6.2950      -212.34494
     6.4450      -212.10113
     6.5950      -211.86309
     6.7450      -211.62890
     6.8950      -211.39799
     7.0450      -211.17336
     7.1950      -210.95233
     7.3450      -210.73463
     7.4950      -210.52295
     7.6450      -210.31386
     7.7950      -210.10781
     7.9450      -209.90542
     8.0950      -209.70550
     8.2450      -209.51018
     8.3950      -209.31754
     8.5450      -209.12791
     8.6950      -208.94003
     8.8450      -208.75676
     8.9950      -208.57623
     9.1450      -208.39739
     9.2950      -208.22269
     9.4450      -208.04931
     9.5950      -207.87902
     9.7450      -207.71124
     9.8950      -207.54509
     10.045      -207.38116
     10.195      -207.21930
     10.345      -207.05874
     10.495      -206.90133
     10.645      -206.74593
     10.795      -206.59209
     10.945      -206.44010
     11.095      -206.28936
     11.245      -206.14071
     11.395      -205.99405
     11.545      -205.84967
     11.695      -205.70674
     11.845      -205.56547
     11.995      -205.42642
     12.145      -205.28914
     12.295      -205.15337
     12.445      -205.01824
     12.595      -204.88558
     12.745      -204.75383
     12.895      -204.62375
     13.045      -204.49441
     13.195      -204.36638
     13.345      -204.23985
     13.495      -204.11412
     13.645      -203.99026
     13.795      -203.86737
     13.945      -203.74481
     14.095      -203.62363
     14.245      -203.50504
     14.395      -203.38688
     14.545      -203.26965
     14.695      -203.15291
     14.845      -203.03784
     14.995      -202.92390
     15.145      -202.81133
     15.295      -202.69900
     15.445      -202.58765
     15.595      -202.47881
     15.745      -202.37050
     15.895      -202.26253
     16.045      -202.15625
     16.195      -202.05057
     16.345      -201.94635
     16.495      -201.84207
     16.645      -201.73840
     16.795      -201.63604
     16.945      -201.53488
     17.095      -201.43413
     17.245      -201.33404
     17.395      -201.23474
     17.545      -201.13577
     17.695      -201.03824
     17.845      -200.94124
     17.995      -200.84537
     18.145      -200.75026
     18.295      -200.65622
     18.445      -200.56242
     18.595      -200.46903
     18.745      -200.37657
     18.895      -200.28461
     19.045      -200.19334
     19.195      -200.10244
     19.345      -200.01264
     19.495      -199.92361
     19.645      -199.83504
     19.795      -199.74699
     19.945      -199.65925
     20.095      -199.57284
     20.245      -199.48660
     20.395      -199.40164
     20.545      -199.31645
     20.695      -199.23198
     20.845      -199.14821
     20.995      -199.06581
     21.145      -198.98345
     21.295      -198.90140
     21.445      -198.81925
     21.595      -198.73799
     21.745      -198.65790
     21.895      -198.57795
     22.045      -198.49835
     22.195      -198.41920
     22.345      -198.34034
     22.495      -198.26280
     22.645      -198.18524
     22.795      -198.10877
     22.945      -198.03218
     23.095      -197.95624
     23.245      -197.88101
     23.395      -197.80611
     23.545      -197.73062
     23.695      -197.65661
     23.845      -197.58298
     23.995      -197.50998
     24.145      -197.43750
     24.295      -197.36529
     24.445      -197.29314
     24.595      -197.22186
     24.745      -197.15104
     24.895      -197.08010
     25.045      -197.00982
     25.195      -196.94055
     25.345      -196.87139
     25.495      -196.80234
     25.645      -196.73344
     25.795      -196.66515
     25.945      -196.59705
     26.095      -196.52884
     26.245      -196.46119
     26.395      -196.39386
     26.545      -196.32701
     26.695      -196.26073
     26.845      -196.19473
     26.995      -196.12902
     27.145      -196.06387
     27.295      -195.99940
     27.445      -195.93445
     27.595      -195.86993
     27.745      -195.80591
     27.895      -195.74206
     28.045      -195.67886
     28.195      -195.61629
     28.345      -195.55339
     28.495      -195.49118
     28.645      -195.42898
     28.795      -195.36737
     28.945      -195.30625
     29.095      -195.24570
     29.245      -195.18531
     29.395      -195.12495
     29.545      -195.06484
     29.695      -195.00457
     29.845      -194.94484
     29.995      -194.88470
     30.145      -194.82584
     30.295      -194.76698
     30.445      -194.70776
     30.595      -194.64924
     30.745      -194.59097
     30.895      -194.53306
     31.045      -194.47553
     31.195      -194.41892
     31.345      -194.36150
     31.495      -194.30483
     31.645      -194.24854
     31.795      -194.19251
     31.945      -194.13708
     32.095      -194.08106
     32.245      -194.02602
     32.395      -193.97081
     32.545      -193.91572
     32.695      -193.86123
     32.845      -193.80712
     32.995      -193.75281
     33.145      -193.69896
     33.295      -193.64495
     33.445      -193.59121
     33.595      -193.53791
     33.745      -193.48524
     33.895      -193.43205
     34.045      -193.37941
     34.195      -193.32714
     34.345      -193.27488
     34.495      -193.22279
     34.645      -193.17095
     34.795      -193.11959
     34.945      -193.06854
     35.095      -193.01708
     35.245      -192.96642
     35.395      -192.91651
     35.545      -192.86610
     35.695      -192.81523
     35.845      -192.76552
     35.995      -192.71571
     36.145      -192.66614
     36.295      -192.61636
     36.445      -192.56706
     36.595      -192.51783
     36.745      -192.46901
     36.895      -192.42062
     37.045      -192.37202
     37.195      -192.32373
     37.345      -192.27539
     37.495      -192.22728
     37.645      -192.17926
     37.795      -192.13184
     37.945      -192.08468
     38.095      -192.03732
     38.245      -191.99010
     38.395      -191.94316
     38.545      -191.89635
     38.695      -191.85004
     38.845      -191.80356
     38.995      -191.75741
     39.145      -191.71130
     39.295      -191.66514
     39.445      -191.61936
     39.595      -191.57374
     39.745      -191.52853
     39.895      -191.48327
     40.045      -191.43872
     40.195      -191.39417
     40.345      -191.34972
     40.495      -191.30516
     40.645      -191.26084
     40.795      -191.21605
     40.945      -191.17164
     41.095      -191.12755
     41.245      -191.08390
     41.395      -191.04043
     41.545      -190.99723
     41.695      -190.95410
     41.845      -190.91046
     41.995      -190.86767
     42.145      -190.82475
     42.295      -190.78148
     42.445      -190.73860
     42.595      -190.69662
     42.745      -190.65416
     42.895      -190.61206
     43.045      -190.57022
     43.195      -190.52829
     43.345      -190.48675
     43.495      -190.44526
     43.645      -190.40355
     43.795      -190.36222
     43.945      -190.32132
     44.095      -190.28000
     44.245      -190.23902
     44.395      -190.19849
     44.545      -190.15763
     44.695      -190.11724
     44.845      -190.07666
     44.995      -190.03667
     45.145      -189.99643
     45.295      -189.95629
     45.445      -189.91613
     45.595      -189.87654
     45.745      -189.83704
     45.895      -189.79769
     46.045      -189.75844
     46.195      -189.71912
     46.345      -189.67989
     46.495      -189.64068
     46.645      -189.60176
     46.795      -189.56280
     46.945      -189.52420
     47.095      -189.48586
     47.245      -189.44766
     47.395      -189.40940
     47.545      -189.37082
     47.695      -189.33291
     47.845      -189.29470
     47.995      -189.25717
     48.145      -189.21959
     48.295      -189.18174
     48.445      -189.14433
     48.595      -189.10700
     48.745      -189.06987
     48.895      -189.03262
     49.045      -188.99538
     49.195      -188.95838
     49.345      -188.92178
     49.495      -188.88535
     49.645      -188.84891
     49.795      -188.81269
     49.945      -188.77625
     50.095      -188.73963
     50.245      -188.70352
     50.395      -188.66749
     50.545      -188.63145
     50.695      -188.59525
     50.845      -188.55935
     50.995      -188.52379
     51.145      -188.48821
     51.295      -188.45276
     51.445      -188.41735
     51.595      -188.38203
     51.745      -188.34697
     51.895      -188.31184
     52.045      -188.27734
     52.195      -188.24251
     52.345      -188.20828
     52.495      -188.17327
     52.645      -188.13861
     52.795      -188.10450
     52.945      -188.07030
     53.095      -188.03605
     53.245      -188.00198
     53.395      -187.96787
     53.545      -187.93374
     53.695      -187.89975
     53.845      -187.86618
     53.995      -187.83244
     54.145      -187.79880
     54.295      -187.76536
     54.445      -187.73199
     54.595      -187.69858
     54.745      -187.66537
     54.895      -187.63196
     55.045      -187.59894
     55.195      -187.56578
     55.345      -187.53267
     55.495      -187.49990
     55.645      -187.46748
     55.795      -187.43479
     55.945      -187.40242
     56.095      -187.36974
     56.245      -187.33709
     56.395      -187.30449
     56.545      -187.27227
     56.695      -187.24056
     56.845      -187.20871
     56.995      -187.17663
     57.145      -187.14503
     57.295      -187.11347
     57.445      -187.08150
     57.595      -187.04988
     57.745      -187.01839
     57.895      -186.98700
     58.045      -186.95544
     58.195      -186.92405
     58.345      -186.89288
     58.495      -186.86171
     58.645      -186.83052
     58.795      -186.79970
     58.945      -186.76888
     59.095      -186.73783
     59.245      -186.70697
     59.395      -186.67615
     59.545      -186.64551
     59.695      -186.61483
     59.845      -186.58467
     59.995      -186.55446
     60.145      -186.52414
     60.295      -186.49391
     60.445      -186.46368
     60.595      -186.43340
     60.745      -186.40339
     60.895      -186.37340
     61.045      -186.34351
     61.195      -186.31364
     61.345      -186.28393
     61.495      -186.25453
     61.645      -186.22489
     61.795      -186.19539
     61.945      -186.16628
     62.095      -186.13683
     62.245      -186.10702
     62.395      -186.07806
     62.545      -186.04883
     62.695      -186.01951
     62.845      -185.99048
     62.995      -185.96179
     63.145      -185.93255
     63.295      -185.90397
     63.445      -185.87531
     63.595      -185.84652
     63.745      -185.81766
     63.895      -185.78894
     64.045      -185.76039
     64.195      -185.73184
     64.345      -185.70338
     64.495      -185.67508
     64.645      -185.64660
     64.795      -185.61807
     64.945      -185.58978
     65.095      -185.56155
     70.156      -182.95496
     94.967      -179.04491
     130.63      -175.09755
     179.69      -171.09768
     247.17      -167.06739
     340.00      -163.02000
     467.69      -158.98809
     643.33      -154.98835
     884.93      -151.00870
     1217.3      -147.05583
     1674.4      -143.13165
     2303.2      -139.24118
     3168.2      -135.39981
     4358.0      -131.62723
     5994.7      -127.92559
     8246.0      -124.32470
     11343.      -120.82099
     15603.      -117.41720
     21462.      -114.11228
     29522.      -110.92708
     40609.      -107.86451
     55860.      -104.92144
     76839.      -102.10329
    0.10570E+06   -99.40910
    0.14539E+06   -96.83448
    0.19999E+06   -94.37561
    0.27510E+06   -92.03056
    0.37841E+06   -89.79321
    0.52052E+06   -87.65878
    0.71601E+06   -85.62176
    0.98490E+06   -83.68196
    0.13548E+07   -81.82961
    0.18636E+07   -80.06489
    0.25634E+07   -78.38207
    0.35262E+07   -76.77734
    0.48504E+07   -75.24947
    0.66720E+07   -73.79257
    0.91776E+07   -72.40532
    0.12624E+08   -71.08324
    0.17365E+08   -69.82410
    0.23887E+08   -68.62555
    0.32858E+08   -67.48555
    0.45197E+08   -66.41070
    0.62171E+08   -65.40929
    0.85520E+08   -64.47888
    0.11764E+09   -63.61003
    0.16182E+09   -62.79800
    0.22259E+09   -62.03746
    0.30618E+09   -61.32439
    0.42116E+09   -60.65511
    0.57933E+09   -60.03619
    0.79690E+09   -59.47515
    0.10962E+10   -58.96017
    0.15078E+10   -58.48558
    0.20741E+10   -58.04813
    0.28531E+10   -57.64437
    0.39245E+10   -57.27171
    0.53984E+10   -56.92765
    0.74258E+10   -56.60996
    0.10215E+11   -56.31700
    0.14051E+11   -56.04592
    0.19327E+11   -55.79541
    0.26586E+11   -55.56461
    0.36570E+11   -55.35143
    0.50304E+11   -55.15465
    0.69195E+11   -54.97292
    0.10000E+12   -52.77960
