    -159.95         0.00000
    -159.79         0.00000
    -159.65         0.00000
    -159.49         0.00000
    -159.34         0.00000
    -159.20         0.00000
    -159.04         0.00000
    -158.90         0.00000
    -158.74         0.00000
    -158.59         0.00000
    -158.45         0.00000
    -158.29         0.00000
    -158.15         0.00000
    -157.99         0.00000
    -157.84         0.00000
    -157.70         0.00000
    -157.54         0.00000
    -157.40         0.00000
    -157.24         0.00000
    -157.09         0.00000
    -156.95         0.00000
    -156.79         0.00000
    -156.65         0.00000
    -156.49         0.00000
    -156.34         0.00000
    -156.20         0.00000
    -156.04         0.00000
    -155.90         0.00000
    -155.74         0.00000
    -155.59         0.00000
    -155.45         0.00000
    -155.29         0.00000
    -155.15         0.00000
    -154.99         0.00000
    -154.84         0.00000
    -154.70         0.00000
    -154.54         0.00000
    -154.40         0.00000
    -154.24         0.00000
    -154.09         0.00000
    -153.95         0.00000
    -153.79         0.00000
    -153.65         0.00000
    -153.49         0.00000
    -153.34         0.00000
    -153.20         0.00000
    -153.04         0.00000
    -152.90         0.00000
    -152.74         0.00000
    -152.59         0.00000
    -152.45         0.00000
    -152.29         0.00000
    -152.15         0.00000
    -151.99         0.00000
    -151.84         0.00000
    -151.70         0.00000
    -151.54         0.00000
    -151.40         0.00000
    -151.24         0.00000
    -151.09         0.00000
    -150.95         0.00000
    -150.79         0.00000
    -150.65         0.00000
    -150.49         0.00000
    -150.34         0.00000
    -150.20         0.00000
    -150.04         0.00000
    -149.90         0.00000
    -149.74         0.00000
    -149.59         0.00000
    -149.45         0.00000
    -149.29         0.00000
    -149.15         0.00000
    -148.99         0.00000
    -148.84         0.00000
    -148.70         0.00000
    -148.54         0.00000
    -148.40         0.00000
    -148.24         0.00000
    -148.09         0.00000
    -147.95         0.00000
    -147.79         0.00000
    -147.65         0.00000
    -147.49         0.00000
    -147.34         0.00000
    -147.20         0.00000
    -147.04         0.00000
    -146.90         0.00000
    -146.74         0.00000
    -146.59         0.00000
    -146.45         0.00000
    -146.29         0.00000
    -146.15         0.00000
    -145.99         0.00000
    -145.84         0.00000
    -145.70         0.00000
    -145.54         0.00000
    -145.40         0.00000
    -145.24         0.00000
    -145.09         0.00000
    -144.95         0.00000
    -144.79         0.00000
    -144.65         0.00000
    -144.49         0.00000
    -144.34         0.00000
    -144.20         0.00000
    -144.04         0.00000
    -143.90         0.00000
    -143.74         0.00000
    -143.59         0.00000
    -143.45         0.00000
    -143.29         0.00000
    -143.15         0.00000
    -142.99         0.00000
    -142.84         0.00000
    -142.70         0.00000
    -142.54         0.00000
    -142.40         0.00000
    -142.24         0.00000
    -142.09         0.00000
    -141.95         0.00000
    -141.79         0.00000
    -141.65         0.00000
    -141.49         0.00000
    -141.34         0.00000
    -141.20         0.00000
    -141.04         0.00000
    -140.90         0.00000
    -140.74         0.00000
    -140.59         0.00000
    -140.45         0.00000
    -140.29         0.00000
    -140.15         0.00000
    -139.99         0.00000
    -139.84         0.00000
    -139.70         0.00000
    -139.54         0.00000
    -139.40         0.00000
    -139.24         0.00000
    -139.09         0.00000
    -138.95         0.00000
    -138.79         0.00000
    -138.65         0.00000
    -138.49         0.00000
    -138.34         0.00000
    -138.20         0.00000
    -138.04         0.00000
    -137.90         0.00000
    -137.74         0.00000
    -137.59         0.00000
    -137.45         0.00000
    -137.29         0.00000
    -137.15         0.00000
    -136.99         0.00000
    -136.84         0.00000
    -136.70         0.00000
    -136.54         0.00000
    -136.40         0.00000
    -136.24         0.00000
    -136.09         0.00000
    -135.95         0.00000
    -135.79         0.00000
    -135.65         0.00000
    -135.49         0.00000
    -135.34         0.00000
    -135.20         0.00000
    -135.04         0.00000
    -134.90         0.00000
    -134.74         0.00000
    -134.59         0.00000
    -134.45         0.00000
    -134.29         0.00000
    -134.15         0.00000
    -133.99         0.00000
    -133.84         0.00000
    -133.70         0.00000
    -133.54         0.00000
    -133.40         0.00000
    -133.24         0.00000
    -133.09         0.00000
    -132.95         0.00000
    -132.79         0.00000
    -132.65         0.00000
    -132.49         0.00000
    -132.34         0.00000
    -132.20         0.00000
    -132.04         0.00000
    -131.90         0.00000
    -131.74         0.00000
    -131.59         0.00000
    -131.45         0.00000
    -131.29         0.00000
    -131.15         0.00000
    -130.99         0.00000
    -130.84         0.00000
    -130.70         0.00000
    -130.54         0.00000
    -130.40         0.00000
    -130.24         0.00000
    -130.09         0.00000
    -129.95         0.00000
    -129.79         0.00000
    -129.65         0.00000
    -129.49         0.00000
    -129.34         0.00000
    -129.20         0.00000
    -129.04         0.00000
    -128.90         0.00000
    -128.74         0.00000
    -128.59         0.00000
    -128.45         0.00000
    -128.29         0.00000
    -128.15         0.00000
    -127.99         0.00000
    -127.85         0.00000
    -127.69         0.00000
    -127.55         0.00000
    -127.39         0.00000
    -127.25         0.00000
    -127.10         0.00000
    -126.94         0.00000
    -126.80         0.00000
    -126.64         0.00000
    -126.50         0.00000
    -126.35         0.00000
    -126.19         0.00000
    -126.05         0.00000
    -125.89         0.00000
    -125.75         0.00000
    -125.60         0.00000
    -125.44         0.00000
    -125.30         0.00000
    -125.14         0.00000
    -125.00         0.00000
    -124.85         0.00000
    -124.69         0.00000
    -124.55         0.00000
    -124.39         0.00000
    -124.25         0.00000
    -124.10         0.00000
    -123.94         0.00000
    -123.80         0.00000
    -123.64         0.00000
    -123.50         0.00000
    -123.35         0.00000
    -123.19         0.00000
    -123.05         0.00000
    -122.89         0.00000
    -122.75         0.00000
    -122.60         0.00000
    -122.44         0.00000
    -122.30         0.00000
    -122.14         0.00000
    -122.00         0.00000
    -121.85         0.00000
    -121.69         0.00000
    -121.55         0.00000
    -121.39         0.00000
    -121.25         0.00000
    -121.10         0.00000
    -120.94         0.00000
    -120.80         0.00000
    -120.64         0.00000
    -120.50         0.00000
    -120.35         0.00000
    -120.19         0.00000
    -120.05         0.00000
    -119.89         0.00000
    -119.75         0.00000
    -119.60         0.00000
    -119.44         0.00000
    -119.30         0.00000
    -119.14         0.00000
    -119.00         0.00000
    -118.85         0.00000
    -118.69         0.00000
    -118.55         0.00000
    -118.39         0.00000
    -118.25         0.00000
    -118.10         0.00000
    -117.94         0.00000
    -117.80         0.00000
    -117.64         0.00000
    -117.50         0.00000
    -117.35         0.00000
    -117.19         0.00000
    -117.05         0.00000
    -116.89         0.00000
    -116.75         0.00000
    -116.60         0.00000
    -116.44         0.00000
    -116.30         0.00000
    -116.14         0.00000
    -116.00         0.00000
    -115.85         0.00000
    -115.69         0.00000
    -115.55         0.00000
    -115.39         0.00000
    -115.25         0.00000
    -115.10         0.00000
    -114.94         0.00000
    -114.80         0.00000
    -114.64         0.00000
    -114.50         0.00000
    -114.35         0.00000
    -114.19         0.00000
    -114.05         0.00000
    -113.89         0.00000
    -113.75         0.00000
    -113.60         0.00000
    -113.44         0.00000
    -113.30         0.00000
    -113.14         0.00000
    -113.00         0.00000
    -112.85         0.00000
    -112.69         0.00000
    -112.55         0.00000
    -112.39         0.00000
    -112.25         0.00000
    -112.10         0.00000
    -111.94         0.00000
    -111.80         0.00000
    -111.64         0.00000
    -111.50         0.00000
    -111.35         0.00000
    -111.19         0.00000
    -111.05         0.00000
    -110.89         0.00000
    -110.75         0.00000
    -110.60         0.00000
    -110.44         0.00000
    -110.30         0.00000
    -110.14         0.00000
    -110.00         0.00000
    -109.85         0.00000
    -109.69         0.00000
    -109.55         0.00000
    -109.39         0.00000
    -109.25         0.00000
    -109.10         0.00000
    -108.94         0.00000
    -108.80         0.00000
    -108.64         0.00000
    -108.50         0.00000
    -108.35         0.00000
    -108.19         0.00000
    -108.05         0.00000
    -107.89         0.00000
    -107.75         0.00000
    -107.60         0.00000
    -107.44         0.00000
    -107.30         0.00000
    -107.14         0.00000
    -107.00         0.00000
    -106.85         0.00000
    -106.69         0.00000
    -106.55         0.00000
    -106.39         0.00000
    -106.25         0.00000
    -106.10         0.00000
    -105.94         0.00000
    -105.80         0.00000
    -105.64         0.00000
    -105.50         0.00000
    -105.35         0.00000
    -105.19         0.00000
    -105.05         0.00000
    -104.89         0.00000
    -104.75         0.00000
    -104.60         0.00000
    -104.44         0.00000
    -104.30         0.00000
    -104.14         0.00000
    -104.00         0.00000
    -103.85         0.00000
    -103.69         0.00000
    -103.55         0.00000
    -103.39         0.00000
    -103.25         0.00000
    -103.10         0.00000
    -102.94         0.00000
    -102.80         0.00000
    -102.64         0.00000
    -102.50         0.00000
    -102.35         0.00000
    -102.19         0.00000
    -102.05         0.00000
    -101.89         0.00000
    -101.75         0.00000
    -101.60         0.00000
    -101.44         0.00000
    -101.30         0.00000
    -101.14         0.00000
    -101.00         0.00000
    -100.85         0.00000
    -100.69         0.00000
    -100.55         0.00000
    -100.39         0.00000
    -100.25         0.00000
    -100.10         0.00000
    -99.945         0.00000
    -99.795         0.00000
    -99.645         0.00000
    -99.495         0.00000
    -99.345         0.00000
    -99.195         0.00000
    -99.045         0.00000
    -98.895         0.00000
    -98.745         0.00000
    -98.595         0.00000
    -98.445         0.00000
    -98.295         0.00000
    -98.145         0.00000
    -97.995         0.00000
    -97.845         0.00000
    -97.695         0.00000
    -97.545         0.00000
    -97.395         0.00000
    -97.245         0.00000
    -97.095         0.00000
    -96.945         0.00000
    -96.795         0.00000
    -96.645         0.00000
    -96.495         0.00000
    -96.345         0.00000
    -96.195         0.00000
    -96.045         0.00000
    -95.895         0.00000
    -95.745         0.00000
    -95.595         0.00000
    -95.445         0.00000
    -95.295         0.00000
    -95.145         0.00000
    -94.995         0.00000
    -94.845         0.00000
    -94.695         0.00000
    -94.545         0.00000
    -94.395         0.00000
    -94.245         0.00000
    -94.095         0.00000
    -93.945         0.00000
    -93.795         0.00000
    -93.645         0.00000
    -93.495         0.00000
    -93.345         0.00000
    -93.195         0.00000
    -93.045         0.00000
    -92.895         0.00000
    -92.745         0.00000
    -92.595         0.00000
    -92.445         0.00000
    -92.295         0.00000
    -92.145         0.00000
    -91.995         0.00000
    -91.845         0.00000
    -91.695         0.00000
    -91.545         0.00000
    -91.395         0.00000
    -91.245         0.00000
    -91.095         0.00000
    -90.945         0.00000
    -90.795         0.00000
    -90.645         0.00000
    -90.495         0.00000
    -90.345         0.00000
    -90.195         0.00000
    -90.045         0.00000
    -89.895         0.00000
    -89.745         0.00000
    -89.595         0.00000
    -89.445         0.00000
    -89.295         0.00000
    -89.145         0.00000
    -88.995         0.00000
    -88.845         0.00000
    -88.695         0.00000
    -88.545         0.00000
    -88.395         0.00000
    -88.245         0.00000
    -88.095         0.00000
    -87.945         0.00000
    -87.795         0.00000
    -87.645         0.00000
    -87.495         0.00000
    -87.345         0.00000
    -87.195         0.00000
    -87.045         0.00000
    -86.895         0.00000
    -86.745         0.00000
    -86.595         0.00000
    -86.445         0.00000
    -86.295         0.00000
    -86.145         0.00000
    -85.995         0.00000
    -85.845         0.00000
    -85.695         0.00000
    -85.545         0.00000
    -85.395         0.00000
    -85.245         0.00000
    -85.095         0.00000
    -84.945         0.00000
    -84.795         0.00000
    -84.645         0.00000
    -84.495         0.00000
    -84.345         0.00000
    -84.195         0.00000
    -84.045         0.00000
    -83.895         0.00000
    -83.745         0.00000
    -83.595         0.00000
    -83.445         0.00000
    -83.295         0.00000
    -83.145         0.00000
    -82.995         0.00000
    -82.845         0.00000
    -82.695         0.00000
    -82.545         0.00000
    -82.395         0.00000
    -82.245         0.00000
    -82.095         0.00000
    -81.945         0.00000
    -81.795         0.00000
    -81.645         0.00000
    -81.495         0.00000
    -81.345         0.00000
    -81.195         0.00000
    -81.045         0.00000
    -80.895         0.00000
    -80.745         0.00000
    -80.595         0.00000
    -80.445         0.00000
    -80.295         0.00000
    -80.145         0.00000
    -79.995         0.00000
    -79.845         0.00000
    -79.695         0.00000
    -79.545         0.00000
    -79.395         0.00000
    -79.245         0.00000
    -79.095         0.00000
    -78.945         0.00000
    -78.795         0.00000
    -78.645         0.00000
    -78.495         0.00000
    -78.345         0.00000
    -78.195         0.00000
    -78.045         0.00000
    -77.895         0.00000
    -77.745         0.00000
    -77.595         0.00000
    -77.445         0.00000
    -77.295         0.00000
    -77.145         0.00000
    -76.995         0.00000
    -76.845         0.00000
    -76.695         0.00000
    -76.545         0.00000
    -76.395         0.00000
    -76.245         0.00000
    -76.095         0.00000
    -75.945         0.00000
    -75.795         0.00000
    -75.645         0.00000
    -75.495         0.00000
    -75.345         0.00000
    -75.195         0.00000
    -75.045         0.00000
    -74.895         0.00000
    -74.745         0.00000
    -74.595         0.00000
    -74.445         0.00000
    -74.295         0.00000
    -74.145         0.00000
    -73.995         0.00000
    -73.845         0.00000
    -73.695         0.00000
    -73.545         0.00000
    -73.395         0.00000
    -73.245         0.00000
    -73.095         0.00000
    -72.945         0.00000
    -72.795         0.00000
    -72.645         0.00000
    -72.495         0.00000
    -72.345         0.00000
    -72.195         0.00000
    -72.045         0.00000
    -71.895         0.00000
    -71.745         0.00000
    -71.595         0.00000
    -71.445         0.00000
    -71.295         0.00000
    -71.145         0.00000
    -70.995         0.00000
    -70.845         0.00000
    -70.695         0.00000
    -70.545         0.00000
    -70.395         0.00000
    -70.245         0.00000
    -70.095         0.00000
    -69.945         0.00000
    -69.795         0.00000
    -69.645         0.00000
    -69.495         0.00000
    -69.345         0.00000
    -69.195         0.00000
    -69.045         0.00000
    -68.895         0.00000
    -68.745         0.00000
    -68.595         0.00000
    -68.445         0.00000
    -68.295         0.00000
    -68.145         0.00000
    -67.995         0.00000
    -67.845         0.00000
    -67.695         0.00000
    -67.545         0.00000
    -67.395         0.00000
    -67.245         0.00000
    -67.095         0.00000
    -66.945         0.00000
    -66.795         0.00000
    -66.645         0.00000
    -66.495         0.00000
    -66.345         0.00000
    -66.195         0.00000
    -66.045         0.00000
    -65.895         0.00000
    -65.745         0.00000
    -65.595         0.00000
    -65.445         0.00000
    -65.295         0.00000
    -65.145         0.00000
    -64.995         0.00000
    -64.845         0.00000
    -64.695         0.00000
    -64.545         0.00000
    -64.395         0.00000
    -64.245         0.00000
    -64.095         0.00000
    -63.945         0.00000
    -63.795         0.00000
    -63.645         0.00000
    -63.495         0.00000
    -63.345         0.00000
    -63.195         0.00000
    -63.045         0.00000
    -62.895         0.00000
    -62.745         0.00000
    -62.595         0.00000
    -62.445         0.00000
    -62.295         0.00000
    -62.145         0.00000
    -61.995         0.00000
    -61.845         0.00000
    -61.695         0.00000
    -61.545         0.00000
    -61.395         0.00000
    -61.245         0.00000
    -61.095         0.00000
    -60.945         0.00000
    -60.795         0.00000
    -60.645         0.00000
    -60.495         0.00000
    -60.345         0.00000
    -60.195         0.00000
    -60.045         0.00000
    -59.895         0.00000
    -59.745         0.00000
    -59.595         0.00000
    -59.445         0.00000
    -59.295         0.00000
    -59.145         0.00000
    -58.995         0.00000
    -58.845         0.00000
    -58.695         0.00000
    -58.545         0.00000
    -58.395         0.00000
    -58.245         0.00000
    -58.095         0.00000
    -57.945         0.00000
    -57.795         0.00000
    -57.645         0.00000
    -57.495         0.00000
    -57.345         0.00000
    -57.195         0.00000
    -57.045         0.00000
    -56.895         0.00000
    -56.745         0.00000
    -56.595         0.00000
    -56.445         0.00000
    -56.295         0.00000
    -56.145         0.00000
    -55.995         0.00000
    -55.845         0.00000
    -55.695         0.00000
    -55.545         0.00000
    -55.395         0.00000
    -55.245         0.00000
    -55.095         0.00000
    -54.945         0.00000
    -54.795         0.00000
    -54.645         0.00000
    -54.495         0.00000
    -54.345         0.00000
    -54.195         0.00000
    -54.045         0.00000
    -53.895         0.00000
    -53.745         0.00000
    -53.595         0.00000
    -53.445         0.00000
    -53.295         0.00000
    -53.145         0.00000
    -52.995         0.00000
    -52.845         0.00000
    -52.695         0.00000
    -52.545         0.00000
    -52.395         0.00000
    -52.245         0.00000
    -52.095         0.00000
    -51.945         0.00000
    -51.795         0.00000
    -51.645         0.00000
    -51.495         0.00000
    -51.345         0.00000
    -51.195         0.00000
    -51.045         0.00000
    -50.895         0.00000
    -50.745         0.00000
    -50.595         0.00000
    -50.445         0.00000
    -50.295         0.00000
    -50.145         0.00000
    -49.995         0.00000
    -49.845         0.00000
    -49.695         0.00000
    -49.545         0.00000
    -49.395         0.00000
    -49.245         0.00000
    -49.095         0.00000
    -48.945         0.00000
    -48.795         0.00000
    -48.645         0.00000
    -48.495         0.00000
    -48.345         0.00000
    -48.195         0.00000
    -48.045         0.00000
    -47.895         0.00000
    -47.745         0.00000
    -47.595         0.00000
    -47.445         0.00000
    -47.295         0.00000
    -47.145         0.00000
    -46.995         0.00000
    -46.845         0.00000
    -46.695         0.00000
    -46.545         0.00000
    -46.395         0.00000
    -46.245         0.00000
    -46.095         0.00000
    -45.945         0.00000
    -45.795         0.00000
    -45.645         0.00000
    -45.495         0.00000
    -45.345         0.00000
    -45.195         0.00000
    -45.045         0.00000
    -44.895         0.00000
    -44.745         0.00000
    -44.595         0.00000
    -44.445         0.00000
    -44.295         0.00000
    -44.145         0.00000
    -43.995         0.00000
    -43.845         0.00000
    -43.695         0.00000
    -43.545         0.00000
    -43.395         0.00000
    -43.245         0.00000
    -43.095         0.00000
    -42.945         0.00000
    -42.795         0.00000
    -42.645         0.00000
    -42.495         0.00000
    -42.345         0.00000
    -42.195         0.00000
    -42.045         0.00000
    -41.895         0.00000
    -41.745         0.00000
    -41.595         0.00000
    -41.445         0.00000
    -41.295         0.00000
    -41.145         0.00000
    -40.995         0.00000
    -40.845         0.00000
    -40.695         0.00000
    -40.545         0.00000
    -40.395         0.00000
    -40.245         0.00000
    -40.095         0.00000
    -39.945         0.00000
    -39.795         0.00000
    -39.645         0.00000
    -39.495         0.00000
    -39.345         0.00000
    -39.195         0.00000
    -39.045         0.00000
    -38.895         0.00000
    -38.745         0.00000
    -38.595         0.00000
    -38.445         0.00000
    -38.295         0.00000
    -38.145         0.00000
    -37.995         0.00000
    -37.845         0.00000
    -37.695         0.00000
    -37.545         0.00000
    -37.395         0.00000
    -37.245         0.00000
    -37.095         0.00000
    -36.945         0.00000
    -36.795         0.00000
    -36.645         0.00000
    -36.495         0.00000
    -36.345         0.00000
    -36.195         0.00000
    -36.045         0.00000
    -35.895         0.00000
    -35.745         0.00000
    -35.595         0.00000
    -35.445         0.00000
    -35.295         0.00000
    -35.145         0.00000
    -34.995         0.00000
    -34.845         0.00000
    -34.695         0.00000
    -34.545         0.00000
    -34.395         0.00000
    -34.245         0.00000
    -34.095         0.00000
    -33.945         0.00000
    -33.795         0.00000
    -33.645         0.00000
    -33.495         0.00000
    -33.345         0.00000
    -33.195         0.00000
    -33.045         0.00000
    -32.895         0.00000
    -32.745         0.00000
    -32.595         0.00000
    -32.445         0.00000
    -32.295         0.00000
    -32.145         0.00000
    -31.995         0.00000
    -31.845         0.00000
    -31.695         0.00000
    -31.545         0.00000
    -31.395         0.00000
    -31.245         0.00000
    -31.095         0.00000
    -30.945         0.00000
    -30.795         0.00000
    -30.645         0.00000
    -30.495         0.00000
    -30.345         0.00000
    -30.195         0.00000
    -30.045         0.00000
    -29.895         0.00000
    -29.745         0.00000
    -29.595         0.00000
    -29.445         0.00000
    -29.295         0.00000
    -29.145         0.00000
    -28.995         0.00000
    -28.845         0.00000
    -28.695         0.00000
    -28.545         0.00000
    -28.395         0.00000
    -28.245         0.00000
    -28.095         0.00000
    -27.945         0.00000
    -27.795         0.00000
    -27.645         0.00000
    -27.495         0.00000
    -27.345         0.00000
    -27.195         0.00000
    -27.045         0.00000
    -26.895         0.00000
    -26.745         0.00000
    -26.595         0.00000
    -26.445         0.00000
    -26.295         0.00000
    -26.145         0.00000
    -25.995         0.00000
    -25.845         0.00000
    -25.695         0.00000
    -25.545         0.00000
    -25.395         0.00000
    -25.245         0.00000
    -25.095         0.00000
    -24.945         0.00000
    -24.795         0.00000
    -24.645         0.00000
    -24.495         0.00000
    -24.345         0.00000
    -24.195         0.00000
    -24.045         0.00000
    -23.895         0.00000
    -23.745         0.00000
    -23.595         0.00000
    -23.445         0.00000
    -23.295         0.00000
    -23.145         0.00000
    -22.995         0.00000
    -22.845         0.00000
    -22.695         0.00000
    -22.545         0.00000
    -22.395         0.00000
    -22.245         0.00000
    -22.095         0.00000
    -21.945         0.00000
    -21.795         0.00000
    -21.645         0.00000
    -21.495         0.00000
    -21.345         0.00000
    -21.195         0.00000
    -21.045         0.00000
    -20.895         0.00000
    -20.745         0.00000
    -20.595         0.00000
    -20.445         0.00000
    -20.295         0.00000
    -20.145         0.00000
    -19.995         0.00000
    -19.845         0.00000
    -19.695         0.00000
    -19.545         0.00000
    -19.395         0.00000
    -19.245         0.00000
    -19.095         0.00000
    -18.945         0.00000
    -18.795         0.00000
    -18.645         0.00000
    -18.495         0.00000
    -18.345         0.00000
    -18.195         0.00000
    -18.045         0.00000
    -17.895         0.00000
    -17.745         0.00000
    -17.595         0.00000
    -17.445         0.00000
    -17.295         0.00000
    -17.145         0.00000
    -16.995         0.00000
    -16.845         0.00000
    -16.695         0.00000
    -16.545         0.00000
    -16.395         0.00000
    -16.245         0.00000
    -16.095         0.00000
    -15.945         0.00000
    -15.795         0.00000
    -15.645         0.00000
    -15.495         0.00000
    -15.345         0.00000
    -15.195         0.00000
    -15.045         0.00000
    -14.895         0.00000
    -14.745         0.00000
    -14.595         0.00000
    -14.445         0.00000
    -14.295         0.00000
    -14.145         0.00000
    -13.995         0.00000
    -13.845         0.00000
    -13.695         0.00000
    -13.545         0.00000
    -13.395         0.00000
    -13.245         0.00000
    -13.095         0.00000
    -12.945         0.00000
    -12.795         0.00000
    -12.645         0.00000
    -12.495         0.00000
    -12.345         0.00000
    -12.195         0.00000
    -12.045         0.00000
    -11.895         0.00000
    -11.745         0.00000
    -11.595         0.00000
    -11.445         0.00000
    -11.295         0.00000
    -11.145         0.00000
    -10.995         0.00000
    -10.845         0.00000
    -10.695         0.00000
    -10.545         0.00000
    -10.395         0.00000
    -10.245         0.00000
    -10.095         0.00000
    -9.9450         0.00000
    -9.7950         0.00000
    -9.6450         0.00000
    -9.4950        -0.00151
    -9.3450        -0.00151
    -9.1950        -0.00316
    -9.0450        -0.01360
    -8.8950        -0.02210
    -8.7450        -0.03634
    -8.5950        -0.05679
    -8.4450        -0.07775
    -8.2950        -0.11177
    -8.1450        -0.15294
    -7.9950        -0.20881
    -7.8450        -0.27676
    -7.6950        -0.37076
    -7.5450        -0.48153
    -7.3950        -0.64188
    -7.2450        -0.81978
    -7.0950        -1.03514
    -6.9450        -1.31346
    -6.7950        -1.63195
    -6.6450        -2.01759
    -6.4950        -2.43975
    -6.3450        -2.89689
    -6.1950        -3.40029
    -6.0450        -3.91772
    -5.8950        -4.42929
    -5.7450        -4.95019
    -5.5950        -5.44660
    -5.4450        -5.95124
    -5.2950        -6.46134
    -5.1450        -6.95114
    -4.9950        -7.41777
    -4.8450        -7.87399
    -4.6950        -8.27524
    -4.5450        -8.67259
    -4.3950        -9.03779
    -4.2450        -9.40320
    -4.0950        -9.75789
    -3.9450       -10.08874
    -3.7950       -10.41382
    -3.6450       -10.73049
    -3.4950       -11.05285
    -3.3450       -11.37642
    -3.1950       -11.69495
    -3.0450       -12.04027
    -2.8950       -12.40354
    -2.7450       -12.81416
    -2.5950       -13.25632
    -2.4450       -13.76337
    -2.2950       -14.35340
    -2.1450       -15.06195
    -1.9950       -15.87538
    -1.8450       -16.87524
    -1.6950       -18.03719
    -1.5450       -19.37900
    -1.3950       -20.95012
    -1.2450       -22.75096
    -1.0950       -24.74986
   -0.94500       -26.97746
   -0.79500       -29.41097
   -0.64500       -32.03502
   -0.49500       -35.00562
   -0.34500       -38.72831
   -0.22700       -40.24965
   -0.21300       -40.44411
   -0.20700       -40.64480
   -0.20100       -40.84634
   -0.19500       -41.05539
   -0.18900       -41.26814
   -0.18300       -41.48435
   -0.17700       -41.70800
   -0.17100       -41.93400
   -0.16500       -42.16522
   -0.15900       -42.40289
   -0.15300       -42.64886
   -0.14700       -42.90060
   -0.14100       -43.15932
   -0.13500       -43.42646
   -0.12900       -43.69948
   -0.12300       -43.98261
   -0.11700       -44.27545
   -0.11100       -44.57841
   -0.10500       -44.89268
   -0.99000E-01   -45.22190
   -0.93000E-01   -45.56448
   -0.87000E-01   -45.92298
   -0.81000E-01   -46.30207
   -0.75000E-01   -46.70026
   -0.69000E-01   -47.12449
   -0.63000E-01   -47.57754
   -0.57000E-01   -48.06603
   -0.51000E-01   -48.59511
   -0.45000E-01   -49.18072
   -0.39000E-01   -49.83709
   -0.33000E-01   -50.58882
   -0.27000E-01   -51.47146
   -0.21300E-01   -52.18445
   -0.19500E-01   -52.29932
   -0.18900E-01   -52.41683
   -0.18300E-01   -52.53795
   -0.17700E-01   -52.66205
   -0.17100E-01   -52.78896
   -0.16500E-01   -52.92025
   -0.15900E-01   -53.05633
   -0.15300E-01   -53.19755
   -0.14700E-01   -53.34313
   -0.14100E-01   -53.49424
   -0.13500E-01   -53.65098
   -0.12900E-01   -53.81362
   -0.12300E-01   -53.98381
   -0.11700E-01   -54.16150
   -0.11100E-01   -54.34746
   -0.10500E-01   -54.54239
   -0.99000E-02   -54.74831
   -0.93000E-02   -54.96620
   -0.87000E-02   -55.19830
   -0.81000E-02   -55.44575
   -0.75000E-02   -55.71267
   -0.69000E-02   -56.00268
   -0.63000E-02   -56.32245
   -0.57000E-02   -56.67654
   -0.51000E-02   -57.07267
   -0.45000E-02   -57.51740
   -0.39000E-02   -58.02383
   -0.33000E-02   -58.60394
   -0.27000E-02   -59.27652
   -0.21000E-02   -60.07242
   -0.15000E-02   -61.02543
   -0.90000E-03   -62.01185
   -0.30000E-03   -62.55853
    0.30000E-03   -62.22441
    0.90000E-03   -61.23856
    0.15000E-02   -60.28687
    0.21000E-02   -59.49210
    0.27000E-02   -58.82046
    0.33000E-02   -58.24078
    0.39000E-02   -57.73543
    0.45000E-02   -57.29074
    0.51000E-02   -56.89560
    0.57000E-02   -56.54153
    0.63000E-02   -56.22280
    0.69000E-02   -55.93344
    0.75000E-02   -55.66714
    0.81000E-02   -55.41961
    0.87000E-02   -55.18860
    0.93000E-02   -54.97109
    0.99000E-02   -54.76627
    0.10500E-01   -54.57158
    0.11100E-01   -54.38656
    0.11700E-01   -54.21004
    0.12300E-01   -54.04108
    0.12900E-01   -53.87899
    0.13500E-01   -53.72311
    0.14100E-01   -53.57314
    0.14700E-01   -53.42883
    0.15300E-01   -53.28901
    0.15900E-01   -53.15445
    0.16500E-01   -53.02355
    0.17100E-01   -52.89684
    0.17700E-01   -52.77400
    0.18300E-01   -52.65496
    0.18900E-01   -52.53862
    0.19500E-01   -52.42627
    0.21300E-01   -51.72360
    0.27000E-01   -50.85793
    0.33000E-01   -50.13260
    0.39000E-01   -49.50310
    0.45000E-01   -48.94712
    0.51000E-01   -48.44958
    0.57000E-01   -47.99626
    0.63000E-01   -47.58298
    0.69000E-01   -47.20339
    0.75000E-01   -46.84844
    0.81000E-01   -46.51505
    0.87000E-01   -46.20572
    0.93000E-01   -45.91588
    0.99000E-01   -45.63918
    0.10500       -45.37824
    0.11100       -45.13041
    0.11700       -44.89345
    0.12300       -44.66883
    0.12900       -44.45248
    0.13500       -44.24663
    0.14100       -44.04882
    0.14700       -43.86025
    0.15300       -43.67783
    0.15900       -43.50275
    0.16500       -43.33368
    0.17100       -43.17180
    0.17700       -43.01506
    0.18300       -42.86034
    0.18900       -42.71270
    0.19500       -42.56844
    0.20100       -42.42953
    0.20700       -42.29336
    0.21300       -42.16172
    0.22700       -41.19098
    0.34500       -39.16180
    0.49500       -37.88428
    0.64500       -36.97086
    0.79500       -36.25613
    0.94500       -35.65099
     1.0950       -35.11649
     1.2450       -34.64210
     1.3950       -34.21405
     1.5450       -33.83030
     1.6950       -33.48313
     1.8450       -33.16693
     1.9950       -32.88316
     2.1450       -32.63732
     2.2950       -32.41937
     2.4450       -32.22174
     2.5950       -32.04776
     2.7450       -31.89999
     2.8950       -31.74442
     3.0450       -31.61461
     3.1950       -31.49447
     3.3450       -31.38479
     3.4950       -31.27200
     3.6450       -31.17119
     3.7950       -31.08206
     3.9450       -30.99743
     4.0950       -30.91325
     4.2450       -30.83662
     4.3950       -30.76267
     4.5450       -30.69031
     4.6950       -30.62355
     4.8450       -30.55587
     4.9950       -30.49139
     5.1450       -30.42981
     5.2950       -30.36934
     5.4450       -30.31121
     5.5950       -30.25453
     5.7450       -30.19983
     5.8950       -30.14608
     6.0450       -30.09406
     6.1950       -30.04238
     6.3450       -29.99248
     6.4950       -29.94383
     6.6450       -29.89544
     6.7950       -29.84825
     6.9450       -29.80248
     7.0950       -29.75750
     7.2450       -29.71288
     7.3950       -29.66952
     7.5450       -29.62836
     7.6950       -29.58721
     7.8450       -29.54656
     7.9950       -29.50703
     8.1450       -29.46894
     8.2950       -29.43081
     8.4450       -29.39344
     8.5950       -29.35635
     8.7450       -29.31986
     8.8950       -29.28410
     9.0450       -29.24956
     9.1950       -29.21554
     9.3450       -29.18097
     9.4950       -29.14796
     9.6450       -29.11553
     9.7950       -29.08295
     9.9450       -29.05124
     10.095       -29.01979
     10.245       -28.98862
     10.395       -28.95860
     10.545       -28.92878
     10.695       -28.89902
     10.845       -28.87013
     10.995       -28.84128
     11.145       -28.81282
     11.295       -28.78462
     11.445       -28.75741
     11.595       -28.73041
     11.745       -28.70324
     11.895       -28.67652
     12.045       -28.65094
     12.195       -28.62518
     12.345       -28.59958
     12.495       -28.57409
     12.645       -28.54945
     12.795       -28.52466
     12.945       -28.50027
     13.095       -28.47602
     13.245       -28.45242
     13.395       -28.42884
     13.545       -28.40571
     13.695       -28.38282
     13.845       -28.36015
     13.995       -28.33731
     14.145       -28.31486
     14.295       -28.29297
     14.445       -28.27092
     14.595       -28.24920
     14.745       -28.22785
     14.895       -28.20634
     15.045       -28.18567
     15.195       -28.16482
     15.345       -28.14444
     15.495       -28.12446
     15.645       -28.10403
     15.795       -28.08373
     15.945       -28.06410
     16.095       -28.04473
     16.245       -28.02528
     16.395       -28.00576
     16.545       -27.98678
     16.695       -27.96758
     16.845       -27.94931
     16.995       -27.93105
     17.145       -27.91284
     17.295       -27.89468
     17.445       -27.87719
     17.595       -27.85907
     17.745       -27.84118
     17.895       -27.82390
     18.045       -27.80627
     18.195       -27.78870
     18.345       -27.77129
     18.495       -27.75384
     18.645       -27.73698
     18.795       -27.72046
     18.945       -27.70372
     19.095       -27.68719
     19.245       -27.67108
     19.395       -27.65480
     19.545       -27.63846
     19.695       -27.62258
     19.845       -27.60693
     19.995       -27.59126
     20.145       -27.57540
     20.295       -27.55970
     20.445       -27.54443
     20.595       -27.52885
     20.745       -27.51361
     20.895       -27.49897
     21.045       -27.48466
     21.195       -27.46997
     21.345       -27.45560
     21.495       -27.44093
     21.645       -27.42695
     21.795       -27.41251
     21.945       -27.39831
     22.095       -27.38435
     22.245       -27.36996
     22.395       -27.35613
     22.545       -27.34192
     22.695       -27.32785
     22.845       -27.31425
     22.995       -27.30064
     23.145       -27.28706
     23.295       -27.27363
     23.445       -27.26016
     23.595       -27.24663
     23.745       -27.23352
     23.895       -27.22056
     24.045       -27.20805
     24.195       -27.19531
     24.345       -27.18279
     24.495       -27.17015
     24.645       -27.15753
     24.795       -27.14513
     24.945       -27.13290
     25.095       -27.12065
     25.245       -27.10829
     25.395       -27.09618
     25.545       -27.08415
     25.695       -27.07235
     25.845       -27.06086
     25.995       -27.04852
     26.145       -27.03672
     26.295       -27.02486
     26.445       -27.01342
     26.595       -27.00186
     26.745       -26.99017
     26.895       -26.97875
     27.045       -26.96757
     27.195       -26.95581
     27.345       -26.94451
     27.495       -26.93332
     27.645       -26.92203
     27.795       -26.91082
     27.945       -26.89955
     28.095       -26.88851
     28.245       -26.87766
     28.395       -26.86690
     28.545       -26.85584
     28.695       -26.84556
     28.845       -26.83464
     28.995       -26.82420
     29.145       -26.81335
     29.295       -26.80288
     29.445       -26.79267
     29.595       -26.78227
     29.745       -26.77202
     29.895       -26.76164
     30.045       -26.75171
     30.195       -26.74147
     30.345       -26.73158
     30.495       -26.72182
     30.645       -26.71174
     30.795       -26.70147
     30.945       -26.69139
     31.095       -26.68161
     31.245       -26.67199
     31.395       -26.66207
     31.545       -26.65217
     31.695       -26.64253
     31.845       -26.63300
     31.995       -26.62346
     32.145       -26.61370
     32.295       -26.60411
     32.445       -26.59468
     32.595       -26.58537
     32.745       -26.57582
     32.895       -26.56647
     33.045       -26.55684
     33.195       -26.54752
     33.345       -26.53834
     33.495       -26.52913
     33.645       -26.52027
     33.795       -26.51108
     33.945       -26.50205
     34.095       -26.49306
     34.245       -26.48414
     34.395       -26.47520
     34.545       -26.46666
     34.695       -26.45764
     34.845       -26.44883
     34.995       -26.44013
     35.145       -26.43133
     35.295       -26.42280
     35.445       -26.41436
     35.595       -26.40548
     35.745       -26.39670
     35.895       -26.38785
     36.045       -26.37943
     36.195       -26.37110
     36.345       -26.36265
     36.495       -26.35426
     36.645       -26.34568
     36.795       -26.33716
     36.945       -26.32890
     37.095       -26.32061
     37.245       -26.31236
     37.395       -26.30437
     37.545       -26.29595
     37.695       -26.28782
     37.845       -26.27991
     37.995       -26.27191
     38.145       -26.26384
     38.295       -26.25572
     38.445       -26.24773
     38.595       -26.23980
     38.745       -26.23203
     38.895       -26.22413
     39.045       -26.21617
     39.195       -26.20848
     39.345       -26.20069
     39.495       -26.19316
     39.645       -26.18549
     39.795       -26.17764
     39.945       -26.17022
     40.095       -26.16275
     40.245       -26.15528
     40.395       -26.14798
     40.545       -26.14022
     40.695       -26.13270
     40.845       -26.12498
     40.995       -26.11755
     41.145       -26.11023
     41.295       -26.10263
     41.445       -26.09563
     41.595       -26.08832
     41.745       -26.08088
     41.895       -26.07360
     42.045       -26.06629
     42.195       -26.05905
     42.345       -26.05169
     42.495       -26.04461
     42.645       -26.03748
     42.795       -26.03064
     42.945       -26.02382
     43.095       -26.01681
     43.245       -26.00967
     43.395       -26.00275
     43.545       -25.99579
     43.695       -25.98914
     43.845       -25.98217
     43.995       -25.97552
     44.145       -25.96882
     44.295       -25.96224
     44.445       -25.95515
     44.595       -25.94810
     44.745       -25.94128
     44.895       -25.93461
     45.045       -25.92780
     45.195       -25.92106
     45.345       -25.91450
     45.495       -25.90755
     45.645       -25.90085
     45.795       -25.89401
     45.945       -25.88734
     46.095       -25.88078
     46.245       -25.87416
     46.395       -25.86771
     46.545       -25.86094
     46.695       -25.85435
     46.845       -25.84797
     46.995       -25.84141
     47.145       -25.83508
     47.295       -25.82883
     47.445       -25.82251
     47.595       -25.81600
     47.745       -25.80971
     47.895       -25.80330
     48.045       -25.79711
     48.195       -25.79087
     48.345       -25.78487
     48.495       -25.77845
     48.645       -25.77229
     48.795       -25.76605
     48.945       -25.75985
     49.095       -25.75373
     49.245       -25.74768
     49.395       -25.74173
     49.545       -25.73546
     49.695       -25.72949
     49.845       -25.72350
     49.995       -25.71724
     50.145       -25.71121
     50.295       -25.70529
     50.445       -25.69908
     50.595       -25.69282
     50.745       -25.68689
     50.895       -25.68099
     51.045       -25.67503
     51.195       -25.66924
     51.345       -25.66338
     51.495       -25.65725
     51.645       -25.65142
     51.795       -25.64549
     51.945       -25.63948
     52.095       -25.63380
     52.245       -25.62804
     52.395       -25.62212
     52.545       -25.61641
     52.695       -25.61068
     52.845       -25.60508
     52.995       -25.59941
     53.145       -25.59357
     53.295       -25.58778
     53.445       -25.58227
     53.595       -25.57670
     53.745       -25.57139
     53.895       -25.56584
     54.045       -25.56042
     54.195       -25.55481
     54.345       -25.54915
     54.495       -25.54372
     54.645       -25.53841
     54.795       -25.53296
     54.945       -25.52754
     55.095       -25.52200
     59.433       -25.09457
     80.646       -24.46651
     111.21       -23.85323
     153.36       -23.25339
     211.49       -22.66843
     291.64       -22.10376
     402.18       -21.55136
     554.60       -21.01713
     764.80       -20.49943
     1054.7       -19.99808
     1454.4       -19.51107
     2005.6       -19.03911
     2765.8       -18.58077
     3814.0       -18.13612
     5259.5       -17.70535
     7252.9       -17.28629
     10002.       -16.88114
     13793.       -16.48690
     19020.       -16.10350
     26229.       -15.73301
     36170.       -15.37595
     49878.       -15.03189
     68782.       -14.70221
     94851.       -14.38677
    0.13080E+06   -14.08397
    0.18038E+06   -13.79730
    0.24874E+06   -13.52333
    0.34301E+06   -13.26029
    0.47302E+06   -13.01123
    0.65229E+06   -12.77405
    0.89952E+06   -12.54781
    0.12404E+07   -12.33255
    0.17106E+07   -12.12708
    0.23589E+07   -11.93163
    0.32529E+07   -11.74538
    0.44858E+07   -11.56790
    0.61860E+07   -11.39878
    0.85305E+07   -11.23823
    0.11764E+08   -11.08485
    0.16222E+08   -10.93914
    0.22370E+08   -10.80026
    0.30849E+08   -10.66786
    0.42541E+08   -10.54382
    0.58664E+08   -10.42665
    0.80898E+08   -10.31784
    0.11156E+09   -10.21615
    0.15384E+09   -10.12062
    0.21215E+09   -10.03090
    0.29255E+09    -9.94747
    0.40343E+09    -9.86892
    0.55633E+09    -9.79552
    0.76719E+09    -9.72980
    0.10580E+10    -9.66980
    0.14589E+10    -9.61428
    0.20119E+10    -9.56297
    0.27744E+10    -9.51598
    0.38259E+10    -9.47184
    0.52760E+10    -9.43186
    0.72756E+10    -9.39496
    0.10033E+11    -9.36038
    0.13836E+11    -9.32827
    0.19079E+11    -9.29892
    0.26311E+11    -9.27160
    0.36283E+11    -9.24653
    0.50034E+11    -9.22364
    0.68997E+11    -9.20226
    0.10000E+12    -8.94855
