    -159.95         0.00000
    -159.79         0.00000
    -159.65         0.00000
    -159.49         0.00000
    -159.34         0.00000
    -159.20         0.00000
    -159.04         0.00000
    -158.90         0.00000
    -158.74         0.00000
    -158.59         0.00000
    -158.45         0.00000
    -158.29         0.00000
    -158.15         0.00000
    -157.99         0.00000
    -157.84         0.00000
    -157.70         0.00000
    -157.54         0.00000
    -157.40         0.00000
    -157.24         0.00000
    -157.09         0.00000
    -156.95         0.00000
    -156.79         0.00000
    -156.65         0.00000
    -156.49         0.00000
    -156.34         0.00000
    -156.20         0.00000
    -156.04         0.00000
    -155.90         0.00000
    -155.74         0.00000
    -155.59         0.00000
    -155.45         0.00000
    -155.29         0.00000
    -155.15         0.00000
    -154.99         0.00000
    -154.84         0.00000
    -154.70         0.00000
    -154.54         0.00000
    -154.40         0.00000
    -154.24         0.00000
    -154.09         0.00000
    -153.95         0.00000
    -153.79         0.00000
    -153.65         0.00000
    -153.49         0.00000
    -153.34         0.00000
    -153.20         0.00000
    -153.04         0.00000
    -152.90         0.00000
    -152.74         0.00000
    -152.59         0.00000
    -152.45         0.00000
    -152.29         0.00000
    -152.15         0.00000
    -151.99         0.00000
    -151.84         0.00000
    -151.70         0.00000
    -151.54         0.00000
    -151.40         0.00000
    -151.24         0.00000
    -151.09         0.00000
    -150.95         0.00000
    -150.79         0.00000
    -150.65         0.00000
    -150.49         0.00000
    -150.34         0.00000
    -150.20         0.00000
    -150.04         0.00000
    -149.90         0.00000
    -149.74         0.00000
    -149.59         0.00000
    -149.45         0.00000
    -149.29         0.00000
    -149.15         0.00000
    -148.99         0.00000
    -148.84         0.00000
    -148.70         0.00000
    -148.54         0.00000
    -148.40         0.00000
    -148.24         0.00000
    -148.09         0.00000
    -147.95         0.00000
    -147.79         0.00000
    -147.65         0.00000
    -147.49         0.00000
    -147.34         0.00000
    -147.20         0.00000
    -147.04         0.00000
    -146.90         0.00000
    -146.74         0.00000
    -146.59         0.00000
    -146.45         0.00000
    -146.29         0.00000
    -146.15         0.00000
    -145.99         0.00000
    -145.84         0.00000
    -145.70         0.00000
    -145.54         0.00000
    -145.40         0.00000
    -145.24         0.00000
    -145.09         0.00000
    -144.95         0.00000
    -144.79         0.00000
    -144.65         0.00000
    -144.49         0.00000
    -144.34         0.00000
    -144.20         0.00000
    -144.04         0.00000
    -143.90         0.00000
    -143.74         0.00000
    -143.59         0.00000
    -143.45         0.00000
    -143.29         0.00000
    -143.15         0.00000
    -142.99         0.00000
    -142.84         0.00000
    -142.70         0.00000
    -142.54         0.00000
    -142.40         0.00000
    -142.24         0.00000
    -142.09         0.00000
    -141.95         0.00000
    -141.79         0.00000
    -141.65         0.00000
    -141.49         0.00000
    -141.34         0.00000
    -141.20         0.00000
    -141.04         0.00000
    -140.90         0.00000
    -140.74         0.00000
    -140.59         0.00000
    -140.45         0.00000
    -140.29         0.00000
    -140.15         0.00000
    -139.99         0.00000
    -139.84         0.00000
    -139.70         0.00000
    -139.54         0.00000
    -139.40         0.00000
    -139.24         0.00000
    -139.09         0.00000
    -138.95         0.00000
    -138.79         0.00000
    -138.65         0.00000
    -138.49         0.00000
    -138.34         0.00000
    -138.20         0.00000
    -138.04         0.00000
    -137.90         0.00000
    -137.74         0.00000
    -137.59         0.00000
    -137.45         0.00000
    -137.29         0.00000
    -137.15         0.00000
    -136.99         0.00000
    -136.84         0.00000
    -136.70         0.00000
    -136.54         0.00000
    -136.40         0.00000
    -136.24         0.00000
    -136.09         0.00000
    -135.95         0.00000
    -135.79         0.00000
    -135.65         0.00000
    -135.49         0.00000
    -135.34         0.00000
    -135.20         0.00000
    -135.04         0.00000
    -134.90         0.00000
    -134.74         0.00000
    -134.59         0.00000
    -134.45         0.00000
    -134.29         0.00000
    -134.15         0.00000
    -133.99         0.00000
    -133.84         0.00000
    -133.70         0.00000
    -133.54         0.00000
    -133.40         0.00000
    -133.24         0.00000
    -133.09         0.00000
    -132.95         0.00000
    -132.79         0.00000
    -132.65         0.00000
    -132.49         0.00000
    -132.34         0.00000
    -132.20         0.00000
    -132.04         0.00000
    -131.90         0.00000
    -131.74         0.00000
    -131.59         0.00000
    -131.45         0.00000
    -131.29         0.00000
    -131.15         0.00000
    -130.99         0.00000
    -130.84         0.00000
    -130.70         0.00000
    -130.54         0.00000
    -130.40         0.00000
    -130.24         0.00000
    -130.09         0.00000
    -129.95         0.00000
    -129.79         0.00000
    -129.65         0.00000
    -129.49         0.00000
    -129.34         0.00000
    -129.20         0.00000
    -129.04         0.00000
    -128.90         0.00000
    -128.74         0.00000
    -128.59         0.00000
    -128.45         0.00000
    -128.29         0.00000
    -128.15         0.00000
    -127.99         0.00000
    -127.85         0.00000
    -127.69         0.00000
    -127.55         0.00000
    -127.39         0.00000
    -127.25         0.00000
    -127.10         0.00000
    -126.94         0.00000
    -126.80         0.00000
    -126.64         0.00000
    -126.50         0.00000
    -126.35         0.00000
    -126.19         0.00000
    -126.05         0.00000
    -125.89         0.00000
    -125.75         0.00000
    -125.60         0.00000
    -125.44         0.00000
    -125.30         0.00000
    -125.14         0.00000
    -125.00         0.00000
    -124.85         0.00000
    -124.69         0.00000
    -124.55         0.00000
    -124.39         0.00000
    -124.25         0.00000
    -124.10         0.00000
    -123.94         0.00000
    -123.80         0.00000
    -123.64         0.00000
    -123.50         0.00000
    -123.35         0.00000
    -123.19         0.00000
    -123.05         0.00000
    -122.89         0.00000
    -122.75         0.00000
    -122.60         0.00000
    -122.44         0.00000
    -122.30         0.00000
    -122.14         0.00000
    -122.00         0.00000
    -121.85         0.00000
    -121.69         0.00000
    -121.55         0.00000
    -121.39         0.00000
    -121.25         0.00000
    -121.10         0.00000
    -120.94         0.00000
    -120.80         0.00000
    -120.64         0.00000
    -120.50         0.00000
    -120.35         0.00000
    -120.19         0.00000
    -120.05         0.00000
    -119.89         0.00000
    -119.75         0.00000
    -119.60         0.00000
    -119.44         0.00000
    -119.30         0.00000
    -119.14         0.00000
    -119.00         0.00000
    -118.85         0.00000
    -118.69         0.00000
    -118.55         0.00000
    -118.39         0.00000
    -118.25         0.00000
    -118.10         0.00000
    -117.94         0.00000
    -117.80         0.00000
    -117.64         0.00000
    -117.50         0.00000
    -117.35         0.00000
    -117.19         0.00000
    -117.05         0.00000
    -116.89         0.00000
    -116.75         0.00000
    -116.60         0.00000
    -116.44         0.00000
    -116.30         0.00000
    -116.14         0.00000
    -116.00         0.00000
    -115.85         0.00000
    -115.69         0.00000
    -115.55         0.00000
    -115.39         0.00000
    -115.25         0.00000
    -115.10         0.00000
    -114.94         0.00000
    -114.80         0.00000
    -114.64         0.00000
    -114.50         0.00000
    -114.35         0.00000
    -114.19         0.00000
    -114.05         0.00000
    -113.89         0.00000
    -113.75         0.00000
    -113.60         0.00000
    -113.44         0.00000
    -113.30         0.00000
    -113.14         0.00000
    -113.00         0.00000
    -112.85         0.00000
    -112.69         0.00000
    -112.55         0.00000
    -112.39         0.00000
    -112.25         0.00000
    -112.10         0.00000
    -111.94         0.00000
    -111.80         0.00000
    -111.64         0.00000
    -111.50         0.00000
    -111.35         0.00000
    -111.19         0.00000
    -111.05         0.00000
    -110.89         0.00000
    -110.75         0.00000
    -110.60         0.00000
    -110.44         0.00000
    -110.30         0.00000
    -110.14         0.00000
    -110.00         0.00000
    -109.85         0.00000
    -109.69         0.00000
    -109.55         0.00000
    -109.39         0.00000
    -109.25         0.00000
    -109.10         0.00000
    -108.94         0.00000
    -108.80         0.00000
    -108.64         0.00000
    -108.50         0.00000
    -108.35         0.00000
    -108.19         0.00000
    -108.05         0.00000
    -107.89         0.00000
    -107.75         0.00000
    -107.60         0.00000
    -107.44         0.00000
    -107.30         0.00000
    -107.14         0.00000
    -107.00         0.00000
    -106.85         0.00000
    -106.69         0.00000
    -106.55         0.00000
    -106.39         0.00000
    -106.25         0.00000
    -106.10         0.00000
    -105.94         0.00000
    -105.80         0.00000
    -105.64         0.00000
    -105.50         0.00000
    -105.35         0.00000
    -105.19         0.00000
    -105.05         0.00000
    -104.89         0.00000
    -104.75         0.00000
    -104.60         0.00000
    -104.44         0.00000
    -104.30         0.00000
    -104.14         0.00000
    -104.00         0.00000
    -103.85         0.00000
    -103.69         0.00000
    -103.55         0.00000
    -103.39         0.00000
    -103.25         0.00000
    -103.10         0.00000
    -102.94         0.00000
    -102.80         0.00000
    -102.64         0.00000
    -102.50         0.00000
    -102.35         0.00000
    -102.19         0.00000
    -102.05         0.00000
    -101.89         0.00000
    -101.75         0.00000
    -101.60         0.00000
    -101.44         0.00000
    -101.30         0.00000
    -101.14         0.00000
    -101.00         0.00000
    -100.85         0.00000
    -100.69         0.00000
    -100.55         0.00000
    -100.39         0.00000
    -100.25         0.00000
    -100.10         0.00000
    -99.945         0.00000
    -99.795         0.00000
    -99.645         0.00000
    -99.495         0.00000
    -99.345         0.00000
    -99.195         0.00000
    -99.045         0.00000
    -98.895         0.00000
    -98.745         0.00000
    -98.595         0.00000
    -98.445         0.00000
    -98.295         0.00000
    -98.145         0.00000
    -97.995         0.00000
    -97.845         0.00000
    -97.695         0.00000
    -97.545         0.00000
    -97.395         0.00000
    -97.245         0.00000
    -97.095         0.00000
    -96.945         0.00000
    -96.795         0.00000
    -96.645         0.00000
    -96.495         0.00000
    -96.345         0.00000
    -96.195         0.00000
    -96.045         0.00000
    -95.895         0.00000
    -95.745         0.00000
    -95.595         0.00000
    -95.445         0.00000
    -95.295         0.00000
    -95.145         0.00000
    -94.995         0.00000
    -94.845         0.00000
    -94.695         0.00000
    -94.545         0.00000
    -94.395         0.00000
    -94.245         0.00000
    -94.095         0.00000
    -93.945         0.00000
    -93.795         0.00000
    -93.645         0.00000
    -93.495         0.00000
    -93.345         0.00000
    -93.195         0.00000
    -93.045         0.00000
    -92.895         0.00000
    -92.745         0.00000
    -92.595         0.00000
    -92.445         0.00000
    -92.295         0.00000
    -92.145         0.00000
    -91.995         0.00000
    -91.845         0.00000
    -91.695         0.00000
    -91.545         0.00000
    -91.395         0.00000
    -91.245         0.00000
    -91.095         0.00000
    -90.945         0.00000
    -90.795         0.00000
    -90.645         0.00000
    -90.495         0.00000
    -90.345         0.00000
    -90.195         0.00000
    -90.045         0.00000
    -89.895         0.00000
    -89.745         0.00000
    -89.595         0.00000
    -89.445         0.00000
    -89.295         0.00000
    -89.145         0.00000
    -88.995         0.00000
    -88.845         0.00000
    -88.695         0.00000
    -88.545         0.00000
    -88.395         0.00000
    -88.245         0.00000
    -88.095         0.00000
    -87.945         0.00000
    -87.795         0.00000
    -87.645         0.00000
    -87.495         0.00000
    -87.345         0.00000
    -87.195         0.00000
    -87.045         0.00000
    -86.895         0.00000
    -86.745         0.00000
    -86.595         0.00000
    -86.445         0.00000
    -86.295         0.00000
    -86.145         0.00000
    -85.995         0.00000
    -85.845         0.00000
    -85.695         0.00000
    -85.545         0.00000
    -85.395         0.00000
    -85.245         0.00000
    -85.095         0.00000
    -84.945         0.00000
    -84.795         0.00000
    -84.645         0.00000
    -84.495         0.00000
    -84.345         0.00000
    -84.195         0.00000
    -84.045         0.00000
    -83.895         0.00000
    -83.745         0.00000
    -83.595         0.00000
    -83.445         0.00000
    -83.295         0.00000
    -83.145         0.00000
    -82.995         0.00000
    -82.845         0.00000
    -82.695         0.00000
    -82.545         0.00000
    -82.395         0.00000
    -82.245         0.00000
    -82.095         0.00000
    -81.945         0.00000
    -81.795         0.00000
    -81.645         0.00000
    -81.495         0.00000
    -81.345         0.00000
    -81.195         0.00000
    -81.045         0.00000
    -80.895         0.00000
    -80.745         0.00000
    -80.595         0.00000
    -80.445         0.00000
    -80.295         0.00000
    -80.145         0.00000
    -79.995         0.00000
    -79.845         0.00000
    -79.695         0.00000
    -79.545         0.00000
    -79.395         0.00000
    -79.245         0.00000
    -79.095         0.00000
    -78.945         0.00000
    -78.795         0.00000
    -78.645         0.00000
    -78.495         0.00000
    -78.345         0.00000
    -78.195         0.00000
    -78.045         0.00000
    -77.895         0.00000
    -77.745         0.00000
    -77.595         0.00000
    -77.445         0.00000
    -77.295         0.00000
    -77.145         0.00000
    -76.995         0.00000
    -76.845         0.00000
    -76.695         0.00000
    -76.545         0.00000
    -76.395         0.00000
    -76.245         0.00000
    -76.095         0.00000
    -75.945         0.00000
    -75.795         0.00000
    -75.645         0.00000
    -75.495         0.00000
    -75.345         0.00000
    -75.195         0.00000
    -75.045         0.00000
    -74.895         0.00000
    -74.745         0.00000
    -74.595         0.00000
    -74.445         0.00000
    -74.295         0.00000
    -74.145         0.00000
    -73.995         0.00000
    -73.845         0.00000
    -73.695         0.00000
    -73.545         0.00000
    -73.395         0.00000
    -73.245         0.00000
    -73.095         0.00000
    -72.945         0.00000
    -72.795         0.00000
    -72.645         0.00000
    -72.495         0.00000
    -72.345         0.00000
    -72.195         0.00000
    -72.045         0.00000
    -71.895         0.00000
    -71.745         0.00000
    -71.595         0.00000
    -71.445         0.00000
    -71.295         0.00000
    -71.145         0.00000
    -70.995         0.00000
    -70.845         0.00000
    -70.695         0.00000
    -70.545         0.00000
    -70.395         0.00000
    -70.245         0.00000
    -70.095         0.00000
    -69.945         0.00000
    -69.795         0.00000
    -69.645         0.00000
    -69.495         0.00000
    -69.345         0.00000
    -69.195         0.00000
    -69.045         0.00000
    -68.895         0.00000
    -68.745         0.00000
    -68.595         0.00000
    -68.445         0.00000
    -68.295         0.00000
    -68.145         0.00000
    -67.995         0.00000
    -67.845         0.00000
    -67.695         0.00000
    -67.545         0.00000
    -67.395         0.00000
    -67.245         0.00000
    -67.095         0.00000
    -66.945         0.00000
    -66.795         0.00000
    -66.645         0.00000
    -66.495         0.00000
    -66.345         0.00000
    -66.195         0.00000
    -66.045         0.00000
    -65.895         0.00000
    -65.745         0.00000
    -65.595         0.00000
    -65.445         0.00000
    -65.295         0.00000
    -65.145         0.00000
    -64.995         0.00000
    -64.845         0.00000
    -64.695         0.00000
    -64.545         0.00000
    -64.395         0.00000
    -64.245         0.00000
    -64.095         0.00000
    -63.945         0.00000
    -63.795         0.00000
    -63.645         0.00000
    -63.495         0.00000
    -63.345         0.00000
    -63.195         0.00000
    -63.045         0.00000
    -62.895         0.00000
    -62.745         0.00000
    -62.595         0.00000
    -62.445         0.00000
    -62.295         0.00000
    -62.145         0.00000
    -61.995         0.00000
    -61.845         0.00000
    -61.695         0.00000
    -61.545         0.00000
    -61.395         0.00000
    -61.245         0.00000
    -61.095         0.00000
    -60.945         0.00000
    -60.795         0.00000
    -60.645         0.00000
    -60.495         0.00000
    -60.345         0.00000
    -60.195         0.00000
    -60.045         0.00000
    -59.895         0.00000
    -59.745         0.00000
    -59.595         0.00000
    -59.445         0.00000
    -59.295         0.00000
    -59.145         0.00000
    -58.995         0.00000
    -58.845         0.00000
    -58.695         0.00000
    -58.545         0.00000
    -58.395         0.00000
    -58.245         0.00000
    -58.095         0.00000
    -57.945         0.00000
    -57.795         0.00000
    -57.645         0.00000
    -57.495         0.00000
    -57.345         0.00000
    -57.195         0.00000
    -57.045         0.00000
    -56.895         0.00000
    -56.745         0.00000
    -56.595         0.00000
    -56.445         0.00000
    -56.295         0.00000
    -56.145         0.00000
    -55.995         0.00000
    -55.845         0.00000
    -55.695         0.00000
    -55.545         0.00000
    -55.395         0.00000
    -55.245         0.00000
    -55.095         0.00000
    -54.945         0.00000
    -54.795         0.00000
    -54.645         0.00000
    -54.495         0.00000
    -54.345         0.00000
    -54.195         0.00000
    -54.045         0.00000
    -53.895         0.00000
    -53.745         0.00000
    -53.595         0.00000
    -53.445         0.00000
    -53.295         0.00000
    -53.145         0.00000
    -52.995         0.00000
    -52.845         0.00000
    -52.695         0.00000
    -52.545         0.00000
    -52.395         0.00000
    -52.245         0.00000
    -52.095         0.00000
    -51.945         0.00000
    -51.795         0.00000
    -51.645         0.00000
    -51.495         0.00000
    -51.345         0.00000
    -51.195         0.00000
    -51.045         0.00000
    -50.895         0.00000
    -50.745         0.00000
    -50.595         0.00000
    -50.445         0.00000
    -50.295         0.00000
    -50.145         0.00000
    -49.995         0.00000
    -49.845         0.00000
    -49.695         0.00000
    -49.545         0.00000
    -49.395         0.00000
    -49.245         0.00000
    -49.095         0.00000
    -48.945         0.00000
    -48.795         0.00000
    -48.645         0.00000
    -48.495         0.00000
    -48.345         0.00000
    -48.195         0.00000
    -48.045         0.00000
    -47.895         0.00000
    -47.745         0.00000
    -47.595         0.00000
    -47.445         0.00000
    -47.295         0.00000
    -47.145         0.00000
    -46.995         0.00000
    -46.845         0.00000
    -46.695         0.00000
    -46.545         0.00000
    -46.395         0.00000
    -46.245         0.00000
    -46.095         0.00000
    -45.945         0.00000
    -45.795         0.00000
    -45.645         0.00000
    -45.495         0.00000
    -45.345         0.00000
    -45.195         0.00000
    -45.045         0.00000
    -44.895         0.00000
    -44.745         0.00000
    -44.595         0.00000
    -44.445         0.00000
    -44.295         0.00000
    -44.145         0.00000
    -43.995         0.00000
    -43.845         0.00000
    -43.695         0.00000
    -43.545         0.00000
    -43.395         0.00000
    -43.245         0.00000
    -43.095         0.00000
    -42.945         0.00000
    -42.795         0.00000
    -42.645         0.00000
    -42.495         0.00000
    -42.345         0.00000
    -42.195         0.00000
    -42.045         0.00000
    -41.895         0.00000
    -41.745         0.00000
    -41.595         0.00000
    -41.445         0.00000
    -41.295         0.00000
    -41.145         0.00000
    -40.995         0.00000
    -40.845         0.00000
    -40.695         0.00000
    -40.545         0.00000
    -40.395         0.00000
    -40.245         0.00000
    -40.095         0.00000
    -39.945         0.00000
    -39.795         0.00000
    -39.645         0.00000
    -39.495         0.00000
    -39.345         0.00000
    -39.195         0.00000
    -39.045         0.00000
    -38.895         0.00000
    -38.745         0.00000
    -38.595         0.00000
    -38.445         0.00000
    -38.295         0.00000
    -38.145         0.00000
    -37.995         0.00000
    -37.845         0.00000
    -37.695         0.00000
    -37.545         0.00000
    -37.395         0.00000
    -37.245         0.00000
    -37.095         0.00000
    -36.945         0.00000
    -36.795         0.00000
    -36.645         0.00000
    -36.495         0.00000
    -36.345         0.00000
    -36.195         0.00000
    -36.045         0.00000
    -35.895         0.00000
    -35.745         0.00000
    -35.595         0.00000
    -35.445         0.00000
    -35.295         0.00000
    -35.145         0.00000
    -34.995         0.00000
    -34.845         0.00000
    -34.695         0.00000
    -34.545         0.00000
    -34.395         0.00000
    -34.245         0.00000
    -34.095         0.00000
    -33.945         0.00000
    -33.795         0.00000
    -33.645         0.00000
    -33.495         0.00000
    -33.345         0.00000
    -33.195         0.00000
    -33.045         0.00000
    -32.895         0.00000
    -32.745         0.00000
    -32.595         0.00000
    -32.445         0.00000
    -32.295         0.00000
    -32.145         0.00000
    -31.995         0.00000
    -31.845         0.00000
    -31.695         0.00000
    -31.545         0.00000
    -31.395         0.00000
    -31.245         0.00000
    -31.095         0.00000
    -30.945         0.00000
    -30.795         0.00000
    -30.645         0.00000
    -30.495         0.00000
    -30.345         0.00000
    -30.195         0.00000
    -30.045         0.00000
    -29.895         0.00000
    -29.745         0.00000
    -29.595         0.00000
    -29.445         0.00000
    -29.295         0.00000
    -29.145         0.00000
    -28.995         0.00000
    -28.845         0.00000
    -28.695         0.00000
    -28.545         0.00000
    -28.395         0.00000
    -28.245         0.00000
    -28.095         0.00000
    -27.945         0.00000
    -27.795         0.00000
    -27.645         0.00000
    -27.495         0.00000
    -27.345         0.00000
    -27.195         0.00000
    -27.045         0.00000
    -26.895         0.00000
    -26.745         0.00000
    -26.595         0.00000
    -26.445         0.00000
    -26.295         0.00000
    -26.145         0.00000
    -25.995         0.00000
    -25.845         0.00000
    -25.695         0.00000
    -25.545         0.00000
    -25.395         0.00000
    -25.245         0.00000
    -25.095         0.00000
    -24.945         0.00000
    -24.795         0.00000
    -24.645         0.00000
    -24.495         0.00000
    -24.345         0.00000
    -24.195         0.00000
    -24.045         0.00000
    -23.895         0.00000
    -23.745         0.00000
    -23.595         0.00000
    -23.445         0.00000
    -23.295         0.00000
    -23.145         0.00000
    -22.995         0.00000
    -22.845         0.00000
    -22.695         0.00000
    -22.545         0.00000
    -22.395         0.00000
    -22.245         0.00000
    -22.095         0.00000
    -21.945         0.00000
    -21.795         0.00000
    -21.645         0.00000
    -21.495         0.00000
    -21.345         0.00000
    -21.195         0.00000
    -21.045         0.00000
    -20.895         0.00000
    -20.745         0.00000
    -20.595         0.00000
    -20.445         0.00000
    -20.295         0.00000
    -20.145         0.00000
    -19.995         0.00000
    -19.845         0.00000
    -19.695         0.00000
    -19.545         0.00000
    -19.395         0.00000
    -19.245         0.00000
    -19.095         0.00000
    -18.945         0.00000
    -18.795         0.00000
    -18.645         0.00000
    -18.495         0.00000
    -18.345         0.00000
    -18.195         0.00000
    -18.045         0.00000
    -17.895         0.00000
    -17.745         0.00000
    -17.595         0.00000
    -17.445         0.00000
    -17.295         0.00000
    -17.145         0.00000
    -16.995        -0.00243
    -16.845        -0.03512
    -16.695        -0.09529
    -16.545        -0.24125
    -16.395        -0.44245
    -16.245        -0.69590
    -16.095        -1.04696
    -15.945        -1.36895
    -15.795        -1.74771
    -15.645        -2.08194
    -15.495        -2.41989
    -15.345        -2.76273
    -15.195        -3.09975
    -15.045        -3.40525
    -14.895        -3.68738
    -14.745        -3.93387
    -14.595        -4.18700
    -14.445        -4.44596
    -14.295        -4.68776
    -14.145        -4.94593
    -13.995        -5.19269
    -13.845        -5.49848
    -13.695        -5.86295
    -13.545        -6.25305
    -13.395        -6.70643
    -13.245        -7.18134
    -13.095        -7.77316
    -12.945        -8.47762
    -12.795        -9.20271
    -12.645       -10.07927
    -12.495       -11.00463
    -12.345       -12.14740
    -12.195       -13.27898
    -12.045       -14.49704
    -11.895       -15.80785
    -11.745       -17.10871
    -11.595       -18.50482
    -11.445       -19.92921
    -11.295       -21.32145
    -11.145       -22.70294
    -10.995       -24.14975
    -10.845       -25.55691
    -10.695       -27.01023
    -10.545       -28.43479
    -10.395       -29.91126
    -10.245       -31.45442
    -10.095       -32.98742
    -9.9450       -34.52443
    -9.7950       -36.16634
    -9.6450       -37.83230
    -9.4950       -39.50409
    -9.3450       -41.13471
    -9.1950       -42.84583
    -9.0450       -44.57962
    -8.8950       -46.32961
    -8.7450       -48.12543
    -8.5950       -49.96572
    -8.4450       -51.80058
    -8.2950       -53.69882
    -8.1450       -55.58486
    -7.9950       -57.49355
    -7.8450       -59.51272
    -7.6950       -61.56285
    -7.5450       -63.71518
    -7.3950       -65.95424
    -7.2450       -68.22441
    -7.0950       -70.58857
    -6.9450       -72.99057
    -6.7950       -75.51703
    -6.6450       -78.09734
    -6.4950       -80.67648
    -6.3450       -83.32056
    -6.1950       -85.87309
    -6.0450       -88.47206
    -5.8950       -91.10220
    -5.7450       -93.69547
    -5.5950       -96.27470
    -5.4450       -98.94727
    -5.2950      -101.63089
    -5.1450      -104.29044
    -4.9950      -106.87563
    -4.8450      -109.49735
    -4.6950      -112.09298
    -4.5450      -114.74276
    -4.3950      -117.36434
    -4.2450      -120.01492
    -4.0950      -122.71729
    -3.9450      -125.48673
    -3.7950      -128.32477
    -3.6450      -131.25911
    -3.4950      -134.27428
    -3.3450      -137.42437
    -3.1950      -140.77148
    -3.0450      -144.23640
    -2.8950      -147.87608
    -2.7450      -151.77347
    -2.5950      -155.89134
    -2.4450      -160.25874
    -2.2950      -165.09674
    -2.1450      -170.44069
    -1.9950      -176.30429
    -1.8450      -182.85746
    -1.6950      -190.33111
    -1.5450      -198.76067
    -1.3950      -208.13004
    -1.2450      -218.40332
    -1.0950      -229.42566
   -0.94500      -241.05017
   -0.79500      -253.12919
   -0.64500      -265.87340
   -0.49500      -279.86709
   -0.34500      -296.88943
   -0.22700      -303.69636
   -0.21300      -304.56378
   -0.20700      -305.44163
   -0.20100      -306.34035
   -0.19500      -307.24980
   -0.18900      -308.18046
   -0.18300      -309.12866
   -0.17700      -310.09857
   -0.17100      -311.08309
   -0.16500      -312.08864
   -0.15900      -313.12197
   -0.15300      -314.17874
   -0.14700      -315.26814
   -0.14100      -316.37999
   -0.13500      -317.52616
   -0.12900      -318.70689
   -0.12300      -319.91803
   -0.11700      -321.17074
   -0.11100      -322.47590
   -0.10500      -323.82985
   -0.99000E-01  -325.24665
   -0.93000E-01  -326.72357
   -0.87000E-01  -328.28486
   -0.81000E-01  -329.91898
   -0.75000E-01  -331.65922
   -0.69000E-01  -333.51348
   -0.63000E-01  -335.50160
   -0.57000E-01  -337.65867
   -0.51000E-01  -340.02281
   -0.45000E-01  -342.64797
   -0.39000E-01  -345.63752
   -0.33000E-01  -349.16154
   -0.27000E-01  -353.41342
   -0.21300E-01  -356.84971
   -0.19500E-01  -357.39858
   -0.18900E-01  -357.96152
   -0.18300E-01  -358.53586
   -0.17700E-01  -359.12621
   -0.17100E-01  -359.72930
   -0.16500E-01  -360.35012
   -0.15900E-01  -360.98764
   -0.15300E-01  -361.64329
   -0.14700E-01  -362.31815
   -0.14100E-01  -363.01158
   -0.13500E-01  -363.72656
   -0.12900E-01  -364.46470
   -0.12300E-01  -365.22886
   -0.11700E-01  -366.01772
   -0.11100E-01  -366.83311
   -0.10500E-01  -367.67740
   -0.99000E-02  -368.55055
   -0.93000E-02  -369.45338
   -0.87000E-02  -370.38852
   -0.81000E-02  -371.35661
   -0.75000E-02  -372.35256
   -0.69000E-02  -373.36640
   -0.63000E-02  -374.38899
   -0.57000E-02  -375.41616
   -0.51000E-02  -376.42028
   -0.45000E-02  -377.37071
   -0.39000E-02  -378.24124
   -0.33000E-02  -379.01468
   -0.27000E-02  -379.68111
   -0.21000E-02  -380.23188
   -0.15000E-02  -380.65922
   -0.90000E-03  -380.95406
   -0.30000E-03  -381.10734
    0.30000E-03  -381.10725
    0.90000E-03  -380.95011
    0.15000E-02  -380.62798
    0.21000E-02  -380.14659
    0.27000E-02  -379.51730
    0.33000E-02  -378.75632
    0.39000E-02  -377.88785
    0.45000E-02  -376.93880
    0.51000E-02  -375.93655
    0.57000E-02  -374.91193
    0.63000E-02  -373.89025
    0.69000E-02  -372.87925
    0.75000E-02  -371.88703
    0.81000E-02  -370.92192
    0.87000E-02  -369.98999
    0.93000E-02  -369.09093
    0.99000E-02  -368.22203
    0.10500E-01  -367.38161
    0.11100E-01  -366.56940
    0.11700E-01  -365.78363
    0.12300E-01  -365.02529
    0.12900E-01  -364.29074
    0.13500E-01  -363.58091
    0.14100E-01  -362.89123
    0.14700E-01  -362.22260
    0.15300E-01  -361.57096
    0.15900E-01  -360.93743
    0.16500E-01  -360.32108
    0.17100E-01  -359.72098
    0.17700E-01  -359.13597
    0.18300E-01  -358.56487
    0.18900E-01  -358.00920
    0.19500E-01  -357.46495
    0.21300E-01  -354.05864
    0.27000E-01  -349.85909
    0.33000E-01  -346.39055
    0.39000E-01  -343.46795
    0.45000E-01  -340.92062
    0.51000E-01  -338.65553
    0.57000E-01  -336.61531
    0.63000E-01  -334.74952
    0.69000E-01  -333.03947
    0.75000E-01  -331.45789
    0.81000E-01  -329.98633
    0.87000E-01  -328.60926
    0.93000E-01  -327.31645
    0.99000E-01  -326.09725
    0.10500      -324.94685
    0.11100      -323.85505
    0.11700      -322.81190
    0.12300      -321.82367
    0.12900      -320.87155
    0.13500      -319.96382
    0.14100      -319.09763
    0.14700      -318.26629
    0.15300      -317.46183
    0.15900      -316.68756
    0.16500      -315.94175
    0.17100      -315.22298
    0.17700      -314.53039
    0.18300      -313.85959
    0.18900      -313.20848
    0.19500      -312.57661
    0.20100      -311.97062
    0.20700      -311.37898
    0.21300      -310.80207
    0.22700      -306.53980
    0.34500      -297.71701
    0.49500      -292.24850
    0.64500      -288.21491
    0.79500      -284.92060
    0.94500      -282.07684
     1.0950      -279.55748
     1.2450      -277.27140
     1.3950      -275.13720
     1.5450      -273.15961
     1.6950      -271.29691
     1.8450      -269.57636
     1.9950      -267.96780
     2.1450      -266.48314
     2.2950      -265.09614
     2.4450      -263.82909
     2.5950      -262.64532
     2.7450      -261.55339
     2.8950      -260.51939
     3.0450      -259.59518
     3.1950      -258.77936
     3.3450      -257.99942
     3.4950      -257.30011
     3.6450      -256.64858
     3.7950      -256.02341
     3.9450      -255.39891
     4.0950      -254.85067
     4.2450      -254.35529
     4.3950      -253.85314
     4.5450      -253.39226
     4.6950      -252.97534
     4.8450      -252.53523
     4.9950      -252.13101
     5.1450      -251.75069
     5.2950      -251.38803
     5.4450      -251.01628
     5.5950      -250.65402
     5.7450      -250.30523
     5.8950      -249.97702
     6.0450      -249.63801
     6.1950      -249.32546
     6.3450      -249.02035
     6.4950      -248.71814
     6.6450      -248.43591
     6.7950      -248.15161
     6.9450      -247.87975
     7.0950      -247.60328
     7.2450      -247.32424
     7.3950      -247.06060
     7.5450      -246.80169
     7.6950      -246.54348
     7.8450      -246.28664
     7.9950      -246.04236
     8.1450      -245.78515
     8.2950      -245.54407
     8.4450      -245.30781
     8.5950      -245.08821
     8.7450      -244.84860
     8.8950      -244.62937
     9.0450      -244.40373
     9.1950      -244.18433
     9.3450      -243.97296
     9.4950      -243.76264
     9.6450      -243.55006
     9.7950      -243.32682
     9.9450      -243.12880
     10.095      -242.93843
     10.245      -242.74525
     10.395      -242.55190
     10.545      -242.36972
     10.695      -242.18911
     10.845      -242.00279
     10.995      -241.81814
     11.145      -241.63266
     11.295      -241.44611
     11.445      -241.27103
     11.595      -241.09147
     11.745      -240.91898
     11.895      -240.74384
     12.045      -240.56828
     12.195      -240.39894
     12.345      -240.23845
     12.495      -240.08508
     12.645      -239.93118
     12.795      -239.76867
     12.945      -239.61196
     13.095      -239.46014
     13.245      -239.31435
     13.395      -239.16004
     13.545      -239.01032
     13.695      -238.86929
     13.845      -238.71357
     13.995      -238.57576
     14.145      -238.43243
     14.295      -238.29342
     14.445      -238.15425
     14.595      -238.01288
     14.745      -237.86879
     14.895      -237.72711
     15.045      -237.59322
     15.195      -237.46096
     15.345      -237.33237
     15.495      -237.19161
     15.645      -237.05854
     15.795      -236.92710
     15.945      -236.80030
     16.095      -236.67251
     16.245      -236.54857
     16.395      -236.42983
     16.545      -236.29946
     16.695      -236.18494
     16.845      -236.06776
     16.995      -235.94533
     17.145      -235.82580
     17.295      -235.70483
     17.445      -235.59009
     17.595      -235.47562
     17.745      -235.36040
     17.895      -235.24898
     18.045      -235.13604
     18.195      -235.02810
     18.345      -234.92166
     18.495      -234.81549
     18.645      -234.71046
     18.795      -234.59629
     18.945      -234.48841
     19.095      -234.37922
     19.245      -234.26534
     19.395      -234.15639
     19.545      -234.04822
     19.695      -233.95268
     19.845      -233.84834
     19.995      -233.74850
     20.145      -233.65076
     20.295      -233.55051
     20.445      -233.45096
     20.595      -233.35574
     20.745      -233.25829
     20.895      -233.16165
     21.045      -233.05898
     21.195      -232.95992
     21.345      -232.86734
     21.495      -232.77683
     21.645      -232.68736
     21.795      -232.59410
     21.945      -232.49468
     22.095      -232.40439
     22.245      -232.31141
     22.395      -232.22169
     22.545      -232.13699
     22.695      -232.05013
     22.845      -231.96275
     22.995      -231.87229
     23.145      -231.78352
     23.295      -231.69662
     23.445      -231.60959
     23.595      -231.52580
     23.745      -231.43834
     23.895      -231.35378
     24.045      -231.27200
     24.195      -231.18317
     24.345      -231.10276
     24.495      -231.01956
     24.645      -230.93317
     24.795      -230.84724
     24.945      -230.76571
     25.095      -230.68110
     25.245      -230.60114
     25.395      -230.52539
     25.545      -230.44886
     25.695      -230.37159
     25.845      -230.29130
     25.995      -230.21287
     26.145      -230.13567
     26.295      -230.05419
     26.445      -229.97898
     26.595      -229.90279
     26.745      -229.82450
     26.895      -229.74592
     27.045      -229.67381
     27.195      -229.60208
     27.345      -229.52809
     27.495      -229.44934
     27.645      -229.37432
     27.795      -229.29628
     27.945      -229.22379
     28.095      -229.15077
     28.245      -229.07740
     28.395      -229.00420
     28.545      -228.93617
     28.695      -228.86259
     28.845      -228.79469
     28.995      -228.71706
     29.145      -228.65279
     29.295      -228.58499
     29.445      -228.51661
     29.595      -228.45015
     29.745      -228.38348
     29.895      -228.31624
     30.045      -228.25225
     30.195      -228.17998
     30.345      -228.11081
     30.495      -228.04497
     30.645      -227.97595
     30.795      -227.90374
     30.945      -227.83470
     31.095      -227.76612
     31.245      -227.69857
     31.395      -227.63071
     31.545      -227.56860
     31.695      -227.49756
     31.845      -227.43029
     31.995      -227.36565
     32.145      -227.30119
     32.295      -227.23913
     32.445      -227.18099
     32.595      -227.11158
     32.745      -227.05021
     32.895      -226.98700
     33.045      -226.92722
     33.195      -226.87111
     33.345      -226.80725
     33.495      -226.74820
     33.645      -226.68907
     33.795      -226.62917
     33.945      -226.57036
     34.095      -226.50748
     34.245      -226.44374
     34.395      -226.38488
     34.545      -226.32517
     34.695      -226.26549
     34.845      -226.20622
     34.995      -226.14212
     35.145      -226.08265
     35.295      -226.02347
     35.445      -225.96221
     35.595      -225.90983
     35.745      -225.85169
     35.895      -225.79742
     36.045      -225.74020
     36.195      -225.68167
     36.345      -225.62572
     36.495      -225.56816
     36.645      -225.50969
     36.795      -225.45345
     36.945      -225.39628
     37.095      -225.33584
     37.245      -225.27720
     37.395      -225.22159
     37.545      -225.16677
     37.695      -225.11404
     37.845      -225.06326
     37.995      -225.00952
     38.145      -224.95532
     38.295      -224.90282
     38.445      -224.84843
     38.595      -224.79499
     38.745      -224.74004
     38.895      -224.69016
     39.045      -224.63394
     39.195      -224.58048
     39.345      -224.52939
     39.495      -224.47653
     39.645      -224.42483
     39.795      -224.37278
     39.945      -224.31924
     40.095      -224.26910
     40.245      -224.22061
     40.395      -224.16959
     40.545      -224.12186
     40.695      -224.06958
     40.845      -224.02059
     40.995      -223.97059
     41.145      -223.92151
     41.295      -223.87367
     41.445      -223.82479
     41.595      -223.77532
     41.745      -223.72649
     41.895      -223.67652
     42.045      -223.62996
     42.195      -223.58000
     42.345      -223.53214
     42.495      -223.48105
     42.645      -223.43255
     42.795      -223.38401
     42.945      -223.33191
     43.095      -223.28122
     43.245      -223.23358
     43.395      -223.18574
     43.545      -223.13820
     43.695      -223.09081
     43.845      -223.04435
     43.995      -222.99901
     44.145      -222.95093
     44.295      -222.90389
     44.445      -222.85824
     44.595      -222.81468
     44.745      -222.77015
     44.895      -222.72729
     45.045      -222.68225
     45.195      -222.63640
     45.345      -222.58987
     45.495      -222.54365
     45.645      -222.49912
     45.795      -222.45524
     45.945      -222.41085
     46.095      -222.36633
     46.245      -222.31917
     46.395      -222.27711
     46.545      -222.22787
     46.695      -222.18596
     46.845      -222.14208
     46.995      -222.09966
     47.145      -222.05648
     47.295      -222.01209
     47.445      -221.96985
     47.595      -221.92640
     47.745      -221.88047
     47.895      -221.83695
     48.045      -221.79555
     48.195      -221.75303
     48.345      -221.70956
     48.495      -221.66628
     48.645      -221.62448
     48.795      -221.57532
     48.945      -221.53500
     49.095      -221.49130
     49.245      -221.45054
     49.395      -221.40903
     49.545      -221.36591
     49.695      -221.32502
     49.845      -221.28391
     49.995      -221.24435
     50.145      -221.20502
     50.295      -221.16411
     50.445      -221.12222
     50.595      -221.08176
     50.745      -221.04038
     50.895      -220.99919
     51.045      -220.95892
     51.195      -220.91937
     51.345      -220.87530
     51.495      -220.83561
     51.645      -220.79771
     51.795      -220.76007
     51.945      -220.72340
     52.095      -220.68190
     52.245      -220.64259
     52.395      -220.60311
     52.545      -220.56452
     52.695      -220.52562
     52.845      -220.48568
     52.995      -220.44824
     53.145      -220.41094
     53.295      -220.37330
     53.445      -220.33418
     53.595      -220.29726
     53.745      -220.25986
     53.895      -220.22158
     54.045      -220.18448
     54.195      -220.14317
     54.345      -220.10564
     54.495      -220.06878
     54.645      -220.02998
     54.795      -219.99157
     54.945      -219.94927
     55.095      -219.91315
     59.433      -216.92546
     80.646      -212.49059
     111.21      -208.11948
     153.36      -203.75275
     211.49      -199.45194
     291.64      -195.17625
     402.18      -190.91304
     554.60      -186.73899
     764.80      -182.67085
     1054.7      -178.66054
     1454.4      -174.69283
     2005.6      -170.79401
     2765.8      -166.98236
     3814.0      -163.23556
     5259.5      -159.54495
     7252.9      -155.94578
     10002.      -152.42475
     13793.      -148.99837
     19020.      -145.70127
     26229.      -142.49682
     36170.      -139.42963
     49878.      -136.47312
     68782.      -133.64190
     94851.      -130.93379
    0.13080E+06  -128.33549
    0.18038E+06  -125.85297
    0.24874E+06  -123.47589
    0.34301E+06  -121.21112
    0.47302E+06  -119.04150
    0.65229E+06  -116.97908
    0.89952E+06  -115.00881
    0.12404E+07  -113.12003
    0.17106E+07  -111.33155
    0.23589E+07  -109.62083
    0.32529E+07  -107.98435
    0.44858E+07  -106.42965
    0.61860E+07  -104.94826
    0.85305E+07  -103.54626
    0.11764E+08  -102.21718
    0.16222E+08  -100.93953
    0.22370E+08   -99.72278
    0.30849E+08   -98.57787
    0.42541E+08   -97.49010
    0.58664E+08   -96.47621
    0.80898E+08   -95.52801
    0.11156E+09   -94.64742
    0.15384E+09   -93.82453
    0.21215E+09   -93.05358
    0.29255E+09   -92.32654
    0.40343E+09   -91.64253
    0.55633E+09   -91.01186
    0.76719E+09   -90.44591
    0.10580E+10   -89.92020
    0.14589E+10   -89.44035
    0.20119E+10   -89.00144
    0.27744E+10   -88.59569
    0.38259E+10   -88.22018
    0.52760E+10   -87.87363
    0.72756E+10   -87.55734
    0.10033E+11   -87.26125
    0.13836E+11   -86.98831
    0.19079E+11   -86.73735
    0.26311E+11   -86.50575
    0.36283E+11   -86.28642
    0.50034E+11   -86.08967
    0.68997E+11   -85.90796
    0.10000E+12   -83.71854
