    -159.95         0.00000
    -159.79         0.00000
    -159.65         0.00000
    -159.49         0.00000
    -159.34         0.00000
    -159.20         0.00000
    -159.04         0.00000
    -158.90         0.00000
    -158.74         0.00000
    -158.59         0.00000
    -158.45         0.00000
    -158.29         0.00000
    -158.15         0.00000
    -157.99         0.00000
    -157.84         0.00000
    -157.70         0.00000
    -157.54         0.00000
    -157.40         0.00000
    -157.24         0.00000
    -157.09         0.00000
    -156.95         0.00000
    -156.79         0.00000
    -156.65         0.00000
    -156.49         0.00000
    -156.34         0.00000
    -156.20         0.00000
    -156.04         0.00000
    -155.90         0.00000
    -155.74         0.00000
    -155.59         0.00000
    -155.45         0.00000
    -155.29         0.00000
    -155.15         0.00000
    -154.99         0.00000
    -154.84         0.00000
    -154.70         0.00000
    -154.54         0.00000
    -154.40         0.00000
    -154.24         0.00000
    -154.09         0.00000
    -153.95         0.00000
    -153.79         0.00000
    -153.65         0.00000
    -153.49         0.00000
    -153.34         0.00000
    -153.20         0.00000
    -153.04         0.00000
    -152.90         0.00000
    -152.74         0.00000
    -152.59         0.00000
    -152.45         0.00000
    -152.29         0.00000
    -152.15         0.00000
    -151.99         0.00000
    -151.84         0.00000
    -151.70         0.00000
    -151.54         0.00000
    -151.40         0.00000
    -151.24         0.00000
    -151.09         0.00000
    -150.95         0.00000
    -150.79         0.00000
    -150.65         0.00000
    -150.49         0.00000
    -150.34         0.00000
    -150.20         0.00000
    -150.04         0.00000
    -149.90         0.00000
    -149.74         0.00000
    -149.59         0.00000
    -149.45         0.00000
    -149.29         0.00000
    -149.15         0.00000
    -148.99         0.00000
    -148.84         0.00000
    -148.70         0.00000
    -148.54         0.00000
    -148.40         0.00000
    -148.24         0.00000
    -148.09         0.00000
    -147.95         0.00000
    -147.79         0.00000
    -147.65         0.00000
    -147.49         0.00000
    -147.34         0.00000
    -147.20         0.00000
    -147.04         0.00000
    -146.90         0.00000
    -146.74         0.00000
    -146.59         0.00000
    -146.45         0.00000
    -146.29         0.00000
    -146.15         0.00000
    -145.99         0.00000
    -145.84         0.00000
    -145.70         0.00000
    -145.54         0.00000
    -145.40         0.00000
    -145.24         0.00000
    -145.09         0.00000
    -144.95         0.00000
    -144.79         0.00000
    -144.65         0.00000
    -144.49         0.00000
    -144.34         0.00000
    -144.20         0.00000
    -144.04         0.00000
    -143.90         0.00000
    -143.74         0.00000
    -143.59         0.00000
    -143.45         0.00000
    -143.29         0.00000
    -143.15         0.00000
    -142.99         0.00000
    -142.84         0.00000
    -142.70         0.00000
    -142.54         0.00000
    -142.40         0.00000
    -142.24         0.00000
    -142.09         0.00000
    -141.95         0.00000
    -141.79         0.00000
    -141.65         0.00000
    -141.49         0.00000
    -141.34         0.00000
    -141.20         0.00000
    -141.04         0.00000
    -140.90         0.00000
    -140.74         0.00000
    -140.59         0.00000
    -140.45         0.00000
    -140.29         0.00000
    -140.15         0.00000
    -139.99         0.00000
    -139.84         0.00000
    -139.70         0.00000
    -139.54         0.00000
    -139.40         0.00000
    -139.24         0.00000
    -139.09         0.00000
    -138.95         0.00000
    -138.79         0.00000
    -138.65         0.00000
    -138.49         0.00000
    -138.34         0.00000
    -138.20         0.00000
    -138.04         0.00000
    -137.90         0.00000
    -137.74         0.00000
    -137.59         0.00000
    -137.45         0.00000
    -137.29         0.00000
    -137.15         0.00000
    -136.99         0.00000
    -136.84         0.00000
    -136.70         0.00000
    -136.54         0.00000
    -136.40         0.00000
    -136.24         0.00000
    -136.09         0.00000
    -135.95         0.00000
    -135.79         0.00000
    -135.65         0.00000
    -135.49         0.00000
    -135.34         0.00000
    -135.20         0.00000
    -135.04         0.00000
    -134.90         0.00000
    -134.74         0.00000
    -134.59         0.00000
    -134.45         0.00000
    -134.29         0.00000
    -134.15         0.00000
    -133.99         0.00000
    -133.84         0.00000
    -133.70         0.00000
    -133.54         0.00000
    -133.40         0.00000
    -133.24         0.00000
    -133.09         0.00000
    -132.95         0.00000
    -132.79         0.00000
    -132.65         0.00000
    -132.49         0.00000
    -132.34         0.00000
    -132.20         0.00000
    -132.04         0.00000
    -131.90         0.00000
    -131.74         0.00000
    -131.59         0.00000
    -131.45         0.00000
    -131.29         0.00000
    -131.15         0.00000
    -130.99         0.00000
    -130.84         0.00000
    -130.70         0.00000
    -130.54         0.00000
    -130.40         0.00000
    -130.24         0.00000
    -130.09         0.00000
    -129.95         0.00000
    -129.79         0.00000
    -129.65         0.00000
    -129.49         0.00000
    -129.34         0.00000
    -129.20         0.00000
    -129.04         0.00000
    -128.90         0.00000
    -128.74         0.00000
    -128.59         0.00000
    -128.45         0.00000
    -128.29         0.00000
    -128.15         0.00000
    -127.99         0.00000
    -127.85         0.00000
    -127.69         0.00000
    -127.55         0.00000
    -127.39         0.00000
    -127.25         0.00000
    -127.10         0.00000
    -126.94         0.00000
    -126.80         0.00000
    -126.64         0.00000
    -126.50         0.00000
    -126.35         0.00000
    -126.19         0.00000
    -126.05         0.00000
    -125.89         0.00000
    -125.75         0.00000
    -125.60         0.00000
    -125.44         0.00000
    -125.30         0.00000
    -125.14         0.00000
    -125.00         0.00000
    -124.85         0.00000
    -124.69         0.00000
    -124.55         0.00000
    -124.39         0.00000
    -124.25         0.00000
    -124.10         0.00000
    -123.94         0.00000
    -123.80         0.00000
    -123.64         0.00000
    -123.50         0.00000
    -123.35         0.00000
    -123.19         0.00000
    -123.05         0.00000
    -122.89         0.00000
    -122.75         0.00000
    -122.60         0.00000
    -122.44         0.00000
    -122.30         0.00000
    -122.14         0.00000
    -122.00         0.00000
    -121.85         0.00000
    -121.69         0.00000
    -121.55         0.00000
    -121.39         0.00000
    -121.25         0.00000
    -121.10         0.00000
    -120.94         0.00000
    -120.80         0.00000
    -120.64         0.00000
    -120.50         0.00000
    -120.35         0.00000
    -120.19         0.00000
    -120.05         0.00000
    -119.89         0.00000
    -119.75         0.00000
    -119.60         0.00000
    -119.44         0.00000
    -119.30         0.00000
    -119.14         0.00000
    -119.00         0.00000
    -118.85         0.00000
    -118.69         0.00000
    -118.55         0.00000
    -118.39         0.00000
    -118.25         0.00000
    -118.10         0.00000
    -117.94         0.00000
    -117.80         0.00000
    -117.64         0.00000
    -117.50         0.00000
    -117.35         0.00000
    -117.19         0.00000
    -117.05         0.00000
    -116.89         0.00000
    -116.75         0.00000
    -116.60         0.00000
    -116.44         0.00000
    -116.30         0.00000
    -116.14         0.00000
    -116.00         0.00000
    -115.85         0.00000
    -115.69         0.00000
    -115.55         0.00000
    -115.39         0.00000
    -115.25         0.00000
    -115.10         0.00000
    -114.94         0.00000
    -114.80         0.00000
    -114.64         0.00000
    -114.50         0.00000
    -114.35         0.00000
    -114.19         0.00000
    -114.05         0.00000
    -113.89         0.00000
    -113.75         0.00000
    -113.60         0.00000
    -113.44         0.00000
    -113.30         0.00000
    -113.14         0.00000
    -113.00         0.00000
    -112.85         0.00000
    -112.69         0.00000
    -112.55         0.00000
    -112.39         0.00000
    -112.25         0.00000
    -112.10         0.00000
    -111.94         0.00000
    -111.80         0.00000
    -111.64         0.00000
    -111.50         0.00000
    -111.35         0.00000
    -111.19         0.00000
    -111.05         0.00000
    -110.89         0.00000
    -110.75         0.00000
    -110.60         0.00000
    -110.44         0.00000
    -110.30         0.00000
    -110.14         0.00000
    -110.00         0.00000
    -109.85         0.00000
    -109.69         0.00000
    -109.55         0.00000
    -109.39         0.00000
    -109.25         0.00000
    -109.10         0.00000
    -108.94         0.00000
    -108.80         0.00000
    -108.64         0.00000
    -108.50         0.00000
    -108.35         0.00000
    -108.19         0.00000
    -108.05         0.00000
    -107.89         0.00000
    -107.75         0.00000
    -107.60         0.00000
    -107.44         0.00000
    -107.30         0.00000
    -107.14         0.00000
    -107.00         0.00000
    -106.85         0.00000
    -106.69         0.00000
    -106.55         0.00000
    -106.39         0.00000
    -106.25         0.00000
    -106.10         0.00000
    -105.94         0.00000
    -105.80         0.00000
    -105.64         0.00000
    -105.50         0.00000
    -105.35         0.00000
    -105.19         0.00000
    -105.05         0.00000
    -104.89         0.00000
    -104.75         0.00000
    -104.60         0.00000
    -104.44         0.00000
    -104.30         0.00000
    -104.14         0.00000
    -104.00         0.00000
    -103.85         0.00000
    -103.69         0.00000
    -103.55         0.00000
    -103.39         0.00000
    -103.25         0.00000
    -103.10         0.00000
    -102.94         0.00000
    -102.80         0.00000
    -102.64         0.00000
    -102.50         0.00000
    -102.35         0.00000
    -102.19         0.00000
    -102.05         0.00000
    -101.89         0.00000
    -101.75         0.00000
    -101.60         0.00000
    -101.44         0.00000
    -101.30         0.00000
    -101.14         0.00000
    -101.00         0.00000
    -100.85         0.00000
    -100.69         0.00000
    -100.55         0.00000
    -100.39         0.00000
    -100.25         0.00000
    -100.10         0.00000
    -99.945         0.00000
    -99.795         0.00000
    -99.645         0.00000
    -99.495         0.00000
    -99.345         0.00000
    -99.195         0.00000
    -99.045         0.00000
    -98.895         0.00000
    -98.745         0.00000
    -98.595         0.00000
    -98.445         0.00000
    -98.295         0.00000
    -98.145         0.00000
    -97.995         0.00000
    -97.845         0.00000
    -97.695         0.00000
    -97.545         0.00000
    -97.395         0.00000
    -97.245         0.00000
    -97.095         0.00000
    -96.945         0.00000
    -96.795         0.00000
    -96.645         0.00000
    -96.495         0.00000
    -96.345         0.00000
    -96.195         0.00000
    -96.045         0.00000
    -95.895         0.00000
    -95.745         0.00000
    -95.595         0.00000
    -95.445         0.00000
    -95.295         0.00000
    -95.145         0.00000
    -94.995         0.00000
    -94.845         0.00000
    -94.695         0.00000
    -94.545         0.00000
    -94.395         0.00000
    -94.245         0.00000
    -94.095         0.00000
    -93.945         0.00000
    -93.795         0.00000
    -93.645         0.00000
    -93.495         0.00000
    -93.345         0.00000
    -93.195         0.00000
    -93.045         0.00000
    -92.895         0.00000
    -92.745         0.00000
    -92.595         0.00000
    -92.445         0.00000
    -92.295         0.00000
    -92.145         0.00000
    -91.995         0.00000
    -91.845         0.00000
    -91.695         0.00000
    -91.545         0.00000
    -91.395         0.00000
    -91.245         0.00000
    -91.095         0.00000
    -90.945         0.00000
    -90.795         0.00000
    -90.645         0.00000
    -90.495         0.00000
    -90.345         0.00000
    -90.195         0.00000
    -90.045         0.00000
    -89.895         0.00000
    -89.745         0.00000
    -89.595         0.00000
    -89.445         0.00000
    -89.295         0.00000
    -89.145         0.00000
    -88.995         0.00000
    -88.845         0.00000
    -88.695         0.00000
    -88.545         0.00000
    -88.395         0.00000
    -88.245         0.00000
    -88.095         0.00000
    -87.945         0.00000
    -87.795         0.00000
    -87.645         0.00000
    -87.495         0.00000
    -87.345         0.00000
    -87.195         0.00000
    -87.045         0.00000
    -86.895         0.00000
    -86.745         0.00000
    -86.595         0.00000
    -86.445         0.00000
    -86.295         0.00000
    -86.145         0.00000
    -85.995         0.00000
    -85.845         0.00000
    -85.695         0.00000
    -85.545         0.00000
    -85.395         0.00000
    -85.245         0.00000
    -85.095         0.00000
    -84.945         0.00000
    -84.795         0.00000
    -84.645         0.00000
    -84.495         0.00000
    -84.345         0.00000
    -84.195         0.00000
    -84.045         0.00000
    -83.895         0.00000
    -83.745         0.00000
    -83.595         0.00000
    -83.445         0.00000
    -83.295         0.00000
    -83.145         0.00000
    -82.995         0.00000
    -82.845         0.00000
    -82.695         0.00000
    -82.545         0.00000
    -82.395         0.00000
    -82.245         0.00000
    -82.095         0.00000
    -81.945         0.00000
    -81.795         0.00000
    -81.645         0.00000
    -81.495         0.00000
    -81.345         0.00000
    -81.195         0.00000
    -81.045         0.00000
    -80.895         0.00000
    -80.745         0.00000
    -80.595         0.00000
    -80.445         0.00000
    -80.295         0.00000
    -80.145         0.00000
    -79.995         0.00000
    -79.845         0.00000
    -79.695         0.00000
    -79.545         0.00000
    -79.395         0.00000
    -79.245         0.00000
    -79.095         0.00000
    -78.945         0.00000
    -78.795         0.00000
    -78.645         0.00000
    -78.495         0.00000
    -78.345         0.00000
    -78.195         0.00000
    -78.045         0.00000
    -77.895         0.00000
    -77.745         0.00000
    -77.595         0.00000
    -77.445         0.00000
    -77.295         0.00000
    -77.145         0.00000
    -76.995         0.00000
    -76.845         0.00000
    -76.695         0.00000
    -76.545         0.00000
    -76.395         0.00000
    -76.245         0.00000
    -76.095         0.00000
    -75.945         0.00000
    -75.795         0.00000
    -75.645         0.00000
    -75.495         0.00000
    -75.345         0.00000
    -75.195         0.00000
    -75.045         0.00000
    -74.895         0.00000
    -74.745         0.00000
    -74.595         0.00000
    -74.445         0.00000
    -74.295         0.00000
    -74.145         0.00000
    -73.995         0.00000
    -73.845         0.00000
    -73.695         0.00000
    -73.545         0.00000
    -73.395         0.00000
    -73.245         0.00000
    -73.095         0.00000
    -72.945         0.00000
    -72.795         0.00000
    -72.645         0.00000
    -72.495         0.00000
    -72.345         0.00000
    -72.195         0.00000
    -72.045         0.00000
    -71.895         0.00000
    -71.745         0.00000
    -71.595         0.00000
    -71.445         0.00000
    -71.295         0.00000
    -71.145         0.00000
    -70.995         0.00000
    -70.845         0.00000
    -70.695         0.00000
    -70.545         0.00000
    -70.395         0.00000
    -70.245         0.00000
    -70.095         0.00000
    -69.945         0.00000
    -69.795         0.00000
    -69.645         0.00000
    -69.495         0.00000
    -69.345         0.00000
    -69.195         0.00000
    -69.045         0.00000
    -68.895         0.00000
    -68.745         0.00000
    -68.595         0.00000
    -68.445         0.00000
    -68.295         0.00000
    -68.145         0.00000
    -67.995         0.00000
    -67.845         0.00000
    -67.695         0.00000
    -67.545         0.00000
    -67.395         0.00000
    -67.245         0.00000
    -67.095         0.00000
    -66.945         0.00000
    -66.795         0.00000
    -66.645         0.00000
    -66.495         0.00000
    -66.345         0.00000
    -66.195         0.00000
    -66.045         0.00000
    -65.895         0.00000
    -65.745         0.00000
    -65.595         0.00000
    -65.445         0.00000
    -65.295         0.00000
    -65.145         0.00000
    -64.995         0.00000
    -64.845         0.00000
    -64.695         0.00000
    -64.545         0.00000
    -64.395         0.00000
    -64.245         0.00000
    -64.095         0.00000
    -63.945         0.00000
    -63.795         0.00000
    -63.645         0.00000
    -63.495         0.00000
    -63.345         0.00000
    -63.195         0.00000
    -63.045         0.00000
    -62.895         0.00000
    -62.745         0.00000
    -62.595         0.00000
    -62.445         0.00000
    -62.295         0.00000
    -62.145         0.00000
    -61.995         0.00000
    -61.845         0.00000
    -61.695         0.00000
    -61.545         0.00000
    -61.395         0.00000
    -61.245         0.00000
    -61.095         0.00000
    -60.945         0.00000
    -60.795         0.00000
    -60.645         0.00000
    -60.495         0.00000
    -60.345         0.00000
    -60.195         0.00000
    -60.045         0.00000
    -59.895         0.00000
    -59.745         0.00000
    -59.595         0.00000
    -59.445         0.00000
    -59.295         0.00000
    -59.145         0.00000
    -58.995         0.00000
    -58.845         0.00000
    -58.695         0.00000
    -58.545         0.00000
    -58.395         0.00000
    -58.245         0.00000
    -58.095         0.00000
    -57.945         0.00000
    -57.795         0.00000
    -57.645         0.00000
    -57.495         0.00000
    -57.345         0.00000
    -57.195         0.00000
    -57.045         0.00000
    -56.895         0.00000
    -56.745         0.00000
    -56.595         0.00000
    -56.445         0.00000
    -56.295         0.00000
    -56.145         0.00000
    -55.995         0.00000
    -55.845         0.00000
    -55.695         0.00000
    -55.545         0.00000
    -55.395         0.00000
    -55.245         0.00000
    -55.095         0.00000
    -54.945         0.00000
    -54.795         0.00000
    -54.645         0.00000
    -54.495         0.00000
    -54.345         0.00000
    -54.195         0.00000
    -54.045         0.00000
    -53.895         0.00000
    -53.745         0.00000
    -53.595         0.00000
    -53.445         0.00000
    -53.295         0.00000
    -53.145         0.00000
    -52.995         0.00000
    -52.845         0.00000
    -52.695         0.00000
    -52.545         0.00000
    -52.395         0.00000
    -52.245         0.00000
    -52.095         0.00000
    -51.945         0.00000
    -51.795         0.00000
    -51.645         0.00000
    -51.495         0.00000
    -51.345         0.00000
    -51.195         0.00000
    -51.045         0.00000
    -50.895         0.00000
    -50.745         0.00000
    -50.595         0.00000
    -50.445         0.00000
    -50.295         0.00000
    -50.145         0.00000
    -49.995         0.00000
    -49.845         0.00000
    -49.695         0.00000
    -49.545         0.00000
    -49.395         0.00000
    -49.245         0.00000
    -49.095         0.00000
    -48.945         0.00000
    -48.795         0.00000
    -48.645         0.00000
    -48.495         0.00000
    -48.345         0.00000
    -48.195         0.00000
    -48.045         0.00000
    -47.895         0.00000
    -47.745         0.00000
    -47.595         0.00000
    -47.445         0.00000
    -47.295         0.00000
    -47.145         0.00000
    -46.995         0.00000
    -46.845         0.00000
    -46.695         0.00000
    -46.545         0.00000
    -46.395         0.00000
    -46.245         0.00000
    -46.095         0.00000
    -45.945         0.00000
    -45.795         0.00000
    -45.645         0.00000
    -45.495         0.00000
    -45.345         0.00000
    -45.195         0.00000
    -45.045         0.00000
    -44.895         0.00000
    -44.745         0.00000
    -44.595         0.00000
    -44.445         0.00000
    -44.295         0.00000
    -44.145         0.00000
    -43.995         0.00000
    -43.845         0.00000
    -43.695         0.00000
    -43.545         0.00000
    -43.395         0.00000
    -43.245         0.00000
    -43.095         0.00000
    -42.945         0.00000
    -42.795         0.00000
    -42.645         0.00000
    -42.495         0.00000
    -42.345         0.00000
    -42.195         0.00000
    -42.045         0.00000
    -41.895         0.00000
    -41.745         0.00000
    -41.595         0.00000
    -41.445         0.00000
    -41.295         0.00000
    -41.145         0.00000
    -40.995         0.00000
    -40.845         0.00000
    -40.695         0.00000
    -40.545         0.00000
    -40.395         0.00000
    -40.245         0.00000
    -40.095         0.00000
    -39.945         0.00000
    -39.795         0.00000
    -39.645         0.00000
    -39.495         0.00000
    -39.345         0.00000
    -39.195         0.00000
    -39.045         0.00000
    -38.895         0.00000
    -38.745         0.00000
    -38.595         0.00000
    -38.445         0.00000
    -38.295         0.00000
    -38.145         0.00000
    -37.995         0.00000
    -37.845         0.00000
    -37.695         0.00000
    -37.545         0.00000
    -37.395         0.00000
    -37.245         0.00000
    -37.095         0.00000
    -36.945         0.00000
    -36.795         0.00000
    -36.645         0.00000
    -36.495         0.00000
    -36.345         0.00000
    -36.195         0.00000
    -36.045         0.00000
    -35.895         0.00000
    -35.745         0.00000
    -35.595         0.00000
    -35.445         0.00000
    -35.295         0.00000
    -35.145         0.00000
    -34.995         0.00000
    -34.845         0.00000
    -34.695         0.00000
    -34.545         0.00000
    -34.395         0.00000
    -34.245         0.00000
    -34.095         0.00000
    -33.945         0.00000
    -33.795         0.00000
    -33.645         0.00000
    -33.495         0.00000
    -33.345         0.00000
    -33.195         0.00000
    -33.045         0.00000
    -32.895         0.00000
    -32.745         0.00000
    -32.595         0.00000
    -32.445         0.00000
    -32.295         0.00000
    -32.145         0.00000
    -31.995         0.00000
    -31.845         0.00000
    -31.695         0.00000
    -31.545         0.00000
    -31.395         0.00000
    -31.245         0.00000
    -31.095         0.00000
    -30.945         0.00000
    -30.795         0.00000
    -30.645         0.00000
    -30.495         0.00000
    -30.345         0.00000
    -30.195         0.00000
    -30.045         0.00000
    -29.895         0.00000
    -29.745         0.00000
    -29.595         0.00000
    -29.445         0.00000
    -29.295         0.00000
    -29.145         0.00000
    -28.995         0.00000
    -28.845         0.00000
    -28.695         0.00000
    -28.545         0.00000
    -28.395         0.00000
    -28.245         0.00000
    -28.095         0.00000
    -27.945         0.00000
    -27.795         0.00000
    -27.645         0.00000
    -27.495         0.00000
    -27.345         0.00000
    -27.195         0.00000
    -27.045         0.00000
    -26.895         0.00000
    -26.745         0.00000
    -26.595         0.00000
    -26.445         0.00000
    -26.295         0.00000
    -26.145         0.00000
    -25.995         0.00000
    -25.845         0.00000
    -25.695         0.00000
    -25.545         0.00000
    -25.395         0.00000
    -25.245         0.00000
    -25.095         0.00000
    -24.945         0.00000
    -24.795         0.00000
    -24.645         0.00000
    -24.495         0.00000
    -24.345         0.00000
    -24.195         0.00000
    -24.045         0.00000
    -23.895         0.00000
    -23.745         0.00000
    -23.595         0.00000
    -23.445         0.00000
    -23.295         0.00000
    -23.145         0.00000
    -22.995         0.00000
    -22.845         0.00000
    -22.695         0.00000
    -22.545         0.00000
    -22.395         0.00000
    -22.245         0.00000
    -22.095         0.00000
    -21.945         0.00000
    -21.795         0.00000
    -21.645         0.00000
    -21.495         0.00000
    -21.345         0.00000
    -21.195         0.00000
    -21.045         0.00000
    -20.895         0.00000
    -20.745         0.00000
    -20.595         0.00000
    -20.445         0.00000
    -20.295         0.00000
    -20.145         0.00000
    -19.995         0.00000
    -19.845         0.00000
    -19.695         0.00000
    -19.545         0.00000
    -19.395         0.00000
    -19.245         0.00000
    -19.095         0.00000
    -18.945         0.00000
    -18.795         0.00000
    -18.645         0.00000
    -18.495         0.00000
    -18.345         0.00000
    -18.195         0.00000
    -18.045         0.00000
    -17.895         0.00000
    -17.745         0.00000
    -17.595         0.00000
    -17.445         0.00000
    -17.295         0.00000
    -17.145         0.00000
    -16.995         0.00000
    -16.845         0.00000
    -16.695         0.00000
    -16.545         0.00000
    -16.395         0.00000
    -16.245         0.00000
    -16.095         0.00000
    -15.945         0.00000
    -15.795         0.00000
    -15.645         0.00000
    -15.495         0.00000
    -15.345         0.00000
    -15.195         0.00000
    -15.045         0.00000
    -14.895         0.00000
    -14.745         0.00000
    -14.595         0.00000
    -14.445         0.00000
    -14.295         0.00000
    -14.145         0.00000
    -13.995         0.00000
    -13.845         0.00000
    -13.695         0.00000
    -13.545         0.00000
    -13.395         0.00000
    -13.245         0.00000
    -13.095         0.00000
    -12.945         0.00000
    -12.795         0.00000
    -12.645         0.00000
    -12.495         0.00000
    -12.345         0.00000
    -12.195         0.00000
    -12.045         0.00000
    -11.895         0.00000
    -11.745         0.00000
    -11.595         0.00000
    -11.445         0.00000
    -11.295         0.00000
    -11.145         0.00000
    -10.995         0.00000
    -10.845         0.00000
    -10.695         0.00000
    -10.545         0.00000
    -10.395         0.00000
    -10.245         0.00000
    -10.095         0.00000
    -9.9450         0.00000
    -9.7950        -0.00083
    -9.6450        -0.00251
    -9.4950        -0.00424
    -9.3450        -0.01294
    -9.1950        -0.02342
    -9.0450        -0.03696
    -8.8950        -0.05405
    -8.7450        -0.07783
    -8.5950        -0.11120
    -8.4450        -0.15467
    -8.2950        -0.21137
    -8.1450        -0.28498
    -7.9950        -0.36833
    -7.8450        -0.48409
    -7.6950        -0.63152
    -7.5450        -0.80277
    -7.3950        -0.98940
    -7.2450        -1.18948
    -7.0950        -1.41050
    -6.9450        -1.65787
    -6.7950        -1.92650
    -6.6450        -2.19794
    -6.4950        -2.47855
    -6.3450        -2.79349
    -6.1950        -3.10504
    -6.0450        -3.43823
    -5.8950        -3.79469
    -5.7450        -4.17295
    -5.5950        -4.53919
    -5.4450        -4.95700
    -5.2950        -5.35817
    -5.1450        -5.77741
    -4.9950        -6.18197
    -4.8450        -6.60926
    -4.6950        -7.04374
    -4.5450        -7.47981
    -4.3950        -7.92357
    -4.2450        -8.35477
    -4.0950        -8.76771
    -3.9450        -9.20400
    -3.7950        -9.63341
    -3.6450       -10.07111
    -3.4950       -10.50407
    -3.3450       -10.94851
    -3.1950       -11.39487
    -3.0450       -11.88791
    -2.8950       -12.39470
    -2.7450       -12.94364
    -2.5950       -13.53573
    -2.4450       -14.17907
    -2.2950       -14.89083
    -2.1450       -15.70246
    -1.9950       -16.63649
    -1.8450       -17.75422
    -1.6950       -19.06264
    -1.5450       -20.60860
    -1.3950       -22.38581
    -1.2450       -24.41156
    -1.0950       -26.69624
   -0.94500       -29.18413
   -0.79500       -31.87976
   -0.64500       -34.83867
   -0.49500       -38.30712
   -0.34500       -42.82856
   -0.22700       -44.74133
   -0.21300       -44.99188
   -0.20700       -45.24518
   -0.20100       -45.50549
   -0.19500       -45.77283
   -0.18900       -46.04480
   -0.18300       -46.32595
   -0.17700       -46.61667
   -0.17100       -46.91515
   -0.16500       -47.21770
   -0.15900       -47.52995
   -0.15300       -47.85422
   -0.14700       -48.18727
   -0.14100       -48.53279
   -0.13500       -48.88846
   -0.12900       -49.25650
   -0.12300       -49.64132
   -0.11700       -50.03996
   -0.11100       -50.45877
   -0.10500       -50.89465
   -0.99000E-01   -51.35495
   -0.93000E-01   -51.83858
   -0.87000E-01   -52.35269
   -0.81000E-01   -52.89840
   -0.75000E-01   -53.48098
   -0.69000E-01   -54.10875
   -0.63000E-01   -54.79278
   -0.57000E-01   -55.53916
   -0.51000E-01   -56.36848
   -0.45000E-01   -57.30211
   -0.39000E-01   -58.37223
   -0.33000E-01   -59.62986
   -0.27000E-01   -61.16599
   -0.21300E-01   -62.44725
   -0.19500E-01   -62.65773
   -0.18900E-01   -62.87376
   -0.18300E-01   -63.09845
   -0.17700E-01   -63.33039
   -0.17100E-01   -63.57085
   -0.16500E-01   -63.82001
   -0.15900E-01   -64.07975
   -0.15300E-01   -64.34886
   -0.14700E-01   -64.63073
   -0.14100E-01   -64.92648
   -0.13500E-01   -65.23608
   -0.12900E-01   -65.56352
   -0.12300E-01   -65.90970
   -0.11700E-01   -66.27677
   -0.11100E-01   -66.66764
   -0.10500E-01   -67.08382
   -0.99000E-02   -67.52887
   -0.93000E-02   -68.00361
   -0.87000E-02   -68.51021
   -0.81000E-02   -69.05023
   -0.75000E-02   -69.62665
   -0.69000E-02   -70.23986
   -0.63000E-02   -70.89511
   -0.57000E-02   -71.59549
   -0.51000E-02   -72.34498
   -0.45000E-02   -73.14767
   -0.39000E-02   -74.01335
   -0.33000E-02   -74.96062
   -0.27000E-02   -75.98102
   -0.21000E-02   -77.01664
   -0.15000E-02   -77.92543
   -0.90000E-03   -78.54716
   -0.30000E-03   -78.78226
    0.30000E-03   -78.59234
    0.90000E-03   -78.00294
    0.15000E-02   -77.09884
    0.21000E-02   -76.06425
    0.27000E-02   -75.04406
    0.33000E-02   -74.09780
    0.39000E-02   -73.23258
    0.45000E-02   -72.43033
    0.51000E-02   -71.68176
    0.57000E-02   -70.98224
    0.63000E-02   -70.32884
    0.69000E-02   -69.71640
    0.75000E-02   -69.14274
    0.81000E-02   -68.60461
    0.87000E-02   -68.09971
    0.93000E-02   -67.62607
    0.99000E-02   -67.18355
    0.10500E-01   -66.76899
    0.11100E-01   -66.37950
    0.11700E-01   -66.01340
    0.12300E-01   -65.66874
    0.12900E-01   -65.34243
    0.13500E-01   -65.03284
    0.14100E-01   -64.73812
    0.14700E-01   -64.45769
    0.15300E-01   -64.18885
    0.15900E-01   -63.93098
    0.16500E-01   -63.68343
    0.17100E-01   -63.44403
    0.17700E-01   -63.21373
    0.18300E-01   -62.99146
    0.18900E-01   -62.77567
    0.19500E-01   -62.56680
    0.21300E-01   -61.29051
    0.27000E-01   -59.76364
    0.33000E-01   -58.51664
    0.39000E-01   -57.45870
    0.45000E-01   -56.53974
    0.51000E-01   -55.72902
    0.57000E-01   -55.00004
    0.63000E-01   -54.34103
    0.69000E-01   -53.73859
    0.75000E-01   -53.18586
    0.81000E-01   -52.67199
    0.87000E-01   -52.19324
    0.93000E-01   -51.74603
    0.99000E-01   -51.32650
    0.10500       -50.92811
    0.11100       -50.55139
    0.11700       -50.19754
    0.12300       -49.86067
    0.12900       -49.53944
    0.13500       -49.23510
    0.14100       -48.94405
    0.14700       -48.66554
    0.15300       -48.39650
    0.15900       -48.13995
    0.16500       -47.89277
    0.17100       -47.65407
    0.17700       -47.42394
    0.18300       -47.20038
    0.18900       -46.98572
    0.19500       -46.78008
    0.20100       -46.57847
    0.20700       -46.38662
    0.21300       -46.19905
    0.22700       -44.80556
    0.34500       -41.98041
    0.49500       -40.27744
    0.64500       -39.09055
    0.79500       -38.17818
    0.94500       -37.42235
     1.0950       -36.76907
     1.2450       -36.20440
     1.3950       -35.70366
     1.5450       -35.24457
     1.6950       -34.82844
     1.8450       -34.44891
     1.9950       -34.10086
     2.1450       -33.78340
     2.2950       -33.50027
     2.4450       -33.24717
     2.5950       -33.02255
     2.7450       -32.82552
     2.8950       -32.64243
     3.0450       -32.48074
     3.1950       -32.34364
     3.3450       -32.21113
     3.4950       -32.09620
     3.6450       -31.98008
     3.7950       -31.87856
     3.9450       -31.78496
     4.0950       -31.69907
     4.2450       -31.61988
     4.3950       -31.54207
     4.5450       -31.46725
     4.6950       -31.39326
     4.8450       -31.32622
     4.9950       -31.25659
     5.1450       -31.19173
     5.2950       -31.12848
     5.4450       -31.06985
     5.5950       -31.01070
     5.7450       -30.95439
     5.8950       -30.89764
     6.0450       -30.84398
     6.1950       -30.78998
     6.3450       -30.73365
     6.4950       -30.68388
     6.6450       -30.63601
     6.7950       -30.58940
     6.9450       -30.54328
     7.0950       -30.49847
     7.2450       -30.45363
     7.3950       -30.40993
     7.5450       -30.36773
     7.6950       -30.32578
     7.8450       -30.28524
     7.9950       -30.24535
     8.1450       -30.20600
     8.2950       -30.16703
     8.4450       -30.12857
     8.5950       -30.09035
     8.7450       -30.05339
     8.8950       -30.01710
     9.0450       -29.98168
     9.1950       -29.94723
     9.3450       -29.91281
     9.4950       -29.87891
     9.6450       -29.84600
     9.7950       -29.81305
     9.9450       -29.78027
     10.095       -29.74817
     10.245       -29.71681
     10.395       -29.68665
     10.545       -29.65644
     10.695       -29.62586
     10.845       -29.59632
     10.995       -29.56652
     11.145       -29.53723
     11.295       -29.50832
     11.445       -29.48065
     11.595       -29.45326
     11.745       -29.42553
     11.895       -29.39852
     12.045       -29.37166
     12.195       -29.34558
     12.345       -29.31981
     12.495       -29.29409
     12.645       -29.26869
     12.795       -29.24378
     12.945       -29.21872
     13.095       -29.19454
     13.245       -29.17069
     13.395       -29.14643
     13.545       -29.12274
     13.695       -29.09937
     13.845       -29.07607
     13.995       -29.05289
     14.145       -29.03022
     14.295       -29.00749
     14.445       -28.98568
     14.595       -28.96407
     14.745       -28.94242
     14.895       -28.92088
     15.045       -28.90008
     15.195       -28.87945
     15.345       -28.85881
     15.495       -28.83816
     15.645       -28.81752
     15.795       -28.79713
     15.945       -28.77699
     16.095       -28.75776
     16.245       -28.73771
     16.395       -28.71818
     16.545       -28.69877
     16.695       -28.67966
     16.845       -28.66062
     16.995       -28.64195
     17.145       -28.62299
     17.295       -28.60434
     17.445       -28.58577
     17.595       -28.56721
     17.745       -28.54877
     17.895       -28.53068
     18.045       -28.51274
     18.195       -28.49494
     18.345       -28.47790
     18.495       -28.46073
     18.645       -28.44376
     18.795       -28.42662
     18.945       -28.40993
     19.095       -28.39283
     19.245       -28.37646
     19.395       -28.36003
     19.545       -28.34407
     19.695       -28.32775
     19.845       -28.31161
     19.995       -28.29591
     20.145       -28.28022
     20.295       -28.26488
     20.445       -28.24900
     20.595       -28.23377
     20.745       -28.21807
     20.895       -28.20275
     21.045       -28.18741
     21.195       -28.17272
     21.345       -28.15786
     21.495       -28.14307
     21.645       -28.12855
     21.795       -28.11389
     21.945       -28.09928
     22.095       -28.08500
     22.245       -28.07093
     22.395       -28.05652
     22.545       -28.04288
     22.695       -28.02868
     22.845       -28.01501
     22.995       -28.00136
     23.145       -27.98752
     23.295       -27.97377
     23.445       -27.96004
     23.595       -27.94666
     23.745       -27.93293
     23.895       -27.91968
     24.045       -27.90611
     24.195       -27.89318
     24.345       -27.88007
     24.495       -27.86701
     24.645       -27.85421
     24.795       -27.84149
     24.945       -27.82874
     25.095       -27.81592
     25.245       -27.80380
     25.395       -27.79156
     25.545       -27.77951
     25.695       -27.76712
     25.845       -27.75523
     25.995       -27.74323
     26.145       -27.73121
     26.295       -27.71877
     26.445       -27.70667
     26.595       -27.69491
     26.745       -27.68308
     26.895       -27.67136
     27.045       -27.65996
     27.195       -27.64847
     27.345       -27.63702
     27.495       -27.62548
     27.645       -27.61412
     27.795       -27.60306
     27.945       -27.59193
     28.095       -27.58075
     28.245       -27.56967
     28.395       -27.55859
     28.545       -27.54742
     28.695       -27.53671
     28.845       -27.52595
     28.995       -27.51524
     29.145       -27.50441
     29.295       -27.49356
     29.445       -27.48287
     29.595       -27.47259
     29.745       -27.46191
     29.895       -27.45133
     30.045       -27.44104
     30.195       -27.43075
     30.345       -27.42087
     30.495       -27.41094
     30.645       -27.40073
     30.795       -27.39056
     30.945       -27.38034
     31.095       -27.37038
     31.245       -27.36046
     31.395       -27.35044
     31.545       -27.34043
     31.695       -27.33069
     31.845       -27.32077
     31.995       -27.31123
     32.145       -27.30138
     32.295       -27.29168
     32.445       -27.28198
     32.595       -27.27234
     32.745       -27.26290
     32.895       -27.25364
     33.045       -27.24387
     33.195       -27.23443
     33.345       -27.22513
     33.495       -27.21592
     33.645       -27.20662
     33.795       -27.19724
     33.945       -27.18799
     34.095       -27.17854
     34.245       -27.16956
     34.395       -27.16030
     34.545       -27.15099
     34.695       -27.14164
     34.845       -27.13250
     34.995       -27.12374
     35.145       -27.11475
     35.295       -27.10599
     35.445       -27.09749
     35.595       -27.08867
     35.745       -27.07998
     35.895       -27.07128
     36.045       -27.06272
     36.195       -27.05400
     36.345       -27.04535
     36.495       -27.03684
     36.645       -27.02834
     36.795       -27.01978
     36.945       -27.01096
     37.095       -27.00282
     37.245       -26.99446
     37.395       -26.98630
     37.545       -26.97790
     37.695       -26.96952
     37.845       -26.96136
     37.995       -26.95316
     38.145       -26.94526
     38.295       -26.93720
     38.445       -26.92926
     38.595       -26.92133
     38.745       -26.91338
     38.895       -26.90536
     39.045       -26.89732
     39.195       -26.88957
     39.345       -26.88193
     39.495       -26.87413
     39.645       -26.86626
     39.795       -26.85829
     39.945       -26.85058
     40.095       -26.84305
     40.245       -26.83525
     40.395       -26.82723
     40.545       -26.81926
     40.695       -26.81184
     40.845       -26.80419
     40.995       -26.79656
     41.145       -26.78890
     41.295       -26.78145
     41.445       -26.77400
     41.595       -26.76651
     41.745       -26.75909
     41.895       -26.75175
     42.045       -26.74419
     42.195       -26.73713
     42.345       -26.72979
     42.495       -26.72236
     42.645       -26.71519
     42.795       -26.70777
     42.945       -26.70055
     43.095       -26.69345
     43.245       -26.68626
     43.395       -26.67906
     43.545       -26.67171
     43.695       -26.66446
     43.845       -26.65740
     43.995       -26.65034
     44.145       -26.64343
     44.295       -26.63651
     44.445       -26.62956
     44.595       -26.62239
     44.745       -26.61553
     44.895       -26.60872
     45.045       -26.60189
     45.195       -26.59489
     45.345       -26.58811
     45.495       -26.58141
     45.645       -26.57468
     45.795       -26.56789
     45.945       -26.56103
     46.095       -26.55438
     46.245       -26.54766
     46.395       -26.54117
     46.545       -26.53472
     46.695       -26.52790
     46.845       -26.52146
     46.995       -26.51476
     47.145       -26.50831
     47.295       -26.50196
     47.445       -26.49553
     47.595       -26.48885
     47.745       -26.48190
     47.895       -26.47544
     48.045       -26.46905
     48.195       -26.46283
     48.345       -26.45635
     48.495       -26.45008
     48.645       -26.44381
     48.795       -26.43757
     48.945       -26.43122
     49.095       -26.42498
     49.245       -26.41880
     49.395       -26.41249
     49.545       -26.40631
     49.695       -26.40014
     49.845       -26.39396
     49.995       -26.38777
     50.145       -26.38170
     50.295       -26.37575
     50.445       -26.36989
     50.595       -26.36375
     50.745       -26.35771
     50.895       -26.35162
     51.045       -26.34529
     51.195       -26.33935
     51.345       -26.33336
     51.495       -26.32741
     51.645       -26.32130
     51.795       -26.31525
     51.945       -26.30933
     52.095       -26.30361
     52.245       -26.29799
     52.395       -26.29226
     52.545       -26.28651
     52.695       -26.28071
     52.845       -26.27491
     52.995       -26.26925
     53.145       -26.26362
     53.295       -26.25782
     53.445       -26.25221
     53.595       -26.24641
     53.745       -26.24068
     53.895       -26.23502
     54.045       -26.22935
     54.195       -26.22380
     54.345       -26.21826
     54.495       -26.21280
     54.645       -26.20720
     54.795       -26.20182
     54.945       -26.19658
     55.095       -26.19102
     59.433       -25.75773
     80.646       -25.12070
     111.21       -24.49640
     153.36       -23.88845
     211.49       -23.29781
     291.64       -22.72156
     402.18       -22.16299
     554.60       -21.62116
     764.80       -21.09492
     1054.7       -20.58301
     1454.4       -20.08879
     2005.6       -19.61022
     2765.8       -19.14376
     3814.0       -18.69352
     5259.5       -18.25770
     7252.9       -17.83498
     10002.       -17.42477
     13793.       -17.02464
     19020.       -16.63787
     26229.       -16.26579
     36170.       -15.90625
     49878.       -15.55976
     68782.       -15.22843
     94851.       -14.91147
    0.13080E+06   -14.60741
    0.18038E+06   -14.31877
    0.24874E+06   -14.04326
    0.34301E+06   -13.77955
    0.47302E+06   -13.52905
    0.65229E+06   -13.28938
    0.89952E+06   -13.06170
    0.12404E+07   -12.84545
    0.17106E+07   -12.63754
    0.23589E+07   -12.44048
    0.32529E+07   -12.25287
    0.44858E+07   -12.07404
    0.61860E+07   -11.90439
    0.85305E+07   -11.74217
    0.11764E+08   -11.58863
    0.16222E+08   -11.44170
    0.22370E+08   -11.30201
    0.30849E+08   -11.16994
    0.42541E+08   -11.04407
    0.58664E+08   -10.92713
    0.80898E+08   -10.81726
    0.11156E+09   -10.71561
    0.15384E+09   -10.62045
    0.21215E+09   -10.53159
    0.29255E+09   -10.44766
    0.40343E+09   -10.36973
    0.55633E+09   -10.29658
    0.76719E+09   -10.23038
    0.10580E+10   -10.16956
    0.14589E+10   -10.11414
    0.20119E+10   -10.06222
    0.27744E+10   -10.01473
    0.38259E+10    -9.97104
    0.52760E+10    -9.93110
    0.72756E+10    -9.89396
    0.10033E+11    -9.85954
    0.13836E+11    -9.82778
    0.19079E+11    -9.79842
    0.26311E+11    -9.77155
    0.36283E+11    -9.74649
    0.50034E+11    -9.72317
    0.68997E+11    -9.70178
    0.10000E+12    -9.44875
