    -29.945        1     0.00000
    -29.795        1     0.00000
    -29.645        1     0.00000
    -29.495        1     0.00000
    -29.345        1     0.00000
    -29.195        1     0.00000
    -29.045        1     0.00000
    -28.895        1     0.00000
    -28.745        1     0.00000
    -28.595        1     0.00000
    -28.445        1     0.00000
    -28.295        1     0.00000
    -28.145        1     0.00000
    -27.995        1     0.00000
    -27.845        1     0.00000
    -27.695        1     0.00000
    -27.545        1     0.00000
    -27.395        1     0.00000
    -27.245        1     0.00000
    -27.095        1     0.00000
    -26.945        1     0.00000
    -26.795        1     0.00000
    -26.645        1     0.00000
    -26.495        1     0.00000
    -26.345        1     0.00000
    -26.195        1     0.00000
    -26.045        1     0.00000
    -25.895        1     0.00000
    -25.745        1     0.00000
    -25.595        1     0.00000
    -25.445        1     0.00000
    -25.295        1     0.00000
    -25.145        1     0.00000
    -24.995        1     0.00000
    -24.845        1     0.00000
    -24.695        1     0.00000
    -24.545        1     0.00000
    -24.395        1     0.00000
    -24.245        1     0.00000
    -24.095        1     0.00000
    -23.945        1     0.00000
    -23.795        1     0.00000
    -23.645        1     0.00000
    -23.495        1     0.00000
    -23.345        1     0.00000
    -23.195        1     0.00000
    -23.045        1     0.00000
    -22.895        1     0.00000
    -22.745        1     0.00000
    -22.595        1     0.00000
    -22.445        1     0.00000
    -22.295        1     0.00000
    -22.145        1     0.00000
    -21.995        1     0.00000
    -21.845        1     0.00000
    -21.695        1     0.00000
    -21.545        1     0.00000
    -21.395        1     0.00000
    -21.245        1     0.00000
    -21.095        1     0.00000
    -20.945        1     0.00000
    -20.795        1     0.00000
    -20.645        1     0.00000
    -20.495        1     0.00000
    -20.345        1     0.00000
    -20.195        1     0.00000
    -20.045        1     0.00000
    -19.895        1     0.00000
    -19.745        1     0.00000
    -19.595        1     0.00000
    -19.445        1     0.00000
    -19.295        1     0.00000
    -19.145        1     0.00000
    -18.995        1     0.00000
    -18.845        1     0.00000
    -18.695        1     0.00000
    -18.545        1     0.00000
    -18.395        1     0.00000
    -18.245        1     0.00000
    -18.095        1     0.00000
    -17.945        1     0.00000
    -17.795        1     0.00000
    -17.645        1     0.00000
    -17.495        1     0.00000
    -17.345        1     0.00000
    -17.195        1     0.00000
    -17.045        1     0.00000
    -16.895        1     0.00000
    -16.745        1     0.00000
    -16.595        1     0.00000
    -16.445        1     0.00000
    -16.295        1     0.00000
    -16.145        1     0.00000
    -15.995        1     0.00000
    -15.845        1     0.00000
    -15.695        1     0.00000
    -15.545        1     0.00000
    -15.395        1     0.00000
    -15.245        1     0.00000
    -15.095        1     0.00000
    -14.945        1     0.00000
    -14.795        1     0.00000
    -14.645        1     0.00000
    -14.495        1     0.00000
    -14.345        1     0.00000
    -14.195        1     0.00000
    -14.045        1     0.00000
    -13.895        1     0.00000
    -13.745        1     0.00000
    -13.595        1     0.00000
    -13.445        1     0.00000
    -13.295        1     0.00000
    -13.145        1     0.00000
    -12.995        1     0.00000
    -12.845        1     0.00000
    -12.695        1     0.00000
    -12.545        1     0.00000
    -12.395        1     0.00000
    -12.245        1     0.00000
    -12.095        1     0.00000
    -11.945        1     0.00000
    -11.795        1     0.00000
    -11.645        1     0.00000
    -11.495        1     0.00000
    -11.345        1     0.00000
    -11.195        1     0.00000
    -11.045        1     0.00000
    -10.895        1     0.00000
    -10.745        1     0.00000
    -10.595        1     0.00000
    -10.445        1     0.00000
    -10.295        1     0.00000
    -10.145        1    -0.00109
    -9.9950        1    -0.00674
    -9.8450        1    -0.01854
    -9.6950        1    -0.03691
    -9.5450        1    -0.06057
    -9.3950        1    -0.09721
    -9.2450        1    -0.13833
    -9.0950        1    -0.18395
    -8.9450        1    -0.23121
    -8.7950        1    -0.28379
    -8.6450        1    -0.33943
    -8.4950        1    -0.39813
    -8.3450        1    -0.46119
    -8.1950        1    -0.52552
    -8.0450        1    -0.59436
    -7.8950        1    -0.66461
    -7.7450        1    -0.74172
    -7.5950        1    -0.82143
    -7.4450        1    -0.90327
    -7.2950        1    -0.99070
    -7.1450        1    -1.08207
    -6.9950        1    -1.18064
    -6.8450        1    -1.29227
    -6.6950        1    -1.41528
    -6.5450        1    -1.54486
    -6.3950        1    -1.68071
    -6.2450        1    -1.82695
    -6.0950        1    -1.99494
    -5.9450        1    -2.18248
    -5.7950        1    -2.38864
    -5.6450        1    -2.61340
    -5.4950        1    -2.85648
    -5.3450        1    -3.10817
    -5.1950        1    -3.36676
    -5.0450        1    -3.63352
    -4.8950        1    -3.90648
    -4.7450        1    -4.18920
    -4.5950        1    -4.48655
    -4.4450        1    -4.80363
    -4.2950        1    -5.15038
    -4.1450        1    -5.53272
    -3.9950        1    -5.94955
    -3.8450        1    -6.38656
    -3.6950        1    -6.84767
    -3.5450        1    -7.32937
    -3.3950        1    -7.83096
    -3.2450        1    -8.36098
    -3.0950        1    -8.92359
    -2.9450        1    -9.52043
    -2.7950        1   -10.15981
    -2.6450        1   -10.85625
    -2.4950        1   -11.60808
    -2.3450        1   -12.42041
    -2.1950        1   -13.30086
    -2.0450        1   -14.26770
    -1.8950        1   -15.35778
    -1.7450        1   -16.60296
    -1.5950        1   -18.04529
    -1.4450        1   -19.77692
    -1.2950        1   -21.96715
    -1.1450        1   -24.82683
   -0.99500        1   -28.72761
   -0.84500        1   -34.51326
   -0.69500        1   -43.81932
   -0.54500        1   -60.49505
   -0.39500        1   -94.86304
   -0.25300        1  -114.51495
   -0.21500        1  -115.48942
   -0.20900        1  -116.40824
   -0.20300        1  -117.27611
   -0.19700        1  -118.09413
   -0.19100        1  -118.86281
   -0.18500        1  -119.58080
   -0.17900        1  -120.24979
   -0.17300        1  -120.87106
   -0.16700        1  -121.44525
   -0.16100        1  -121.97531
   -0.15500        1  -122.46398
   -0.14900        1  -122.91336
   -0.14300        1  -123.32692
   -0.13700        1  -123.70754
   -0.13100        1  -124.05702
   -0.12500        1  -124.37782
   -0.11900        1  -124.67121
   -0.11300        1  -124.93643
   -0.10700        1  -125.17152
   -0.10100        1  -125.38129
   -0.95000E-01    1  -125.56341
   -0.89000E-01    1  -125.72302
   -0.83000E-01    1  -125.86326
   -0.77000E-01    1  -125.98637
   -0.71000E-01    1  -126.09409
   -0.65000E-01    1  -126.18796
   -0.59000E-01    1  -126.26933
   -0.53000E-01    1  -126.33900
   -0.47000E-01    1  -126.39808
   -0.41000E-01    1  -126.44752
   -0.35000E-01    1  -126.48805
   -0.29000E-01    1  -126.52030
   -0.23000E-01    1  -126.54484
   -0.19700E-01    1  -126.54690
   -0.19100E-01    1  -126.54889
   -0.18500E-01    1  -126.55081
   -0.17900E-01    1  -126.55265
   -0.17300E-01    1  -126.55443
   -0.16700E-01    1  -126.55614
   -0.16100E-01    1  -126.55777
   -0.15500E-01    1  -126.55935
   -0.14900E-01    1  -126.56085
   -0.14300E-01    1  -126.56230
   -0.13700E-01    1  -126.56367
   -0.13100E-01    1  -126.56498
   -0.12500E-01    1  -126.56622
   -0.11900E-01    1  -126.56739
   -0.11300E-01    1  -126.56851
   -0.10700E-01    1  -126.56956
   -0.10100E-01    1  -126.57055
   -0.95000E-02    1  -126.57148
   -0.89000E-02    1  -126.57235
   -0.83000E-02    1  -126.57315
   -0.77000E-02    1  -126.57390
   -0.71000E-02    1  -126.57459
   -0.65000E-02    1  -126.57521
   -0.59000E-02    1  -126.57578
   -0.53000E-02    1  -126.57628
   -0.47000E-02    1  -126.57673
   -0.41000E-02    1  -126.57711
   -0.35000E-02    1  -126.57745
   -0.29000E-02    1  -126.57772
   -0.23000E-02    1  -126.57793
   -0.17000E-02    1  -126.57809
   -0.11000E-02    1  -126.57820
   -0.50000E-03    1  -126.57824
    0.10000E-03    1  -126.57823
    0.70000E-03    1  -126.57817
    0.13000E-02    1  -126.57805
    0.19000E-02    1  -126.57788
    0.25000E-02    1  -126.57765
    0.31000E-02    1  -126.57737
    0.37000E-02    1  -126.57704
    0.43000E-02    1  -126.57665
    0.49000E-02    1  -126.57621
    0.55000E-02    1  -126.57572
    0.61000E-02    1  -126.57518
    0.67000E-02    1  -126.57459
    0.73000E-02    1  -126.57395
    0.79000E-02    1  -126.57326
    0.85000E-02    1  -126.57251
    0.91000E-02    1  -126.57171
    0.97000E-02    1  -126.57087
    0.10300E-01    1  -126.56998
    0.10900E-01    1  -126.56903
    0.11500E-01    1  -126.56804
    0.12100E-01    1  -126.56701
    0.12700E-01    1  -126.56592
    0.13300E-01    1  -126.56480
    0.13900E-01    1  -126.56362
    0.14500E-01    1  -126.56240
    0.15100E-01    1  -126.56113
    0.15700E-01    1  -126.55981
    0.16300E-01    1  -126.55845
    0.16900E-01    1  -126.55704
    0.17500E-01    1  -126.55558
    0.18100E-01    1  -126.55408
    0.18700E-01    1  -126.55254
    0.19300E-01    1  -126.55096
    0.20200E-01    1  -126.54438
    0.25000E-01    1  -126.52447
    0.31000E-01    1  -126.50065
    0.37000E-01    1  -126.47318
    0.43000E-01    1  -126.44226
    0.49000E-01    1  -126.40814
    0.55000E-01    1  -126.37095
    0.61000E-01    1  -126.33093
    0.67000E-01    1  -126.28831
    0.73000E-01    1  -126.24334
    0.79000E-01    1  -126.19598
    0.85000E-01    1  -126.14661
    0.91000E-01    1  -126.09506
    0.97000E-01    1  -126.04171
    0.10300        1  -125.98662
    0.10900        1  -125.92969
    0.11500        1  -125.87138
    0.12100        1  -125.81153
    0.12700        1  -125.75040
    0.13300        1  -125.68801
    0.13900        1  -125.62440
    0.14500        1  -125.55964
    0.15100        1  -125.49398
    0.15700        1  -125.42722
    0.16300        1  -125.35974
    0.16900        1  -125.29112
    0.17500        1  -125.22165
    0.18100        1  -125.15194
    0.18700        1  -125.08123
    0.19300        1  -125.00999
    0.19900        1  -124.93799
    0.20500        1  -124.86571
    0.21100        1  -124.79274
    0.21700        1  -124.71933
    0.29500        1  -122.76831
    0.44500        1  -120.85474
    0.59500        1  -119.07085
    0.74500        1  -117.41989
    0.89500        1  -115.89239
     1.0450        1  -114.46794
     1.1950        1  -113.27965
     1.3450        1  -112.25882
     1.4950        1  -111.35177
     1.6450        1  -110.54609
     1.7950        1  -109.81311
     1.9450        1  -109.15661
     2.0950        1  -108.55844
     2.2450        1  -108.00489
     2.3950        1  -107.48850
     2.5450        1  -107.00258
     2.6950        1  -106.54446
     2.8450        1  -106.10990
     2.9950        1  -105.69544
     3.1450        1  -105.29871
     3.2950        1  -104.91641
     3.4450        1  -104.54962
     3.5950        1  -104.19647
     3.7450        1  -103.85421
     3.8950        1  -103.52300
     4.0450        1  -103.20249
     4.1950        1  -102.89283
     4.3450        1  -102.59263
     4.4950        1  -102.30190
     4.6450        1  -102.01877
     4.7950        1  -101.74434
     4.9450        1  -101.47722
     5.0950        1  -101.21482
     5.2450        1  -100.95991
     5.3950        1  -100.71151
     5.5450        1  -100.46805
     5.6950        1  -100.22860
     5.8450        1   -99.99453
     5.9950        1   -99.76705
     6.1450        1   -99.54193
     6.2950        1   -99.32119
     6.4450        1   -99.10525
     6.5950        1   -98.89125
     6.7450        1   -98.68445
     6.8950        1   -98.48051
     7.0450        1   -98.27721
     7.1950        1   -98.07882
     7.3450        1   -97.88258
     7.4950        1   -97.69325
     7.6450        1   -97.50519
     7.7950        1   -97.31971
     7.9450        1   -97.13748
     8.0950        1   -96.95974
     8.2450        1   -96.78491
     8.3950        1   -96.61548
     8.5450        1   -96.44882
     8.6950        1   -96.28478
     8.8450        1   -96.12332
     8.9950        1   -95.96560
     9.1450        1   -95.81150
     9.2950        1   -95.66261
     9.4450        1   -95.51451
     9.5950        1   -95.37152
     9.7450        1   -95.22882
     9.8950        1   -95.08999
     10.045        1   -94.95447
     10.195        1   -94.82165
     10.345        1   -94.69436
     10.495        1   -94.57291
     10.645        1   -94.45112
     10.795        1   -94.33616
     10.945        1   -94.22435
     11.095        1   -94.11802
     11.245        1   -94.01476
     11.395        1   -93.91495
     11.545        1   -93.81844
     11.695        1   -93.72361
     11.845        1   -93.63413
     11.995        1   -93.55388
     12.145        1   -93.47083
     12.295        1   -93.39248
     12.445        1   -93.31766
     12.595        1   -93.24808
     12.745        1   -93.18100
     12.895        1   -93.11693
     13.045        1   -93.05356
     13.195        1   -92.99677
     13.345        1   -92.93866
     13.495        1   -92.88739
     13.645        1   -92.84079
     13.795        1   -92.79374
     13.945        1   -92.74821
     14.095        1   -92.70587
     14.245        1   -92.66511
     14.395        1   -92.62642
     14.545        1   -92.59167
     14.695        1   -92.55855
     14.845        1   -92.52510
     14.995        1   -92.49228
     15.145        1   -92.46034
     15.295        1   -92.42847
     15.445        1   -92.39837
     15.595        1   -92.37170
     15.745        1   -92.34286
     15.895        1   -92.31495
     16.045        1   -92.28787
     16.195        1   -92.26136
     16.345        1   -92.23503
     16.495        1   -92.21080
     16.645        1   -92.18573
     16.795        1   -92.16173
     16.945        1   -92.13572
     17.095        1   -92.11235
     17.245        1   -92.08907
     17.395        1   -92.06656
     17.545        1   -92.04676
     17.695        1   -92.02545
     17.845        1   -92.00386
     17.995        1   -91.98457
     18.145        1   -91.96216
     18.295        1   -91.93969
     18.445        1   -91.91997
     18.595        1   -91.90011
     18.745        1   -91.87922
     18.895        1   -91.86056
     19.045        1   -91.84006
     19.195        1   -91.82261
     19.345        1   -91.80281
     19.495        1   -91.78320
     19.645        1   -91.76285
     19.795        1   -91.74341
     19.945        1   -91.72420
     20.095        1   -91.70507
     20.245        1   -91.68614
     20.395        1   -91.66698
     20.545        1   -91.64895
     20.695        1   -91.62886
     20.845        1   -91.60864
     20.995        1   -91.59120
     21.145        1   -91.57175
     21.295        1   -91.55512
     21.445        1   -91.53711
     21.595        1   -91.51809
     21.745        1   -91.50156
     21.895        1   -91.48585
     22.045        1   -91.46758
     22.195        1   -91.45090
     22.345        1   -91.43416
     22.495        1   -91.41731
     22.645        1   -91.40055
     22.795        1   -91.38480
     22.945        1   -91.36858
     23.095        1   -91.35366
     23.245        1   -91.33902
     23.395        1   -91.32337
     23.545        1   -91.30851
     23.695        1   -91.29501
     23.845        1   -91.27956
     23.995        1   -91.26629
     24.145        1   -91.25380
     24.295        1   -91.24077
     24.445        1   -91.22782
     24.595        1   -91.21439
     24.745        1   -91.20194
     24.895        1   -91.19058
     25.045        1   -91.17983
     25.195        1   -91.16804
     25.345        1   -91.15700
     25.495        1   -91.14537
     25.645        1   -91.13419
     25.795        1   -91.12224
     25.945        1   -91.11245
     26.095        1   -91.10353
     26.245        1   -91.09407
     26.395        1   -91.08462
     26.545        1   -91.07494
     26.695        1   -91.06641
     26.845        1   -91.05843
     26.995        1   -91.04955
     27.145        1   -91.04082
     27.295        1   -91.03179
     27.445        1   -91.02316
     27.595        1   -91.01537
     27.745        1   -91.00704
     27.895        1   -90.99944
     28.045        1   -90.99152
     28.195        1   -90.98352
     28.345        1   -90.97558
     28.495        1   -90.96859
     28.645        1   -90.96117
     28.795        1   -90.95385
     28.945        1   -90.94687
     29.095        1   -90.93964
     29.245        1   -90.93311
     29.395        1   -90.92680
     29.545        1   -90.91968
     29.695        1   -90.91319
     29.845        1   -90.90698
     29.995        1   -90.90112
     30.145        1   -90.89429
     30.295        1   -90.88783
     30.445        1   -90.88240
     30.595        1   -90.87597
     30.745        1   -90.87029
     30.895        1   -90.86429
     31.045        1   -90.85903
     31.195        1   -90.85378
     31.345        1   -90.84783
     31.495        1   -90.84316
     31.645        1   -90.83768
     31.795        1   -90.83308
     31.945        1   -90.82775
     32.095        1   -90.82319
     32.245        1   -90.81768
     32.395        1   -90.81312
     32.545        1   -90.80774
     32.695        1   -90.80222
     32.845        1   -90.79741
     32.995        1   -90.79242
     33.145        1   -90.78748
     33.295        1   -90.78310
     33.445        1   -90.77872
     33.595        1   -90.77438
     33.745        1   -90.77012
     33.895        1   -90.76532
     34.045        1   -90.76108
     34.195        1   -90.75612
     34.345        1   -90.75189
     34.495        1   -90.74772
     34.645        1   -90.74305
     34.795        1   -90.73888
     34.945        1   -90.73471
     35.095        1   -90.73004
     35.245        1   -90.72596
     35.395        1   -90.72142
     35.545        1   -90.71735
     35.695        1   -90.71326
     35.845        1   -90.70917
     35.995        1   -90.70515
     36.145        1   -90.70120
     36.295        1   -90.69715
     36.445        1   -90.69307
     36.595        1   -90.68907
     36.745        1   -90.68515
     36.895        1   -90.68126
     37.045        1   -90.67732
     37.195        1   -90.67284
     37.345        1   -90.66892
     37.495        1   -90.66516
     37.645        1   -90.66126
     37.795        1   -90.65758
     37.945        1   -90.65382
     38.095        1   -90.65006
     38.245        1   -90.64635
     38.395        1   -90.64255
     38.545        1   -90.63890
     38.695        1   -90.63523
     38.845        1   -90.63158
     38.995        1   -90.62782
     39.145        1   -90.62417
     39.295        1   -90.62052
     39.445        1   -90.61699
     39.595        1   -90.61337
     39.745        1   -90.60991
     39.895        1   -90.60624
     40.045        1   -90.60270
     40.195        1   -90.59923
     40.345        1   -90.59577
     40.495        1   -90.59230
     40.645        1   -90.58879
     40.795        1   -90.58539
     40.945        1   -90.58190
     41.095        1   -90.57842
     41.245        1   -90.57505
     41.395        1   -90.57179
     41.545        1   -90.56835
     41.695        1   -90.56496
     41.845        1   -90.56163
     41.995        1   -90.55824
     42.145        1   -90.55500
     42.295        1   -90.55167
     42.445        1   -90.54833
     42.595        1   -90.54498
     42.745        1   -90.54171
     42.895        1   -90.53834
     43.045        1   -90.53511
     43.195        1   -90.53196
     43.345        1   -90.52871
     43.495        1   -90.52550
     43.645        1   -90.52224
     43.795        1   -90.51897
     43.945        1   -90.51573
     44.095        1   -90.51261
     44.245        1   -90.50947
     44.395        1   -90.50639
     44.545        1   -90.50324
     44.695        1   -90.50007
     44.845        1   -90.49702
     44.995        1   -90.49392
     45.145        1   -90.49084
     45.295        1   -90.48774
     45.445        1   -90.48469
     45.595        1   -90.48170
     45.745        1   -90.47875
     45.895        1   -90.47573
     46.045        1   -90.47271
     46.195        1   -90.46973
     46.345        1   -90.46670
     46.495        1   -90.46384
     46.645        1   -90.46077
     46.795        1   -90.45787
     46.945        1   -90.45480
     47.095        1   -90.45182
     47.245        1   -90.44892
     47.395        1   -90.44604
     47.545        1   -90.44317
     47.695        1   -90.44029
     47.845        1   -90.43729
     47.995        1   -90.43448
     48.145        1   -90.43168
     48.295        1   -90.42885
     48.445        1   -90.42602
     48.595        1   -90.42321
     48.745        1   -90.42043
     48.895        1   -90.41767
     49.045        1   -90.41484
     49.195        1   -90.41203
     49.345        1   -90.40920
     49.495        1   -90.40644
     49.645        1   -90.40359
     49.795        1   -90.40082
     49.945        1   -90.39795
     50.095        1   -90.39528
     50.245        1   -90.39263
     50.395        1   -90.38993
     50.545        1   -90.38724
     50.695        1   -90.38446
     50.845        1   -90.38186
     50.995        1   -90.37917
     51.145        1   -90.37660
     51.295        1   -90.37388
     51.445        1   -90.37119
     51.595        1   -90.36857
     51.745        1   -90.36603
     51.895        1   -90.36340
     52.045        1   -90.36088
     52.195        1   -90.35824
     52.345        1   -90.35563
     52.495        1   -90.35306
     52.645        1   -90.35056
     52.795        1   -90.34804
     52.945        1   -90.34551
     53.095        1   -90.34295
     53.245        1   -90.34035
     53.395        1   -90.33784
     53.545        1   -90.33529
     53.695        1   -90.33274
     53.845        1   -90.33016
     53.995        1   -90.32763
     54.145        1   -90.32516
     54.295        1   -90.32266
     54.445        1   -90.32018
     54.595        1   -90.31776
     54.745        1   -90.31526
     54.895        1   -90.31281
     55.045        1   -90.31033
     55.195        1   -90.30787
     55.345        1   -90.30539
     55.495        1   -90.30284
     55.645        1   -90.30041
     55.795        1   -90.29805
     55.945        1   -90.29560
     56.095        1   -90.29323
     56.245        1   -90.29083
     56.395        1   -90.28853
     56.545        1   -90.28608
     56.695        1   -90.28355
     56.845        1   -90.28118
     56.995        1   -90.27887
     57.145        1   -90.27653
     57.295        1   -90.27423
     57.445        1   -90.27194
     57.595        1   -90.26955
     57.745        1   -90.26717
     57.895        1   -90.26488
     58.045        1   -90.26259
     58.195        1   -90.26025
     58.345        1   -90.25788
     58.495        1   -90.25553
     58.645        1   -90.25323
     58.795        1   -90.25095
     58.945        1   -90.24863
     59.095        1   -90.24635
     59.245        1   -90.24416
     59.395        1   -90.24192
     59.545        1   -90.23964
     59.695        1   -90.23738
     59.845        1   -90.23517
     59.995        1   -90.23299
     60.145        1   -90.23082
     60.295        1   -90.22857
     60.445        1   -90.22630
     60.595        1   -90.22412
     60.745        1   -90.22196
     60.895        1   -90.21977
     61.045        1   -90.21759
     61.195        1   -90.21546
     61.345        1   -90.21334
     61.495        1   -90.21118
     61.645        1   -90.20896
     61.795        1   -90.20690
     61.945        1   -90.20475
     62.095        1   -90.20270
     62.245        1   -90.20062
     62.395        1   -90.19854
     62.545        1   -90.19641
     62.695        1   -90.19435
     62.845        1   -90.19230
     62.995        1   -90.19025
     63.145        1   -90.18820
     63.295        1   -90.18601
     63.445        1   -90.18394
     63.595        1   -90.18186
     63.745        1   -90.17986
     63.895        1   -90.17774
     64.045        1   -90.17577
     64.195        1   -90.17372
     64.345        1   -90.17162
     64.495        1   -90.16961
     64.645        1   -90.16762
     64.795        1   -90.16559
     64.945        1   -90.16368
     65.095        1   -90.16163
     70.156        1   -89.98061
     94.967        1   -89.72303
     130.63        1   -89.47571
     179.69        1   -89.23747
     247.17        1   -89.00524
     340.00        1   -88.77943
     467.69        1   -88.55886
     643.33        1   -88.34425
     884.93        1   -88.13523
     1217.3        1   -87.93100
     1674.4        1   -87.73146
     2303.2        1   -87.53618
     3168.2        1   -87.34406
     4358.0        1   -87.15668
     5994.7        1   -86.97293
     8246.0        1   -86.79313
     11343.        1   -86.61634
     15603.        1   -86.44363
     21462.        1   -86.27482
     29522.        1   -86.11000
     40609.        1   -85.94925
     55860.        1   -85.79246
     76839.        1   -85.63952
    0.10570E+06    1   -85.49072
    0.14539E+06    1   -85.34680
    0.19999E+06    1   -85.20787
    0.27510E+06    1   -85.07384
    0.37841E+06    1   -84.94529
    0.52052E+06    1   -84.82211
    0.71601E+06    1   -84.70393
    0.98490E+06    1   -84.59127
    0.13548E+07    1   -84.48367
    0.18636E+07    1   -84.38102
    0.25634E+07    1   -84.28304
    0.35262E+07    1   -84.18978
    0.48504E+07    1   -84.10089
    0.66720E+07    1   -84.01611
    0.91776E+07    1   -83.93536
    0.12624E+08    1   -83.85864
    0.17365E+08    1   -83.78534
    0.23887E+08    1   -83.71546
    0.32858E+08    1   -83.64884
    0.45197E+08    1   -83.58542
    0.62171E+08    1   -83.52506
    0.85520E+08    1   -83.46745
    0.11764E+09    1   -83.41250
    0.16182E+09    1   -83.36025
    0.22259E+09    1   -83.31066
    0.30618E+09    1   -83.26430
    0.42116E+09    1   -83.22067
    0.57933E+09    1   -83.18019
    0.79690E+09    1   -83.14264
    0.10962E+10    1   -83.10740
    0.15078E+10    1   -83.07438
    0.20741E+10    1   -83.04353
    0.28531E+10    1   -83.01463
    0.39245E+10    1   -82.98780
    0.53984E+10    1   -82.96328
    0.74258E+10    1   -82.94084
    0.10215E+11    1   -82.92015
    0.14051E+11    1   -82.90112
    0.19327E+11    1   -82.88363
    0.26586E+11    1   -82.86751
    0.36570E+11    1   -82.85248
    0.50304E+11    1   -82.83868
    0.69195E+11    1   -82.82592
    0.10000E+12    1   -82.67219
    -149.95        2     0.00000
    -149.80        2     0.00000
    -149.65        2     0.00000
    -149.49        2     0.00000
    -149.34        2     0.00000
    -149.20        2     0.00000
    -149.05        2     0.00000
    -148.90        2     0.00000
    -148.74        2     0.00000
    -148.59        2     0.00000
    -148.45        2     0.00000
    -148.30        2     0.00000
    -148.15        2     0.00000
    -147.99        2     0.00000
    -147.84        2     0.00000
    -147.70        2     0.00000
    -147.55        2     0.00000
    -147.40        2     0.00000
    -147.24        2     0.00000
    -147.09        2     0.00000
    -146.95        2     0.00000
    -146.80        2     0.00000
    -146.65        2     0.00000
    -146.49        2     0.00000
    -146.34        2     0.00000
    -146.20        2     0.00000
    -146.05        2     0.00000
    -145.90        2     0.00000
    -145.74        2     0.00000
    -145.59        2     0.00000
    -145.45        2     0.00000
    -145.30        2     0.00000
    -145.15        2     0.00000
    -144.99        2     0.00000
    -144.84        2     0.00000
    -144.70        2     0.00000
    -144.55        2     0.00000
    -144.40        2     0.00000
    -144.24        2     0.00000
    -144.09        2     0.00000
    -143.95        2     0.00000
    -143.80        2     0.00000
    -143.65        2     0.00000
    -143.49        2     0.00000
    -143.34        2     0.00000
    -143.20        2     0.00000
    -143.05        2     0.00000
    -142.90        2     0.00000
    -142.74        2     0.00000
    -142.59        2     0.00000
    -142.45        2     0.00000
    -142.30        2     0.00000
    -142.15        2     0.00000
    -141.99        2     0.00000
    -141.84        2     0.00000
    -141.70        2     0.00000
    -141.55        2     0.00000
    -141.40        2     0.00000
    -141.24        2     0.00000
    -141.09        2     0.00000
    -140.95        2     0.00000
    -140.80        2     0.00000
    -140.65        2     0.00000
    -140.49        2     0.00000
    -140.34        2     0.00000
    -140.20        2     0.00000
    -140.05        2     0.00000
    -139.90        2     0.00000
    -139.74        2     0.00000
    -139.59        2     0.00000
    -139.45        2     0.00000
    -139.30        2     0.00000
    -139.15        2     0.00000
    -138.99        2     0.00000
    -138.84        2     0.00000
    -138.70        2     0.00000
    -138.55        2     0.00000
    -138.40        2     0.00000
    -138.24        2     0.00000
    -138.09        2     0.00000
    -137.95        2     0.00000
    -137.80        2     0.00000
    -137.65        2     0.00000
    -137.49        2     0.00000
    -137.34        2     0.00000
    -137.20        2     0.00000
    -137.05        2     0.00000
    -136.90        2     0.00000
    -136.74        2     0.00000
    -136.59        2     0.00000
    -136.45        2     0.00000
    -136.30        2     0.00000
    -136.15        2     0.00000
    -135.99        2     0.00000
    -135.84        2     0.00000
    -135.70        2     0.00000
    -135.55        2     0.00000
    -135.40        2     0.00000
    -135.24        2     0.00000
    -135.09        2     0.00000
    -134.95        2     0.00000
    -134.80        2     0.00000
    -134.65        2     0.00000
    -134.49        2     0.00000
    -134.34        2     0.00000
    -134.20        2     0.00000
    -134.05        2     0.00000
    -133.90        2     0.00000
    -133.74        2     0.00000
    -133.59        2     0.00000
    -133.45        2     0.00000
    -133.30        2     0.00000
    -133.15        2     0.00000
    -132.99        2     0.00000
    -132.84        2     0.00000
    -132.70        2     0.00000
    -132.55        2     0.00000
    -132.40        2     0.00000
    -132.24        2     0.00000
    -132.09        2     0.00000
    -131.95        2     0.00000
    -131.80        2     0.00000
    -131.65        2     0.00000
    -131.49        2     0.00000
    -131.34        2     0.00000
    -131.20        2     0.00000
    -131.05        2     0.00000
    -130.90        2     0.00000
    -130.74        2     0.00000
    -130.59        2     0.00000
    -130.45        2     0.00000
    -130.30        2     0.00000
    -130.15        2     0.00000
    -129.99        2     0.00000
    -129.84        2     0.00000
    -129.70        2     0.00000
    -129.55        2     0.00000
    -129.40        2     0.00000
    -129.24        2     0.00000
    -129.09        2     0.00000
    -128.95        2     0.00000
    -128.80        2     0.00000
    -128.65        2     0.00000
    -128.49        2     0.00000
    -128.34        2     0.00000
    -128.20        2     0.00000
    -128.05        2     0.00000
    -127.89        2     0.00000
    -127.75        2     0.00000
    -127.60        2     0.00000
    -127.44        2     0.00000
    -127.30        2     0.00000
    -127.14        2     0.00000
    -127.00        2     0.00000
    -126.85        2     0.00000
    -126.69        2     0.00000
    -126.55        2     0.00000
    -126.39        2     0.00000
    -126.25        2     0.00000
    -126.10        2     0.00000
    -125.94        2     0.00000
    -125.80        2     0.00000
    -125.64        2     0.00000
    -125.50        2     0.00000
    -125.35        2     0.00000
    -125.19        2     0.00000
    -125.05        2     0.00000
    -124.89        2     0.00000
    -124.75        2     0.00000
    -124.60        2     0.00000
    -124.44        2     0.00000
    -124.30        2     0.00000
    -124.14        2     0.00000
    -124.00        2     0.00000
    -123.85        2     0.00000
    -123.69        2     0.00000
    -123.55        2     0.00000
    -123.39        2     0.00000
    -123.25        2     0.00000
    -123.10        2     0.00000
    -122.94        2     0.00000
    -122.80        2     0.00000
    -122.64        2     0.00000
    -122.50        2     0.00000
    -122.35        2     0.00000
    -122.19        2     0.00000
    -122.05        2     0.00000
    -121.89        2     0.00000
    -121.75        2     0.00000
    -121.60        2     0.00000
    -121.44        2     0.00000
    -121.30        2     0.00000
    -121.14        2     0.00000
    -121.00        2     0.00000
    -120.85        2     0.00000
    -120.69        2     0.00000
    -120.55        2     0.00000
    -120.39        2     0.00000
    -120.25        2     0.00000
    -120.10        2     0.00000
    -119.94        2     0.00000
    -119.80        2     0.00000
    -119.64        2     0.00000
    -119.50        2     0.00000
    -119.35        2     0.00000
    -119.19        2     0.00000
    -119.05        2     0.00000
    -118.89        2     0.00000
    -118.75        2     0.00000
    -118.60        2     0.00000
    -118.44        2     0.00000
    -118.30        2     0.00000
    -118.14        2     0.00000
    -118.00        2     0.00000
    -117.85        2     0.00000
    -117.69        2     0.00000
    -117.55        2     0.00000
    -117.39        2     0.00000
    -117.25        2     0.00000
    -117.10        2     0.00000
    -116.94        2     0.00000
    -116.80        2     0.00000
    -116.64        2     0.00000
    -116.50        2     0.00000
    -116.35        2     0.00000
    -116.19        2     0.00000
    -116.05        2     0.00000
    -115.89        2     0.00000
    -115.75        2     0.00000
    -115.60        2     0.00000
    -115.44        2     0.00000
    -115.30        2     0.00000
    -115.14        2     0.00000
    -115.00        2     0.00000
    -114.85        2     0.00000
    -114.69        2     0.00000
    -114.55        2     0.00000
    -114.39        2     0.00000
    -114.25        2     0.00000
    -114.10        2     0.00000
    -113.94        2     0.00000
    -113.80        2     0.00000
    -113.64        2     0.00000
    -113.50        2     0.00000
    -113.35        2     0.00000
    -113.19        2     0.00000
    -113.05        2     0.00000
    -112.89        2     0.00000
    -112.75        2     0.00000
    -112.60        2     0.00000
    -112.44        2     0.00000
    -112.30        2     0.00000
    -112.14        2     0.00000
    -112.00        2     0.00000
    -111.85        2     0.00000
    -111.69        2     0.00000
    -111.55        2     0.00000
    -111.39        2     0.00000
    -111.25        2     0.00000
    -111.10        2     0.00000
    -110.94        2     0.00000
    -110.80        2     0.00000
    -110.64        2     0.00000
    -110.50        2     0.00000
    -110.35        2     0.00000
    -110.19        2     0.00000
    -110.05        2     0.00000
    -109.89        2     0.00000
    -109.75        2     0.00000
    -109.60        2     0.00000
    -109.44        2     0.00000
    -109.30        2     0.00000
    -109.14        2     0.00000
    -109.00        2     0.00000
    -108.85        2     0.00000
    -108.69        2     0.00000
    -108.55        2     0.00000
    -108.39        2     0.00000
    -108.25        2     0.00000
    -108.10        2     0.00000
    -107.94        2     0.00000
    -107.80        2     0.00000
    -107.64        2     0.00000
    -107.50        2     0.00000
    -107.35        2     0.00000
    -107.19        2     0.00000
    -107.05        2     0.00000
    -106.89        2     0.00000
    -106.75        2     0.00000
    -106.60        2     0.00000
    -106.44        2     0.00000
    -106.30        2     0.00000
    -106.14        2     0.00000
    -106.00        2     0.00000
    -105.85        2     0.00000
    -105.69        2     0.00000
    -105.55        2     0.00000
    -105.39        2     0.00000
    -105.25        2     0.00000
    -105.10        2     0.00000
    -104.94        2     0.00000
    -104.80        2     0.00000
    -104.64        2     0.00000
    -104.50        2     0.00000
    -104.35        2     0.00000
    -104.19        2     0.00000
    -104.05        2     0.00000
    -103.89        2     0.00000
    -103.75        2     0.00000
    -103.60        2     0.00000
    -103.44        2     0.00000
    -103.30        2     0.00000
    -103.14        2     0.00000
    -103.00        2     0.00000
    -102.85        2     0.00000
    -102.69        2     0.00000
    -102.55        2     0.00000
    -102.39        2     0.00000
    -102.25        2     0.00000
    -102.10        2     0.00000
    -101.94        2     0.00000
    -101.80        2     0.00000
    -101.64        2     0.00000
    -101.50        2     0.00000
    -101.35        2     0.00000
    -101.19        2     0.00000
    -101.05        2     0.00000
    -100.89        2     0.00000
    -100.75        2     0.00000
    -100.60        2     0.00000
    -100.44        2     0.00000
    -100.30        2     0.00000
    -100.14        2     0.00000
    -99.995        2     0.00000
    -99.845        2     0.00000
    -99.695        2     0.00000
    -99.545        2     0.00000
    -99.395        2     0.00000
    -99.245        2     0.00000
    -99.095        2     0.00000
    -98.945        2     0.00000
    -98.795        2     0.00000
    -98.645        2     0.00000
    -98.495        2     0.00000
    -98.345        2     0.00000
    -98.195        2     0.00000
    -98.045        2     0.00000
    -97.895        2     0.00000
    -97.745        2     0.00000
    -97.595        2     0.00000
    -97.445        2     0.00000
    -97.295        2     0.00000
    -97.145        2     0.00000
    -96.995        2     0.00000
    -96.845        2     0.00000
    -96.695        2     0.00000
    -96.545        2     0.00000
    -96.395        2     0.00000
    -96.245        2     0.00000
    -96.095        2     0.00000
    -95.945        2     0.00000
    -95.795        2     0.00000
    -95.645        2     0.00000
    -95.495        2     0.00000
    -95.345        2     0.00000
    -95.195        2     0.00000
    -95.045        2     0.00000
    -94.895        2     0.00000
    -94.745        2     0.00000
    -94.595        2     0.00000
    -94.445        2     0.00000
    -94.295        2     0.00000
    -94.145        2     0.00000
    -93.995        2     0.00000
    -93.845        2     0.00000
    -93.695        2     0.00000
    -93.545        2     0.00000
    -93.395        2     0.00000
    -93.245        2     0.00000
    -93.095        2     0.00000
    -92.945        2     0.00000
    -92.795        2     0.00000
    -92.645        2     0.00000
    -92.495        2     0.00000
    -92.345        2     0.00000
    -92.195        2     0.00000
    -92.045        2     0.00000
    -91.895        2     0.00000
    -91.745        2     0.00000
    -91.595        2     0.00000
    -91.445        2     0.00000
    -91.295        2     0.00000
    -91.145        2     0.00000
    -90.995        2     0.00000
    -90.845        2     0.00000
    -90.695        2     0.00000
    -90.545        2     0.00000
    -90.395        2     0.00000
    -90.245        2     0.00000
    -90.095        2     0.00000
    -89.945        2     0.00000
    -89.795        2     0.00000
    -89.645        2     0.00000
    -89.495        2     0.00000
    -89.345        2     0.00000
    -89.195        2     0.00000
    -89.045        2     0.00000
    -88.895        2     0.00000
    -88.745        2     0.00000
    -88.595        2     0.00000
    -88.445        2     0.00000
    -88.295        2     0.00000
    -88.145        2     0.00000
    -87.995        2     0.00000
    -87.845        2     0.00000
    -87.695        2    -0.12192
    -87.545        2    -2.62445
    -87.395        2    -6.11011
    -87.245        2    -9.82157
    -87.095        2   -13.44998
    -86.945        2   -16.81681
    -86.795        2   -19.93536
    -86.645        2   -22.73343
    -86.495        2   -25.14484
    -86.345        2   -27.23529
    -86.195        2   -29.06408
    -86.045        2   -30.61263
    -85.895        2   -31.94119
    -85.745        2   -33.07582
    -85.595        2   -34.03268
    -85.445        2   -34.82003
    -85.295        2   -35.46845
    -85.145        2   -36.01432
    -84.995        2   -36.46104
    -84.845        2   -36.83957
    -84.695        2   -37.16540
    -84.545        2   -37.41387
    -84.395        2   -37.63062
    -84.245        2   -37.81612
    -84.095        2   -37.95788
    -83.945        2   -38.07988
    -83.795        2   -38.17479
    -83.645        2   -38.25542
    -83.495        2   -38.31967
    -83.345        2   -38.36961
    -83.195        2   -38.41662
    -83.045        2   -38.44781
    -82.895        2   -38.47703
    -82.745        2   -38.50144
    -82.595        2   -38.51973
    -82.445        2   -38.53608
    -82.295        2   -38.54861
    -82.145        2   -38.55972
    -81.995        2   -38.57047
    -81.845        2   -38.57848
    -81.695        2   -38.58329
    -81.545        2   -38.58743
    -81.395        2   -38.59210
    -81.245        2   -38.59554
    -81.095        2   -38.59862
    -80.945        2   -38.60349
    -80.795        2   -38.60599
    -80.645        2   -38.60790
    -80.495        2   -38.60948
    -80.345        2   -38.60978
    -80.195        2   -38.61099
    -80.045        2   -38.61218
    -79.895        2   -38.61269
    -79.745        2   -38.61301
    -79.595        2   -38.61351
    -79.445        2   -38.61419
    -79.295        2   -38.61523
    -79.145        2   -38.61534
    -78.995        2   -38.61635
    -78.845        2   -38.61647
    -78.695        2   -38.61660
    -78.545        2   -38.61691
    -78.395        2   -38.61705
    -78.245        2   -38.61773
    -78.095        2   -38.61820
    -77.945        2   -38.61834
    -77.795        2   -38.61847
    -77.645        2   -38.61860
    -77.495        2   -38.61873
    -77.345        2   -38.61888
    -77.195        2   -38.61902
    -77.045        2   -38.61919
    -76.895        2   -38.61930
    -76.745        2   -38.61946
    -76.595        2   -38.61964
    -76.445        2   -38.61980
    -76.295        2   -38.62013
    -76.145        2   -38.62050
    -75.995        2   -38.62067
    -75.845        2   -38.62080
    -75.695        2   -38.62095
    -75.545        2   -38.62111
    -75.395        2   -38.62147
    -75.245        2   -38.62161
    -75.095        2   -38.62192
    -74.945        2   -38.62245
    -74.795        2   -38.62261
    -74.645        2   -38.62278
    -74.495        2   -38.62330
    -74.345        2   -38.62344
    -74.195        2   -38.62360
    -74.045        2   -38.62379
    -73.895        2   -38.62397
    -73.745        2   -38.62414
    -73.595        2   -38.62448
    -73.445        2   -38.62467
    -73.295        2   -38.62482
    -73.145        2   -38.62521
    -72.995        2   -38.62537
    -72.845        2   -38.62575
    -72.695        2   -38.62609
    -72.545        2   -38.62625
    -72.395        2   -38.62646
    -72.245        2   -38.62667
    -72.095        2   -38.62686
    -71.945        2   -38.62720
    -71.795        2   -38.62739
    -71.645        2   -38.62757
    -71.495        2   -38.62777
    -71.345        2   -38.62799
    -71.195        2   -38.62817
    -71.045        2   -38.62836
    -70.895        2   -38.62856
    -70.745        2   -38.62875
    -70.595        2   -38.62896
    -70.445        2   -38.62914
    -70.295        2   -38.62936
    -70.145        2   -38.62957
    -69.995        2   -38.62975
    -69.845        2   -38.62993
    -69.695        2   -38.63010
    -69.545        2   -38.63033
    -69.395        2   -38.63056
    -69.245        2   -38.63075
    -69.095        2   -38.63097
    -68.945        2   -38.63118
    -68.795        2   -38.63141
    -68.645        2   -38.63164
    -68.495        2   -38.63186
    -68.345        2   -38.63206
    -68.195        2   -38.63229
    -68.045        2   -38.63249
    -67.895        2   -38.63274
    -67.745        2   -38.63298
    -67.595        2   -38.63339
    -67.445        2   -38.63362
    -67.295        2   -38.63384
    -67.145        2   -38.63412
    -66.995        2   -38.63437
    -66.845        2   -38.63462
    -66.695        2   -38.63505
    -66.545        2   -38.63533
    -66.395        2   -38.63555
    -66.245        2   -38.63579
    -66.095        2   -38.63608
    -65.945        2   -38.63635
    -65.795        2   -38.63660
    -65.645        2   -38.63688
    -65.495        2   -38.63814
    -65.345        2   -38.74149
    -65.195        2   -38.92724
    -65.045        2   -39.15328
    -64.895        2   -39.40468
    -64.745        2   -39.65686
    -64.595        2   -39.92020
    -64.445        2   -40.20426
    -64.295        2   -40.47905
    -64.145        2   -40.75159
    -63.995        2   -41.00937
    -63.845        2   -41.25319
    -63.695        2   -41.50945
    -63.545        2   -41.74329
    -63.395        2   -41.97010
    -63.245        2   -42.17062
    -63.095        2   -42.36717
    -62.945        2   -42.56826
    -62.795        2   -42.75411
    -62.645        2   -42.94170
    -62.495        2   -43.12196
    -62.345        2   -43.28867
    -62.195        2   -43.45620
    -62.045        2   -43.61265
    -61.895        2   -43.76286
    -61.745        2   -43.90953
    -61.595        2   -44.05037
    -61.445        2   -44.19352
    -61.295        2   -44.33157
    -61.145        2   -44.46581
    -60.995        2   -44.60729
    -60.845        2   -44.75554
    -60.695        2   -44.89752
    -60.545        2   -45.03612
    -60.395        2   -45.16271
    -60.245        2   -45.29582
    -60.095        2   -45.42581
    -59.945        2   -45.55896
    -59.795        2   -45.68932
    -59.645        2   -45.81563
    -59.495        2   -45.94151
    -59.345        2   -46.07001
    -59.195        2   -46.19679
    -59.045        2   -46.31420
    -58.895        2   -46.42318
    -58.745        2   -46.53960
    -58.595        2   -46.64855
    -58.445        2   -46.75790
    -58.295        2   -46.85936
    -58.145        2   -46.95565
    -57.995        2   -47.05279
    -57.845        2   -47.15232
    -57.695        2   -47.24366
    -57.545        2   -47.33609
    -57.395        2   -47.43071
    -57.245        2   -47.51466
    -57.095        2   -47.60096
    -56.945        2   -47.69184
    -56.795        2   -47.78127
    -56.645        2   -47.86690
    -56.495        2   -47.95362
    -56.345        2   -48.04407
    -56.195        2   -48.13442
    -56.045        2   -48.21666
    -55.895        2   -48.30831
    -55.745        2   -48.39414
    -55.595        2   -48.49004
    -55.445        2   -48.58395
    -55.295        2   -48.67354
    -55.145        2   -48.77466
    -54.995        2   -48.87361
    -54.845        2   -48.96760
    -54.695        2   -49.06315
    -54.545        2   -49.15583
    -54.395        2   -49.24759
    -54.245        2   -49.34837
    -54.095        2   -49.44672
    -53.945        2   -49.54547
    -53.795        2   -49.64968
    -53.645        2   -49.75140
    -53.495        2   -49.85630
    -53.345        2   -49.95299
    -53.195        2   -50.05131
    -53.045        2   -50.15907
    -52.895        2   -50.25749
    -52.745        2   -50.35684
    -52.595        2   -50.45862
    -52.445        2   -50.56018
    -52.295        2   -50.65976
    -52.145        2   -50.75735
    -51.995        2   -50.86209
    -51.845        2   -50.96487
    -51.695        2   -51.06962
    -51.545        2   -51.17521
    -51.395        2   -51.27673
    -51.245        2   -51.37696
    -51.095        2   -51.47215
    -50.945        2   -51.57808
    -50.795        2   -51.67894
    -50.645        2   -51.77255
    -50.495        2   -51.86723
    -50.345        2   -51.96153
    -50.195        2   -52.05579
    -50.045        2   -52.14485
    -49.895        2   -52.23766
    -49.745        2   -52.35273
    -49.595        2   -52.48277
    -49.445        2   -52.63049
    -49.295        2   -52.79632
    -49.145        2   -52.96411
    -48.995        2   -53.15028
    -48.845        2   -53.33905
    -48.695        2   -53.53507
    -48.545        2   -53.73376
    -48.395        2   -53.94695
    -48.245        2   -54.15729
    -48.095        2   -54.36502
    -47.945        2   -54.58379
    -47.795        2   -54.79615
    -47.645        2   -55.00284
    -47.495        2   -55.20782
    -47.345        2   -55.39337
    -47.195        2   -55.57963
    -47.045        2   -55.75331
    -46.895        2   -55.92497
    -46.745        2   -56.08403
    -46.595        2   -56.23780
    -46.445        2   -56.39038
    -46.295        2   -56.52765
    -46.145        2   -56.65728
    -45.995        2   -56.79159
    -45.845        2   -56.91412
    -45.695        2   -57.02898
    -45.545        2   -57.14166
    -45.395        2   -57.24403
    -45.245        2   -57.34270
    -45.095        2   -57.43752
    -44.945        2   -57.53377
    -44.795        2   -57.62450
    -44.645        2   -57.71070
    -44.495        2   -57.78895
    -44.345        2   -57.86605
    -44.195        2   -57.94370
    -44.045        2   -58.02018
    -43.895        2   -58.09203
    -43.745        2   -58.16067
    -43.595        2   -58.22895
    -43.445        2   -58.29423
    -43.295        2   -58.35646
    -43.145        2   -58.41839
    -42.995        2   -58.48495
    -42.845        2   -58.55161
    -42.695        2   -58.62057
    -42.545        2   -58.68267
    -42.395        2   -58.74768
    -42.245        2   -58.80615
    -42.095        2   -58.87099
    -41.945        2   -58.93185
    -41.795        2   -58.99119
    -41.645        2   -59.05154
    -41.495        2   -59.11044
    -41.345        2   -59.16951
    -41.195        2   -59.22343
    -41.045        2   -59.28146
    -40.895        2   -59.33823
    -40.745        2   -59.39039
    -40.595        2   -59.44711
    -40.445        2   -59.50054
    -40.295        2   -59.55559
    -40.145        2   -59.60496
    -39.995        2   -59.65727
    -39.845        2   -59.71260
    -39.695        2   -59.77174
    -39.545        2   -59.82848
    -39.395        2   -59.88547
    -39.245        2   -59.94847
    -39.095        2   -60.00655
    -38.945        2   -60.07212
    -38.795        2   -60.13918
    -38.645        2   -60.20716
    -38.495        2   -60.27392
    -38.345        2   -60.33927
    -38.195        2   -60.40927
    -38.045        2   -60.47529
    -37.895        2   -60.53949
    -37.745        2   -60.60447
    -37.595        2   -60.66810
    -37.445        2   -60.73234
    -37.295        2   -60.79378
    -37.145        2   -60.85239
    -36.995        2   -60.91227
    -36.845        2   -60.97067
    -36.695        2   -61.02910
    -36.545        2   -61.08814
    -36.395        2   -61.14459
    -36.245        2   -61.19707
    -36.095        2   -61.25004
    -35.945        2   -61.30335
    -35.795        2   -61.35465
    -35.645        2   -61.40758
    -35.495        2   -61.45844
    -35.345        2   -61.50655
    -35.195        2   -61.56535
    -35.045        2   -61.62223
    -34.895        2   -61.67853
    -34.745        2   -61.73748
    -34.595        2   -61.79490
    -34.445        2   -61.85325
    -34.295        2   -61.91446
    -34.145        2   -61.97767
    -33.995        2   -62.03813
    -33.845        2   -62.09818
    -33.695        2   -62.15974
    -33.545        2   -62.22179
    -33.395        2   -62.28366
    -33.245        2   -62.34563
    -33.095        2   -62.40775
    -32.945        2   -62.46653
    -32.795        2   -62.52935
    -32.645        2   -62.59068
    -32.495        2   -62.64925
    -32.345        2   -62.71050
    -32.195        2   -62.77307
    -32.045        2   -62.83862
    -31.895        2   -62.90390
    -31.745        2   -62.97245
    -31.595        2   -63.04610
    -31.445        2   -63.12167
    -31.295        2   -63.20362
    -31.145        2   -63.28902
    -30.995        2   -63.37641
    -30.845        2   -63.46808
    -30.695        2   -63.56392
    -30.545        2   -63.65905
    -30.395        2   -63.76312
    -30.245        2   -63.86539
    -30.095        2   -63.96884
    -29.945        2   -64.07497
    -29.795        2   -64.17890
    -29.645        2   -64.27893
    -29.495        2   -64.38216
    -29.345        2   -64.48599
    -29.195        2   -64.58754
    -29.045        2   -64.69235
    -28.895        2   -64.79022
    -28.745        2   -64.89154
    -28.595        2   -64.98876
    -28.445        2   -65.08586
    -28.295        2   -65.18580
    -28.145        2   -65.27878
    -27.995        2   -65.37038
    -27.845        2   -65.46137
    -27.695        2   -65.55459
    -27.545        2   -65.64580
    -27.395        2   -65.74022
    -27.245        2   -65.82814
    -27.095        2   -65.91387
    -26.945        2   -65.99904
    -26.795        2   -66.08584
    -26.645        2   -66.16492
    -26.495        2   -66.24524
    -26.345        2   -66.32526
    -26.195        2   -66.40296
    -26.045        2   -66.48329
    -25.895        2   -66.56154
    -25.745        2   -66.63725
    -25.595        2   -66.71479
    -25.445        2   -66.79001
    -25.295        2   -66.86397
    -25.145        2   -66.93641
    -24.995        2   -67.01085
    -24.845        2   -67.08507
    -24.695        2   -67.15787
    -24.545        2   -67.23000
    -24.395        2   -67.30156
    -24.245        2   -67.37411
    -24.095        2   -67.44600
    -23.945        2   -67.51901
    -23.795        2   -67.59138
    -23.645        2   -67.66391
    -23.495        2   -67.73518
    -23.345        2   -67.80681
    -23.195        2   -67.87902
    -23.045        2   -67.95123
    -22.895        2   -68.02670
    -22.745        2   -68.09677
    -22.595        2   -68.16818
    -22.445        2   -68.24369
    -22.295        2   -68.31461
    -22.145        2   -68.38158
    -21.995        2   -68.45361
    -21.845        2   -68.52659
    -21.695        2   -68.59414
    -21.545        2   -68.66563
    -21.395        2   -68.73636
    -21.245        2   -68.80531
    -21.095        2   -68.87780
    -20.945        2   -68.94831
    -20.795        2   -69.01843
    -20.645        2   -69.09146
    -20.495        2   -69.16345
    -20.345        2   -69.23459
    -20.195        2   -69.30817
    -20.045        2   -69.38300
    -19.895        2   -69.45943
    -19.745        2   -69.53360
    -19.595        2   -69.60829
    -19.445        2   -69.68346
    -19.295        2   -69.75827
    -19.145        2   -69.83667
    -18.995        2   -69.91508
    -18.845        2   -69.99224
    -18.695        2   -70.07267
    -18.545        2   -70.15221
    -18.395        2   -70.23498
    -18.245        2   -70.32093
    -18.095        2   -70.40572
    -17.945        2   -70.49030
    -17.795        2   -70.57470
    -17.645        2   -70.66120
    -17.495        2   -70.74931
    -17.345        2   -70.84110
    -17.195        2   -70.93340
    -17.045        2   -71.02625
    -16.895        2   -71.12137
    -16.745        2   -71.21735
    -16.595        2   -71.31723
    -16.445        2   -71.41735
    -16.295        2   -71.52046
    -16.145        2   -71.62418
    -15.995        2   -71.73037
    -15.845        2   -71.83806
    -15.695        2   -71.94658
    -15.545        2   -72.05594
    -15.395        2   -72.16236
    -15.245        2   -72.27766
    -15.095        2   -72.39041
    -14.945        2   -72.50535
    -14.795        2   -72.62288
    -14.645        2   -72.74235
    -14.495        2   -72.85915
    -14.345        2   -72.97624
    -14.195        2   -73.09501
    -14.045        2   -73.21647
    -13.895        2   -73.33512
    -13.745        2   -73.45814
    -13.595        2   -73.58145
    -13.445        2   -73.70589
    -13.295        2   -73.83295
    -13.145        2   -73.96330
    -12.995        2   -74.09472
    -12.845        2   -74.22373
    -12.695        2   -74.35678
    -12.545        2   -74.48816
    -12.395        2   -74.62474
    -12.245        2   -74.76345
    -12.095        2   -74.90108
    -11.945        2   -75.04405
    -11.795        2   -75.18632
    -11.645        2   -75.33015
    -11.495        2   -75.47721
    -11.345        2   -75.62937
    -11.195        2   -75.78139
    -11.045        2   -75.93259
    -10.895        2   -76.08907
    -10.745        2   -76.24581
    -10.595        2   -76.40602
    -10.445        2   -76.56819
    -10.295        2   -76.73075
    -10.145        2   -76.89540
    -9.9950        2   -77.06121
    -9.8450        2   -77.22885
    -9.6950        2   -77.39938
    -9.5450        2   -77.57050
    -9.3950        2   -77.74598
    -9.2450        2   -77.92198
    -9.0950        2   -78.09967
    -8.9450        2   -78.28020
    -8.7950        2   -78.46216
    -8.6450        2   -78.64761
    -8.4950        2   -78.83618
    -8.3450        2   -79.02365
    -8.1950        2   -79.21594
    -8.0450        2   -79.41203
    -7.8950        2   -79.60708
    -7.7450        2   -79.80569
    -7.5950        2   -80.00669
    -7.4450        2   -80.20982
    -7.2950        2   -80.41548
    -7.1450        2   -80.62549
    -6.9950        2   -80.83553
    -6.8450        2   -81.04957
    -6.6950        2   -81.26763
    -6.5450        2   -81.48969
    -6.3950        2   -81.71354
    -6.2450        2   -81.94262
    -6.0950        2   -82.17544
    -5.9450        2   -82.41479
    -5.7950        2   -82.65732
    -5.6450        2   -82.90681
    -5.4950        2   -83.16250
    -5.3450        2   -83.42678
    -5.1950        2   -83.69521
    -5.0450        2   -83.96969
    -4.8950        2   -84.25491
    -4.7450        2   -84.54816
    -4.5950        2   -84.84936
    -4.4450        2   -85.15773
    -4.2950        2   -85.47539
    -4.1450        2   -85.80239
    -3.9950        2   -86.14032
    -3.8450        2   -86.48988
    -3.6950        2   -86.85119
    -3.5450        2   -87.22739
    -3.3950        2   -87.61777
    -3.2450        2   -88.02513
    -3.0950        2   -88.45187
    -2.9450        2   -88.89916
    -2.7950        2   -89.37048
    -2.6450        2   -89.87002
    -2.4950        2   -90.39855
    -2.3450        2   -90.96218
    -2.1950        2   -91.57052
    -2.0450        2   -92.23443
    -1.8950        2   -92.95668
    -1.7450        2   -93.74989
    -1.5950        2   -94.62190
    -1.4450        2   -95.58636
    -1.2950        2   -96.68132
    -1.1450        2   -98.00490
   -0.99500        2   -99.46723
   -0.84500        2  -101.03926
   -0.69500        2  -102.73462
   -0.54500        2  -104.56385
   -0.39500        2  -106.50466
   -0.25300        2  -107.73629
   -0.21500        2  -107.80992
   -0.20900        2  -107.88306
   -0.20300        2  -107.95591
   -0.19700        2  -108.02811
   -0.19100        2  -108.09990
   -0.18500        2  -108.17071
   -0.17900        2  -108.24084
   -0.17300        2  -108.31017
   -0.16700        2  -108.37865
   -0.16100        2  -108.44669
   -0.15500        2  -108.51327
   -0.14900        2  -108.57885
   -0.14300        2  -108.64347
   -0.13700        2  -108.70693
   -0.13100        2  -108.76923
   -0.12500        2  -108.83009
   -0.11900        2  -108.88961
   -0.11300        2  -108.94753
   -0.10700        2  -109.00394
   -0.10100        2  -109.05867
   -0.95000E-01    2  -109.11155
   -0.89000E-01    2  -109.16244
   -0.83000E-01    2  -109.21134
   -0.77000E-01    2  -109.25785
   -0.71000E-01    2  -109.30210
   -0.65000E-01    2  -109.34383
   -0.59000E-01    2  -109.38294
   -0.53000E-01    2  -109.41925
   -0.47000E-01    2  -109.45242
   -0.41000E-01    2  -109.48229
   -0.35000E-01    2  -109.50862
   -0.29000E-01    2  -109.53116
   -0.23000E-01    2  -109.54964
   -0.19700E-01    2  -109.55126
   -0.19100E-01    2  -109.55283
   -0.18500E-01    2  -109.55436
   -0.17900E-01    2  -109.55584
   -0.17300E-01    2  -109.55727
   -0.16700E-01    2  -109.55866
   -0.16100E-01    2  -109.56001
   -0.15500E-01    2  -109.56132
   -0.14900E-01    2  -109.56257
   -0.14300E-01    2  -109.56378
   -0.13700E-01    2  -109.56495
   -0.13100E-01    2  -109.56607
   -0.12500E-01    2  -109.56714
   -0.11900E-01    2  -109.56816
   -0.11300E-01    2  -109.56914
   -0.10700E-01    2  -109.57006
   -0.10100E-01    2  -109.57093
   -0.95000E-02    2  -109.57176
   -0.89000E-02    2  -109.57253
   -0.83000E-02    2  -109.57326
   -0.77000E-02    2  -109.57394
   -0.71000E-02    2  -109.57456
   -0.65000E-02    2  -109.57514
   -0.59000E-02    2  -109.57566
   -0.53000E-02    2  -109.57614
   -0.47000E-02    2  -109.57656
   -0.41000E-02    2  -109.57693
   -0.35000E-02    2  -109.57724
   -0.29000E-02    2  -109.57751
   -0.23000E-02    2  -109.57772
   -0.17000E-02    2  -109.57787
   -0.11000E-02    2  -109.57797
   -0.50000E-03    2  -109.57802
    0.10000E-03    2  -109.57801
    0.70000E-03    2  -109.57794
    0.13000E-02    2  -109.57782
    0.19000E-02    2  -109.57765
    0.25000E-02    2  -109.57741
    0.31000E-02    2  -109.57712
    0.37000E-02    2  -109.57678
    0.43000E-02    2  -109.57637
    0.49000E-02    2  -109.57591
    0.55000E-02    2  -109.57539
    0.61000E-02    2  -109.57481
    0.67000E-02    2  -109.57417
    0.73000E-02    2  -109.57346
    0.79000E-02    2  -109.57269
    0.85000E-02    2  -109.57187
    0.91000E-02    2  -109.57098
    0.97000E-02    2  -109.57004
    0.10300E-01    2  -109.56903
    0.10900E-01    2  -109.56796
    0.11500E-01    2  -109.56682
    0.12100E-01    2  -109.56563
    0.12700E-01    2  -109.56436
    0.13300E-01    2  -109.56303
    0.13900E-01    2  -109.56164
    0.14500E-01    2  -109.56017
    0.15100E-01    2  -109.55864
    0.15700E-01    2  -109.55705
    0.16300E-01    2  -109.55540
    0.16900E-01    2  -109.55366
    0.17500E-01    2  -109.55186
    0.18100E-01    2  -109.54999
    0.18700E-01    2  -109.54805
    0.19300E-01    2  -109.54605
    0.20200E-01    2  -109.53755
    0.25000E-01    2  -109.51054
    0.31000E-01    2  -109.47571
    0.37000E-01    2  -109.43233
    0.43000E-01    2  -109.37973
    0.49000E-01    2  -109.31718
    0.55000E-01    2  -109.24381
    0.61000E-01    2  -109.15855
    0.67000E-01    2  -109.06030
    0.73000E-01    2  -108.94787
    0.79000E-01    2  -108.81945
    0.85000E-01    2  -108.67367
    0.91000E-01    2  -108.50790
    0.97000E-01    2  -108.31844
    0.10300        2  -108.10236
    0.10900        2  -107.86083
    0.11500        2  -107.58811
    0.12100        2  -107.28864
    0.12700        2  -106.96161
    0.13300        2  -106.60484
    0.13900        2  -106.21768
    0.14500        2  -105.79641
    0.15100        2  -105.33834
    0.15700        2  -104.84105
    0.16300        2  -104.30287
    0.16900        2  -103.71966
    0.17500        2  -103.08961
    0.18100        2  -102.40997
    0.18700        2  -101.68054
    0.19300        2  -100.89992
    0.19900        2  -100.06906
    0.20500        2   -99.18497
    0.21100        2   -98.24895
    0.21700        2   -97.25974
    0.29500        2   -62.82678
    0.44500        2   -35.93804
    0.59500        2   -22.79865
    0.74500        2   -14.91529
    0.89500        2    -9.95341
     1.0450        2    -6.47609
     1.1950        2    -3.89948
     1.3450        2    -1.92087
     1.4950        2    -0.33703
     1.6450        2     0.98939
     1.7950        2     2.12860
     1.9450        2     3.11657
     2.0950        2     3.98921
     2.2450        2     4.76688
     2.3950        2     5.46996
     2.5450        2     6.10904
     2.6950        2     6.69528
     2.8450        2     7.23267
     2.9950        2     7.72641
     3.1450        2     8.18244
     3.2950        2     8.60299
     3.4450        2     8.99619
     3.5950        2     9.36116
     3.7450        2     9.70144
     3.8950        2    10.02068
     4.0450        2    10.31634
     4.1950        2    10.59231
     4.3450        2    10.84932
     4.4950        2    11.08933
     4.6450        2    11.31319
     4.7950        2    11.51367
     4.9450        2    11.69836
     5.0950        2    11.86560
     5.2450        2    12.01830
     5.3950        2    12.15721
     5.5450        2    12.28338
     5.6950        2    12.39461
     5.8450        2    12.49959
     5.9950        2    12.59372
     6.1450        2    12.67764
     6.2950        2    12.75250
     6.4450        2    12.82628
     6.5950        2    12.88966
     6.7450        2    12.94623
     6.8950        2    12.99928
     7.0450        2    13.04440
     7.1950        2    13.08280
     7.3450        2    13.12193
     7.4950        2    13.15433
     7.6450        2    13.17982
     7.7950        2    13.20115
     7.9450        2    13.22019
     8.0950        2    13.23607
     8.2450        2    13.24919
     8.3950        2    13.26192
     8.5450        2    13.27056
     8.6950        2    13.27889
     8.8450        2    13.28569
     8.9950        2    13.29343
     9.1450        2    13.29949
     9.2950        2    13.30440
     9.4450        2    13.30951
     9.5950        2    13.31374
     9.7450        2    13.31744
     9.8950        2    13.32005
     10.045        2    13.32433
     10.195        2    13.32673
     10.345        2    13.32894
     10.495        2    13.33067
     10.645        2    13.33278
     10.795        2    13.33543
     10.945        2    13.33765
     11.095        2    13.33990
     11.245        2    13.34230
     11.395        2    13.34393
     11.545        2    13.34571
     11.695        2    13.34786
     11.845        2    13.34946
     11.995        2    13.35112
     12.145        2    13.35234
     12.295        2    13.35345
     12.445        2    13.35552
     12.595        2    13.35679
     12.745        2    13.35790
     12.895        2    13.35951
     13.045        2    13.36026
     13.195        2    13.36154
     13.345        2    13.36241
     13.495        2    13.36352
     13.645        2    13.36429
     13.795        2    13.36587
     13.945        2    13.36750
     14.095        2    13.36875
     14.245        2    13.36994
     14.395        2    13.37158
     14.545        2    13.37236
     14.695        2    13.37313
     14.845        2    13.37436
     14.995        2    13.37510
     15.145        2    13.37599
     15.295        2    13.37713
     15.445        2    13.37785
     15.595        2    13.37892
     15.745        2    13.37996
     15.895        2    13.38095
     16.045        2    13.38172
     16.195        2    13.38273
     16.345        2    13.38413
     16.495        2    13.38529
     16.645        2    13.38663
     16.795        2    13.38730
     16.945        2    13.38862
     17.095        2    13.38910
     17.245        2    13.39024
     17.395        2    13.39125
     17.545        2    13.39224
     17.695        2    13.39309
     17.845        2    13.39401
     17.995        2    13.39494
     18.145        2    13.39556
     18.295        2    13.39633
     18.445        2    13.39670
     18.595        2    13.39733
     18.745        2    13.39772
     18.895        2    13.39833
     19.045        2    13.39903
     19.195        2    13.39937
     19.345        2    13.40016
     19.495        2    13.40066
     19.645        2    13.40087
     19.795        2    13.40110
     19.945        2    13.40139
     20.095        2    13.40238
     21.836        2    13.42000
     30.068        2    13.44248
     42.097        2    13.45217
     58.937        2    13.46058
     82.515        2    13.46418
     115.53        2    13.46362
     161.74        2    13.46004
     226.45        2    13.45535
     317.04        2    13.44533
     443.87        2    13.43387
     621.44        2    13.42655
     870.05        2    13.41688
     1218.1        2    13.40541
     1705.4        2    13.39293
     2387.7        2    13.38174
     3342.9        2    13.37205
     4680.2        2    13.36229
     6552.5        2    13.35132
     9173.8        2    13.34124
     12844.        2    13.33147
     17982.        2    13.31906
     25176.        2    13.30863
     35247.        2    13.29747
     49348.        2    13.28538
     69090.        2    13.27594
     96729.        2    13.26509
    0.13543E+06    2    13.25542
    0.18960E+06    2    13.24341
    0.26545E+06    2    13.23209
    0.37165E+06    2    13.22157
    0.52033E+06    2    13.21045
    0.72849E+06    2    13.20120
    0.10199E+07    2    13.18927
    0.14279E+07    2    13.17851
    0.19992E+07    2    13.16809
    0.27990E+07    2    13.15873
    0.39187E+07    2    13.14820
    0.54864E+07    2    13.13797
    0.76812E+07    2    13.12926
    0.10754E+08    2    13.11901
    0.15056E+08    2    13.11036
    0.21080E+08    2    13.10223
    0.29513E+08    2    13.09344
    0.41319E+08    2    13.08637
    0.57849E+08    2    13.07903
    0.80991E+08    2    13.07256
    0.11339E+09    2    13.06673
    0.15875E+09    2    13.06144
    0.22226E+09    2    13.05608
    0.31118E+09    2    13.05229
    0.43567E+09    2    13.04756
    0.60996E+09    2    13.04259
    0.85398E+09    2    13.03867
    0.11956E+10    2    13.03494
    0.16739E+10    2    13.03158
    0.23436E+10    2    13.02812
    0.32811E+10    2    13.02613
    0.45937E+10    2    13.02337
    0.64315E+10    2    13.02120
    0.90044E+10    2    13.01923
    0.12607E+11    2    13.01721
    0.17650E+11    2    13.01523
    0.24711E+11    2    13.01336
    0.34596E+11    2    13.01171
    0.48437E+11    2    13.01040
    0.67814E+11    2    13.00934
    0.10000E+12    2    12.99461
    -29.945        3     0.00000
    -29.795        3     0.00000
    -29.645        3     0.00000
    -29.495        3     0.00000
    -29.345        3     0.00000
    -29.195        3     0.00000
    -29.045        3     0.00000
    -28.895        3     0.00000
    -28.745        3     0.00000
    -28.595        3     0.00000
    -28.445        3     0.00000
    -28.295        3     0.00000
    -28.145        3     0.00000
    -27.995        3     0.00000
    -27.845        3     0.00000
    -27.695        3     0.00000
    -27.545        3     0.00000
    -27.395        3     0.00000
    -27.245        3     0.00000
    -27.095        3     0.00000
    -26.945        3     0.00000
    -26.795        3     0.00000
    -26.645        3     0.00000
    -26.495        3     0.00000
    -26.345        3     0.00000
    -26.195        3     0.00000
    -26.045        3     0.00000
    -25.895        3     0.00000
    -25.745        3     0.00000
    -25.595        3     0.00000
    -25.445        3     0.00000
    -25.295        3     0.00000
    -25.145        3     0.00000
    -24.995        3     0.00000
    -24.845        3     0.00000
    -24.695        3     0.00000
    -24.545        3     0.00000
    -24.395        3     0.00000
    -24.245        3     0.00000
    -24.095        3     0.00000
    -23.945        3     0.00000
    -23.795        3     0.00000
    -23.645        3     0.00000
    -23.495        3     0.00000
    -23.345        3     0.00000
    -23.195        3     0.00000
    -23.045        3     0.00000
    -22.895        3     0.00000
    -22.745        3     0.00000
    -22.595        3     0.00000
    -22.445        3     0.00000
    -22.295        3     0.00000
    -22.145        3     0.00000
    -21.995        3     0.00000
    -21.845        3     0.00000
    -21.695        3     0.00000
    -21.545        3     0.00000
    -21.395        3     0.00000
    -21.245        3     0.00000
    -21.095        3     0.00000
    -20.945        3     0.00000
    -20.795        3     0.00000
    -20.645        3     0.00000
    -20.495        3     0.00000
    -20.345        3     0.00000
    -20.195        3     0.00000
    -20.045        3     0.00000
    -19.895        3     0.00000
    -19.745        3     0.00000
    -19.595        3     0.00000
    -19.445        3     0.00000
    -19.295        3     0.00000
    -19.145        3     0.00000
    -18.995        3     0.00000
    -18.845        3     0.00000
    -18.695        3     0.00000
    -18.545        3     0.00000
    -18.395        3     0.00000
    -18.245        3     0.00000
    -18.095        3     0.00000
    -17.945        3     0.00000
    -17.795        3    -0.00003
    -17.645        3    -0.00065
    -17.495        3    -0.00267
    -17.345        3    -0.00742
    -17.195        3    -0.01543
    -17.045        3    -0.02706
    -16.895        3    -0.04132
    -16.745        3    -0.05782
    -16.595        3    -0.07635
    -16.445        3    -0.09532
    -16.295        3    -0.11580
    -16.145        3    -0.13658
    -15.995        3    -0.15639
    -15.845        3    -0.17593
    -15.695        3    -0.19382
    -15.545        3    -0.21320
    -15.395        3    -0.24028
    -15.245        3    -0.30867
    -15.095        3    -0.44130
    -14.945        3    -0.64460
    -14.795        3    -0.91066
    -14.645        3    -1.23212
    -14.495        3    -1.61321
    -14.345        3    -2.05081
    -14.195        3    -2.54475
    -14.045        3    -3.09180
    -13.895        3    -3.68375
    -13.745        3    -4.31091
    -13.595        3    -4.97656
    -13.445        3    -5.66359
    -13.295        3    -6.37014
    -13.145        3    -7.07784
    -12.995        3    -7.78587
    -12.845        3    -8.47930
    -12.695        3    -9.16700
    -12.545        3    -9.85065
    -12.395        3   -10.51886
    -12.245        3   -11.18874
    -12.095        3   -11.85859
    -11.945        3   -12.53122
    -11.795        3   -13.20423
    -11.645        3   -13.89094
    -11.495        3   -14.60614
    -11.345        3   -15.36789
    -11.195        3   -16.18634
    -11.045        3   -17.05523
    -10.895        3   -17.96629
    -10.745        3   -18.91854
    -10.595        3   -19.91613
    -10.445        3   -20.94663
    -10.295        3   -22.01276
    -10.145        3   -23.12204
    -9.9950        3   -24.28686
    -9.8450        3   -25.50712
    -9.6950        3   -26.77382
    -9.5450        3   -28.09164
    -9.3950        3   -29.46032
    -9.2450        3   -30.86823
    -9.0950        3   -32.30836
    -8.9450        3   -33.77654
    -8.7950        3   -35.26540
    -8.6450        3   -36.79629
    -8.4950        3   -38.35869
    -8.3450        3   -39.97068
    -8.1950        3   -41.63242
    -8.0450        3   -43.34335
    -7.8950        3   -45.11631
    -7.7450        3   -46.94081
    -7.5950        3   -48.80927
    -7.4450        3   -50.71808
    -7.2950        3   -52.64702
    -7.1450        3   -54.60374
    -6.9950        3   -56.59287
    -6.8450        3   -58.60373
    -6.6950        3   -60.64490
    -6.5450        3   -62.70939
    -6.3950        3   -64.80006
    -6.2450        3   -66.92948
    -6.0950        3   -69.10063
    -5.9450        3   -71.31412
    -5.7950        3   -73.57350
    -5.6450        3   -75.87564
    -5.4950        3   -78.20416
    -5.3450        3   -80.56220
    -5.1950        3   -82.93314
    -5.0450        3   -85.32945
    -4.8950        3   -87.73219
    -4.7450        3   -90.13681
    -4.5950        3   -92.55800
    -4.4450        3   -94.98950
    -4.2950        3   -97.44878
    -4.1450        3   -99.93671
    -3.9950        3  -102.46796
    -3.8450        3  -105.04835
    -3.6950        3  -107.70625
    -3.5450        3  -110.44165
    -3.3950        3  -113.26936
    -3.2450        3  -116.21514
    -3.0950        3  -119.29101
    -2.9450        3  -122.54726
    -2.7950        3  -126.00620
    -2.6450        3  -129.71941
    -2.4950        3  -133.74033
    -2.3450        3  -138.12770
    -2.1950        3  -142.95158
    -2.0450        3  -148.29924
    -1.8950        3  -154.30209
    -1.7450        3  -161.07448
    -1.5950        3  -168.69665
    -1.4450        3  -177.18879
    -1.2950        3  -186.48162
    -1.1450        3  -196.45754
   -0.99500        3  -206.98638
   -0.84500        3  -217.98596
   -0.69500        3  -229.44020
   -0.54500        3  -241.53759
   -0.39500        3  -254.97813
   -0.25300        3  -264.98427
   -0.21500        3  -265.66014
   -0.20900        3  -266.34480
   -0.20300        3  -267.03857
   -0.19700        3  -267.74186
   -0.19100        3  -268.45480
   -0.18500        3  -269.17869
   -0.17900        3  -269.91410
   -0.17300        3  -270.66204
   -0.16700        3  -271.42242
   -0.16100        3  -272.19621
   -0.15500        3  -272.98499
   -0.14900        3  -273.78911
   -0.14300        3  -274.60974
   -0.13700        3  -275.44778
   -0.13100        3  -276.30507
   -0.12500        3  -277.18380
   -0.11900        3  -278.08500
   -0.11300        3  -279.01117
   -0.10700        3  -279.96657
   -0.10100        3  -280.95306
   -0.95000E-01    3  -281.97405
   -0.89000E-01    3  -283.03423
   -0.83000E-01    3  -284.13898
   -0.77000E-01    3  -285.29672
   -0.71000E-01    3  -286.51615
   -0.65000E-01    3  -287.81091
   -0.59000E-01    3  -289.19810
   -0.53000E-01    3  -290.70132
   -0.47000E-01    3  -292.35767
   -0.41000E-01    3  -294.21682
   -0.35000E-01    3  -296.34178
   -0.29000E-01    3  -298.85373
   -0.23000E-01    3  -302.02111
   -0.19700E-01    3  -302.38991
   -0.19100E-01    3  -302.77332
   -0.18500E-01    3  -303.17197
   -0.17900E-01    3  -303.58654
   -0.17300E-01    3  -304.01774
   -0.16700E-01    3  -304.46624
   -0.16100E-01    3  -304.93274
   -0.15500E-01    3  -305.41784
   -0.14900E-01    3  -305.92261
   -0.14300E-01    3  -306.44727
   -0.13700E-01    3  -306.99292
   -0.13100E-01    3  -307.56007
   -0.12500E-01    3  -308.14968
   -0.11900E-01    3  -308.76294
   -0.11300E-01    3  -309.40019
   -0.10700E-01    3  -310.06221
   -0.10100E-01    3  -310.74997
   -0.95000E-02    3  -311.46372
   -0.89000E-02    3  -312.20411
   -0.83000E-02    3  -312.97188
   -0.77000E-02    3  -313.76904
   -0.71000E-02    3  -314.59968
   -0.65000E-02    3  -315.46499
   -0.59000E-02    3  -316.36430
   -0.53000E-02    3  -317.29684
   -0.47000E-02    3  -318.26024
   -0.41000E-02    3  -319.23770
   -0.35000E-02    3  -320.20204
   -0.29000E-02    3  -321.10787
   -0.23000E-02    3  -321.90083
   -0.17000E-02    3  -322.53146
   -0.11000E-02    3  -322.96012
   -0.50000E-03    3  -323.16064
    0.10000E-03    3  -323.12027
    0.70000E-03    3  -322.84162
    0.13000E-02    3  -322.34234
    0.19000E-02    3  -321.65304
    0.25000E-02    3  -320.81688
    0.31000E-02    3  -319.88578
    0.37000E-02    3  -318.91400
    0.43000E-02    3  -317.93908
    0.49000E-02    3  -316.98546
    0.55000E-02    3  -316.06403
    0.61000E-02    3  -315.17591
    0.67000E-02    3  -314.32189
    0.73000E-02    3  -313.50273
    0.79000E-02    3  -312.71573
    0.85000E-02    3  -311.95735
    0.91000E-02    3  -311.22622
    0.97000E-02    3  -310.52143
    0.10300E-01    3  -309.84247
    0.10900E-01    3  -309.18913
    0.11500E-01    3  -308.56059
    0.12100E-01    3  -307.95603
    0.12700E-01    3  -307.37476
    0.13300E-01    3  -306.81574
    0.13900E-01    3  -306.27820
    0.14500E-01    3  -305.76104
    0.15100E-01    3  -305.26407
    0.15700E-01    3  -304.78619
    0.16300E-01    3  -304.32682
    0.16900E-01    3  -303.88532
    0.17500E-01    3  -303.46085
    0.18100E-01    3  -303.05309
    0.18700E-01    3  -302.66101
    0.19300E-01    3  -302.28408
    0.20200E-01    3  -300.94081
    0.25000E-01    3  -298.06650
    0.31000E-01    3  -295.74458
    0.37000E-01    3  -293.77392
    0.43000E-01    3  -292.05705
    0.49000E-01    3  -290.53934
    0.55000E-01    3  -289.17596
    0.61000E-01    3  -287.93151
    0.67000E-01    3  -286.78522
    0.73000E-01    3  -285.71962
    0.79000E-01    3  -284.72317
    0.85000E-01    3  -283.78567
    0.91000E-01    3  -282.89879
    0.97000E-01    3  -282.05836
    0.10300        3  -281.25873
    0.10900        3  -280.49616
    0.11500        3  -279.76691
    0.12100        3  -279.06724
    0.12700        3  -278.39523
    0.13300        3  -277.74878
    0.13900        3  -277.12471
    0.14500        3  -276.52175
    0.15100        3  -275.93820
    0.15700        3  -275.37305
    0.16300        3  -274.82430
    0.16900        3  -274.29177
    0.17500        3  -273.77428
    0.18100        3  -273.27068
    0.18700        3  -272.78047
    0.19300        3  -272.30345
    0.19900        3  -271.83823
    0.20500        3  -271.38476
    0.21100        3  -270.94203
    0.21700        3  -270.50947
    0.29500        3  -261.73651
    0.44500        3  -255.88195
    0.59500        3  -251.41167
    0.74500        3  -247.73554
    0.89500        3  -244.55525
     1.0450        3  -241.72389
     1.1950        3  -239.14968
     1.3450        3  -236.77781
     1.4950        3  -234.56843
     1.6450        3  -232.48976
     1.7950        3  -230.51880
     1.9450        3  -228.63767
     2.0950        3  -226.83800
     2.2450        3  -225.10470
     2.3950        3  -223.43602
     2.5450        3  -221.82667
     2.6950        3  -220.27210
     2.8450        3  -218.76834
     2.9950        3  -217.31700
     3.1450        3  -215.91413
     3.2950        3  -214.55549
     3.4450        3  -213.24294
     3.5950        3  -211.97316
     3.7450        3  -210.74166
     3.8950        3  -209.53724
     4.0450        3  -208.36172
     4.1950        3  -207.21113
     4.3450        3  -206.08788
     4.4950        3  -204.98997
     4.6450        3  -203.91372
     4.7950        3  -202.85787
     4.9450        3  -201.80559
     5.0950        3  -200.77185
     5.2450        3  -199.74082
     5.3950        3  -198.71177
     5.5450        3  -197.68584
     5.6950        3  -196.65309
     5.8450        3  -195.61495
     5.9950        3  -194.57345
     6.1450        3  -193.51146
     6.2950        3  -192.42871
     6.4450        3  -191.31713
     6.5950        3  -190.18682
     6.7450        3  -189.02139
     6.8950        3  -187.81716
     7.0450        3  -186.58547
     7.1950        3  -185.31715
     7.3450        3  -184.01917
     7.4950        3  -182.69448
     7.6450        3  -181.35635
     7.7950        3  -180.00928
     7.9450        3  -178.65980
     8.0950        3  -177.32875
     8.2450        3  -176.01358
     8.3950        3  -174.72299
     8.5450        3  -173.48141
     8.6950        3  -172.29577
     8.8450        3  -171.18363
     8.9950        3  -170.14224
     9.1450        3  -169.18572
     9.2950        3  -168.30638
     9.4450        3  -167.53674
     9.5950        3  -166.85084
     9.7450        3  -166.25533
     9.8950        3  -165.73820
     10.045        3  -165.27375
     10.195        3  -164.86894
     10.345        3  -164.50273
     10.495        3  -164.18827
     10.645        3  -163.89347
     10.795        3  -163.62396
     10.945        3  -163.38000
     11.095        3  -163.15121
     11.245        3  -162.93072
     11.395        3  -162.71784
     11.545        3  -162.51495
     11.695        3  -162.32138
     11.845        3  -162.13281
     11.995        3  -161.94789
     12.145        3  -161.76877
     12.295        3  -161.59321
     12.445        3  -161.42170
     12.595        3  -161.25170
     12.745        3  -161.08448
     12.895        3  -160.91998
     13.045        3  -160.75664
     13.195        3  -160.59575
     13.345        3  -160.43627
     13.495        3  -160.27895
     13.645        3  -160.12394
     13.795        3  -159.97076
     13.945        3  -159.81937
     14.095        3  -159.66869
     14.245        3  -159.52066
     14.395        3  -159.37413
     14.545        3  -159.22811
     14.695        3  -159.08373
     14.845        3  -158.94092
     14.995        3  -158.80062
     15.145        3  -158.66044
     15.295        3  -158.52185
     15.445        3  -158.38469
     15.595        3  -158.24841
     15.745        3  -158.11333
     15.895        3  -157.98010
     16.045        3  -157.84721
     16.195        3  -157.71674
     16.345        3  -157.58638
     16.495        3  -157.45743
     16.645        3  -157.32945
     16.795        3  -157.20295
     16.945        3  -157.07780
     17.095        3  -156.95390
     17.245        3  -156.82992
     17.395        3  -156.70744
     17.545        3  -156.58627
     17.695        3  -156.46588
     17.845        3  -156.34766
     17.995        3  -156.22864
     18.145        3  -156.11118
     18.295        3  -155.99536
     18.445        3  -155.88006
     18.595        3  -155.76622
     18.745        3  -155.65273
     18.895        3  -155.54050
     19.045        3  -155.42819
     19.195        3  -155.31710
     19.345        3  -155.20705
     19.495        3  -155.09704
     19.645        3  -154.98783
     19.795        3  -154.88044
     19.945        3  -154.77281
     20.095        3  -154.66617
     21.836        3  -151.44113
     30.068        3  -146.64488
     42.097        3  -141.85058
     58.937        3  -137.08422
     82.515        3  -132.35979
     115.53        3  -127.67993
     161.74        3  -123.04935
     226.45        3  -118.48290
     317.04        3  -113.98007
     443.87        3  -109.54746
     621.44        3  -105.19382
     870.05        3  -100.92000
     1218.1        3   -96.71617
     1705.4        3   -92.58908
     2387.7        3   -88.54132
     3342.9        3   -84.59363
     4680.2        3   -80.74272
     6552.5        3   -76.99309
     9173.8        3   -73.34271
     12844.        3   -69.79147
     17982.        3   -66.35697
     25176.        3   -63.03632
     35247.        3   -59.83767
     49348.        3   -56.76644
     69090.        3   -53.82869
     96729.        3   -51.01995
    0.13543E+06    3   -48.34039
    0.18960E+06    3   -45.78858
    0.26545E+06    3   -43.35781
    0.37165E+06    3   -41.04220
    0.52033E+06    3   -38.84041
    0.72849E+06    3   -36.74586
    0.10199E+07    3   -34.74895
    0.14279E+07    3   -32.85077
    0.19992E+07    3   -31.04732
    0.27990E+07    3   -29.33383
    0.39187E+07    3   -27.70224
    0.54864E+07    3   -26.15328
    0.76812E+07    3   -24.67913
    0.10754E+08    3   -23.27955
    0.15056E+08    3   -21.95052
    0.21080E+08    3   -20.68820
    0.29513E+08    3   -19.48764
    0.41319E+08    3   -18.35547
    0.57849E+08    3   -17.30207
    0.80991E+08    3   -16.32819
    0.11339E+09    3   -15.42246
    0.15875E+09    3   -14.57984
    0.22226E+09    3   -13.79167
    0.31118E+09    3   -13.05541
    0.43567E+09    3   -12.36689
    0.60996E+09    3   -11.73671
    0.85398E+09    3   -11.16604
    0.11956E+10    3   -10.64434
    0.16739E+10    3   -10.16629
    0.23436E+10    3    -9.72651
    0.32811E+10    3    -9.32288
    0.45937E+10    3    -8.95220
    0.64315E+10    3    -8.61104
    0.90044E+10    3    -8.29777
    0.12607E+11    3    -8.00920
    0.17650E+11    3    -7.74441
    0.24711E+11    3    -7.50024
    0.34596E+11    3    -7.27654
    0.48437E+11    3    -7.07097
    0.67814E+11    3    -6.88199
    0.10000E+12    3    -4.72460
