    -29.945        1     0.00000
    -29.795        1     0.00000
    -29.645        1     0.00000
    -29.495        1     0.00000
    -29.345        1     0.00000
    -29.195        1     0.00000
    -29.045        1     0.00000
    -28.895        1     0.00000
    -28.745        1     0.00000
    -28.595        1     0.00000
    -28.445        1     0.00000
    -28.295        1     0.00000
    -28.145        1     0.00000
    -27.995        1     0.00000
    -27.845        1     0.00000
    -27.695        1     0.00000
    -27.545        1     0.00000
    -27.395        1     0.00000
    -27.245        1     0.00000
    -27.095        1     0.00000
    -26.945        1     0.00000
    -26.795        1     0.00000
    -26.645        1     0.00000
    -26.495        1     0.00000
    -26.345        1     0.00000
    -26.195        1     0.00000
    -26.045        1     0.00000
    -25.895        1     0.00000
    -25.745        1     0.00000
    -25.595        1     0.00000
    -25.445        1     0.00000
    -25.295        1     0.00000
    -25.145        1     0.00000
    -24.995        1     0.00000
    -24.845        1     0.00000
    -24.695        1     0.00000
    -24.545        1     0.00000
    -24.395        1     0.00000
    -24.245        1     0.00000
    -24.095        1     0.00000
    -23.945        1     0.00000
    -23.795        1     0.00000
    -23.645        1     0.00000
    -23.495        1     0.00000
    -23.345        1     0.00000
    -23.195        1     0.00000
    -23.045        1     0.00000
    -22.895        1     0.00000
    -22.745        1     0.00000
    -22.595        1     0.00000
    -22.445        1     0.00000
    -22.295        1     0.00000
    -22.145        1     0.00000
    -21.995        1     0.00000
    -21.845        1     0.00000
    -21.695        1     0.00000
    -21.545        1     0.00000
    -21.395        1     0.00000
    -21.245        1     0.00000
    -21.095        1     0.00000
    -20.945        1     0.00000
    -20.795        1     0.00000
    -20.645        1     0.00000
    -20.495        1     0.00000
    -20.345        1     0.00000
    -20.195        1     0.00000
    -20.045        1     0.00000
    -19.895        1     0.00000
    -19.745        1     0.00000
    -19.595        1     0.00000
    -19.445        1     0.00000
    -19.295        1     0.00000
    -19.145        1     0.00000
    -18.995        1     0.00000
    -18.845        1     0.00000
    -18.695        1     0.00000
    -18.545        1     0.00000
    -18.395        1     0.00000
    -18.245        1     0.00000
    -18.095        1     0.00000
    -17.945        1     0.00000
    -17.795        1     0.00000
    -17.645        1     0.00000
    -17.495        1     0.00000
    -17.345        1     0.00000
    -17.195        1     0.00000
    -17.045        1     0.00000
    -16.895        1     0.00000
    -16.745        1     0.00000
    -16.595        1     0.00000
    -16.445        1     0.00000
    -16.295        1     0.00000
    -16.145        1     0.00000
    -15.995        1     0.00000
    -15.845        1     0.00000
    -15.695        1     0.00000
    -15.545        1     0.00000
    -15.395        1     0.00000
    -15.245        1     0.00000
    -15.095        1     0.00000
    -14.945        1     0.00000
    -14.795        1     0.00000
    -14.645        1     0.00000
    -14.495        1     0.00000
    -14.345        1     0.00000
    -14.195        1     0.00000
    -14.045        1     0.00000
    -13.895        1     0.00000
    -13.745        1     0.00000
    -13.595        1    -0.00113
    -13.445        1    -0.00710
    -13.295        1    -0.01685
    -13.145        1    -0.03001
    -12.995        1    -0.04922
    -12.845        1    -0.08167
    -12.695        1    -0.12698
    -12.545        1    -0.17917
    -12.395        1    -0.24018
    -12.245        1    -0.31792
    -12.095        1    -0.40232
    -11.945        1    -0.51204
    -11.795        1    -0.64211
    -11.645        1    -0.78984
    -11.495        1    -0.94761
    -11.345        1    -1.11000
    -11.195        1    -1.27739
    -11.045        1    -1.44906
    -10.895        1    -1.62556
    -10.745        1    -1.80717
    -10.595        1    -1.99609
    -10.445        1    -2.18986
    -10.295        1    -2.39079
    -10.145        1    -2.59602
    -9.9950        1    -2.80955
    -9.8450        1    -3.03274
    -9.6950        1    -3.26534
    -9.5450        1    -3.50800
    -9.3950        1    -3.76105
    -9.2450        1    -4.02363
    -9.0950        1    -4.29500
    -8.9450        1    -4.57994
    -8.7950        1    -4.87459
    -8.6450        1    -5.18370
    -8.4950        1    -5.50639
    -8.3450        1    -5.84234
    -8.1950        1    -6.19071
    -8.0450        1    -6.57280
    -7.8950        1    -6.99535
    -7.7450        1    -7.45694
    -7.5950        1    -7.94233
    -7.4450        1    -8.44118
    -7.2950        1    -8.95262
    -7.1450        1    -9.49021
    -6.9950        1   -10.04370
    -6.8450        1   -10.61817
    -6.6950        1   -11.21758
    -6.5450        1   -11.83814
    -6.3950        1   -12.48591
    -6.2450        1   -13.16724
    -6.0950        1   -13.89070
    -5.9450        1   -14.65765
    -5.7950        1   -15.48123
    -5.6450        1   -16.35942
    -5.4950        1   -17.28811
    -5.3450        1   -18.26018
    -5.1950        1   -19.28420
    -5.0450        1   -20.37033
    -4.8950        1   -21.51076
    -4.7450        1   -22.71430
    -4.5950        1   -23.99580
    -4.4450        1   -25.35985
    -4.2950        1   -26.81838
    -4.1450        1   -28.36600
    -3.9950        1   -30.01329
    -3.8450        1   -31.76400
    -3.6950        1   -33.62692
    -3.5450        1   -35.62113
    -3.3950        1   -37.75104
    -3.2450        1   -40.04097
    -3.0950        1   -42.52976
    -2.9450        1   -45.22937
    -2.7950        1   -48.16651
    -2.6450        1   -51.38673
    -2.4950        1   -54.94590
    -2.3450        1   -58.80572
    -2.1950        1   -63.01197
    -2.0450        1   -67.65471
    -1.8950        1   -72.82574
    -1.7450        1   -78.61185
    -1.5950        1   -85.11957
    -1.4450        1   -92.55369
    -1.2950        1  -101.21025
    -1.1450        1  -111.46014
   -0.99500        1  -123.95323
   -0.84500        1  -139.91030
   -0.69500        1  -161.95253
   -0.54500        1  -195.53655
   -0.39500        1  -240.12527
   -0.25300        1  -267.17748
   -0.21500        1  -268.61208
   -0.20900        1  -270.01646
   -0.20300        1  -271.39276
   -0.19700        1  -272.74773
   -0.19100        1  -274.09732
   -0.18500        1  -275.42712
   -0.17900        1  -276.69938
   -0.17300        1  -277.91644
   -0.16700        1  -279.07960
   -0.16100        1  -280.18695
   -0.15500        1  -281.23877
   -0.14900        1  -282.23619
   -0.14300        1  -283.17904
   -0.13700        1  -284.06963
   -0.13100        1  -284.90798
   -0.12500        1  -285.69489
   -0.11900        1  -286.43132
   -0.11300        1  -287.11738
   -0.10700        1  -287.75514
   -0.10100        1  -288.34566
   -0.95000E-01    1  -288.89127
   -0.89000E-01    1  -289.39216
   -0.83000E-01    1  -289.85065
   -0.77000E-01    1  -290.26865
   -0.71000E-01    1  -290.64700
   -0.65000E-01    1  -290.98697
   -0.59000E-01    1  -291.28753
   -0.53000E-01    1  -291.55087
   -0.47000E-01    1  -291.77937
   -0.41000E-01    1  -291.97418
   -0.35000E-01    1  -292.13706
   -0.29000E-01    1  -292.26906
   -0.23000E-01    1  -292.37152
   -0.19700E-01    1  -292.38020
   -0.19100E-01    1  -292.38857
   -0.18500E-01    1  -292.39667
   -0.17900E-01    1  -292.40450
   -0.17300E-01    1  -292.41205
   -0.16700E-01    1  -292.41931
   -0.16100E-01    1  -292.42630
   -0.15500E-01    1  -292.43302
   -0.14900E-01    1  -292.43945
   -0.14300E-01    1  -292.44562
   -0.13700E-01    1  -292.45151
   -0.13100E-01    1  -292.45713
   -0.12500E-01    1  -292.46249
   -0.11900E-01    1  -292.46759
   -0.11300E-01    1  -292.47242
   -0.10700E-01    1  -292.47697
   -0.10100E-01    1  -292.48127
   -0.95000E-02    1  -292.48528
   -0.89000E-02    1  -292.48905
   -0.83000E-02    1  -292.49255
   -0.77000E-02    1  -292.49579
   -0.71000E-02    1  -292.49876
   -0.65000E-02    1  -292.50145
   -0.59000E-02    1  -292.50388
   -0.53000E-02    1  -292.50605
   -0.47000E-02    1  -292.50795
   -0.41000E-02    1  -292.50961
   -0.35000E-02    1  -292.51101
   -0.29000E-02    1  -292.51217
   -0.23000E-02    1  -292.51308
   -0.17000E-02    1  -292.51375
   -0.11000E-02    1  -292.51419
   -0.50000E-03    1  -292.51438
    0.10000E-03    1  -292.51434
    0.70000E-03    1  -292.51407
    0.13000E-02    1  -292.51357
    0.19000E-02    1  -292.51284
    0.25000E-02    1  -292.51188
    0.31000E-02    1  -292.51070
    0.37000E-02    1  -292.50928
    0.43000E-02    1  -292.50766
    0.49000E-02    1  -292.50581
    0.55000E-02    1  -292.50374
    0.61000E-02    1  -292.50146
    0.67000E-02    1  -292.49897
    0.73000E-02    1  -292.49625
    0.79000E-02    1  -292.49332
    0.85000E-02    1  -292.49019
    0.91000E-02    1  -292.48683
    0.97000E-02    1  -292.48327
    0.10300E-01    1  -292.47951
    0.10900E-01    1  -292.47555
    0.11500E-01    1  -292.47137
    0.12100E-01    1  -292.46700
    0.12700E-01    1  -292.46242
    0.13300E-01    1  -292.45767
    0.13900E-01    1  -292.45271
    0.14500E-01    1  -292.44756
    0.15100E-01    1  -292.44224
    0.15700E-01    1  -292.43672
    0.16300E-01    1  -292.43102
    0.16900E-01    1  -292.42516
    0.17500E-01    1  -292.41910
    0.18100E-01    1  -292.41286
    0.18700E-01    1  -292.40646
    0.19300E-01    1  -292.39986
    0.20200E-01    1  -292.37259
    0.25000E-01    1  -292.29039
    0.31000E-01    1  -292.19224
    0.37000E-01    1  -292.07915
    0.43000E-01    1  -291.95243
    0.49000E-01    1  -291.81333
    0.55000E-01    1  -291.66244
    0.61000E-01    1  -291.50122
    0.67000E-01    1  -291.33010
    0.73000E-01    1  -291.14989
    0.79000E-01    1  -290.96165
    0.85000E-01    1  -290.76579
    0.91000E-01    1  -290.56309
    0.97000E-01    1  -290.35402
    0.10300        1  -290.13925
    0.10900        1  -289.91892
    0.11500        1  -289.69318
    0.12100        1  -289.46268
    0.12700        1  -289.22789
    0.13300        1  -288.98869
    0.13900        1  -288.74536
    0.14500        1  -288.49834
    0.15100        1  -288.24772
    0.15700        1  -287.99330
    0.16300        1  -287.73607
    0.16900        1  -287.47606
    0.17500        1  -287.21311
    0.18100        1  -286.94758
    0.18700        1  -286.67944
    0.19300        1  -286.40916
    0.19900        1  -286.13680
    0.20500        1  -285.86225
    0.21100        1  -285.58596
    0.21700        1  -285.30855
    0.29500        1  -277.97215
    0.44500        1  -270.81289
    0.59500        1  -264.10547
    0.74500        1  -257.88619
    0.89500        1  -252.19419
     1.0450        1  -247.26545
     1.1950        1  -243.12117
     1.3450        1  -239.46425
     1.4950        1  -236.16607
     1.6450        1  -233.15367
     1.7950        1  -230.40464
     1.9450        1  -227.86902
     2.0950        1  -225.51027
     2.2450        1  -223.30323
     2.3950        1  -221.23703
     2.5450        1  -219.29559
     2.6950        1  -217.46420
     2.8450        1  -215.72675
     2.9950        1  -214.06615
     3.1450        1  -212.47330
     3.2950        1  -210.97966
     3.4450        1  -209.61202
     3.5950        1  -208.33110
     3.7450        1  -207.11998
     3.8950        1  -205.96948
     4.0450        1  -204.87137
     4.1950        1  -203.82120
     4.3450        1  -202.81472
     4.4950        1  -201.84955
     4.6450        1  -200.92005
     4.7950        1  -200.02126
     4.9450        1  -199.15411
     5.0950        1  -198.31540
     5.2450        1  -197.50257
     5.3950        1  -196.71263
     5.5450        1  -195.94574
     5.6950        1  -195.19936
     5.8450        1  -194.47300
     5.9950        1  -193.76383
     6.1450        1  -193.07186
     6.2950        1  -192.40157
     6.4450        1  -191.75478
     6.5950        1  -191.12705
     6.7450        1  -190.52174
     6.8950        1  -189.93455
     7.0450        1  -189.36675
     7.1950        1  -188.81445
     7.3450        1  -188.27690
     7.4950        1  -187.75298
     7.6450        1  -187.24287
     7.7950        1  -186.74441
     7.9450        1  -186.25784
     8.0950        1  -185.78239
     8.2450        1  -185.31565
     8.3950        1  -184.86018
     8.5450        1  -184.41475
     8.6950        1  -183.97552
     8.8450        1  -183.54829
     8.9950        1  -183.12790
     9.1450        1  -182.71700
     9.2950        1  -182.31073
     9.4450        1  -181.91512
     9.5950        1  -181.52710
     9.7450        1  -181.14794
     9.8950        1  -180.77768
     10.045        1  -180.41243
     10.195        1  -180.05366
     10.345        1  -179.70340
     10.495        1  -179.35959
     10.645        1  -179.02336
     10.795        1  -178.69754
     10.945        1  -178.37929
     11.095        1  -178.06372
     11.245        1  -177.75339
     11.395        1  -177.45212
     11.545        1  -177.15677
     11.695        1  -176.86439
     11.845        1  -176.57758
     11.995        1  -176.29323
     12.145        1  -176.01412
     12.295        1  -175.74114
     12.445        1  -175.46827
     12.595        1  -175.20111
     12.745        1  -174.93774
     12.895        1  -174.67874
     13.045        1  -174.41968
     13.195        1  -174.16529
     13.345        1  -173.91125
     13.495        1  -173.66457
     13.645        1  -173.41686
     13.795        1  -173.16774
     13.945        1  -172.92478
     14.095        1  -172.68983
     14.245        1  -172.45369
     14.395        1  -172.22565
     14.545        1  -171.99319
     14.695        1  -171.76532
     14.845        1  -171.53888
     14.995        1  -171.31469
     15.145        1  -171.09360
     15.295        1  -170.87469
     15.445        1  -170.65282
     15.595        1  -170.43513
     15.745        1  -170.22013
     15.895        1  -170.00666
     16.045        1  -169.79359
     16.195        1  -169.57930
     16.345        1  -169.36706
     16.495        1  -169.15525
     16.645        1  -168.95457
     16.795        1  -168.74591
     16.945        1  -168.54137
     17.095        1  -168.33358
     17.245        1  -168.12645
     17.395        1  -167.92290
     17.545        1  -167.72157
     17.695        1  -167.52190
     17.845        1  -167.32104
     17.995        1  -167.11904
     18.145        1  -166.92032
     18.295        1  -166.72106
     18.445        1  -166.52349
     18.595        1  -166.33512
     18.745        1  -166.14276
     18.895        1  -165.95338
     19.045        1  -165.76249
     19.195        1  -165.57191
     19.345        1  -165.38096
     19.495        1  -165.19564
     19.645        1  -165.00546
     19.795        1  -164.82495
     19.945        1  -164.64447
     20.095        1  -164.46843
     20.245        1  -164.28888
     20.395        1  -164.10867
     20.545        1  -163.93505
     20.695        1  -163.76189
     20.845        1  -163.59417
     20.995        1  -163.42789
     21.145        1  -163.25717
     21.295        1  -163.09793
     21.445        1  -162.93901
     21.595        1  -162.78297
     21.745        1  -162.63316
     21.895        1  -162.47849
     22.045        1  -162.33195
     22.195        1  -162.18863
     22.345        1  -162.05144
     22.495        1  -161.91245
     22.645        1  -161.77829
     22.795        1  -161.64745
     22.945        1  -161.51727
     23.095        1  -161.39492
     23.245        1  -161.27673
     23.395        1  -161.15615
     23.545        1  -161.03813
     23.695        1  -160.92850
     23.845        1  -160.81756
     23.995        1  -160.71182
     24.145        1  -160.60897
     24.295        1  -160.51313
     24.445        1  -160.42002
     24.595        1  -160.32592
     24.745        1  -160.23631
     24.895        1  -160.15292
     25.045        1  -160.07117
     25.195        1  -159.99240
     25.345        1  -159.91035
     25.495        1  -159.82963
     25.645        1  -159.75401
     25.795        1  -159.68379
     25.945        1  -159.61815
     26.095        1  -159.54994
     26.245        1  -159.48681
     26.395        1  -159.42951
     26.545        1  -159.37437
     26.695        1  -159.31755
     26.845        1  -159.26548
     26.995        1  -159.21393
     27.145        1  -159.16521
     27.295        1  -159.11860
     27.445        1  -159.07908
     27.595        1  -159.03905
     27.745        1  -158.99802
     27.895        1  -158.95954
     28.045        1  -158.92591
     28.195        1  -158.89509
     28.345        1  -158.86089
     28.495        1  -158.83018
     28.645        1  -158.79289
     28.795        1  -158.76726
     28.945        1  -158.74268
     29.095        1  -158.71463
     29.245        1  -158.69351
     29.395        1  -158.66939
     29.545        1  -158.64632
     29.695        1  -158.62876
     29.845        1  -158.60999
     29.995        1  -158.59248
     30.145        1  -158.57377
     30.295        1  -158.55714
     30.445        1  -158.54211
     30.595        1  -158.52633
     30.745        1  -158.51219
     30.895        1  -158.49855
     31.045        1  -158.48349
     31.195        1  -158.47058
     31.345        1  -158.45783
     31.495        1  -158.44562
     31.645        1  -158.43294
     31.795        1  -158.42079
     31.945        1  -158.40997
     32.095        1  -158.39943
     32.245        1  -158.38834
     32.395        1  -158.37854
     32.545        1  -158.36722
     32.695        1  -158.35782
     32.845        1  -158.34816
     32.995        1  -158.33865
     33.145        1  -158.32930
     33.295        1  -158.31958
     33.445        1  -158.31001
     33.595        1  -158.30105
     33.745        1  -158.29164
     33.895        1  -158.28302
     34.045        1  -158.27434
     34.195        1  -158.26563
     34.345        1  -158.25710
     34.495        1  -158.24859
     34.645        1  -158.24025
     34.795        1  -158.23162
     34.945        1  -158.22242
     35.095        1  -158.21389
     35.245        1  -158.20550
     35.395        1  -158.19715
     35.545        1  -158.18894
     35.695        1  -158.18068
     35.845        1  -158.17244
     35.995        1  -158.16443
     36.145        1  -158.15649
     36.295        1  -158.14862
     36.445        1  -158.14040
     36.595        1  -158.13219
     36.745        1  -158.12423
     36.895        1  -158.11661
     37.045        1  -158.10910
     37.195        1  -158.10158
     37.345        1  -158.09412
     37.495        1  -158.08659
     37.645        1  -158.07886
     37.795        1  -158.07126
     37.945        1  -158.06367
     38.095        1  -158.05604
     38.245        1  -158.04834
     38.395        1  -158.04083
     38.545        1  -158.03343
     38.695        1  -158.02584
     38.845        1  -158.01851
     38.995        1  -158.01108
     39.145        1  -158.00361
     39.295        1  -157.99655
     39.445        1  -157.98930
     39.595        1  -157.98186
     39.745        1  -157.97467
     39.895        1  -157.96759
     40.045        1  -157.96045
     40.195        1  -157.95342
     40.345        1  -157.94664
     40.495        1  -157.93988
     40.645        1  -157.93278
     40.795        1  -157.92592
     40.945        1  -157.91928
     41.095        1  -157.91247
     41.245        1  -157.90566
     41.395        1  -157.89886
     41.545        1  -157.89214
     41.695        1  -157.88538
     41.845        1  -157.87862
     41.995        1  -157.87201
     42.145        1  -157.86546
     42.295        1  -157.85891
     42.445        1  -157.85235
     42.595        1  -157.84592
     42.745        1  -157.83944
     42.895        1  -157.83285
     43.045        1  -157.82635
     43.195        1  -157.81994
     43.345        1  -157.81371
     43.495        1  -157.80733
     43.645        1  -157.80117
     43.795        1  -157.79477
     43.945        1  -157.78863
     44.095        1  -157.78225
     44.245        1  -157.77581
     44.395        1  -157.76942
     44.545        1  -157.76325
     44.695        1  -157.75707
     44.845        1  -157.75102
     44.995        1  -157.74483
     45.145        1  -157.73870
     45.295        1  -157.73267
     45.445        1  -157.72661
     45.595        1  -157.72078
     45.745        1  -157.71484
     45.895        1  -157.70888
     46.045        1  -157.70290
     46.195        1  -157.69703
     46.345        1  -157.69121
     46.495        1  -157.68524
     46.645        1  -157.67943
     46.795        1  -157.67364
     46.945        1  -157.66759
     47.095        1  -157.66188
     47.245        1  -157.65617
     47.395        1  -157.65055
     47.545        1  -157.64485
     47.695        1  -157.63934
     47.845        1  -157.63371
     47.995        1  -157.62813
     48.145        1  -157.62267
     48.295        1  -157.61699
     48.445        1  -157.61143
     48.595        1  -157.60588
     48.745        1  -157.60023
     48.895        1  -157.59489
     49.045        1  -157.58964
     49.195        1  -157.58429
     49.345        1  -157.57909
     49.495        1  -157.57347
     49.645        1  -157.56820
     49.795        1  -157.56301
     49.945        1  -157.55771
     50.095        1  -157.55252
     50.245        1  -157.54703
     50.395        1  -157.54168
     50.545        1  -157.53645
     50.695        1  -157.53106
     50.845        1  -157.52587
     50.995        1  -157.52088
     51.145        1  -157.51579
     51.295        1  -157.51057
     51.445        1  -157.50529
     51.595        1  -157.49996
     51.745        1  -157.49481
     51.895        1  -157.48981
     52.045        1  -157.48475
     52.195        1  -157.47951
     52.345        1  -157.47447
     52.495        1  -157.46951
     52.645        1  -157.46438
     52.795        1  -157.45937
     52.945        1  -157.45457
     53.095        1  -157.44964
     53.245        1  -157.44462
     53.395        1  -157.43973
     53.545        1  -157.43495
     53.695        1  -157.43000
     53.845        1  -157.42505
     53.995        1  -157.42020
     54.145        1  -157.41537
     54.295        1  -157.41058
     54.445        1  -157.40580
     54.595        1  -157.40091
     54.745        1  -157.39614
     54.895        1  -157.39146
     55.045        1  -157.38672
     55.195        1  -157.38199
     55.345        1  -157.37728
     55.495        1  -157.37259
     55.645        1  -157.36787
     55.795        1  -157.36320
     55.945        1  -157.35855
     56.095        1  -157.35392
     56.245        1  -157.34915
     56.395        1  -157.34465
     56.545        1  -157.34018
     56.695        1  -157.33553
     56.845        1  -157.33099
     56.995        1  -157.32645
     57.145        1  -157.32199
     57.295        1  -157.31736
     57.445        1  -157.31290
     57.595        1  -157.30848
     57.745        1  -157.30401
     57.895        1  -157.29951
     58.045        1  -157.29507
     58.195        1  -157.29059
     58.345        1  -157.28600
     58.495        1  -157.28150
     58.645        1  -157.27707
     58.795        1  -157.27279
     58.945        1  -157.26843
     59.095        1  -157.26417
     59.245        1  -157.25989
     59.395        1  -157.25545
     59.545        1  -157.25123
     59.695        1  -157.24690
     59.845        1  -157.24265
     59.995        1  -157.23833
     60.145        1  -157.23411
     70.939        1  -156.69811
     97.698        1  -156.18360
     134.55        1  -155.68663
     185.30        1  -155.20363
     255.20        1  -154.73453
     351.46        1  -154.27459
     484.04        1  -153.82842
     666.62        1  -153.39307
     918.07        1  -152.96669
     1264.4        1  -152.54784
     1741.3        1  -152.13784
     2398.1        1  -151.73565
     3302.7        1  -151.34348
     4548.5        1  -150.95940
     6264.3        1  -150.58435
     8627.2        1  -150.21794
     11881.        1  -149.85759
     16363.        1  -149.50292
     22535.        1  -149.15584
     31036.        1  -148.81614
     42743.        1  -148.48596
     58866.        1  -148.16403
     81070.        1  -147.85152
    0.11165E+06    1  -147.54745
    0.15377E+06    1  -147.25419
    0.21177E+06    1  -146.97005
    0.29165E+06    1  -146.69588
    0.40166E+06    1  -146.43230
    0.55317E+06    1  -146.17998
    0.76182E+06    1  -145.93878
    0.10492E+07    1  -145.70913
    0.14449E+07    1  -145.48957
    0.19900E+07    1  -145.28008
    0.27406E+07    1  -145.08081
    0.37744E+07    1  -144.89099
    0.51981E+07    1  -144.70946
    0.71589E+07    1  -144.53659
    0.98593E+07    1  -144.37185
    0.13578E+08    1  -144.21462
    0.18700E+08    1  -144.06459
    0.25754E+08    1  -143.92182
    0.35468E+08    1  -143.78560
    0.48847E+08    1  -143.65624
    0.67273E+08    1  -143.53324
    0.92648E+08    1  -143.41619
    0.12760E+09    1  -143.30393
    0.17573E+09    1  -143.19743
    0.24201E+09    1  -143.09683
    0.33330E+09    1  -143.00223
    0.45902E+09    1  -142.91407
    0.63217E+09    1  -142.83209
    0.87062E+09    1  -142.75566
    0.11990E+10    1  -142.68427
    0.16513E+10    1  -142.61734
    0.22742E+10    1  -142.55434
    0.31320E+10    1  -142.49544
    0.43134E+10    1  -142.44134
    0.59405E+10    1  -142.39204
    0.81813E+10    1  -142.34642
    0.11267E+11    1  -142.30484
    0.15517E+11    1  -142.26666
    0.21371E+11    1  -142.23139
    0.29432E+11    1  -142.19853
    0.40534E+11    1  -142.16841
    0.55823E+11    1  -142.14074
    0.10000E+12    1  -141.80602
    -149.95        2     0.00000
    -149.79        2     0.00000
    -149.65        2     0.00000
    -149.49        2     0.00000
    -149.34        2     0.00000
    -149.20        2     0.00000
    -149.04        2     0.00000
    -148.90        2     0.00000
    -148.74        2     0.00000
    -148.59        2     0.00000
    -148.45        2     0.00000
    -148.29        2     0.00000
    -148.15        2     0.00000
    -147.99        2     0.00000
    -147.84        2     0.00000
    -147.70        2     0.00000
    -147.54        2     0.00000
    -147.40        2     0.00000
    -147.24        2     0.00000
    -147.09        2     0.00000
    -146.95        2     0.00000
    -146.79        2     0.00000
    -146.65        2     0.00000
    -146.49        2     0.00000
    -146.34        2     0.00000
    -146.20        2     0.00000
    -146.04        2     0.00000
    -145.90        2     0.00000
    -145.74        2     0.00000
    -145.59        2     0.00000
    -145.45        2     0.00000
    -145.29        2     0.00000
    -145.15        2     0.00000
    -144.99        2     0.00000
    -144.84        2     0.00000
    -144.70        2     0.00000
    -144.54        2     0.00000
    -144.40        2     0.00000
    -144.24        2     0.00000
    -144.09        2     0.00000
    -143.95        2     0.00000
    -143.79        2     0.00000
    -143.65        2     0.00000
    -143.49        2     0.00000
    -143.34        2     0.00000
    -143.20        2     0.00000
    -143.04        2     0.00000
    -142.90        2     0.00000
    -142.74        2     0.00000
    -142.59        2     0.00000
    -142.45        2     0.00000
    -142.29        2     0.00000
    -142.15        2     0.00000
    -141.99        2     0.00000
    -141.84        2     0.00000
    -141.70        2     0.00000
    -141.54        2     0.00000
    -141.40        2     0.00000
    -141.24        2     0.00000
    -141.09        2     0.00000
    -140.95        2     0.00000
    -140.79        2     0.00000
    -140.65        2     0.00000
    -140.49        2     0.00000
    -140.34        2     0.00000
    -140.20        2     0.00000
    -140.04        2     0.00000
    -139.90        2     0.00000
    -139.74        2     0.00000
    -139.59        2     0.00000
    -139.45        2     0.00000
    -139.29        2     0.00000
    -139.15        2     0.00000
    -138.99        2     0.00000
    -138.84        2     0.00000
    -138.70        2     0.00000
    -138.54        2     0.00000
    -138.40        2     0.00000
    -138.24        2     0.00000
    -138.09        2     0.00000
    -137.95        2     0.00000
    -137.79        2     0.00000
    -137.65        2     0.00000
    -137.49        2     0.00000
    -137.34        2     0.00000
    -137.20        2     0.00000
    -137.04        2     0.00000
    -136.90        2     0.00000
    -136.74        2     0.00000
    -136.59        2     0.00000
    -136.45        2     0.00000
    -136.29        2     0.00000
    -136.15        2     0.00000
    -135.99        2     0.00000
    -135.84        2     0.00000
    -135.70        2     0.00000
    -135.54        2     0.00000
    -135.40        2     0.00000
    -135.24        2     0.00000
    -135.09        2     0.00000
    -134.95        2     0.00000
    -134.79        2     0.00000
    -134.65        2     0.00000
    -134.49        2     0.00000
    -134.34        2     0.00000
    -134.20        2     0.00000
    -134.04        2     0.00000
    -133.90        2     0.00000
    -133.74        2     0.00000
    -133.59        2     0.00000
    -133.45        2     0.00000
    -133.29        2     0.00000
    -133.15        2     0.00000
    -132.99        2     0.00000
    -132.84        2     0.00000
    -132.70        2     0.00000
    -132.54        2     0.00000
    -132.40        2     0.00000
    -132.24        2     0.00000
    -132.09        2     0.00000
    -131.95        2     0.00000
    -131.79        2     0.00000
    -131.65        2     0.00000
    -131.49        2     0.00000
    -131.34        2     0.00000
    -131.20        2     0.00000
    -131.04        2     0.00000
    -130.90        2     0.00000
    -130.74        2     0.00000
    -130.59        2     0.00000
    -130.45        2     0.00000
    -130.29        2     0.00000
    -130.15        2     0.00000
    -129.99        2     0.00000
    -129.84        2     0.00000
    -129.70        2     0.00000
    -129.54        2     0.00000
    -129.40        2     0.00000
    -129.24        2     0.00000
    -129.09        2     0.00000
    -128.95        2     0.00000
    -128.79        2     0.00000
    -128.65        2     0.00000
    -128.49        2     0.00000
    -128.34        2     0.00000
    -128.20        2     0.00000
    -128.04        2     0.00000
    -127.89        2     0.00000
    -127.75        2     0.00000
    -127.60        2     0.00000
    -127.44        2     0.00000
    -127.30        2     0.00000
    -127.14        2     0.00000
    -127.00        2     0.00000
    -126.85        2     0.00000
    -126.69        2     0.00000
    -126.55        2     0.00000
    -126.39        2     0.00000
    -126.25        2     0.00000
    -126.10        2     0.00000
    -125.94        2     0.00000
    -125.80        2     0.00000
    -125.64        2     0.00000
    -125.50        2     0.00000
    -125.35        2     0.00000
    -125.19        2     0.00000
    -125.05        2     0.00000
    -124.89        2     0.00000
    -124.75        2     0.00000
    -124.60        2     0.00000
    -124.44        2     0.00000
    -124.30        2     0.00000
    -124.14        2     0.00000
    -124.00        2     0.00000
    -123.85        2     0.00000
    -123.69        2     0.00000
    -123.55        2     0.00000
    -123.39        2     0.00000
    -123.25        2     0.00000
    -123.10        2     0.00000
    -122.94        2     0.00000
    -122.80        2     0.00000
    -122.64        2     0.00000
    -122.50        2     0.00000
    -122.35        2     0.00000
    -122.19        2     0.00000
    -122.05        2     0.00000
    -121.89        2     0.00000
    -121.75        2     0.00000
    -121.60        2     0.00000
    -121.44        2     0.00000
    -121.30        2     0.00000
    -121.14        2     0.00000
    -121.00        2     0.00000
    -120.85        2     0.00000
    -120.69        2     0.00000
    -120.55        2     0.00000
    -120.39        2     0.00000
    -120.25        2     0.00000
    -120.10        2     0.00000
    -119.94        2     0.00000
    -119.80        2     0.00000
    -119.64        2     0.00000
    -119.50        2     0.00000
    -119.35        2     0.00000
    -119.19        2     0.00000
    -119.05        2     0.00000
    -118.89        2     0.00000
    -118.75        2     0.00000
    -118.60        2     0.00000
    -118.44        2     0.00000
    -118.30        2     0.00000
    -118.14        2     0.00000
    -118.00        2     0.00000
    -117.85        2     0.00000
    -117.69        2     0.00000
    -117.55        2     0.00000
    -117.39        2     0.00000
    -117.25        2     0.00000
    -117.10        2     0.00000
    -116.94        2     0.00000
    -116.80        2     0.00000
    -116.64        2     0.00000
    -116.50        2     0.00000
    -116.35        2     0.00000
    -116.19        2     0.00000
    -116.05        2     0.00000
    -115.89        2     0.00000
    -115.75        2     0.00000
    -115.60        2     0.00000
    -115.44        2     0.00000
    -115.30        2     0.00000
    -115.14        2     0.00000
    -115.00        2     0.00000
    -114.85        2     0.00000
    -114.69        2     0.00000
    -114.55        2     0.00000
    -114.39        2     0.00000
    -114.25        2     0.00000
    -114.10        2     0.00000
    -113.94        2     0.00000
    -113.80        2     0.00000
    -113.64        2     0.00000
    -113.50        2     0.00000
    -113.35        2     0.00000
    -113.19        2     0.00000
    -113.05        2     0.00000
    -112.89        2     0.00000
    -112.75        2     0.00000
    -112.60        2     0.00000
    -112.44        2     0.00000
    -112.30        2     0.00000
    -112.14        2     0.00000
    -112.00        2     0.00000
    -111.85        2     0.00000
    -111.69        2     0.00000
    -111.55        2     0.00000
    -111.39        2     0.00000
    -111.25        2     0.00000
    -111.10        2     0.00000
    -110.94        2     0.00000
    -110.80        2     0.00000
    -110.64        2     0.00000
    -110.50        2     0.00000
    -110.35        2     0.00000
    -110.19        2     0.00000
    -110.05        2     0.00000
    -109.89        2     0.00000
    -109.75        2     0.00000
    -109.60        2     0.00000
    -109.44        2     0.00000
    -109.30        2     0.00000
    -109.14        2     0.00000
    -109.00        2     0.00000
    -108.85        2     0.00000
    -108.69        2     0.00000
    -108.55        2     0.00000
    -108.39        2     0.00000
    -108.25        2     0.00000
    -108.10        2     0.00000
    -107.94        2     0.00000
    -107.80        2     0.00000
    -107.64        2     0.00000
    -107.50        2     0.00000
    -107.35        2     0.00000
    -107.19        2     0.00000
    -107.05        2     0.00000
    -106.89        2     0.00000
    -106.75        2     0.00000
    -106.60        2     0.00000
    -106.44        2     0.00000
    -106.30        2     0.00000
    -106.14        2     0.00000
    -106.00        2     0.00000
    -105.85        2     0.00000
    -105.69        2     0.00000
    -105.55        2     0.00000
    -105.39        2     0.00000
    -105.25        2     0.00000
    -105.10        2     0.00000
    -104.94        2     0.00000
    -104.80        2     0.00000
    -104.64        2     0.00000
    -104.50        2     0.00000
    -104.35        2     0.00000
    -104.19        2     0.00000
    -104.05        2     0.00000
    -103.89        2     0.00000
    -103.75        2     0.00000
    -103.60        2     0.00000
    -103.44        2     0.00000
    -103.30        2     0.00000
    -103.14        2     0.00000
    -103.00        2     0.00000
    -102.85        2     0.00000
    -102.69        2     0.00000
    -102.55        2     0.00000
    -102.39        2     0.00000
    -102.25        2     0.00000
    -102.10        2     0.00000
    -101.94        2     0.00000
    -101.80        2     0.00000
    -101.64        2     0.00000
    -101.50        2     0.00000
    -101.35        2     0.00000
    -101.19        2     0.00000
    -101.05        2     0.00000
    -100.89        2     0.00000
    -100.75        2     0.00000
    -100.60        2     0.00000
    -100.44        2     0.00000
    -100.30        2     0.00000
    -100.14        2     0.00000
    -99.995        2     0.00000
    -99.845        2     0.00000
    -99.695        2     0.00000
    -99.545        2     0.00000
    -99.395        2     0.00000
    -99.245        2     0.00000
    -99.095        2     0.00000
    -98.945        2     0.00000
    -98.795        2     0.00000
    -98.645        2     0.00000
    -98.495        2     0.00000
    -98.345        2     0.00000
    -98.195        2     0.00000
    -98.045        2     0.00000
    -97.895        2     0.00000
    -97.745        2     0.00000
    -97.595        2     0.00000
    -97.445        2     0.00000
    -97.295        2     0.00000
    -97.145        2     0.00000
    -96.995        2     0.00000
    -96.845        2     0.00000
    -96.695        2     0.00000
    -96.545        2     0.00000
    -96.395        2     0.00000
    -96.245        2     0.00000
    -96.095        2     0.00000
    -95.945        2     0.00000
    -95.795        2     0.00000
    -95.645        2     0.00000
    -95.495        2     0.00000
    -95.345        2     0.00000
    -95.195        2     0.00000
    -95.045        2     0.00000
    -94.895        2     0.00000
    -94.745        2     0.00000
    -94.595        2     0.00000
    -94.445        2     0.00000
    -94.295        2     0.00000
    -94.145        2     0.00000
    -93.995        2     0.00000
    -93.845        2     0.00000
    -93.695        2     0.00000
    -93.545        2     0.00000
    -93.395        2     0.00000
    -93.245        2     0.00000
    -93.095        2     0.00000
    -92.945        2     0.00000
    -92.795        2     0.00000
    -92.645        2     0.00000
    -92.495        2     0.00000
    -92.345        2     0.00000
    -92.195        2     0.00000
    -92.045        2     0.00000
    -91.895        2     0.00000
    -91.745        2     0.00000
    -91.595        2     0.00000
    -91.445        2     0.00000
    -91.295        2     0.00000
    -91.145        2     0.00000
    -90.995        2     0.00000
    -90.845        2     0.00000
    -90.695        2     0.00000
    -90.545        2     0.00000
    -90.395        2     0.00000
    -90.245        2     0.00000
    -90.095        2     0.00000
    -89.945        2     0.00000
    -89.795        2     0.00000
    -89.645        2     0.00000
    -89.495        2     0.00000
    -89.345        2     0.00000
    -89.195        2     0.00000
    -89.045        2     0.00000
    -88.895        2     0.00000
    -88.745        2     0.00000
    -88.595        2     0.00000
    -88.445        2     0.00000
    -88.295        2     0.00000
    -88.145        2     0.00000
    -87.995        2     0.00000
    -87.845        2     0.00000
    -87.695        2     0.00000
    -87.545        2     0.00000
    -87.395        2     0.00000
    -87.245        2     0.00000
    -87.095        2     0.00000
    -86.945        2     0.00000
    -86.795        2     0.00000
    -86.645        2     0.00000
    -86.495        2     0.00000
    -86.345        2     0.00000
    -86.195        2     0.00000
    -86.045        2     0.00000
    -85.895        2     0.00000
    -85.745        2     0.00000
    -85.595        2     0.00000
    -85.445        2     0.00000
    -85.295        2     0.00000
    -85.145        2     0.00000
    -84.995        2     0.00000
    -84.845        2     0.00000
    -84.695        2     0.00000
    -84.545        2     0.00000
    -84.395        2     0.00000
    -84.245        2     0.00000
    -84.095        2     0.00000
    -83.945        2     0.00000
    -83.795        2     0.00000
    -83.645        2     0.00000
    -83.495        2     0.00000
    -83.345        2     0.00000
    -83.195        2     0.00000
    -83.045        2     0.00000
    -82.895        2     0.00000
    -82.745        2     0.00000
    -82.595        2     0.00000
    -82.445        2     0.00000
    -82.295        2     0.00000
    -82.145        2     0.00000
    -81.995        2     0.00000
    -81.845        2     0.00000
    -81.695        2     0.00000
    -81.545        2     0.00000
    -81.395        2     0.00000
    -81.245        2     0.00000
    -81.095        2     0.00000
    -80.945        2     0.00000
    -80.795        2     0.00000
    -80.645        2     0.00000
    -80.495        2     0.00000
    -80.345        2     0.00000
    -80.195        2     0.00000
    -80.045        2     0.00000
    -79.895        2     0.00000
    -79.745        2     0.00000
    -79.595        2     0.00000
    -79.445        2     0.00000
    -79.295        2     0.00000
    -79.145        2     0.00000
    -78.995        2     0.00000
    -78.845        2     0.00000
    -78.695        2     0.00000
    -78.545        2     0.00000
    -78.395        2     0.00000
    -78.245        2     0.00000
    -78.095        2     0.00000
    -77.945        2     0.00000
    -77.795        2     0.00000
    -77.645        2     0.00000
    -77.495        2     0.00000
    -77.345        2     0.00000
    -77.195        2     0.00000
    -77.045        2     0.00000
    -76.895        2     0.00000
    -76.745        2     0.00000
    -76.595        2     0.00000
    -76.445        2     0.00000
    -76.295        2     0.00000
    -76.145        2     0.00000
    -75.995        2     0.00000
    -75.845        2     0.00000
    -75.695        2     0.00000
    -75.545        2     0.00000
    -75.395        2    -0.00000
    -75.245        2    -0.00002
    -75.095        2    -0.00006
    -74.945        2    -0.00011
    -74.795        2    -0.00017
    -74.645        2    -0.00020
    -74.495        2    -0.00027
    -74.345        2    -0.00035
    -74.195        2    -0.00043
    -74.045        2    -0.00052
    -73.895        2    -0.00062
    -73.745        2    -0.00074
    -73.595        2    -0.00077
    -73.445        2    -0.00088
    -73.295        2    -0.00090
    -73.145        2    -0.00098
    -72.995        2    -0.00106
    -72.845        2    -0.00115
    -72.695        2    -0.00127
    -72.545        2    -0.00141
    -72.395        2    -0.00157
    -72.245        2    -0.00175
    -72.095        2    -0.00189
    -71.945        2    -0.00207
    -71.795        2    -0.00221
    -71.645        2    -0.00222
    -71.495        2    -0.00243
    -71.345        2    -0.00258
    -71.195        2    -0.00278
    -71.045        2    -0.00292
    -70.895        2    -0.00311
    -70.745        2    -0.00333
    -70.595        2    -0.00355
    -70.445        2    -0.00373
    -70.295        2    -0.00399
    -70.145        2    -0.00414
    -69.995        2    -0.00441
    -69.845        2    -0.00453
    -69.695        2    -0.00472
    -69.545        2    -0.00470
    -69.395        2    -0.00496
    -69.245        2    -0.00521
    -69.095        2    -0.00546
    -68.945        2    -0.00567
    -68.795        2    -0.00589
    -68.645        2    -0.00608
    -68.495        2    -0.00629
    -68.345        2    -0.00656
    -68.195        2    -0.00680
    -68.045        2    -0.00706
    -67.895        2    -0.00731
    -67.745        2    -0.00761
    -67.595        2    -0.00789
    -67.445        2    -0.00824
    -67.295        2    -0.00852
    -67.145        2    -0.00874
    -66.995        2    -0.00896
    -66.845        2    -0.00921
    -66.695        2    -0.00954
    -66.545        2    -0.00970
    -66.395        2    -0.01004
    -66.245        2    -0.01025
    -66.095        2    -0.01058
    -65.945        2    -0.01090
    -65.795        2    -0.01118
    -65.645        2    -0.01138
    -65.495        2    -0.01172
    -65.345        2    -0.01202
    -65.195        2    -0.01237
    -65.045        2    -0.01266
    -64.895        2    -0.01295
    -64.745        2    -0.01329
    -64.595        2    -0.01343
    -64.445        2    -0.01347
    -64.295        2    -0.01369
    -64.145        2    -0.01394
    -63.995        2    -0.01413
    -63.845        2    -0.01449
    -63.695        2    -0.01472
    -63.545        2    -0.01502
    -63.395        2    -0.01539
    -63.245        2    -0.01568
    -63.095        2    -0.01606
    -62.945        2    -0.01637
    -62.795        2    -0.01672
    -62.645        2    -0.01719
    -62.495        2    -0.01753
    -62.345        2    -0.01798
    -62.195        2    -0.01833
    -62.045        2    -0.01874
    -61.895        2    -0.01906
    -61.745        2    -0.01944
    -61.595        2    -0.01988
    -61.445        2    -0.02033
    -61.295        2    -0.02083
    -61.145        2    -0.02127
    -60.995        2    -0.02195
    -60.845        2    -0.20298
    -60.695        2    -0.91969
    -60.545        2    -2.60906
    -60.395        2    -4.72720
    -60.245        2    -7.06921
    -60.095        2    -9.48106
    -59.945        2   -11.92559
    -59.795        2   -14.31254
    -59.645        2   -16.62241
    -59.495        2   -18.78541
    -59.345        2   -20.86164
    -59.195        2   -22.80725
    -59.045        2   -24.63373
    -58.895        2   -26.31381
    -58.745        2   -27.89909
    -58.595        2   -29.32283
    -58.445        2   -30.68096
    -58.295        2   -31.92026
    -58.145        2   -33.03967
    -57.995        2   -34.08102
    -57.845        2   -35.02879
    -57.695        2   -35.90494
    -57.545        2   -36.71828
    -57.395        2   -37.45227
    -57.245        2   -38.12806
    -57.095        2   -38.73989
    -56.945        2   -39.30868
    -56.795        2   -39.82237
    -56.645        2   -40.29068
    -56.495        2   -40.71674
    -56.345        2   -41.11135
    -56.195        2   -41.47239
    -56.045        2   -41.80246
    -55.895        2   -42.11317
    -55.745        2   -42.39063
    -55.595        2   -42.65091
    -55.445        2   -42.88586
    -55.295        2   -43.10762
    -55.145        2   -43.30192
    -54.995        2   -43.48993
    -54.845        2   -43.66367
    -54.695        2   -43.83320
    -54.545        2   -43.98260
    -54.395        2   -44.13274
    -54.245        2   -44.27111
    -54.095        2   -44.40549
    -53.945        2   -44.52557
    -53.795        2   -44.64023
    -53.645        2   -44.74629
    -53.495        2   -44.84620
    -53.345        2   -44.94112
    -53.195        2   -45.04142
    -53.045        2   -45.13693
    -52.895        2   -45.22761
    -52.745        2   -45.31245
    -52.595        2   -45.39430
    -52.445        2   -45.47631
    -52.295        2   -45.56055
    -52.145        2   -45.64105
    -51.995        2   -45.71289
    -51.845        2   -45.78598
    -51.695        2   -45.85512
    -51.545        2   -45.92017
    -51.395        2   -45.98451
    -51.245        2   -46.04775
    -51.095        2   -46.11246
    -50.945        2   -46.17552
    -50.795        2   -46.23450
    -50.645        2   -46.29397
    -50.495        2   -46.35128
    -50.345        2   -46.40799
    -50.195        2   -46.46406
    -50.045        2   -46.51969
    -49.895        2   -46.57534
    -49.745        2   -46.62967
    -49.595        2   -46.68434
    -49.445        2   -46.73565
    -49.295        2   -46.78883
    -49.145        2   -46.83950
    -48.995        2   -46.88990
    -48.845        2   -46.93937
    -48.695        2   -46.99109
    -48.545        2   -47.04204
    -48.395        2   -47.09111
    -48.245        2   -47.13436
    -48.095        2   -47.18253
    -47.945        2   -47.22808
    -47.795        2   -47.26882
    -47.645        2   -47.31301
    -47.495        2   -47.35547
    -47.345        2   -47.40208
    -47.195        2   -47.44374
    -47.045        2   -47.49893
    -46.895        2   -47.57800
    -46.745        2   -47.68193
    -46.595        2   -47.80585
    -46.445        2   -47.95869
    -46.295        2   -48.12671
    -46.145        2   -48.31125
    -45.995        2   -48.51676
    -45.845        2   -48.73013
    -45.695        2   -48.96721
    -45.545        2   -49.21873
    -45.395        2   -49.47621
    -45.245        2   -49.74843
    -45.095        2   -50.01721
    -44.945        2   -50.28261
    -44.795        2   -50.55034
    -44.645        2   -50.82326
    -44.495        2   -51.09083
    -44.345        2   -51.35954
    -44.195        2   -51.62221
    -44.045        2   -51.88061
    -43.895        2   -52.13937
    -43.745        2   -52.38565
    -43.595        2   -52.62465
    -43.445        2   -52.85946
    -43.295        2   -53.08180
    -43.145        2   -53.30282
    -42.995        2   -53.51779
    -42.845        2   -53.72594
    -42.695        2   -53.92806
    -42.545        2   -54.12214
    -42.395        2   -54.30575
    -42.245        2   -54.48938
    -42.095        2   -54.66071
    -41.945        2   -54.83272
    -41.795        2   -54.99772
    -41.645        2   -55.15434
    -41.495        2   -55.30949
    -41.345        2   -55.46214
    -41.195        2   -55.60322
    -41.045        2   -55.74573
    -40.895        2   -55.88182
    -40.745        2   -56.01571
    -40.595        2   -56.14633
    -40.445        2   -56.27765
    -40.295        2   -56.40251
    -40.145        2   -56.52475
    -39.995        2   -56.64769
    -39.845        2   -56.76898
    -39.695        2   -56.89156
    -39.545        2   -57.01026
    -39.395        2   -57.13053
    -39.245        2   -57.24405
    -39.095        2   -57.35637
    -38.945        2   -57.46550
    -38.795        2   -57.57247
    -38.645        2   -57.67606
    -38.495        2   -57.78059
    -38.345        2   -57.88314
    -38.195        2   -57.98534
    -38.045        2   -58.08915
    -37.895        2   -58.19138
    -37.745        2   -58.28992
    -37.595        2   -58.39032
    -37.445        2   -58.48879
    -37.295        2   -58.58737
    -37.145        2   -58.68537
    -36.995        2   -58.78621
    -36.845        2   -58.88457
    -36.695        2   -58.98322
    -36.545        2   -59.07747
    -36.395        2   -59.17191
    -36.245        2   -59.26739
    -36.095        2   -59.40250
    -35.945        2   -59.57787
    -35.795        2   -59.76155
    -35.645        2   -59.95952
    -35.495        2   -60.16480
    -35.345        2   -60.37843
    -35.195        2   -60.59773
    -35.045        2   -60.81789
    -34.895        2   -61.03192
    -34.745        2   -61.25302
    -34.595        2   -61.48737
    -34.445        2   -61.73503
    -34.295        2   -61.98772
    -34.145        2   -62.24128
    -33.995        2   -62.49453
    -33.845        2   -62.75573
    -33.695        2   -63.01036
    -33.545        2   -63.26364
    -33.395        2   -63.51662
    -33.245        2   -63.76768
    -33.095        2   -64.01662
    -32.945        2   -64.26744
    -32.795        2   -64.51707
    -32.645        2   -64.75329
    -32.495        2   -64.99231
    -32.345        2   -65.22870
    -32.195        2   -65.46216
    -32.045        2   -65.69250
    -31.895        2   -65.91864
    -31.745        2   -66.13975
    -31.595        2   -66.36532
    -31.445        2   -66.58300
    -31.295        2   -66.79240
    -31.145        2   -67.00814
    -30.995        2   -67.21570
    -30.845        2   -67.42138
    -30.695        2   -67.62574
    -30.545        2   -67.82733
    -30.395        2   -68.01863
    -30.245        2   -68.20858
    -30.095        2   -68.39759
    -29.945        2   -68.58245
    -29.795        2   -68.76565
    -29.645        2   -68.95270
    -29.495        2   -69.12877
    -29.345        2   -69.30241
    -29.195        2   -69.47835
    -29.045        2   -69.64790
    -28.895        2   -69.81522
    -28.745        2   -69.97738
    -28.595        2   -70.13699
    -28.445        2   -70.29767
    -28.295        2   -70.45422
    -28.145        2   -70.60514
    -27.995        2   -70.75718
    -27.845        2   -70.90179
    -27.695        2   -71.04391
    -27.545        2   -71.18472
    -27.395        2   -71.32192
    -27.245        2   -71.45293
    -27.095        2   -71.58679
    -26.945        2   -71.72285
    -26.795        2   -71.85508
    -26.645        2   -71.98369
    -26.495        2   -72.10711
    -26.345        2   -72.23084
    -26.195        2   -72.35038
    -26.045        2   -72.46877
    -25.895        2   -72.58943
    -25.745        2   -72.70714
    -25.595        2   -72.82098
    -25.445        2   -72.93644
    -25.295        2   -73.04471
    -25.145        2   -73.15625
    -24.995        2   -73.26182
    -24.845        2   -73.37448
    -24.695        2   -73.48688
    -24.545        2   -73.59497
    -24.395        2   -73.70697
    -24.245        2   -73.81792
    -24.095        2   -73.92702
    -23.945        2   -74.03063
    -23.795        2   -74.13859
    -23.645        2   -74.24708
    -23.495        2   -74.35440
    -23.345        2   -74.46059
    -23.195        2   -74.56972
    -23.045        2   -74.67351
    -22.895        2   -74.78882
    -22.745        2   -74.89801
    -22.595        2   -75.01455
    -22.445        2   -75.12410
    -22.295        2   -75.23656
    -22.145        2   -75.34706
    -21.995        2   -75.45798
    -21.845        2   -75.57085
    -21.695        2   -75.68721
    -21.545        2   -75.79968
    -21.395        2   -75.91515
    -21.245        2   -76.03325
    -21.095        2   -76.14707
    -20.945        2   -76.26237
    -20.795        2   -76.37848
    -20.645        2   -76.49577
    -20.495        2   -76.61865
    -20.345        2   -76.74354
    -20.195        2   -76.86707
    -20.045        2   -76.99677
    -19.895        2   -77.11857
    -19.745        2   -77.24352
    -19.595        2   -77.37419
    -19.445        2   -77.50518
    -19.295        2   -77.63462
    -19.145        2   -77.77009
    -18.995        2   -77.90523
    -18.845        2   -78.04773
    -18.695        2   -78.18369
    -18.545        2   -78.32337
    -18.395        2   -78.45947
    -18.245        2   -78.59940
    -18.095        2   -78.74689
    -17.945        2   -78.89321
    -17.795        2   -79.04297
    -17.645        2   -79.19479
    -17.495        2   -79.34914
    -17.345        2   -79.50963
    -17.195        2   -79.66395
    -17.045        2   -79.81551
    -16.895        2   -79.97700
    -16.745        2   -80.13995
    -16.595        2   -80.29855
    -16.445        2   -80.46411
    -16.295        2   -80.63092
    -16.145        2   -80.80532
    -15.995        2   -80.97764
    -15.845        2   -81.15191
    -15.695        2   -81.33050
    -15.545        2   -81.50978
    -15.395        2   -81.68388
    -15.245        2   -81.86498
    -15.095        2   -82.04932
    -14.945        2   -82.23662
    -14.795        2   -82.42798
    -14.645        2   -82.62060
    -14.495        2   -82.81716
    -14.345        2   -83.00914
    -14.195        2   -83.20548
    -14.045        2   -83.40669
    -13.895        2   -83.61241
    -13.745        2   -83.81936
    -13.595        2   -84.02811
    -13.445        2   -84.23955
    -13.295        2   -84.45761
    -13.145        2   -84.67375
    -12.995        2   -84.89692
    -12.845        2   -85.12159
    -12.695        2   -85.34866
    -12.545        2   -85.58124
    -12.395        2   -85.81626
    -12.245        2   -86.05688
    -12.095        2   -86.29924
    -11.945        2   -86.54942
    -11.795        2   -86.79922
    -11.645        2   -87.05442
    -11.495        2   -87.31136
    -11.345        2   -87.57894
    -11.195        2   -87.85064
    -11.045        2   -88.12752
    -10.895        2   -88.41325
    -10.745        2   -88.69829
    -10.595        2   -88.99319
    -10.445        2   -89.29330
    -10.295        2   -89.59861
    -10.145        2   -89.91256
    -9.9950        2   -90.23676
    -9.8450        2   -90.56976
    -9.6950        2   -90.90712
    -9.5450        2   -91.25356
    -9.3950        2   -91.61083
    -9.2450        2   -91.97718
    -9.0950        2   -92.35006
    -8.9450        2   -92.73397
    -8.7950        2   -93.12845
    -8.6450        2   -93.53590
    -8.4950        2   -93.96178
    -8.3450        2   -94.39237
    -8.1950        2   -94.84171
    -8.0450        2   -95.30292
    -7.8950        2   -95.78206
    -7.7450        2   -96.27477
    -7.5950        2   -96.78346
    -7.4450        2   -97.31346
    -7.2950        2   -97.86152
    -7.1450        2   -98.43286
    -6.9950        2   -99.01328
    -6.8450        2   -99.61722
    -6.6950        2  -100.23536
    -6.5450        2  -100.87581
    -6.3950        2  -101.53401
    -6.2450        2  -102.21041
    -6.0950        2  -102.90881
    -5.9450        2  -103.62841
    -5.7950        2  -104.36847
    -5.6450        2  -105.13108
    -5.4950        2  -105.91679
    -5.3450        2  -106.72555
    -5.1950        2  -107.56420
    -5.0450        2  -108.43117
    -4.8950        2  -109.32745
    -4.7450        2  -110.25498
    -4.5950        2  -111.22119
    -4.4450        2  -112.22245
    -4.2950        2  -113.26874
    -4.1450        2  -114.36999
    -3.9950        2  -115.52727
    -3.8450        2  -116.75686
    -3.6950        2  -118.08796
    -3.5450        2  -119.50731
    -3.3950        2  -120.99804
    -3.2450        2  -122.55020
    -3.0950        2  -124.17874
    -2.9450        2  -125.88466
    -2.7950        2  -127.69087
    -2.6450        2  -129.60780
    -2.4950        2  -131.64655
    -2.3450        2  -133.81729
    -2.1950        2  -136.14338
    -2.0450        2  -138.63129
    -1.8950        2  -141.29757
    -1.7450        2  -144.17639
    -1.5950        2  -147.31764
    -1.4450        2  -150.78646
    -1.2950        2  -154.66299
    -1.1450        2  -159.13740
   -0.99500        2  -164.42137
   -0.84500        2  -170.32443
   -0.69500        2  -176.74484
   -0.54500        2  -183.64365
   -0.39500        2  -190.93455
   -0.25300        2  -195.56987
   -0.21500        2  -195.84796
   -0.20900        2  -196.12459
   -0.20300        2  -196.39901
   -0.19700        2  -196.67133
   -0.19100        2  -196.94201
   -0.18500        2  -197.21041
   -0.17900        2  -197.47611
   -0.17300        2  -197.73925
   -0.16700        2  -197.99994
   -0.16100        2  -198.25778
   -0.15500        2  -198.51230
   -0.14900        2  -198.76321
   -0.14300        2  -199.00997
   -0.13700        2  -199.25302
   -0.13100        2  -199.49186
   -0.12500        2  -199.72620
   -0.11900        2  -199.95576
   -0.11300        2  -200.17997
   -0.10700        2  -200.39873
   -0.10100        2  -200.61205
   -0.95000E-01    2  -200.81916
   -0.89000E-01    2  -201.01948
   -0.83000E-01    2  -201.21269
   -0.77000E-01    2  -201.39796
   -0.71000E-01    2  -201.57498
   -0.65000E-01    2  -201.74272
   -0.59000E-01    2  -201.90027
   -0.53000E-01    2  -202.04706
   -0.47000E-01    2  -202.18208
   -0.41000E-01    2  -202.30404
   -0.35000E-01    2  -202.41213
   -0.29000E-01    2  -202.50523
   -0.23000E-01    2  -202.58176
   -0.19700E-01    2  -202.58847
   -0.19100E-01    2  -202.59500
   -0.18500E-01    2  -202.60134
   -0.17900E-01    2  -202.60751
   -0.17300E-01    2  -202.61351
   -0.16700E-01    2  -202.61934
   -0.16100E-01    2  -202.62496
   -0.15500E-01    2  -202.63042
   -0.14900E-01    2  -202.63569
   -0.14300E-01    2  -202.64077
   -0.13700E-01    2  -202.64567
   -0.13100E-01    2  -202.65036
   -0.12500E-01    2  -202.65486
   -0.11900E-01    2  -202.65917
   -0.11300E-01    2  -202.66328
   -0.10700E-01    2  -202.66718
   -0.10100E-01    2  -202.67088
   -0.95000E-02    2  -202.67436
   -0.89000E-02    2  -202.67763
   -0.83000E-02    2  -202.68071
   -0.77000E-02    2  -202.68356
   -0.71000E-02    2  -202.68621
   -0.65000E-02    2  -202.68864
   -0.59000E-02    2  -202.69085
   -0.53000E-02    2  -202.69285
   -0.47000E-02    2  -202.69463
   -0.41000E-02    2  -202.69619
   -0.35000E-02    2  -202.69752
   -0.29000E-02    2  -202.69863
   -0.23000E-02    2  -202.69952
   -0.17000E-02    2  -202.70018
   -0.11000E-02    2  -202.70060
   -0.50000E-03    2  -202.70080
    0.10000E-03    2  -202.70076
    0.70000E-03    2  -202.70048
    0.13000E-02    2  -202.69997
    0.19000E-02    2  -202.69922
    0.25000E-02    2  -202.69822
    0.31000E-02    2  -202.69699
    0.37000E-02    2  -202.69550
    0.43000E-02    2  -202.69376
    0.49000E-02    2  -202.69178
    0.55000E-02    2  -202.68953
    0.61000E-02    2  -202.68702
    0.67000E-02    2  -202.68424
    0.73000E-02    2  -202.68118
    0.79000E-02    2  -202.67787
    0.85000E-02    2  -202.67428
    0.91000E-02    2  -202.67045
    0.97000E-02    2  -202.66633
    0.10300E-01    2  -202.66196
    0.10900E-01    2  -202.65732
    0.11500E-01    2  -202.65242
    0.12100E-01    2  -202.64725
    0.12700E-01    2  -202.64181
    0.13300E-01    2  -202.63611
    0.13900E-01    2  -202.63013
    0.14500E-01    2  -202.62388
    0.15100E-01    2  -202.61735
    0.15700E-01    2  -202.61055
    0.16300E-01    2  -202.60349
    0.16900E-01    2  -202.59614
    0.17500E-01    2  -202.58851
    0.18100E-01    2  -202.58061
    0.18700E-01    2  -202.57244
    0.19300E-01    2  -202.56398
    0.20200E-01    2  -202.52839
    0.25000E-01    2  -202.41674
    0.31000E-01    2  -202.27509
    0.37000E-01    2  -202.10267
    0.43000E-01    2  -201.89737
    0.49000E-01    2  -201.65818
    0.55000E-01    2  -201.38348
    0.61000E-01    2  -201.07059
    0.67000E-01    2  -200.71914
    0.73000E-01    2  -200.32861
    0.79000E-01    2  -199.89755
    0.85000E-01    2  -199.42539
    0.91000E-01    2  -198.91057
    0.97000E-01    2  -198.35172
    0.10300        2  -197.74642
    0.10900        2  -197.09420
    0.11500        2  -196.39321
    0.12100        2  -195.64188
    0.12700        2  -194.83911
    0.13300        2  -193.98454
    0.13900        2  -193.07674
    0.14500        2  -192.11636
    0.15100        2  -191.10218
    0.15700        2  -190.03462
    0.16300        2  -188.91274
    0.16900        2  -187.73554
    0.17500        2  -186.50296
    0.18100        2  -185.21531
    0.18700        2  -183.87430
    0.19300        2  -182.52931
    0.19900        2  -181.16832
    0.20500        2  -179.78267
    0.21100        2  -178.36830
    0.21700        2  -176.92308
    0.29500        2  -132.73072
    0.44500        2   -91.28464
    0.59500        2   -62.57375
    0.74500        2   -43.31787
    0.89500        2   -28.96135
     1.0450        2   -17.47114
     1.1950        2    -7.91995
     1.3450        2     0.21704
     1.4950        2     7.28038
     1.6450        2    13.49564
     1.7950        2    18.98336
     1.9450        2    23.89799
     2.0950        2    28.35079
     2.2450        2    32.44355
     2.3950        2    36.22110
     2.5450        2    39.62586
     2.6950        2    42.71556
     2.8450        2    45.54108
     2.9950        2    48.13675
     3.1450        2    50.53153
     3.2950        2    52.75104
     3.4450        2    54.81502
     3.5950        2    56.73925
     3.7450        2    58.53739
     3.8950        2    60.22365
     4.0450        2    61.80910
     4.1950        2    63.30334
     4.3450        2    64.71361
     4.4950        2    66.03873
     4.6450        2    67.27456
     4.7950        2    68.43942
     4.9450        2    69.53509
     5.0950        2    70.57242
     5.2450        2    71.55883
     5.3950        2    72.49262
     5.5450        2    73.37761
     5.6950        2    74.21643
     5.8450        2    75.01033
     5.9950        2    75.76686
     6.1450        2    76.48336
     6.2950        2    77.16379
     6.4450        2    77.80701
     6.5950        2    78.42078
     6.7450        2    79.00255
     6.8950        2    79.55836
     7.0450        2    80.08528
     7.1950        2    80.59314
     7.3450        2    81.07738
     7.4950        2    81.53607
     7.6450        2    81.97352
     7.7950        2    82.38674
     7.9450        2    82.77836
     8.0950        2    83.15574
     8.2450        2    83.51151
     8.3950        2    83.85809
     8.5450        2    84.18661
     8.6950        2    84.49649
     8.8450        2    84.79253
     8.9950        2    85.07216
     9.1450        2    85.33300
     9.2950        2    85.56955
     9.4450        2    85.78990
     9.5950        2    85.98517
     9.7450        2    86.16230
     9.8950        2    86.31573
     10.045        2    86.45534
     10.195        2    86.57966
     10.345        2    86.68755
     10.495        2    86.78320
     10.645        2    86.86423
     10.795        2    86.93131
     10.945        2    86.98815
     11.095        2    87.03655
     11.245        2    87.07586
     11.395        2    87.11029
     11.545        2    87.14286
     11.695        2    87.16846
     11.845        2    87.19066
     11.995        2    87.20963
     12.145        2    87.22630
     12.295        2    87.24296
     12.445        2    87.25682
     12.595        2    87.26831
     12.745        2    87.28065
     12.895        2    87.29200
     13.045        2    87.30090
     13.195        2    87.31055
     13.345        2    87.31949
     13.495        2    87.32855
     13.645        2    87.33745
     13.795        2    87.34567
     13.945        2    87.35512
     14.095        2    87.36267
     14.245        2    87.37049
     14.395        2    87.37716
     14.545        2    87.38341
     14.695        2    87.38945
     14.845        2    87.39489
     14.995        2    87.40018
     15.145        2    87.40632
     15.295        2    87.41353
     15.445        2    87.41852
     15.595        2    87.42337
     15.745        2    87.42777
     15.895        2    87.43404
     16.045        2    87.43978
     16.195        2    87.44637
     16.345        2    87.44976
     16.495        2    87.45437
     16.645        2    87.45958
     16.795        2    87.46443
     16.945        2    87.46960
     17.095        2    87.47447
     17.245        2    87.47940
     17.395        2    87.48310
     17.545        2    87.48741
     17.695        2    87.49133
     17.845        2    87.49599
     17.995        2    87.50030
     18.145        2    87.50408
     18.295        2    87.50771
     18.445        2    87.51109
     18.595        2    87.51471
     18.745        2    87.51959
     18.895        2    87.52334
     19.045        2    87.52763
     19.195        2    87.53071
     19.345        2    87.53480
     19.495        2    87.53879
     19.645        2    87.54258
     19.795        2    87.54594
     19.945        2    87.54969
     20.095        2    87.55276
     21.836        2    87.65532
     30.068        2    87.78816
     42.097        2    87.90413
     58.937        2    88.00868
     82.515        2    88.11116
     115.53        2    88.20484
     161.74        2    88.29391
     226.45        2    88.37455
     317.04        2    88.45386
     443.87        2    88.53148
     621.44        2    88.60449
     870.05        2    88.67405
     1218.1        2    88.74676
     1705.4        2    88.82175
     2387.7        2    88.89121
     3342.9        2    88.95449
     4680.2        2    89.01876
     6552.5        2    89.07914
     9173.8        2    89.13918
     12844.        2    89.18256
     17982.        2    89.23681
     25176.        2    89.28834
     35247.        2    89.33925
     49348.        2    89.38361
     69090.        2    89.42514
     96729.        2    89.46307
    0.13543E+06    2    89.49682
    0.18960E+06    2    89.52951
    0.26545E+06    2    89.55951
    0.37165E+06    2    89.58706
    0.52033E+06    2    89.61312
    0.72849E+06    2    89.63566
    0.10199E+07    2    89.65798
    0.14279E+07    2    89.67852
    0.19992E+07    2    89.69580
    0.27990E+07    2    89.71377
    0.39187E+07    2    89.72524
    0.54864E+07    2    89.73908
    0.76812E+07    2    89.74760
    0.10754E+08    2    89.75692
    0.15056E+08    2    89.76424
    0.21080E+08    2    89.77224
    0.29513E+08    2    89.78411
    0.41319E+08    2    89.78944
    0.57849E+08    2    89.79775
    0.80991E+08    2    89.80406
    0.11339E+09    2    89.80903
    0.15875E+09    2    89.81530
    0.22226E+09    2    89.81907
    0.31118E+09    2    89.82519
    0.43567E+09    2    89.82973
    0.60996E+09    2    89.83204
    0.85398E+09    2    89.83673
    0.11956E+10    2    89.83993
    0.16739E+10    2    89.84271
    0.23436E+10    2    89.84512
    0.32811E+10    2    89.84801
    0.45937E+10    2    89.85017
    0.64315E+10    2    89.85257
    0.90044E+10    2    89.85482
    0.12607E+11    2    89.85640
    0.17650E+11    2    89.85841
    0.24711E+11    2    89.85870
    0.34596E+11    2    89.85984
    0.48437E+11    2    89.86027
    0.67814E+11    2    89.86261
    0.10000E+12    2    89.87271
    -29.945        3     0.00000
    -29.795        3     0.00000
    -29.645        3     0.00000
    -29.495        3     0.00000
    -29.345        3     0.00000
    -29.195        3     0.00000
    -29.045        3     0.00000
    -28.895        3     0.00000
    -28.745        3     0.00000
    -28.595        3     0.00000
    -28.445        3     0.00000
    -28.295        3     0.00000
    -28.145        3     0.00000
    -27.995        3     0.00000
    -27.845        3     0.00000
    -27.695        3     0.00000
    -27.545        3     0.00000
    -27.395        3     0.00000
    -27.245        3     0.00000
    -27.095        3     0.00000
    -26.945        3     0.00000
    -26.795        3     0.00000
    -26.645        3     0.00000
    -26.495        3     0.00000
    -26.345        3     0.00000
    -26.195        3     0.00000
    -26.045        3     0.00000
    -25.895        3     0.00000
    -25.745        3     0.00000
    -25.595        3     0.00000
    -25.445        3     0.00000
    -25.295        3     0.00000
    -25.145        3     0.00000
    -24.995        3     0.00000
    -24.845        3     0.00000
    -24.695        3     0.00000
    -24.545        3     0.00000
    -24.395        3     0.00000
    -24.245        3     0.00000
    -24.095        3     0.00000
    -23.945        3     0.00000
    -23.795        3     0.00000
    -23.645        3     0.00000
    -23.495        3     0.00000
    -23.345        3     0.00000
    -23.195        3     0.00000
    -23.045        3     0.00000
    -22.895        3     0.00000
    -22.745        3     0.00000
    -22.595        3     0.00000
    -22.445        3     0.00000
    -22.295        3     0.00000
    -22.145        3     0.00000
    -21.995        3     0.00000
    -21.845        3     0.00000
    -21.695        3     0.00000
    -21.545        3     0.00000
    -21.395        3     0.00000
    -21.245        3     0.00000
    -21.095        3     0.00000
    -20.945        3     0.00000
    -20.795        3     0.00000
    -20.645        3     0.00000
    -20.495        3     0.00000
    -20.345        3     0.00000
    -20.195        3     0.00000
    -20.045        3     0.00000
    -19.895        3     0.00000
    -19.745        3     0.00000
    -19.595        3     0.00000
    -19.445        3     0.00000
    -19.295        3     0.00000
    -19.145        3     0.00000
    -18.995        3     0.00000
    -18.845        3     0.00000
    -18.695        3     0.00000
    -18.545        3     0.00000
    -18.395        3     0.00000
    -18.245        3     0.00000
    -18.095        3     0.00000
    -17.945        3     0.00000
    -17.795        3     0.00000
    -17.645        3     0.00000
    -17.495        3     0.00000
    -17.345        3     0.00000
    -17.195        3     0.00000
    -17.045        3     0.00000
    -16.895        3     0.00000
    -16.745        3     0.00000
    -16.595        3     0.00000
    -16.445        3     0.00000
    -16.295        3     0.00000
    -16.145        3     0.00000
    -15.995        3     0.00000
    -15.845        3     0.00000
    -15.695        3     0.00000
    -15.545        3    -0.00004
    -15.395        3    -0.00146
    -15.245        3    -0.01263
    -15.095        3    -0.07070
    -14.945        3    -0.22703
    -14.795        3    -0.50860
    -14.645        3    -0.90696
    -14.495        3    -1.42099
    -14.345        3    -2.05057
    -14.195        3    -2.79792
    -14.045        3    -3.66114
    -13.895        3    -4.64779
    -13.745        3    -5.73058
    -13.595        3    -6.88435
    -13.445        3    -8.10982
    -13.295        3    -9.36369
    -13.145        3   -10.64244
    -12.995        3   -11.89843
    -12.845        3   -13.14208
    -12.695        3   -14.33879
    -12.545        3   -15.49356
    -12.395        3   -16.60075
    -12.245        3   -17.65429
    -12.095        3   -18.64289
    -11.945        3   -19.57277
    -11.795        3   -20.44669
    -11.645        3   -21.26885
    -11.495        3   -22.04883
    -11.345        3   -22.79293
    -11.195        3   -23.50574
    -11.045        3   -24.19153
    -10.895        3   -24.83519
    -10.745        3   -25.44458
    -10.595        3   -26.02513
    -10.445        3   -26.57444
    -10.295        3   -27.10460
    -10.145        3   -27.62375
    -9.9950        3   -28.16380
    -9.8450        3   -28.73586
    -9.6950        3   -29.34009
    -9.5450        3   -29.97815
    -9.3950        3   -30.66478
    -9.2450        3   -31.39109
    -9.0950        3   -32.16109
    -8.9450        3   -32.98301
    -8.7950        3   -33.85903
    -8.6450        3   -34.79833
    -8.4950        3   -35.81221
    -8.3450        3   -36.90617
    -8.1950        3   -38.08994
    -8.0450        3   -39.37246
    -7.8950        3   -40.76319
    -7.7450        3   -42.25640
    -7.5950        3   -43.85371
    -7.4450        3   -45.54765
    -7.2950        3   -47.33487
    -7.1450        3   -49.19174
    -6.9950        3   -51.12973
    -6.8450        3   -53.12980
    -6.6950        3   -55.17958
    -6.5450        3   -57.28644
    -6.3950        3   -59.47581
    -6.2450        3   -61.75088
    -6.0950        3   -64.09721
    -5.9450        3   -66.50753
    -5.7950        3   -68.98889
    -5.6450        3   -71.51327
    -5.4950        3   -74.06410
    -5.3450        3   -76.61649
    -5.1950        3   -79.15252
    -5.0450        3   -81.67729
    -4.8950        3   -84.18049
    -4.7450        3   -86.66171
    -4.5950        3   -89.14136
    -4.4450        3   -91.61363
    -4.2950        3   -94.10726
    -4.1450        3   -96.62459
    -3.9950        3   -99.15375
    -3.8450        3  -101.72408
    -3.6950        3  -104.33580
    -3.5450        3  -107.01027
    -3.3950        3  -109.75488
    -3.2450        3  -112.59375
    -3.0950        3  -115.54707
    -2.9450        3  -118.63744
    -2.7950        3  -121.87841
    -2.6450        3  -125.30955
    -2.4950        3  -128.97499
    -2.3450        3  -132.93941
    -2.1950        3  -137.28214
    -2.0450        3  -142.10478
    -1.8950        3  -147.49200
    -1.7450        3  -153.50880
    -1.5950        3  -160.19714
    -1.4450        3  -167.57431
    -1.2950        3  -175.60789
    -1.1450        3  -184.21367
   -0.99500        3  -193.33841
   -0.84500        3  -202.95632
   -0.69500        3  -213.14427
   -0.54500        3  -224.28975
   -0.39500        3  -237.40990
   -0.25300        3  -247.95962
   -0.21500        3  -248.70233
   -0.20900        3  -249.46032
   -0.20300        3  -250.23365
   -0.19700        3  -251.02287
   -0.19100        3  -251.83029
   -0.18500        3  -252.65540
   -0.17900        3  -253.49960
   -0.17300        3  -254.36443
   -0.16700        3  -255.25139
   -0.16100        3  -256.16174
   -0.15500        3  -257.09778
   -0.14900        3  -258.06108
   -0.14300        3  -259.05412
   -0.13700        3  -260.07951
   -0.13100        3  -261.13952
   -0.12500        3  -262.23858
   -0.11900        3  -263.37919
   -0.11300        3  -264.56680
   -0.10700        3  -265.80758
   -0.10100        3  -267.10567
   -0.95000E-01    3  -268.46898
   -0.89000E-01    3  -269.90687
   -0.83000E-01    3  -271.43172
   -0.77000E-01    3  -273.05724
   -0.71000E-01    3  -274.79985
   -0.65000E-01    3  -276.68193
   -0.59000E-01    3  -278.73347
   -0.53000E-01    3  -280.99778
   -0.47000E-01    3  -283.53944
   -0.41000E-01    3  -286.45896
   -0.35000E-01    3  -289.90874
   -0.29000E-01    3  -294.12994
   -0.23000E-01    3  -299.43625
   -0.19700E-01    3  -300.03126
   -0.19100E-01    3  -300.64039
   -0.18500E-01    3  -301.26443
   -0.17900E-01    3  -301.90402
   -0.17300E-01    3  -302.56013
   -0.16700E-01    3  -303.23390
   -0.16100E-01    3  -303.92652
   -0.15500E-01    3  -304.63950
   -0.14900E-01    3  -305.37472
   -0.14300E-01    3  -306.13318
   -0.13700E-01    3  -306.91460
   -0.13100E-01    3  -307.71888
   -0.12500E-01    3  -308.54572
   -0.11900E-01    3  -309.39503
   -0.11300E-01    3  -310.26621
   -0.10700E-01    3  -311.15944
   -0.10100E-01    3  -312.07456
   -0.95000E-02    3  -313.01165
   -0.89000E-02    3  -313.97186
   -0.83000E-02    3  -314.95515
   -0.77000E-02    3  -315.95580
   -0.71000E-02    3  -316.96713
   -0.65000E-02    3  -317.98287
   -0.59000E-02    3  -318.99232
   -0.53000E-02    3  -319.97640
   -0.47000E-02    3  -320.91114
   -0.41000E-02    3  -321.77505
   -0.35000E-02    3  -322.54689
   -0.29000E-02    3  -323.20864
   -0.23000E-02    3  -323.74786
   -0.17000E-02    3  -324.15593
   -0.11000E-02    3  -324.42622
   -0.50000E-03    3  -324.55415
    0.10000E-03    3  -324.53711
    0.70000E-03    3  -324.37444
    0.13000E-02    3  -324.06802
    0.19000E-02    3  -323.62236
    0.25000E-02    3  -323.04473
    0.31000E-02    3  -322.34592
    0.37000E-02    3  -321.54141
    0.43000E-02    3  -320.65145
    0.49000E-02    3  -319.69791
    0.55000E-02    3  -318.70277
    0.61000E-02    3  -317.68976
    0.67000E-02    3  -316.67494
    0.73000E-02    3  -315.66696
    0.79000E-02    3  -314.67214
    0.85000E-02    3  -313.69662
    0.91000E-02    3  -312.74535
    0.97000E-02    3  -311.81631
    0.10300E-01    3  -310.90905
    0.10900E-01    3  -310.02373
    0.11500E-01    3  -309.16037
    0.12100E-01    3  -308.31928
    0.12700E-01    3  -307.50059
    0.13300E-01    3  -306.70478
    0.13900E-01    3  -305.93171
    0.14500E-01    3  -305.18171
    0.15100E-01    3  -304.45475
    0.15700E-01    3  -303.74945
    0.16300E-01    3  -303.06395
    0.16900E-01    3  -302.39696
    0.17500E-01    3  -301.74717
    0.18100E-01    3  -301.11366
    0.18700E-01    3  -300.49556
    0.19300E-01    3  -299.89244
    0.20200E-01    3  -297.67772
    0.25000E-01    3  -292.77502
    0.31000E-01    3  -288.85630
    0.37000E-01    3  -285.61542
    0.43000E-01    3  -282.85107
    0.49000E-01    3  -280.43227
    0.55000E-01    3  -278.27395
    0.61000E-01    3  -276.31940
    0.67000E-01    3  -274.53008
    0.73000E-01    3  -272.87947
    0.79000E-01    3  -271.34898
    0.85000E-01    3  -269.92372
    0.91000E-01    3  -268.58887
    0.97000E-01    3  -267.33379
    0.10300        3  -266.15111
    0.10900        3  -265.03190
    0.11500        3  -263.97081
    0.12100        3  -262.96144
    0.12700        3  -261.99924
    0.13300        3  -261.08115
    0.13900        3  -260.20274
    0.14500        3  -259.36138
    0.15100        3  -258.55377
    0.15700        3  -257.77754
    0.16300        3  -257.03127
    0.16900        3  -256.31138
    0.17500        3  -255.61736
    0.18100        3  -254.94717
    0.18700        3  -254.29996
    0.19300        3  -253.67395
    0.19900        3  -253.06818
    0.20500        3  -252.48183
    0.21100        3  -251.91314
    0.21700        3  -251.36049
    0.29500        3  -240.68994
    0.44500        3  -234.17200
    0.59500        3  -229.55005
    0.74500        3  -225.95751
    0.89500        3  -222.96679
     1.0450        3  -220.33665
     1.1950        3  -217.94383
     1.3450        3  -215.72381
     1.4950        3  -213.63759
     1.6450        3  -211.65922
     1.7950        3  -209.76558
     1.9450        3  -207.94318
     2.0950        3  -206.18031
     2.2450        3  -204.46194
     2.3950        3  -202.77977
     2.5450        3  -201.13259
     2.6950        3  -199.51448
     2.8450        3  -197.91709
     2.9950        3  -196.34082
     3.1450        3  -194.78534
     3.2950        3  -193.25101
     3.4450        3  -191.73256
     3.5950        3  -190.23326
     3.7450        3  -188.75521
     3.8950        3  -187.28761
     4.0450        3  -185.84319
     4.1950        3  -184.41678
     4.3450        3  -183.01547
     4.4950        3  -181.63384
     4.6450        3  -180.27986
     4.7950        3  -178.96320
     4.9450        3  -177.67917
     5.0950        3  -176.44131
     5.2450        3  -175.24972
     5.3950        3  -174.11063
     5.5450        3  -173.01572
     5.6950        3  -171.97460
     5.8450        3  -170.99863
     5.9950        3  -170.08614
     6.1450        3  -169.23445
     6.2950        3  -168.44186
     6.4450        3  -167.71315
     6.5950        3  -167.04540
     6.7450        3  -166.43406
     6.8950        3  -165.87452
     7.0450        3  -165.37192
     7.1950        3  -164.91135
     7.3450        3  -164.48007
     7.4950        3  -164.09489
     7.6450        3  -163.73467
     7.7950        3  -163.40299
     7.9450        3  -163.08851
     8.0950        3  -162.79208
     8.2450        3  -162.51319
     8.3950        3  -162.24851
     8.5450        3  -161.99177
     8.6950        3  -161.74808
     8.8450        3  -161.51265
     8.9950        3  -161.27945
     9.1450        3  -161.05350
     9.2950        3  -160.83379
     9.4450        3  -160.61838
     9.5950        3  -160.40863
     9.7450        3  -160.20101
     9.8950        3  -159.99974
     10.045        3  -159.80055
     10.195        3  -159.60456
     10.345        3  -159.41385
     10.495        3  -159.22423
     10.645        3  -159.03542
     10.795        3  -158.84997
     10.945        3  -158.66672
     11.095        3  -158.48677
     11.245        3  -158.31061
     11.395        3  -158.13674
     11.545        3  -157.96432
     11.695        3  -157.79410
     11.845        3  -157.62670
     11.995        3  -157.46126
     12.145        3  -157.29737
     12.295        3  -157.13518
     12.445        3  -156.97333
     12.595        3  -156.81636
     12.745        3  -156.66051
     12.895        3  -156.50679
     13.045        3  -156.35363
     13.195        3  -156.20153
     13.345        3  -156.05208
     13.495        3  -155.90397
     13.645        3  -155.75678
     13.795        3  -155.61251
     13.945        3  -155.46927
     14.095        3  -155.32644
     14.245        3  -155.18436
     14.395        3  -155.04415
     14.545        3  -154.90606
     14.695        3  -154.77078
     14.845        3  -154.63699
     14.995        3  -154.50176
     15.145        3  -154.36932
     15.295        3  -154.23864
     15.445        3  -154.10814
     15.595        3  -153.98049
     15.745        3  -153.85408
     15.895        3  -153.72806
     16.045        3  -153.60314
     16.195        3  -153.48033
     16.345        3  -153.35612
     16.495        3  -153.23569
     16.645        3  -153.11557
     16.795        3  -152.99665
     16.945        3  -152.87834
     17.095        3  -152.76160
     17.245        3  -152.64482
     17.395        3  -152.52861
     17.545        3  -152.41326
     17.695        3  -152.30049
     17.845        3  -152.18847
     17.995        3  -152.07763
     18.145        3  -151.96577
     18.295        3  -151.85614
     18.445        3  -151.74837
     18.595        3  -151.64014
     18.745        3  -151.53307
     18.895        3  -151.42628
     19.045        3  -151.32156
     19.195        3  -151.21664
     19.345        3  -151.11200
     19.495        3  -151.00809
     19.645        3  -150.90543
     19.795        3  -150.80452
     19.945        3  -150.70367
     20.095        3  -150.60284
     21.836        3  -147.54398
     30.068        3  -142.99527
     42.097        3  -138.44242
     58.937        3  -133.91005
     82.515        3  -129.40507
     115.53        3  -124.93030
     161.74        3  -120.49533
     226.45        3  -116.10627
     317.04        3  -111.78340
     443.87        3  -107.53568
     621.44        3  -103.36969
     870.05        3   -99.27915
     1218.1        3   -95.26688
     1705.4        3   -91.31402
     2387.7        3   -87.42932
     3342.9        3   -83.62776
     4680.2        3   -79.93190
     6552.5        3   -76.32503
     9173.8        3   -72.81868
     12844.        3   -69.42400
     17982.        3   -66.13463
     25176.        3   -62.95197
     35247.        3   -59.88360
     49348.        3   -56.93471
     69090.        3   -54.11333
     96729.        3   -51.41804
    0.13543E+06    3   -48.84478
    0.18960E+06    3   -46.39322
    0.26545E+06    3   -44.05825
    0.37165E+06    3   -41.83425
    0.52033E+06    3   -39.72035
    0.72849E+06    3   -37.70783
    0.10199E+07    3   -35.79350
    0.14279E+07    3   -33.97150
    0.19992E+07    3   -32.24165
    0.27990E+07    3   -30.59403
    0.39187E+07    3   -29.02910
    0.54864E+07    3   -27.53986
    0.76812E+07    3   -26.12733
    0.10754E+08    3   -24.78280
    0.15056E+08    3   -23.50438
    0.21080E+08    3   -22.28885
    0.29513E+08    3   -21.13896
    0.41319E+08    3   -20.05392
    0.57849E+08    3   -19.04348
    0.80991E+08    3   -18.10763
    0.11339E+09    3   -17.23927
    0.15875E+09    3   -16.42869
    0.22226E+09    3   -15.67270
    0.31118E+09    3   -14.96665
    0.43567E+09    3   -14.30551
    0.60996E+09    3   -13.70085
    0.85398E+09    3   -13.15302
    0.11956E+10    3   -12.65108
    0.16739E+10    3   -12.19173
    0.23436E+10    3   -11.76956
    0.32811E+10    3   -11.38197
    0.45937E+10    3   -11.02454
    0.64315E+10    3   -10.69740
    0.90044E+10    3   -10.39636
    0.12607E+11    3   -10.11873
    0.17650E+11    3    -9.86387
    0.24711E+11    3    -9.62938
    0.34596E+11    3    -9.41434
    0.48437E+11    3    -9.21649
    0.67814E+11    3    -9.03390
    0.10000E+12    3    -6.95601
