    -159.95         0.00000
    -159.79         0.00000
    -159.65         0.00000
    -159.49         0.00000
    -159.34         0.00000
    -159.20         0.00000
    -159.04         0.00000
    -158.90         0.00000
    -158.74         0.00000
    -158.59         0.00000
    -158.45         0.00000
    -158.29         0.00000
    -158.15         0.00000
    -157.99         0.00000
    -157.84         0.00000
    -157.70         0.00000
    -157.54         0.00000
    -157.40         0.00000
    -157.24         0.00000
    -157.09         0.00000
    -156.95         0.00000
    -156.79         0.00000
    -156.65         0.00000
    -156.49         0.00000
    -156.34         0.00000
    -156.20         0.00000
    -156.04         0.00000
    -155.90         0.00000
    -155.74         0.00000
    -155.59         0.00000
    -155.45         0.00000
    -155.29         0.00000
    -155.15         0.00000
    -154.99         0.00000
    -154.84         0.00000
    -154.70         0.00000
    -154.54         0.00000
    -154.40         0.00000
    -154.24         0.00000
    -154.09         0.00000
    -153.95         0.00000
    -153.79         0.00000
    -153.65         0.00000
    -153.49         0.00000
    -153.34         0.00000
    -153.20         0.00000
    -153.04         0.00000
    -152.90         0.00000
    -152.74         0.00000
    -152.59         0.00000
    -152.45         0.00000
    -152.29         0.00000
    -152.15         0.00000
    -151.99         0.00000
    -151.84         0.00000
    -151.70         0.00000
    -151.54         0.00000
    -151.40         0.00000
    -151.24         0.00000
    -151.09         0.00000
    -150.95         0.00000
    -150.79         0.00000
    -150.65         0.00000
    -150.49         0.00000
    -150.34         0.00000
    -150.20         0.00000
    -150.04         0.00000
    -149.90         0.00000
    -149.74         0.00000
    -149.59         0.00000
    -149.45         0.00000
    -149.29         0.00000
    -149.15         0.00000
    -148.99         0.00000
    -148.84         0.00000
    -148.70         0.00000
    -148.54         0.00000
    -148.40         0.00000
    -148.24         0.00000
    -148.09         0.00000
    -147.95         0.00000
    -147.79         0.00000
    -147.65         0.00000
    -147.49         0.00000
    -147.34         0.00000
    -147.20         0.00000
    -147.04         0.00000
    -146.90         0.00000
    -146.74         0.00000
    -146.59         0.00000
    -146.45         0.00000
    -146.29         0.00000
    -146.15         0.00000
    -145.99         0.00000
    -145.84         0.00000
    -145.70         0.00000
    -145.54         0.00000
    -145.40         0.00000
    -145.24         0.00000
    -145.09         0.00000
    -144.95         0.00000
    -144.79         0.00000
    -144.65         0.00000
    -144.49         0.00000
    -144.34         0.00000
    -144.20         0.00000
    -144.04         0.00000
    -143.90         0.00000
    -143.74         0.00000
    -143.59         0.00000
    -143.45         0.00000
    -143.29         0.00000
    -143.15         0.00000
    -142.99         0.00000
    -142.84         0.00000
    -142.70         0.00000
    -142.54         0.00000
    -142.40         0.00000
    -142.24         0.00000
    -142.09         0.00000
    -141.95         0.00000
    -141.79         0.00000
    -141.65         0.00000
    -141.49         0.00000
    -141.34         0.00000
    -141.20         0.00000
    -141.04         0.00000
    -140.90         0.00000
    -140.74         0.00000
    -140.59         0.00000
    -140.45         0.00000
    -140.29         0.00000
    -140.15         0.00000
    -139.99         0.00000
    -139.84         0.00000
    -139.70         0.00000
    -139.54         0.00000
    -139.40         0.00000
    -139.24         0.00000
    -139.09         0.00000
    -138.95         0.00000
    -138.79         0.00000
    -138.65         0.00000
    -138.49         0.00000
    -138.34         0.00000
    -138.20         0.00000
    -138.04         0.00000
    -137.90         0.00000
    -137.74         0.00000
    -137.59         0.00000
    -137.45         0.00000
    -137.29         0.00000
    -137.15         0.00000
    -136.99         0.00000
    -136.84         0.00000
    -136.70         0.00000
    -136.54         0.00000
    -136.40         0.00000
    -136.24         0.00000
    -136.09         0.00000
    -135.95         0.00000
    -135.79         0.00000
    -135.65         0.00000
    -135.49         0.00000
    -135.34         0.00000
    -135.20         0.00000
    -135.04         0.00000
    -134.90         0.00000
    -134.74         0.00000
    -134.59         0.00000
    -134.45         0.00000
    -134.29         0.00000
    -134.15         0.00000
    -133.99         0.00000
    -133.84         0.00000
    -133.70         0.00000
    -133.54         0.00000
    -133.40         0.00000
    -133.24         0.00000
    -133.09         0.00000
    -132.95         0.00000
    -132.79         0.00000
    -132.65         0.00000
    -132.49         0.00000
    -132.34         0.00000
    -132.20         0.00000
    -132.04         0.00000
    -131.90         0.00000
    -131.74         0.00000
    -131.59         0.00000
    -131.45         0.00000
    -131.29         0.00000
    -131.15         0.00000
    -130.99         0.00000
    -130.84         0.00000
    -130.70         0.00000
    -130.54         0.00000
    -130.40         0.00000
    -130.24         0.00000
    -130.09         0.00000
    -129.95         0.00000
    -129.79         0.00000
    -129.65         0.00000
    -129.49         0.00000
    -129.34         0.00000
    -129.20         0.00000
    -129.04         0.00000
    -128.90         0.00000
    -128.74         0.00000
    -128.59         0.00000
    -128.45         0.00000
    -128.29         0.00000
    -128.15         0.00000
    -127.99         0.00000
    -127.85         0.00000
    -127.69         0.00000
    -127.55         0.00000
    -127.39         0.00000
    -127.25         0.00000
    -127.10         0.00000
    -126.94         0.00000
    -126.80         0.00000
    -126.64         0.00000
    -126.50         0.00000
    -126.35         0.00000
    -126.19         0.00000
    -126.05         0.00000
    -125.89         0.00000
    -125.75         0.00000
    -125.60         0.00000
    -125.44         0.00000
    -125.30         0.00000
    -125.14         0.00000
    -125.00         0.00000
    -124.85         0.00000
    -124.69         0.00000
    -124.55         0.00000
    -124.39         0.00000
    -124.25         0.00000
    -124.10         0.00000
    -123.94         0.00000
    -123.80         0.00000
    -123.64         0.00000
    -123.50         0.00000
    -123.35         0.00000
    -123.19         0.00000
    -123.05         0.00000
    -122.89         0.00000
    -122.75         0.00000
    -122.60         0.00000
    -122.44         0.00000
    -122.30         0.00000
    -122.14         0.00000
    -122.00         0.00000
    -121.85         0.00000
    -121.69         0.00000
    -121.55         0.00000
    -121.39         0.00000
    -121.25         0.00000
    -121.10         0.00000
    -120.94         0.00000
    -120.80         0.00000
    -120.64         0.00000
    -120.50         0.00000
    -120.35         0.00000
    -120.19         0.00000
    -120.05         0.00000
    -119.89         0.00000
    -119.75         0.00000
    -119.60         0.00000
    -119.44         0.00000
    -119.30         0.00000
    -119.14         0.00000
    -119.00         0.00000
    -118.85         0.00000
    -118.69         0.00000
    -118.55         0.00000
    -118.39         0.00000
    -118.25         0.00000
    -118.10         0.00000
    -117.94         0.00000
    -117.80         0.00000
    -117.64         0.00000
    -117.50         0.00000
    -117.35         0.00000
    -117.19         0.00000
    -117.05         0.00000
    -116.89         0.00000
    -116.75         0.00000
    -116.60         0.00000
    -116.44         0.00000
    -116.30         0.00000
    -116.14         0.00000
    -116.00         0.00000
    -115.85         0.00000
    -115.69         0.00000
    -115.55         0.00000
    -115.39         0.00000
    -115.25         0.00000
    -115.10         0.00000
    -114.94         0.00000
    -114.80         0.00000
    -114.64         0.00000
    -114.50         0.00000
    -114.35         0.00000
    -114.19         0.00000
    -114.05         0.00000
    -113.89         0.00000
    -113.75         0.00000
    -113.60         0.00000
    -113.44         0.00000
    -113.30         0.00000
    -113.14         0.00000
    -113.00         0.00000
    -112.85         0.00000
    -112.69         0.00000
    -112.55         0.00000
    -112.39         0.00000
    -112.25         0.00000
    -112.10         0.00000
    -111.94         0.00000
    -111.80         0.00000
    -111.64         0.00000
    -111.50         0.00000
    -111.35         0.00000
    -111.19         0.00000
    -111.05         0.00000
    -110.89         0.00000
    -110.75         0.00000
    -110.60         0.00000
    -110.44         0.00000
    -110.30         0.00000
    -110.14         0.00000
    -110.00         0.00000
    -109.85         0.00000
    -109.69         0.00000
    -109.55         0.00000
    -109.39         0.00000
    -109.25         0.00000
    -109.10         0.00000
    -108.94         0.00000
    -108.80         0.00000
    -108.64         0.00000
    -108.50         0.00000
    -108.35         0.00000
    -108.19         0.00000
    -108.05         0.00000
    -107.89         0.00000
    -107.75         0.00000
    -107.60         0.00000
    -107.44         0.00000
    -107.30         0.00000
    -107.14         0.00000
    -107.00         0.00000
    -106.85         0.00000
    -106.69         0.00000
    -106.55         0.00000
    -106.39         0.00000
    -106.25         0.00000
    -106.10         0.00000
    -105.94         0.00000
    -105.80         0.00000
    -105.64         0.00000
    -105.50         0.00000
    -105.35         0.00000
    -105.19         0.00000
    -105.05         0.00000
    -104.89         0.00000
    -104.75         0.00000
    -104.60         0.00000
    -104.44         0.00000
    -104.30         0.00000
    -104.14         0.00000
    -104.00         0.00000
    -103.85         0.00000
    -103.69         0.00000
    -103.55         0.00000
    -103.39         0.00000
    -103.25         0.00000
    -103.10         0.00000
    -102.94         0.00000
    -102.80         0.00000
    -102.64         0.00000
    -102.50         0.00000
    -102.35         0.00000
    -102.19         0.00000
    -102.05         0.00000
    -101.89         0.00000
    -101.75         0.00000
    -101.60         0.00000
    -101.44         0.00000
    -101.30         0.00000
    -101.14         0.00000
    -101.00         0.00000
    -100.85         0.00000
    -100.69         0.00000
    -100.55         0.00000
    -100.39         0.00000
    -100.25         0.00000
    -100.10         0.00000
    -99.945         0.00000
    -99.795         0.00000
    -99.645         0.00000
    -99.495         0.00000
    -99.345         0.00000
    -99.195         0.00000
    -99.045         0.00000
    -98.895         0.00000
    -98.745         0.00000
    -98.595         0.00000
    -98.445         0.00000
    -98.295         0.00000
    -98.145         0.00000
    -97.995         0.00000
    -97.845         0.00000
    -97.695         0.00000
    -97.545         0.00000
    -97.395         0.00000
    -97.245         0.00000
    -97.095         0.00000
    -96.945         0.00000
    -96.795         0.00000
    -96.645         0.00000
    -96.495         0.00000
    -96.345         0.00000
    -96.195         0.00000
    -96.045         0.00000
    -95.895         0.00000
    -95.745         0.00000
    -95.595         0.00000
    -95.445         0.00000
    -95.295         0.00000
    -95.145         0.00000
    -94.995         0.00000
    -94.845         0.00000
    -94.695         0.00000
    -94.545         0.00000
    -94.395         0.00000
    -94.245         0.00000
    -94.095         0.00000
    -93.945         0.00000
    -93.795         0.00000
    -93.645         0.00000
    -93.495         0.00000
    -93.345         0.00000
    -93.195         0.00000
    -93.045         0.00000
    -92.895         0.00000
    -92.745         0.00000
    -92.595         0.00000
    -92.445         0.00000
    -92.295         0.00000
    -92.145         0.00000
    -91.995         0.00000
    -91.845         0.00000
    -91.695         0.00000
    -91.545         0.00000
    -91.395         0.00000
    -91.245         0.00000
    -91.095         0.00000
    -90.945         0.00000
    -90.795         0.00000
    -90.645         0.00000
    -90.495         0.00000
    -90.345         0.00000
    -90.195         0.00000
    -90.045         0.00000
    -89.895         0.00000
    -89.745         0.00000
    -89.595         0.00000
    -89.445         0.00000
    -89.295         0.00000
    -89.145         0.00000
    -88.995         0.00000
    -88.845         0.00000
    -88.695         0.00000
    -88.545         0.00000
    -88.395         0.00000
    -88.245         0.00000
    -88.095         0.00000
    -87.945         0.00000
    -87.795         0.00000
    -87.645         0.00000
    -87.495         0.00000
    -87.345         0.00000
    -87.195         0.00000
    -87.045         0.00000
    -86.895         0.00000
    -86.745         0.00000
    -86.595         0.00000
    -86.445         0.00000
    -86.295         0.00000
    -86.145         0.00000
    -85.995         0.00000
    -85.845         0.00000
    -85.695         0.00000
    -85.545         0.00000
    -85.395         0.00000
    -85.245         0.00000
    -85.095         0.00000
    -84.945         0.00000
    -84.795         0.00000
    -84.645         0.00000
    -84.495         0.00000
    -84.345         0.00000
    -84.195         0.00000
    -84.045         0.00000
    -83.895         0.00000
    -83.745         0.00000
    -83.595         0.00000
    -83.445         0.00000
    -83.295         0.00000
    -83.145         0.00000
    -82.995         0.00000
    -82.845         0.00000
    -82.695         0.00000
    -82.545         0.00000
    -82.395         0.00000
    -82.245         0.00000
    -82.095         0.00000
    -81.945         0.00000
    -81.795         0.00000
    -81.645         0.00000
    -81.495         0.00000
    -81.345         0.00000
    -81.195         0.00000
    -81.045         0.00000
    -80.895         0.00000
    -80.745         0.00000
    -80.595         0.00000
    -80.445         0.00000
    -80.295         0.00000
    -80.145         0.00000
    -79.995         0.00000
    -79.845         0.00000
    -79.695         0.00000
    -79.545         0.00000
    -79.395         0.00000
    -79.245         0.00000
    -79.095         0.00000
    -78.945         0.00000
    -78.795         0.00000
    -78.645         0.00000
    -78.495         0.00000
    -78.345         0.00000
    -78.195         0.00000
    -78.045         0.00000
    -77.895         0.00000
    -77.745         0.00000
    -77.595         0.00000
    -77.445         0.00000
    -77.295         0.00000
    -77.145         0.00000
    -76.995         0.00000
    -76.845         0.00000
    -76.695         0.00000
    -76.545         0.00000
    -76.395         0.00000
    -76.245         0.00000
    -76.095         0.00000
    -75.945         0.00000
    -75.795         0.00000
    -75.645         0.00000
    -75.495         0.00000
    -75.345         0.00000
    -75.195         0.00000
    -75.045         0.00000
    -74.895         0.00000
    -74.745         0.00000
    -74.595         0.00000
    -74.445         0.00000
    -74.295         0.00000
    -74.145         0.00000
    -73.995         0.00000
    -73.845         0.00000
    -73.695         0.00000
    -73.545         0.00000
    -73.395         0.00000
    -73.245         0.00000
    -73.095         0.00000
    -72.945         0.00000
    -72.795         0.00000
    -72.645         0.00000
    -72.495         0.00000
    -72.345         0.00000
    -72.195         0.00000
    -72.045         0.00000
    -71.895         0.00000
    -71.745         0.00000
    -71.595         0.00000
    -71.445         0.00000
    -71.295         0.00000
    -71.145         0.00000
    -70.995         0.00000
    -70.845         0.00000
    -70.695         0.00000
    -70.545         0.00000
    -70.395         0.00000
    -70.245         0.00000
    -70.095         0.00000
    -69.945         0.00000
    -69.795         0.00000
    -69.645         0.00000
    -69.495         0.00000
    -69.345         0.00000
    -69.195         0.00000
    -69.045         0.00000
    -68.895         0.00000
    -68.745         0.00000
    -68.595         0.00000
    -68.445         0.00000
    -68.295         0.00000
    -68.145         0.00000
    -67.995         0.00000
    -67.845         0.00000
    -67.695         0.00000
    -67.545         0.00000
    -67.395         0.00000
    -67.245         0.00000
    -67.095         0.00000
    -66.945         0.00000
    -66.795         0.00000
    -66.645         0.00000
    -66.495         0.00000
    -66.345         0.00000
    -66.195         0.00000
    -66.045         0.00000
    -65.895         0.00000
    -65.745         0.00000
    -65.595         0.00000
    -65.445         0.00000
    -65.295         0.00000
    -65.145         0.00000
    -64.995         0.00000
    -64.845         0.00000
    -64.695         0.00000
    -64.545         0.00000
    -64.395         0.00000
    -64.245         0.00000
    -64.095         0.00000
    -63.945         0.00000
    -63.795         0.00000
    -63.645         0.00000
    -63.495         0.00000
    -63.345         0.00000
    -63.195         0.00000
    -63.045         0.00000
    -62.895         0.00000
    -62.745         0.00000
    -62.595         0.00000
    -62.445         0.00000
    -62.295         0.00000
    -62.145         0.00000
    -61.995         0.00000
    -61.845         0.00000
    -61.695         0.00000
    -61.545         0.00000
    -61.395         0.00000
    -61.245         0.00000
    -61.095         0.00000
    -60.945         0.00000
    -60.795         0.00000
    -60.645         0.00000
    -60.495         0.00000
    -60.345         0.00000
    -60.195         0.00000
    -60.045         0.00000
    -59.895         0.00000
    -59.745         0.00000
    -59.595         0.00000
    -59.445         0.00000
    -59.295         0.00000
    -59.145         0.00000
    -58.995         0.00000
    -58.845         0.00000
    -58.695         0.00000
    -58.545         0.00000
    -58.395         0.00000
    -58.245         0.00000
    -58.095         0.00000
    -57.945         0.00000
    -57.795         0.00000
    -57.645         0.00000
    -57.495         0.00000
    -57.345         0.00000
    -57.195         0.00000
    -57.045         0.00000
    -56.895         0.00000
    -56.745         0.00000
    -56.595         0.00000
    -56.445         0.00000
    -56.295         0.00000
    -56.145         0.00000
    -55.995         0.00000
    -55.845         0.00000
    -55.695         0.00000
    -55.545         0.00000
    -55.395         0.00000
    -55.245         0.00000
    -55.095         0.00000
    -54.945         0.00000
    -54.795         0.00000
    -54.645         0.00000
    -54.495         0.00000
    -54.345         0.00000
    -54.195         0.00000
    -54.045         0.00000
    -53.895         0.00000
    -53.745         0.00000
    -53.595         0.00000
    -53.445         0.00000
    -53.295         0.00000
    -53.145         0.00000
    -52.995         0.00000
    -52.845         0.00000
    -52.695         0.00000
    -52.545         0.00000
    -52.395         0.00000
    -52.245         0.00000
    -52.095         0.00000
    -51.945         0.00000
    -51.795         0.00000
    -51.645         0.00000
    -51.495         0.00000
    -51.345         0.00000
    -51.195         0.00000
    -51.045         0.00000
    -50.895         0.00000
    -50.745         0.00000
    -50.595         0.00000
    -50.445         0.00000
    -50.295         0.00000
    -50.145         0.00000
    -49.995         0.00000
    -49.845         0.00000
    -49.695         0.00000
    -49.545         0.00000
    -49.395         0.00000
    -49.245         0.00000
    -49.095         0.00000
    -48.945         0.00000
    -48.795         0.00000
    -48.645         0.00000
    -48.495         0.00000
    -48.345         0.00000
    -48.195         0.00000
    -48.045         0.00000
    -47.895         0.00000
    -47.745         0.00000
    -47.595         0.00000
    -47.445         0.00000
    -47.295         0.00000
    -47.145         0.00000
    -46.995         0.00000
    -46.845         0.00000
    -46.695         0.00000
    -46.545         0.00000
    -46.395         0.00000
    -46.245         0.00000
    -46.095         0.00000
    -45.945         0.00000
    -45.795         0.00000
    -45.645         0.00000
    -45.495         0.00000
    -45.345         0.00000
    -45.195         0.00000
    -45.045         0.00000
    -44.895         0.00000
    -44.745         0.00000
    -44.595         0.00000
    -44.445         0.00000
    -44.295         0.00000
    -44.145         0.00000
    -43.995         0.00000
    -43.845         0.00000
    -43.695         0.00000
    -43.545         0.00000
    -43.395         0.00000
    -43.245         0.00000
    -43.095         0.00000
    -42.945         0.00000
    -42.795         0.00000
    -42.645         0.00000
    -42.495         0.00000
    -42.345         0.00000
    -42.195         0.00000
    -42.045         0.00000
    -41.895         0.00000
    -41.745         0.00000
    -41.595         0.00000
    -41.445         0.00000
    -41.295         0.00000
    -41.145         0.00000
    -40.995         0.00000
    -40.845         0.00000
    -40.695         0.00000
    -40.545         0.00000
    -40.395         0.00000
    -40.245         0.00000
    -40.095         0.00000
    -39.945         0.00000
    -39.795         0.00000
    -39.645         0.00000
    -39.495         0.00000
    -39.345         0.00000
    -39.195         0.00000
    -39.045         0.00000
    -38.895         0.00000
    -38.745         0.00000
    -38.595         0.00000
    -38.445         0.00000
    -38.295         0.00000
    -38.145         0.00000
    -37.995         0.00000
    -37.845         0.00000
    -37.695         0.00000
    -37.545         0.00000
    -37.395         0.00000
    -37.245         0.00000
    -37.095         0.00000
    -36.945         0.00000
    -36.795         0.00000
    -36.645         0.00000
    -36.495         0.00000
    -36.345         0.00000
    -36.195         0.00000
    -36.045         0.00000
    -35.895         0.00000
    -35.745         0.00000
    -35.595         0.00000
    -35.445         0.00000
    -35.295         0.00000
    -35.145         0.00000
    -34.995         0.00000
    -34.845         0.00000
    -34.695         0.00000
    -34.545         0.00000
    -34.395         0.00000
    -34.245         0.00000
    -34.095         0.00000
    -33.945         0.00000
    -33.795         0.00000
    -33.645         0.00000
    -33.495         0.00000
    -33.345         0.00000
    -33.195         0.00000
    -33.045         0.00000
    -32.895         0.00000
    -32.745         0.00000
    -32.595         0.00000
    -32.445         0.00000
    -32.295         0.00000
    -32.145         0.00000
    -31.995         0.00000
    -31.845         0.00000
    -31.695         0.00000
    -31.545         0.00000
    -31.395         0.00000
    -31.245         0.00000
    -31.095         0.00000
    -30.945         0.00000
    -30.795         0.00000
    -30.645         0.00000
    -30.495         0.00000
    -30.345         0.00000
    -30.195         0.00000
    -30.045         0.00000
    -29.895         0.00000
    -29.745         0.00000
    -29.595         0.00000
    -29.445         0.00000
    -29.295         0.00000
    -29.145         0.00000
    -28.995         0.00000
    -28.845         0.00000
    -28.695         0.00000
    -28.545         0.00000
    -28.395         0.00000
    -28.245         0.00000
    -28.095         0.00000
    -27.945         0.00000
    -27.795         0.00000
    -27.645         0.00000
    -27.495         0.00000
    -27.345         0.00000
    -27.195         0.00000
    -27.045         0.00000
    -26.895         0.00000
    -26.745         0.00000
    -26.595         0.00000
    -26.445         0.00000
    -26.295         0.00000
    -26.145         0.00000
    -25.995         0.00000
    -25.845         0.00000
    -25.695         0.00000
    -25.545         0.00000
    -25.395         0.00000
    -25.245         0.00000
    -25.095         0.00000
    -24.945         0.00000
    -24.795         0.00000
    -24.645         0.00000
    -24.495         0.00000
    -24.345         0.00000
    -24.195         0.00000
    -24.045         0.00000
    -23.895         0.00000
    -23.745         0.00000
    -23.595         0.00000
    -23.445         0.00000
    -23.295         0.00000
    -23.145         0.00000
    -22.995         0.00000
    -22.845         0.00000
    -22.695         0.00000
    -22.545         0.00000
    -22.395         0.00000
    -22.245         0.00000
    -22.095         0.00000
    -21.945         0.00000
    -21.795         0.00000
    -21.645         0.00000
    -21.495         0.00000
    -21.345         0.00000
    -21.195         0.00000
    -21.045         0.00000
    -20.895         0.00000
    -20.745         0.00000
    -20.595         0.00000
    -20.445         0.00000
    -20.295         0.00000
    -20.145         0.00000
    -19.995         0.00000
    -19.845         0.00000
    -19.695         0.00000
    -19.545         0.00000
    -19.395         0.00000
    -19.245         0.00000
    -19.095         0.00000
    -18.945         0.00000
    -18.795         0.00000
    -18.645         0.00000
    -18.495         0.00000
    -18.345         0.00000
    -18.195         0.00000
    -18.045         0.00000
    -17.895         0.00000
    -17.745         0.00000
    -17.595         0.00000
    -17.445         0.00000
    -17.295         0.00000
    -17.145         0.00000
    -16.995         0.00000
    -16.845         0.00000
    -16.695         0.00000
    -16.545         0.00000
    -16.395         0.00000
    -16.245         0.00000
    -16.095         0.00000
    -15.945         0.00000
    -15.795         0.00000
    -15.645         0.00000
    -15.495         0.00000
    -15.345         0.00000
    -15.195         0.00000
    -15.045         0.00000
    -14.895         0.00000
    -14.745        -0.00213
    -14.595        -0.01234
    -14.445        -0.04281
    -14.295        -0.09574
    -14.145        -0.18771
    -13.995        -0.29571
    -13.845        -0.43891
    -13.695        -0.60139
    -13.545        -0.78458
    -13.395        -0.96345
    -13.245        -1.16950
    -13.095        -1.35222
    -12.945        -1.53769
    -12.795        -1.74163
    -12.645        -1.92451
    -12.495        -2.11048
    -12.345        -2.30961
    -12.195        -2.51228
    -12.045        -2.72968
    -11.895        -2.99012
    -11.745        -3.24212
    -11.595        -3.50501
    -11.445        -3.77026
    -11.295        -4.04279
    -11.145        -4.35805
    -10.995        -4.65878
    -10.845        -4.90417
    -10.695        -5.20108
    -10.545        -5.46498
    -10.395        -5.76926
    -10.245        -6.08344
    -10.095        -6.39924
    -9.9450        -6.69968
    -9.7950        -7.02024
    -9.6450        -7.38814
    -9.4950        -7.79742
    -9.3450        -8.22710
    -9.1950        -8.68304
    -9.0450        -9.16601
    -8.8950        -9.70392
    -8.7450       -10.24826
    -8.5950       -10.81728
    -8.4450       -11.38542
    -8.2950       -12.00891
    -8.1450       -12.59079
    -7.9950       -13.19934
    -7.8450       -13.76779
    -7.6950       -14.38079
    -7.5450       -14.97715
    -7.3950       -15.60989
    -7.2450       -16.22813
    -7.0950       -16.79035
    -6.9450       -17.37627
    -6.7950       -17.93990
    -6.6450       -18.51278
    -6.4950       -19.07212
    -6.3450       -19.63926
    -6.1950       -20.21484
    -6.0450       -20.77263
    -5.8950       -21.33880
    -5.7450       -21.91247
    -5.5950       -22.49485
    -5.4450       -23.06890
    -5.2950       -23.63579
    -5.1450       -24.19352
    -4.9950       -24.75184
    -4.8450       -25.32290
    -4.6950       -25.89907
    -4.5450       -26.44761
    -4.3950       -27.01189
    -4.2450       -27.58987
    -4.0950       -28.19231
    -3.9450       -28.81197
    -3.7950       -29.45154
    -3.6450       -30.12766
    -3.4950       -30.83439
    -3.3450       -31.60069
    -3.1950       -32.39144
    -3.0450       -33.24686
    -2.8950       -34.16341
    -2.7450       -35.14919
    -2.5950       -36.21458
    -2.4450       -37.36842
    -2.2950       -38.62546
    -2.1450       -39.94366
    -1.9950       -41.39040
    -1.8450       -42.99400
    -1.6950       -44.80370
    -1.5450       -46.87917
    -1.3950       -49.30980
    -1.2450       -52.11915
    -1.0950       -55.36212
   -0.94500       -58.95551
   -0.79500       -62.78942
   -0.64500       -66.84811
   -0.49500       -71.27534
   -0.34500       -76.59579
   -0.22700       -78.72303
   -0.21300       -78.99292
   -0.20700       -79.26909
   -0.20100       -79.55008
   -0.19500       -79.83957
   -0.18900       -80.13316
   -0.18300       -80.43151
   -0.17700       -80.73867
   -0.17100       -81.05165
   -0.16500       -81.37078
   -0.15900       -81.69963
   -0.15300       -82.03424
   -0.14700       -82.37855
   -0.14100       -82.72956
   -0.13500       -83.09093
   -0.12900       -83.46532
   -0.12300       -83.85352
   -0.11700       -84.25245
   -0.11100       -84.66582
   -0.10500       -85.09421
   -0.99000E-01   -85.54059
   -0.93000E-01   -86.00776
   -0.87000E-01   -86.49851
   -0.81000E-01   -87.01187
   -0.75000E-01   -87.55555
   -0.69000E-01   -88.13401
   -0.63000E-01   -88.75489
   -0.57000E-01   -89.42272
   -0.51000E-01   -90.15643
   -0.45000E-01   -90.96730
   -0.39000E-01   -91.88460
   -0.33000E-01   -92.94844
   -0.27000E-01   -94.23535
   -0.21300E-01   -95.30201
   -0.19500E-01   -95.47586
   -0.18900E-01   -95.65521
   -0.18300E-01   -95.84064
   -0.17700E-01   -96.03178
   -0.17100E-01   -96.22986
   -0.16500E-01   -96.43647
   -0.15900E-01   -96.64973
   -0.15300E-01   -96.87141
   -0.14700E-01   -97.10285
   -0.14100E-01   -97.34423
   -0.13500E-01   -97.59737
   -0.12900E-01   -97.86381
   -0.12300E-01   -98.14572
   -0.11700E-01   -98.44404
   -0.11100E-01   -98.76205
   -0.10500E-01   -99.10100
   -0.99000E-02   -99.46292
   -0.93000E-02   -99.84980
   -0.87000E-02  -100.26411
   -0.81000E-02  -100.70839
   -0.75000E-02  -101.18619
   -0.69000E-02  -101.70119
   -0.63000E-02  -102.25819
   -0.57000E-02  -102.86104
   -0.51000E-02  -103.51753
   -0.45000E-02  -104.23680
   -0.39000E-02  -105.02689
   -0.33000E-02  -105.90195
   -0.27000E-02  -106.86659
   -0.21000E-02  -107.88998
   -0.15000E-02  -108.86764
   -0.90000E-03  -109.57779
   -0.30000E-03  -109.83712
    0.30000E-03  -109.58578
    0.90000E-03  -108.88485
    0.15000E-02  -107.90947
    0.21000E-02  -106.88688
    0.27000E-02  -105.92347
    0.33000E-02  -105.05064
    0.39000E-02  -104.26128
    0.45000E-02  -103.54296
    0.51000E-02  -102.88767
    0.57000E-02  -102.28577
    0.63000E-02  -101.73121
    0.69000E-02  -101.21816
    0.75000E-02  -100.74090
    0.81000E-02  -100.29839
    0.87000E-02   -99.88567
    0.93000E-02   -99.49979
    0.99000E-02   -99.13863
    0.10500E-01   -98.80090
    0.11100E-01   -98.48429
    0.11700E-01   -98.18630
    0.12300E-01   -97.90627
    0.12900E-01   -97.64173
    0.13500E-01   -97.39027
    0.14100E-01   -97.14997
    0.14700E-01   -96.91992
    0.15300E-01   -96.69984
    0.15900E-01   -96.48845
    0.16500E-01   -96.28517
    0.17100E-01   -96.08870
    0.17700E-01   -95.90003
    0.18300E-01   -95.71746
    0.18900E-01   -95.54033
    0.19500E-01   -95.36881
    0.21300E-01   -94.32021
    0.27000E-01   -93.06513
    0.33000E-01   -92.03626
    0.39000E-01   -91.16077
    0.45000E-01   -90.39956
    0.51000E-01   -89.72728
    0.57000E-01   -89.12391
    0.63000E-01   -88.57541
    0.69000E-01   -88.07301
    0.75000E-01   -87.61083
    0.81000E-01   -87.18112
    0.87000E-01   -86.78334
    0.93000E-01   -86.41188
    0.99000E-01   -86.06264
    0.10500       -85.73187
    0.11100       -85.41676
    0.11700       -85.11912
    0.12300       -84.83330
    0.12900       -84.56478
    0.13500       -84.30618
    0.14100       -84.05874
    0.14700       -83.82286
    0.15300       -83.59470
    0.15900       -83.37737
    0.16500       -83.16732
    0.17100       -82.96315
    0.17700       -82.76506
    0.18300       -82.57408
    0.18900       -82.39067
    0.19500       -82.21155
    0.20100       -82.03924
    0.20700       -81.87252
    0.21300       -81.71129
    0.22700       -80.52832
    0.34500       -78.10277
    0.49500       -76.51126
    0.64500       -75.29791
    0.79500       -74.27994
    0.94500       -73.36907
     1.0950       -72.56590
     1.2450       -71.83052
     1.3950       -71.16922
     1.5450       -70.56586
     1.6950       -70.01177
     1.8450       -69.50472
     1.9950       -69.05482
     2.1450       -68.62602
     2.2950       -68.23229
     2.4450       -67.88477
     2.5950       -67.56782
     2.7450       -67.28297
     2.8950       -67.02282
     3.0450       -66.78162
     3.1950       -66.56433
     3.3450       -66.36480
     3.4950       -66.16842
     3.6450       -65.99499
     3.7950       -65.82563
     3.9450       -65.67163
     4.0950       -65.52412
     4.2450       -65.38546
     4.3950       -65.25887
     4.5450       -65.12202
     4.6950       -64.99547
     4.8450       -64.88118
     4.9950       -64.76857
     5.1450       -64.65532
     5.2950       -64.54708
     5.4450       -64.43934
     5.5950       -64.33694
     5.7450       -64.23854
     5.8950       -64.14761
     6.0450       -64.05618
     6.1950       -63.96868
     6.3450       -63.88109
     6.4950       -63.79489
     6.6450       -63.71174
     6.7950       -63.62894
     6.9450       -63.54779
     7.0950       -63.46764
     7.2450       -63.39531
     7.3950       -63.31920
     7.5450       -63.24622
     7.6950       -63.17386
     7.8450       -63.10313
     7.9950       -63.03278
     8.1450       -62.96320
     8.2950       -62.89537
     8.4450       -62.82935
     8.5950       -62.76557
     8.7450       -62.69952
     8.8950       -62.63775
     9.0450       -62.57709
     9.1950       -62.51608
     9.3450       -62.45612
     9.4950       -62.39536
     9.6450       -62.33607
     9.7950       -62.27903
     9.9450       -62.22461
     10.095       -62.16901
     10.245       -62.11497
     10.395       -62.06167
     10.545       -62.00747
     10.695       -61.95386
     10.845       -61.90080
     10.995       -61.84921
     11.145       -61.80051
     11.295       -61.74783
     11.445       -61.69846
     11.595       -61.65086
     11.745       -61.60178
     11.895       -61.55288
     12.045       -61.50480
     12.195       -61.45988
     12.345       -61.41363
     12.495       -61.37029
     12.645       -61.32584
     12.795       -61.28084
     12.945       -61.23632
     13.095       -61.19470
     13.245       -61.15217
     13.395       -61.11045
     13.545       -61.06898
     13.695       -61.02707
     13.845       -60.98750
     13.995       -60.94733
     14.145       -60.90875
     14.295       -60.87019
     14.445       -60.82974
     14.595       -60.79077
     14.745       -60.75274
     14.895       -60.71639
     15.045       -60.67911
     15.195       -60.64263
     15.345       -60.60576
     15.495       -60.56841
     15.645       -60.53317
     15.795       -60.49641
     15.945       -60.46074
     16.095       -60.42553
     16.245       -60.38987
     16.395       -60.35652
     16.545       -60.32207
     16.695       -60.28788
     16.845       -60.25430
     16.995       -60.21981
     17.145       -60.18647
     17.295       -60.15356
     17.445       -60.12123
     17.595       -60.08990
     17.745       -60.05803
     17.895       -60.02793
     18.045       -59.99648
     18.195       -59.96549
     18.345       -59.93434
     18.495       -59.90324
     18.645       -59.87345
     18.795       -59.84326
     18.945       -59.81293
     19.095       -59.78266
     19.245       -59.75185
     19.395       -59.72361
     19.545       -59.69314
     19.695       -59.66643
     19.845       -59.63738
     19.995       -59.60790
     20.145       -59.57994
     20.295       -59.55177
     20.445       -59.52400
     20.595       -59.49549
     20.745       -59.46853
     20.895       -59.44077
     21.045       -59.41323
     21.195       -59.38735
     21.345       -59.35982
     21.495       -59.33491
     21.645       -59.30806
     21.795       -59.28127
     21.945       -59.25469
     22.095       -59.23038
     22.245       -59.20423
     22.395       -59.17904
     22.545       -59.15400
     22.695       -59.12897
     22.845       -59.10311
     22.995       -59.07990
     23.145       -59.05477
     23.295       -59.02970
     23.445       -59.00633
     23.595       -58.98257
     23.745       -58.95937
     23.895       -58.93660
     24.045       -58.91268
     24.195       -58.88887
     24.345       -58.86634
     24.495       -58.84367
     24.645       -58.82065
     24.795       -58.79860
     24.945       -58.77637
     25.095       -58.75293
     25.245       -58.73045
     25.395       -58.70662
     25.545       -58.68434
     25.695       -58.66346
     25.845       -58.64213
     25.995       -58.62111
     26.145       -58.59923
     26.295       -58.57718
     26.445       -58.55564
     26.595       -58.53481
     26.745       -58.51347
     26.895       -58.49112
     27.045       -58.47038
     27.195       -58.44965
     27.345       -58.42951
     27.495       -58.40766
     27.645       -58.38707
     27.795       -58.36698
     27.945       -58.34616
     28.095       -58.32737
     28.245       -58.30674
     28.395       -58.28642
     28.545       -58.26676
     28.695       -58.24666
     28.845       -58.22759
     28.995       -58.20717
     29.145       -58.18850
     29.295       -58.16961
     29.445       -58.14986
     29.595       -58.13100
     29.745       -58.11249
     29.895       -58.09356
     30.045       -58.07323
     30.195       -58.05469
     30.345       -58.03523
     30.495       -58.01510
     30.645       -57.99678
     30.795       -57.97858
     30.945       -57.96042
     31.095       -57.94321
     31.245       -57.92513
     31.395       -57.90849
     31.545       -57.88998
     31.695       -57.87138
     31.845       -57.85345
     31.995       -57.83629
     32.145       -57.81861
     32.295       -57.80214
     32.445       -57.78237
     32.595       -57.76571
     32.745       -57.74836
     32.895       -57.73147
     33.045       -57.71529
     33.195       -57.69862
     33.345       -57.68072
     33.495       -57.66438
     33.645       -57.64736
     33.795       -57.63068
     33.945       -57.61418
     34.095       -57.59790
     34.245       -57.58150
     34.395       -57.56539
     34.545       -57.54905
     34.695       -57.53282
     34.845       -57.51540
     34.995       -57.49959
     35.145       -57.48288
     35.295       -57.46705
     35.445       -57.45105
     35.595       -57.43532
     35.745       -57.42072
     35.895       -57.40582
     36.045       -57.39002
     36.195       -57.37423
     36.345       -57.35940
     36.495       -57.34401
     36.645       -57.32887
     36.795       -57.31395
     36.945       -57.29935
     37.095       -57.28411
     37.245       -57.26919
     37.395       -57.25407
     37.545       -57.23915
     37.695       -57.22473
     37.845       -57.21060
     37.995       -57.19617
     38.145       -57.18094
     38.295       -57.16559
     38.445       -57.15121
     38.595       -57.13693
     38.745       -57.12277
     38.895       -57.10880
     39.045       -57.09335
     39.195       -57.07931
     39.345       -57.06460
     39.495       -57.05041
     39.645       -57.03689
     39.795       -57.02255
     39.945       -57.00772
     40.095       -56.99447
     40.245       -56.98108
     40.395       -56.96723
     40.545       -56.95336
     40.695       -56.94003
     40.845       -56.92639
     40.995       -56.91249
     41.145       -56.89936
     41.295       -56.88524
     41.445       -56.87108
     41.595       -56.85788
     41.745       -56.84465
     41.895       -56.83180
     42.045       -56.81867
     42.195       -56.80425
     42.345       -56.79133
     42.495       -56.77774
     42.645       -56.76563
     42.795       -56.75334
     42.945       -56.74010
     43.095       -56.72742
     43.245       -56.71449
     43.395       -56.70145
     43.545       -56.68768
     43.695       -56.67477
     43.845       -56.66174
     43.995       -56.64845
     44.145       -56.63527
     44.295       -56.62267
     44.445       -56.60889
     44.595       -56.59614
     44.745       -56.58392
     44.895       -56.57134
     45.045       -56.55911
     45.195       -56.54631
     45.345       -56.53367
     45.495       -56.52170
     45.645       -56.50918
     45.795       -56.49715
     45.945       -56.48599
     46.095       -56.47435
     46.245       -56.46236
     46.395       -56.44999
     46.545       -56.43906
     46.695       -56.42693
     46.845       -56.41504
     46.995       -56.40305
     47.145       -56.39155
     47.295       -56.38009
     47.445       -56.36920
     47.595       -56.35790
     47.745       -56.34630
     47.895       -56.33500
     48.045       -56.32345
     48.195       -56.31184
     48.345       -56.30065
     48.495       -56.28899
     48.645       -56.27776
     48.795       -56.26654
     48.945       -56.25421
     49.095       -56.24231
     49.245       -56.23113
     49.395       -56.21991
     49.545       -56.20875
     49.695       -56.19778
     49.845       -56.18674
     49.995       -56.17558
     50.145       -56.16494
     50.295       -56.15391
     50.445       -56.14250
     50.595       -56.13136
     50.745       -56.12045
     50.895       -56.10904
     51.045       -56.09815
     51.195       -56.08795
     51.345       -56.07737
     51.495       -56.06649
     51.645       -56.05604
     51.795       -56.04555
     51.945       -56.03469
     52.095       -56.02461
     52.245       -56.01320
     52.395       -56.00247
     52.545       -55.99220
     52.695       -55.98188
     52.845       -55.97186
     52.995       -55.96134
     53.145       -55.95135
     53.295       -55.94117
     53.445       -55.93114
     53.595       -55.92072
     53.745       -55.91079
     53.895       -55.90044
     54.045       -55.89048
     54.195       -55.87992
     54.345       -55.86952
     54.495       -55.85936
     54.645       -55.84931
     54.795       -55.83915
     54.945       -55.82856
     55.095       -55.81877
     59.433       -55.02750
     80.646       -53.85709
     111.21       -52.71432
     153.36       -51.59856
     211.49       -50.50640
     291.64       -49.44731
     402.18       -48.40786
     554.60       -47.39781
     764.80       -46.41576
     1054.7       -45.45389
     1454.4       -44.52169
     2005.6       -43.61775
     2765.8       -42.73269
     3814.0       -41.87372
     5259.5       -41.04379
     7252.9       -40.23364
     10002.       -39.44690
     13793.       -38.68086
     19020.       -37.94144
     26229.       -37.22611
     36170.       -36.53437
     49878.       -35.86619
     68782.       -35.23215
     94851.       -34.62153
    0.13080E+06   -34.03874
    0.18038E+06   -33.48146
    0.24874E+06   -32.94818
    0.34301E+06   -32.43775
    0.47302E+06   -31.95503
    0.65229E+06   -31.49194
    0.89952E+06   -31.04933
    0.12404E+07   -30.62855
    0.17106E+07   -30.22981
    0.23589E+07   -29.84899
    0.32529E+07   -29.48426
    0.44858E+07   -29.13848
    0.61860E+07   -28.80857
    0.85305E+07   -28.49559
    0.11764E+08   -28.19553
    0.16222E+08   -27.91042
    0.22370E+08   -27.63953
    0.30849E+08   -27.38104
    0.42541E+08   -27.13857
    0.58664E+08   -26.90929
    0.80898E+08   -26.69850
    0.11156E+09   -26.50169
    0.15384E+09   -26.31747
    0.21215E+09   -26.14311
    0.29255E+09   -25.98216
    0.40343E+09   -25.82821
    0.55633E+09   -25.68583
    0.76719E+09   -25.55696
    0.10580E+10   -25.43867
    0.14589E+10   -25.33038
    0.20119E+10   -25.23120
    0.27744E+10   -25.14038
    0.38259E+10   -25.05504
    0.52760E+10   -24.97671
    0.72756E+10   -24.90435
    0.10033E+11   -24.83799
    0.13836E+11   -24.77701
    0.19079E+11   -24.72033
    0.26311E+11   -24.66865
    0.36283E+11   -24.62029
    0.50034E+11   -24.57535
    0.68997E+11   -24.53328
    0.10000E+12   -24.04168
