    -29.945        1     0.00000
    -29.795        1     0.00000
    -29.645        1     0.00000
    -29.495        1     0.00000
    -29.345        1     0.00000
    -29.195        1     0.00000
    -29.045        1     0.00000
    -28.895        1     0.00000
    -28.745        1     0.00000
    -28.595        1     0.00000
    -28.445        1     0.00000
    -28.295        1     0.00000
    -28.145        1     0.00000
    -27.995        1     0.00000
    -27.845        1     0.00000
    -27.695        1     0.00000
    -27.545        1     0.00000
    -27.395        1     0.00000
    -27.245        1     0.00000
    -27.095        1     0.00000
    -26.945        1     0.00000
    -26.795        1     0.00000
    -26.645        1     0.00000
    -26.495        1     0.00000
    -26.345        1     0.00000
    -26.195        1     0.00000
    -26.045        1     0.00000
    -25.895        1     0.00000
    -25.745        1     0.00000
    -25.595        1     0.00000
    -25.445        1     0.00000
    -25.295        1     0.00000
    -25.145        1     0.00000
    -24.995        1     0.00000
    -24.845        1     0.00000
    -24.695        1     0.00000
    -24.545        1     0.00000
    -24.395        1     0.00000
    -24.245        1     0.00000
    -24.095        1     0.00000
    -23.945        1     0.00000
    -23.795        1     0.00000
    -23.645        1     0.00000
    -23.495        1     0.00000
    -23.345        1     0.00000
    -23.195        1     0.00000
    -23.045        1     0.00000
    -22.895        1     0.00000
    -22.745        1     0.00000
    -22.595        1     0.00000
    -22.445        1     0.00000
    -22.295        1     0.00000
    -22.145        1     0.00000
    -21.995        1     0.00000
    -21.845        1     0.00000
    -21.695        1     0.00000
    -21.545        1     0.00000
    -21.395        1     0.00000
    -21.245        1     0.00000
    -21.095        1     0.00000
    -20.945        1     0.00000
    -20.795        1     0.00000
    -20.645        1     0.00000
    -20.495        1     0.00000
    -20.345        1     0.00000
    -20.195        1     0.00000
    -20.045        1     0.00000
    -19.895        1     0.00000
    -19.745        1     0.00000
    -19.595        1     0.00000
    -19.445        1     0.00000
    -19.295        1     0.00000
    -19.145        1     0.00000
    -18.995        1     0.00000
    -18.845        1     0.00000
    -18.695        1     0.00000
    -18.545        1     0.00000
    -18.395        1     0.00000
    -18.245        1     0.00000
    -18.095        1     0.00000
    -17.945        1     0.00000
    -17.795        1     0.00000
    -17.645        1     0.00000
    -17.495        1     0.00000
    -17.345        1     0.00000
    -17.195        1     0.00000
    -17.045        1     0.00000
    -16.895        1     0.00000
    -16.745        1     0.00000
    -16.595        1     0.00000
    -16.445        1     0.00000
    -16.295        1     0.00000
    -16.145        1     0.00000
    -15.995        1     0.00000
    -15.845        1     0.00000
    -15.695        1     0.00000
    -15.545        1     0.00000
    -15.395        1     0.00000
    -15.245        1     0.00000
    -15.095        1     0.00000
    -14.945        1     0.00000
    -14.795        1     0.00000
    -14.645        1     0.00000
    -14.495        1     0.00000
    -14.345        1     0.00000
    -14.195        1     0.00000
    -14.045        1     0.00000
    -13.895        1     0.00000
    -13.745        1     0.00000
    -13.595        1     0.00000
    -13.445        1     0.00000
    -13.295        1     0.00000
    -13.145        1    -0.00315
    -12.995        1    -0.01067
    -12.845        1    -0.02153
    -12.695        1    -0.04515
    -12.545        1    -0.07933
    -12.395        1    -0.11680
    -12.245        1    -0.15624
    -12.095        1    -0.19864
    -11.945        1    -0.24309
    -11.795        1    -0.28951
    -11.645        1    -0.33581
    -11.495        1    -0.38425
    -11.345        1    -0.43453
    -11.195        1    -0.48582
    -11.045        1    -0.53751
    -10.895        1    -0.58966
    -10.745        1    -0.64443
    -10.595        1    -0.70183
    -10.445        1    -0.76076
    -10.295        1    -0.82211
    -10.145        1    -0.88641
    -9.9950        1    -0.95343
    -9.8450        1    -1.02378
    -9.6950        1    -1.09634
    -9.5450        1    -1.17481
    -9.3950        1    -1.25805
    -9.2450        1    -1.34781
    -9.0950        1    -1.44308
    -8.9450        1    -1.54924
    -8.7950        1    -1.66400
    -8.6450        1    -1.78643
    -8.4950        1    -1.91455
    -8.3450        1    -2.04977
    -8.1950        1    -2.19325
    -8.0450        1    -2.34841
    -7.8950        1    -2.51492
    -7.7450        1    -2.69648
    -7.5950        1    -2.89655
    -7.4450        1    -3.11296
    -7.2950        1    -3.35085
    -7.1450        1    -3.61150
    -6.9950        1    -3.89754
    -6.8450        1    -4.20205
    -6.6950        1    -4.52904
    -6.5450        1    -4.87747
    -6.3950        1    -5.24106
    -6.2450        1    -5.61534
    -6.0950        1    -6.00041
    -5.9450        1    -6.39683
    -5.7950        1    -6.80713
    -5.6450        1    -7.22422
    -5.4950        1    -7.65066
    -5.3450        1    -8.08681
    -5.1950        1    -8.53498
    -5.0450        1    -8.99377
    -4.8950        1    -9.47189
    -4.7450        1    -9.96579
    -4.5950        1   -10.48076
    -4.4450        1   -11.01081
    -4.2950        1   -11.55827
    -4.1450        1   -12.12922
    -3.9950        1   -12.72968
    -3.8450        1   -13.36274
    -3.6950        1   -14.02866
    -3.5450        1   -14.72782
    -3.3950        1   -15.46838
    -3.2450        1   -16.25494
    -3.0950        1   -17.09977
    -2.9450        1   -18.00407
    -2.7950        1   -18.97222
    -2.6450        1   -20.01885
    -2.4950        1   -21.15932
    -2.3450        1   -22.40979
    -2.1950        1   -23.79134
    -2.0450        1   -25.32724
    -1.8950        1   -27.05809
    -1.7450        1   -29.03690
    -1.5950        1   -31.33217
    -1.4450        1   -34.05615
    -1.2950        1   -37.36488
    -1.1450        1   -41.49221
   -0.99500        1   -46.87745
   -0.84500        1   -54.27710
   -0.69500        1   -65.56559
   -0.54500        1   -85.90125
   -0.39500        1  -116.47693
   -0.25300        1  -133.78829
   -0.21500        1  -134.51215
   -0.20900        1  -135.19813
   -0.20300        1  -135.84680
   -0.19700        1  -136.45746
   -0.19100        1  -137.03207
   -0.18500        1  -137.57160
   -0.17900        1  -138.07842
   -0.17300        1  -138.55492
   -0.16700        1  -139.00210
   -0.16100        1  -139.42196
   -0.15500        1  -139.81529
   -0.14900        1  -140.18435
   -0.14300        1  -140.52917
   -0.13700        1  -140.85087
   -0.13100        1  -141.15075
   -0.12500        1  -141.42969
   -0.11900        1  -141.68865
   -0.11300        1  -141.92867
   -0.10700        1  -142.14995
   -0.10100        1  -142.35343
   -0.95000E-01    1  -142.54000
   -0.89000E-01    1  -142.71040
   -0.83000E-01    1  -142.86542
   -0.77000E-01    1  -143.00608
   -0.71000E-01    1  -143.13257
   -0.65000E-01    1  -143.24557
   -0.59000E-01    1  -143.34558
   -0.53000E-01    1  -143.43167
   -0.47000E-01    1  -143.50497
   -0.41000E-01    1  -143.56678
   -0.35000E-01    1  -143.61779
   -0.29000E-01    1  -143.65848
   -0.23000E-01    1  -143.68900
   -0.19700E-01    1  -143.69154
   -0.19100E-01    1  -143.69401
   -0.18500E-01    1  -143.69639
   -0.17900E-01    1  -143.69868
   -0.17300E-01    1  -143.70088
   -0.16700E-01    1  -143.70301
   -0.16100E-01    1  -143.70503
   -0.15500E-01    1  -143.70698
   -0.14900E-01    1  -143.70885
   -0.14300E-01    1  -143.71063
   -0.13700E-01    1  -143.71233
   -0.13100E-01    1  -143.71394
   -0.12500E-01    1  -143.71548
   -0.11900E-01    1  -143.71695
   -0.11300E-01    1  -143.71833
   -0.10700E-01    1  -143.71963
   -0.10100E-01    1  -143.72086
   -0.95000E-02    1  -143.72200
   -0.89000E-02    1  -143.72308
   -0.83000E-02    1  -143.72408
   -0.77000E-02    1  -143.72500
   -0.71000E-02    1  -143.72584
   -0.65000E-02    1  -143.72661
   -0.59000E-02    1  -143.72731
   -0.53000E-02    1  -143.72794
   -0.47000E-02    1  -143.72849
   -0.41000E-02    1  -143.72897
   -0.35000E-02    1  -143.72938
   -0.29000E-02    1  -143.72971
   -0.23000E-02    1  -143.72998
   -0.17000E-02    1  -143.73017
   -0.11000E-02    1  -143.73030
   -0.50000E-03    1  -143.73036
    0.10000E-03    1  -143.73035
    0.70000E-03    1  -143.73027
    0.13000E-02    1  -143.73012
    0.19000E-02    1  -143.72991
    0.25000E-02    1  -143.72963
    0.31000E-02    1  -143.72928
    0.37000E-02    1  -143.72887
    0.43000E-02    1  -143.72839
    0.49000E-02    1  -143.72784
    0.55000E-02    1  -143.72724
    0.61000E-02    1  -143.72657
    0.67000E-02    1  -143.72583
    0.73000E-02    1  -143.72503
    0.79000E-02    1  -143.72417
    0.85000E-02    1  -143.72325
    0.91000E-02    1  -143.72227
    0.97000E-02    1  -143.72122
    0.10300E-01    1  -143.72012
    0.10900E-01    1  -143.71896
    0.11500E-01    1  -143.71774
    0.12100E-01    1  -143.71646
    0.12700E-01    1  -143.71511
    0.13300E-01    1  -143.71371
    0.13900E-01    1  -143.71225
    0.14500E-01    1  -143.71073
    0.15100E-01    1  -143.70916
    0.15700E-01    1  -143.70752
    0.16300E-01    1  -143.70584
    0.16900E-01    1  -143.70408
    0.17500E-01    1  -143.70229
    0.18100E-01    1  -143.70043
    0.18700E-01    1  -143.69852
    0.19300E-01    1  -143.69655
    0.20200E-01    1  -143.68839
    0.25000E-01    1  -143.66374
    0.31000E-01    1  -143.63410
    0.37000E-01    1  -143.59983
    0.43000E-01    1  -143.56132
    0.49000E-01    1  -143.51881
    0.55000E-01    1  -143.47246
    0.61000E-01    1  -143.42269
    0.67000E-01    1  -143.36958
    0.73000E-01    1  -143.31348
    0.79000E-01    1  -143.25455
    0.85000E-01    1  -143.19288
    0.91000E-01    1  -143.12885
    0.97000E-01    1  -143.06253
    0.10300        1  -142.99407
    0.10900        1  -142.92354
    0.11500        1  -142.85140
    0.12100        1  -142.77756
    0.12700        1  -142.70198
    0.13300        1  -142.62499
    0.13900        1  -142.54684
    0.14500        1  -142.46727
    0.15100        1  -142.38651
    0.15700        1  -142.30476
    0.16300        1  -142.22214
    0.16900        1  -142.13843
    0.17500        1  -142.05367
    0.18100        1  -141.96800
    0.18700        1  -141.88173
    0.19300        1  -141.79485
    0.19900        1  -141.70746
    0.20500        1  -141.61908
    0.21100        1  -141.52999
    0.21700        1  -141.44050
    0.29500        1  -139.03743
    0.44500        1  -136.64723
    0.59500        1  -134.64798
    0.74500        1  -132.98868
    0.89500        1  -131.57247
     1.0450        1  -130.32368
     1.1950        1  -129.20679
     1.3450        1  -128.19495
     1.4950        1  -127.26654
     1.6450        1  -126.41043
     1.7950        1  -125.61601
     1.9450        1  -124.87329
     2.0950        1  -124.17682
     2.2450        1  -123.52297
     2.3950        1  -122.90458
     2.5450        1  -122.31798
     2.6950        1  -121.76054
     2.8450        1  -121.22930
     2.9950        1  -120.72335
     3.1450        1  -120.24041
     3.2950        1  -119.77780
     3.4450        1  -119.33434
     3.5950        1  -118.90679
     3.7450        1  -118.49493
     3.8950        1  -118.09606
     4.0450        1  -117.71116
     4.1950        1  -117.33804
     4.3450        1  -116.97545
     4.4950        1  -116.62402
     4.6450        1  -116.28340
     4.7950        1  -115.95238
     4.9450        1  -115.63023
     5.0950        1  -115.31740
     5.2450        1  -115.01254
     5.3950        1  -114.71636
     5.5450        1  -114.42725
     5.6950        1  -114.14600
     5.8450        1  -113.87216
     5.9950        1  -113.60276
     6.1450        1  -113.34060
     6.2950        1  -113.08445
     6.4450        1  -112.83416
     6.5950        1  -112.58731
     6.7450        1  -112.34649
     6.8950        1  -112.11027
     7.0450        1  -111.87792
     7.1950        1  -111.64990
     7.3450        1  -111.42746
     7.4950        1  -111.20861
     7.6450        1  -110.99417
     7.7950        1  -110.78474
     7.9450        1  -110.57932
     8.0950        1  -110.37796
     8.2450        1  -110.18040
     8.3950        1  -109.98635
     8.5450        1  -109.79678
     8.6950        1  -109.61061
     8.8450        1  -109.42849
     8.9950        1  -109.24906
     9.1450        1  -109.07313
     9.2950        1  -108.89828
     9.4450        1  -108.72715
     9.5950        1  -108.55845
     9.7450        1  -108.39395
     9.8950        1  -108.22994
     10.045        1  -108.06900
     10.195        1  -107.90967
     10.345        1  -107.75242
     10.495        1  -107.59812
     10.645        1  -107.44560
     10.795        1  -107.29269
     10.945        1  -107.14458
     11.095        1  -106.99937
     11.245        1  -106.85343
     11.395        1  -106.70972
     11.545        1  -106.56969
     11.695        1  -106.43037
     11.845        1  -106.29480
     11.995        1  -106.15897
     12.145        1  -106.02799
     12.295        1  -105.89933
     12.445        1  -105.77173
     12.595        1  -105.64624
     12.745        1  -105.52332
     12.895        1  -105.40388
     13.045        1  -105.28368
     13.195        1  -105.16696
     13.345        1  -105.05252
     13.495        1  -104.94077
     13.645        1  -104.83079
     13.795        1  -104.72817
     13.945        1  -104.62328
     14.095        1  -104.52069
     14.245        1  -104.42045
     14.395        1  -104.32170
     14.545        1  -104.22796
     14.695        1  -104.13503
     14.845        1  -104.04270
     14.995        1  -103.95476
     15.145        1  -103.86423
     15.295        1  -103.77748
     15.445        1  -103.68891
     15.595        1  -103.60163
     15.745        1  -103.52090
     15.895        1  -103.44449
     16.045        1  -103.36287
     16.195        1  -103.28281
     16.345        1  -103.20575
     16.495        1  -103.12495
     16.645        1  -103.04854
     16.795        1  -102.97098
     16.945        1  -102.89566
     17.095        1  -102.82106
     17.245        1  -102.74854
     17.395        1  -102.67707
     17.545        1  -102.60860
     17.695        1  -102.53985
     17.845        1  -102.46903
     17.995        1  -102.40461
     18.145        1  -102.33820
     18.295        1  -102.27258
     18.445        1  -102.20747
     18.595        1  -102.14371
     18.745        1  -102.08102
     18.895        1  -102.02137
     19.045        1  -101.96239
     19.195        1  -101.90176
     19.345        1  -101.84217
     19.495        1  -101.77992
     19.645        1  -101.72066
     19.795        1  -101.66253
     19.945        1  -101.60105
     20.095        1  -101.54397
     20.245        1  -101.48622
     20.395        1  -101.42682
     20.545        1  -101.36759
     20.695        1  -101.30831
     20.845        1  -101.25023
     20.995        1  -101.19208
     21.145        1  -101.13614
     21.295        1  -101.07752
     21.445        1  -101.01914
     21.595        1  -100.96305
     21.745        1  -100.90646
     21.895        1  -100.85114
     22.045        1  -100.79468
     22.195        1  -100.73900
     22.345        1  -100.68452
     22.495        1  -100.63140
     22.645        1  -100.57723
     22.795        1  -100.52214
     22.945        1  -100.46592
     23.095        1  -100.41420
     23.245        1  -100.36264
     23.395        1  -100.30846
     23.545        1  -100.25636
     23.695        1  -100.20593
     23.845        1  -100.15571
     23.995        1  -100.10867
     24.145        1  -100.06050
     24.295        1  -100.01338
     24.445        1   -99.96561
     24.595        1   -99.91972
     24.745        1   -99.87447
     24.895        1   -99.83171
     25.045        1   -99.78602
     25.195        1   -99.74159
     25.345        1   -99.69921
     25.495        1   -99.65543
     25.645        1   -99.61331
     25.795        1   -99.57430
     25.945        1   -99.53460
     26.095        1   -99.49452
     26.245        1   -99.45520
     26.395        1   -99.41674
     26.545        1   -99.37918
     26.695        1   -99.34100
     26.845        1   -99.30433
     26.995        1   -99.26846
     27.145        1   -99.23140
     27.295        1   -99.19650
     27.445        1   -99.16334
     27.595        1   -99.13140
     27.745        1   -99.09900
     27.895        1   -99.06732
     28.045        1   -99.03892
     28.195        1   -99.01147
     28.345        1   -98.98433
     28.495        1   -98.96141
     28.645        1   -98.93985
     28.795        1   -98.91739
     28.945        1   -98.89717
     29.095        1   -98.87694
     29.245        1   -98.85736
     29.395        1   -98.84062
     29.545        1   -98.82599
     29.695        1   -98.81443
     29.845        1   -98.80111
     29.995        1   -98.78980
     30.145        1   -98.77499
     30.295        1   -98.76428
     30.445        1   -98.75415
     30.595        1   -98.74349
     30.745        1   -98.73329
     30.895        1   -98.72469
     31.045        1   -98.71622
     31.195        1   -98.70674
     31.345        1   -98.69822
     31.495        1   -98.69085
     31.645        1   -98.68368
     31.795        1   -98.67663
     31.945        1   -98.66948
     32.095        1   -98.66146
     32.245        1   -98.65444
     32.395        1   -98.64730
     32.545        1   -98.64032
     32.695        1   -98.63315
     32.845        1   -98.62621
     32.995        1   -98.62062
     33.145        1   -98.61412
     33.295        1   -98.60814
     33.445        1   -98.60259
     33.595        1   -98.59663
     33.745        1   -98.59042
     33.895        1   -98.58513
     34.045        1   -98.57970
     34.195        1   -98.57435
     34.345        1   -98.56854
     34.495        1   -98.56344
     34.645        1   -98.55812
     34.795        1   -98.55300
     34.945        1   -98.54696
     35.095        1   -98.54127
     35.245        1   -98.53609
     35.395        1   -98.53033
     35.545        1   -98.52545
     35.695        1   -98.52042
     35.845        1   -98.51533
     35.995        1   -98.51015
     36.145        1   -98.50509
     36.295        1   -98.49994
     36.445        1   -98.49506
     36.595        1   -98.49014
     36.745        1   -98.48519
     36.895        1   -98.48021
     37.045        1   -98.47548
     37.195        1   -98.47095
     37.345        1   -98.46651
     37.495        1   -98.46272
     37.645        1   -98.45826
     37.795        1   -98.45381
     37.945        1   -98.44938
     38.095        1   -98.44524
     38.245        1   -98.44210
     38.395        1   -98.43769
     38.545        1   -98.43461
     38.695        1   -98.43144
     38.845        1   -98.42736
     38.995        1   -98.42331
     39.145        1   -98.41930
     39.295        1   -98.41478
     39.445        1   -98.41074
     39.595        1   -98.40640
     39.745        1   -98.40268
     39.895        1   -98.39966
     40.045        1   -98.39597
     40.195        1   -98.39236
     40.345        1   -98.38937
     40.495        1   -98.38637
     40.645        1   -98.38237
     40.795        1   -98.37935
     40.945        1   -98.37641
     41.095        1   -98.37346
     41.245        1   -98.37050
     41.395        1   -98.36759
     41.545        1   -98.36468
     41.695        1   -98.36182
     41.845        1   -98.35897
     41.995        1   -98.35612
     42.145        1   -98.35263
     42.295        1   -98.34982
     42.445        1   -98.34636
     42.595        1   -98.34360
     42.745        1   -98.34080
     42.895        1   -98.33799
     43.045        1   -98.33520
     43.195        1   -98.33244
     43.345        1   -98.32968
     43.495        1   -98.32628
     43.645        1   -98.32352
     43.795        1   -98.32080
     43.945        1   -98.31806
     44.095        1   -98.31537
     44.245        1   -98.31266
     44.395        1   -98.30996
     44.545        1   -98.30728
     44.695        1   -98.30462
     44.845        1   -98.30197
     44.995        1   -98.29933
     45.145        1   -98.29667
     45.295        1   -98.29405
     45.445        1   -98.29149
     45.595        1   -98.28888
     45.745        1   -98.28622
     45.895        1   -98.28362
     46.045        1   -98.28106
     46.195        1   -98.27851
     46.345        1   -98.27590
     46.495        1   -98.27340
     46.645        1   -98.27089
     46.795        1   -98.26838
     46.945        1   -98.26583
     47.095        1   -98.26329
     47.245        1   -98.26077
     47.395        1   -98.25825
     47.545        1   -98.25574
     47.695        1   -98.25328
     47.845        1   -98.25078
     47.995        1   -98.24832
     48.145        1   -98.24584
     48.295        1   -98.24338
     48.445        1   -98.24090
     48.595        1   -98.23848
     48.745        1   -98.23602
     48.895        1   -98.23361
     49.045        1   -98.23116
     49.195        1   -98.22874
     49.345        1   -98.22633
     49.495        1   -98.22388
     49.645        1   -98.22151
     49.795        1   -98.21911
     49.945        1   -98.21672
     50.095        1   -98.21435
     50.245        1   -98.21196
     50.395        1   -98.20959
     50.545        1   -98.20722
     50.695        1   -98.20486
     50.845        1   -98.20254
     50.995        1   -98.20025
     51.145        1   -98.19796
     51.295        1   -98.19565
     51.445        1   -98.19332
     51.595        1   -98.19106
     51.745        1   -98.18879
     51.895        1   -98.18649
     52.045        1   -98.18424
     52.195        1   -98.18199
     52.345        1   -98.17978
     52.495        1   -98.17754
     52.645        1   -98.17535
     52.795        1   -98.17312
     52.945        1   -98.17091
     53.095        1   -98.16867
     53.245        1   -98.16645
     53.395        1   -98.16428
     53.545        1   -98.16212
     53.695        1   -98.15995
     53.845        1   -98.15778
     53.995        1   -98.15561
     54.145        1   -98.15348
     54.295        1   -98.15127
     54.445        1   -98.14913
     54.595        1   -98.14705
     54.745        1   -98.14491
     54.895        1   -98.14274
     55.045        1   -98.14065
     55.195        1   -98.13855
     55.345        1   -98.13644
     55.495        1   -98.13436
     55.645        1   -98.13227
     55.795        1   -98.13019
     55.945        1   -98.12815
     56.095        1   -98.12604
     56.245        1   -98.12404
     56.395        1   -98.12196
     56.545        1   -98.11991
     56.695        1   -98.11785
     56.845        1   -98.11582
     56.995        1   -98.11379
     57.145        1   -98.11176
     57.295        1   -98.10973
     57.445        1   -98.10773
     57.595        1   -98.10572
     57.745        1   -98.10370
     57.895        1   -98.10173
     58.045        1   -98.09975
     58.195        1   -98.09776
     58.345        1   -98.09578
     58.495        1   -98.09380
     58.645        1   -98.09190
     58.795        1   -98.08997
     58.945        1   -98.08800
     59.095        1   -98.08603
     59.245        1   -98.08409
     59.395        1   -98.08217
     59.545        1   -98.08027
     59.695        1   -98.07837
     59.845        1   -98.07648
     59.995        1   -98.07457
     60.145        1   -98.07267
     70.939        1   -97.83330
     97.698        1   -97.60412
     134.55        1   -97.38174
     185.30        1   -97.16582
     255.20        1   -96.95562
     351.46        1   -96.75038
     484.04        1   -96.54944
     666.62        1   -96.35197
     918.07        1   -96.15701
     1264.4        1   -95.96458
     1741.3        1   -95.77386
     2398.1        1   -95.58571
     3302.7        1   -95.39962
     4548.5        1   -95.21557
     6264.3        1   -95.03388
     8627.2        1   -94.85444
     11881.        1   -94.67706
     16363.        1   -94.50260
     22535.        1   -94.33176
     31036.        1   -94.16423
     42743.        1   -94.00095
     58866.        1   -93.84155
     81070.        1   -93.68686
    0.11165E+06    1   -93.53653
    0.15377E+06    1   -93.39128
    0.21177E+06    1   -93.25100
    0.29165E+06    1   -93.11568
    0.40166E+06    1   -92.98549
    0.55317E+06    1   -92.86122
    0.76182E+06    1   -92.74271
    0.10492E+07    1   -92.62961
    0.14449E+07    1   -92.52170
    0.19900E+07    1   -92.41865
    0.27406E+07    1   -92.32042
    0.37744E+07    1   -92.22704
    0.51981E+07    1   -92.13795
    0.71589E+07    1   -92.05332
    0.98593E+07    1   -91.97252
    0.13578E+08    1   -91.89553
    0.18700E+08    1   -91.82243
    0.25754E+08    1   -91.75265
    0.35468E+08    1   -91.68622
    0.48847E+08    1   -91.62297
    0.67273E+08    1   -91.56281
    0.92648E+08    1   -91.50549
    0.12760E+09    1   -91.45093
    0.17573E+09    1   -91.39901
    0.24201E+09    1   -91.35005
    0.33330E+09    1   -91.30415
    0.45902E+09    1   -91.26132
    0.63217E+09    1   -91.22148
    0.87062E+09    1   -91.18435
    0.11990E+10    1   -91.14957
    0.16513E+10    1   -91.11689
    0.22742E+10    1   -91.08635
    0.31320E+10    1   -91.05768
    0.43134E+10    1   -91.03135
    0.59405E+10    1   -91.00735
    0.81813E+10    1   -90.98536
    0.11267E+11    1   -90.96510
    0.15517E+11    1   -90.94641
    0.21371E+11    1   -90.92915
    0.29432E+11    1   -90.91325
    0.40534E+11    1   -90.89857
    0.55823E+11    1   -90.88496
    0.10000E+12    1   -90.72237
    -149.95        2     0.00000
    -149.79        2     0.00000
    -149.65        2     0.00000
    -149.49        2     0.00000
    -149.34        2     0.00000
    -149.20        2     0.00000
    -149.04        2     0.00000
    -148.90        2     0.00000
    -148.74        2     0.00000
    -148.59        2     0.00000
    -148.45        2     0.00000
    -148.29        2     0.00000
    -148.15        2     0.00000
    -147.99        2     0.00000
    -147.84        2     0.00000
    -147.70        2     0.00000
    -147.54        2     0.00000
    -147.40        2     0.00000
    -147.24        2     0.00000
    -147.09        2     0.00000
    -146.95        2     0.00000
    -146.79        2     0.00000
    -146.65        2     0.00000
    -146.49        2     0.00000
    -146.34        2     0.00000
    -146.20        2     0.00000
    -146.04        2     0.00000
    -145.90        2     0.00000
    -145.74        2     0.00000
    -145.59        2     0.00000
    -145.45        2     0.00000
    -145.29        2     0.00000
    -145.15        2     0.00000
    -144.99        2     0.00000
    -144.84        2     0.00000
    -144.70        2     0.00000
    -144.54        2     0.00000
    -144.40        2     0.00000
    -144.24        2     0.00000
    -144.09        2     0.00000
    -143.95        2     0.00000
    -143.79        2     0.00000
    -143.65        2     0.00000
    -143.49        2     0.00000
    -143.34        2     0.00000
    -143.20        2     0.00000
    -143.04        2     0.00000
    -142.90        2     0.00000
    -142.74        2     0.00000
    -142.59        2     0.00000
    -142.45        2     0.00000
    -142.29        2     0.00000
    -142.15        2     0.00000
    -141.99        2     0.00000
    -141.84        2     0.00000
    -141.70        2     0.00000
    -141.54        2     0.00000
    -141.40        2     0.00000
    -141.24        2     0.00000
    -141.09        2     0.00000
    -140.95        2     0.00000
    -140.79        2     0.00000
    -140.65        2     0.00000
    -140.49        2     0.00000
    -140.34        2     0.00000
    -140.20        2     0.00000
    -140.04        2     0.00000
    -139.90        2     0.00000
    -139.74        2     0.00000
    -139.59        2     0.00000
    -139.45        2     0.00000
    -139.29        2     0.00000
    -139.15        2     0.00000
    -138.99        2     0.00000
    -138.84        2     0.00000
    -138.70        2     0.00000
    -138.54        2     0.00000
    -138.40        2     0.00000
    -138.24        2     0.00000
    -138.09        2     0.00000
    -137.95        2     0.00000
    -137.79        2     0.00000
    -137.65        2     0.00000
    -137.49        2     0.00000
    -137.34        2     0.00000
    -137.20        2     0.00000
    -137.04        2     0.00000
    -136.90        2     0.00000
    -136.74        2     0.00000
    -136.59        2     0.00000
    -136.45        2     0.00000
    -136.29        2     0.00000
    -136.15        2     0.00000
    -135.99        2     0.00000
    -135.84        2     0.00000
    -135.70        2     0.00000
    -135.54        2     0.00000
    -135.40        2     0.00000
    -135.24        2     0.00000
    -135.09        2     0.00000
    -134.95        2     0.00000
    -134.79        2     0.00000
    -134.65        2     0.00000
    -134.49        2     0.00000
    -134.34        2     0.00000
    -134.20        2     0.00000
    -134.04        2     0.00000
    -133.90        2     0.00000
    -133.74        2     0.00000
    -133.59        2     0.00000
    -133.45        2     0.00000
    -133.29        2     0.00000
    -133.15        2     0.00000
    -132.99        2     0.00000
    -132.84        2     0.00000
    -132.70        2     0.00000
    -132.54        2     0.00000
    -132.40        2     0.00000
    -132.24        2     0.00000
    -132.09        2     0.00000
    -131.95        2     0.00000
    -131.79        2     0.00000
    -131.65        2     0.00000
    -131.49        2     0.00000
    -131.34        2     0.00000
    -131.20        2     0.00000
    -131.04        2     0.00000
    -130.90        2     0.00000
    -130.74        2     0.00000
    -130.59        2     0.00000
    -130.45        2     0.00000
    -130.29        2     0.00000
    -130.15        2     0.00000
    -129.99        2     0.00000
    -129.84        2     0.00000
    -129.70        2     0.00000
    -129.54        2     0.00000
    -129.40        2     0.00000
    -129.24        2     0.00000
    -129.09        2     0.00000
    -128.95        2     0.00000
    -128.79        2     0.00000
    -128.65        2     0.00000
    -128.49        2     0.00000
    -128.34        2     0.00000
    -128.20        2     0.00000
    -128.04        2     0.00000
    -127.89        2     0.00000
    -127.75        2     0.00000
    -127.60        2     0.00000
    -127.44        2     0.00000
    -127.30        2     0.00000
    -127.14        2     0.00000
    -127.00        2     0.00000
    -126.85        2     0.00000
    -126.69        2     0.00000
    -126.55        2     0.00000
    -126.39        2     0.00000
    -126.25        2     0.00000
    -126.10        2     0.00000
    -125.94        2     0.00000
    -125.80        2     0.00000
    -125.64        2     0.00000
    -125.50        2     0.00000
    -125.35        2     0.00000
    -125.19        2     0.00000
    -125.05        2     0.00000
    -124.89        2     0.00000
    -124.75        2     0.00000
    -124.60        2     0.00000
    -124.44        2     0.00000
    -124.30        2     0.00000
    -124.14        2     0.00000
    -124.00        2     0.00000
    -123.85        2     0.00000
    -123.69        2     0.00000
    -123.55        2     0.00000
    -123.39        2     0.00000
    -123.25        2     0.00000
    -123.10        2     0.00000
    -122.94        2     0.00000
    -122.80        2     0.00000
    -122.64        2     0.00000
    -122.50        2     0.00000
    -122.35        2     0.00000
    -122.19        2     0.00000
    -122.05        2     0.00000
    -121.89        2     0.00000
    -121.75        2     0.00000
    -121.60        2     0.00000
    -121.44        2     0.00000
    -121.30        2     0.00000
    -121.14        2     0.00000
    -121.00        2     0.00000
    -120.85        2     0.00000
    -120.69        2     0.00000
    -120.55        2     0.00000
    -120.39        2     0.00000
    -120.25        2     0.00000
    -120.10        2     0.00000
    -119.94        2     0.00000
    -119.80        2     0.00000
    -119.64        2     0.00000
    -119.50        2     0.00000
    -119.35        2     0.00000
    -119.19        2     0.00000
    -119.05        2     0.00000
    -118.89        2     0.00000
    -118.75        2     0.00000
    -118.60        2     0.00000
    -118.44        2     0.00000
    -118.30        2     0.00000
    -118.14        2     0.00000
    -118.00        2     0.00000
    -117.85        2     0.00000
    -117.69        2     0.00000
    -117.55        2     0.00000
    -117.39        2     0.00000
    -117.25        2     0.00000
    -117.10        2     0.00000
    -116.94        2     0.00000
    -116.80        2     0.00000
    -116.64        2     0.00000
    -116.50        2     0.00000
    -116.35        2     0.00000
    -116.19        2     0.00000
    -116.05        2     0.00000
    -115.89        2     0.00000
    -115.75        2     0.00000
    -115.60        2     0.00000
    -115.44        2     0.00000
    -115.30        2     0.00000
    -115.14        2     0.00000
    -115.00        2     0.00000
    -114.85        2     0.00000
    -114.69        2     0.00000
    -114.55        2     0.00000
    -114.39        2     0.00000
    -114.25        2     0.00000
    -114.10        2     0.00000
    -113.94        2     0.00000
    -113.80        2     0.00000
    -113.64        2     0.00000
    -113.50        2     0.00000
    -113.35        2     0.00000
    -113.19        2     0.00000
    -113.05        2     0.00000
    -112.89        2     0.00000
    -112.75        2     0.00000
    -112.60        2     0.00000
    -112.44        2     0.00000
    -112.30        2     0.00000
    -112.14        2     0.00000
    -112.00        2     0.00000
    -111.85        2     0.00000
    -111.69        2     0.00000
    -111.55        2     0.00000
    -111.39        2     0.00000
    -111.25        2     0.00000
    -111.10        2     0.00000
    -110.94        2     0.00000
    -110.80        2     0.00000
    -110.64        2     0.00000
    -110.50        2     0.00000
    -110.35        2     0.00000
    -110.19        2     0.00000
    -110.05        2     0.00000
    -109.89        2     0.00000
    -109.75        2     0.00000
    -109.60        2     0.00000
    -109.44        2     0.00000
    -109.30        2     0.00000
    -109.14        2     0.00000
    -109.00        2     0.00000
    -108.85        2     0.00000
    -108.69        2     0.00000
    -108.55        2     0.00000
    -108.39        2     0.00000
    -108.25        2     0.00000
    -108.10        2     0.00000
    -107.94        2     0.00000
    -107.80        2     0.00000
    -107.64        2     0.00000
    -107.50        2     0.00000
    -107.35        2     0.00000
    -107.19        2     0.00000
    -107.05        2     0.00000
    -106.89        2     0.00000
    -106.75        2     0.00000
    -106.60        2     0.00000
    -106.44        2     0.00000
    -106.30        2     0.00000
    -106.14        2     0.00000
    -106.00        2     0.00000
    -105.85        2     0.00000
    -105.69        2     0.00000
    -105.55        2     0.00000
    -105.39        2     0.00000
    -105.25        2     0.00000
    -105.10        2     0.00000
    -104.94        2     0.00000
    -104.80        2     0.00000
    -104.64        2     0.00000
    -104.50        2     0.00000
    -104.35        2     0.00000
    -104.19        2     0.00000
    -104.05        2     0.00000
    -103.89        2     0.00000
    -103.75        2     0.00000
    -103.60        2     0.00000
    -103.44        2     0.00000
    -103.30        2     0.00000
    -103.14        2     0.00000
    -103.00        2     0.00000
    -102.85        2     0.00000
    -102.69        2     0.00000
    -102.55        2     0.00000
    -102.39        2     0.00000
    -102.25        2     0.00000
    -102.10        2     0.00000
    -101.94        2     0.00000
    -101.80        2     0.00000
    -101.64        2     0.00000
    -101.50        2     0.00000
    -101.35        2     0.00000
    -101.19        2     0.00000
    -101.05        2     0.00000
    -100.89        2     0.00000
    -100.75        2     0.00000
    -100.60        2     0.00000
    -100.44        2     0.00000
    -100.30        2     0.00000
    -100.14        2     0.00000
    -99.995        2     0.00000
    -99.845        2     0.00000
    -99.695        2     0.00000
    -99.545        2     0.00000
    -99.395        2     0.00000
    -99.245        2     0.00000
    -99.095        2     0.00000
    -98.945        2     0.00000
    -98.795        2     0.00000
    -98.645        2     0.00000
    -98.495        2     0.00000
    -98.345        2     0.00000
    -98.195        2     0.00000
    -98.045        2     0.00000
    -97.895        2     0.00000
    -97.745        2     0.00000
    -97.595        2     0.00000
    -97.445        2     0.00000
    -97.295        2     0.00000
    -97.145        2     0.00000
    -96.995        2     0.00000
    -96.845        2     0.00000
    -96.695        2     0.00000
    -96.545        2     0.00000
    -96.395        2     0.00000
    -96.245        2     0.00000
    -96.095        2     0.00000
    -95.945        2     0.00000
    -95.795        2     0.00000
    -95.645        2     0.00000
    -95.495        2     0.00000
    -95.345        2     0.00000
    -95.195        2     0.00000
    -95.045        2     0.00000
    -94.895        2     0.00000
    -94.745        2     0.00000
    -94.595        2     0.00000
    -94.445        2    -0.00376
    -94.295        2    -0.04748
    -94.145        2    -0.16808
    -93.995        2    -0.37211
    -93.845        2    -0.66556
    -93.695        2    -1.05038
    -93.545        2    -1.50127
    -93.395        2    -2.04057
    -93.245        2    -2.65096
    -93.095        2    -3.29786
    -92.945        2    -3.98996
    -92.795        2    -4.74116
    -92.645        2    -5.48922
    -92.495        2    -6.29976
    -92.345        2    -7.13804
    -92.195        2    -7.96062
    -92.045        2    -8.81651
    -91.895        2    -9.68303
    -91.745        2   -10.54186
    -91.595        2   -11.42811
    -91.445        2   -12.30363
    -91.295        2   -13.17405
    -91.145        2   -14.03151
    -90.995        2   -14.88999
    -90.845        2   -15.74073
    -90.695        2   -16.59089
    -90.545        2   -17.42764
    -90.395        2   -18.27252
    -90.245        2   -19.11950
    -90.095        2   -19.93308
    -89.945        2   -20.74444
    -89.795        2   -21.55683
    -89.645        2   -22.33733
    -89.495        2   -23.11499
    -89.345        2   -23.85056
    -89.195        2   -24.61870
    -89.045        2   -25.34226
    -88.895        2   -26.03578
    -88.745        2   -26.75886
    -88.595        2   -27.43000
    -88.445        2   -28.09352
    -88.295        2   -28.71158
    -88.145        2   -29.33946
    -87.995        2   -29.92566
    -87.845        2   -30.49439
    -87.695        2   -31.05723
    -87.545        2   -31.59876
    -87.395        2   -32.12021
    -87.245        2   -32.63609
    -87.095        2   -33.10544
    -86.945        2   -33.56047
    -86.795        2   -34.00377
    -86.645        2   -34.41206
    -86.495        2   -34.79865
    -86.345        2   -35.17263
    -86.195        2   -35.53561
    -86.045        2   -35.89588
    -85.895        2   -36.23003
    -85.745        2   -36.53837
    -85.595        2   -36.83864
    -85.445        2   -37.12942
    -85.295        2   -37.40179
    -85.145        2   -37.64705
    -84.995        2   -37.89379
    -84.845        2   -38.12736
    -84.695        2   -38.33888
    -84.545        2   -38.54449
    -84.395        2   -38.73491
    -84.245        2   -38.92065
    -84.095        2   -39.09583
    -83.945        2   -39.26605
    -83.795        2   -39.42044
    -83.645        2   -39.55964
    -83.495        2   -39.69137
    -83.345        2   -39.81651
    -83.195        2   -39.93692
    -83.045        2   -40.04982
    -82.895        2   -40.15245
    -82.745        2   -40.25663
    -82.595        2   -40.34737
    -82.445        2   -40.43074
    -82.295        2   -40.51134
    -82.145        2   -40.59646
    -81.995        2   -40.67087
    -81.845        2   -40.73678
    -81.695        2   -40.80186
    -81.545        2   -40.86395
    -81.395        2   -40.91617
    -81.245        2   -40.96791
    -81.095        2   -41.01928
    -80.945        2   -41.06941
    -80.795        2   -41.11140
    -80.645        2   -41.15525
    -80.495        2   -41.19343
    -80.345        2   -41.22698
    -80.195        2   -41.26142
    -80.045        2   -41.29105
    -79.895        2   -41.32359
    -79.745        2   -41.35231
    -79.595        2   -41.37674
    -79.445        2   -41.40557
    -79.295        2   -41.42910
    -79.145        2   -41.45232
    -78.995        2   -41.47239
    -78.845        2   -41.49329
    -78.695        2   -41.51221
    -78.545        2   -41.52868
    -78.395        2   -41.54548
    -78.245        2   -41.56198
    -78.095        2   -41.57804
    -77.945        2   -41.59257
    -77.795        2   -41.60408
    -77.645        2   -41.61623
    -77.495        2   -41.62858
    -77.345        2   -41.63875
    -77.195        2   -41.64927
    -77.045        2   -41.65799
    -76.895        2   -41.66665
    -76.745        2   -41.67774
    -76.595        2   -41.68687
    -76.445        2   -41.69344
    -76.295        2   -41.70103
    -76.145        2   -41.70825
    -75.995        2   -41.71565
    -75.845        2   -41.72176
    -75.695        2   -41.72746
    -75.545        2   -41.73442
    -75.395        2   -41.74228
    -75.245        2   -41.75049
    -75.095        2   -41.75697
    -74.945        2   -41.76272
    -74.795        2   -41.76960
    -74.645        2   -41.77621
    -74.495        2   -41.78244
    -74.345        2   -41.78967
    -74.195        2   -41.79720
    -74.045        2   -41.80442
    -73.895        2   -41.81168
    -73.745        2   -41.81898
    -73.595        2   -41.82685
    -73.445        2   -41.83405
    -73.295        2   -41.84235
    -73.145        2   -41.85074
    -72.995        2   -41.85778
    -72.845        2   -41.86675
    -72.695        2   -41.87694
    -72.545        2   -41.88647
    -72.395        2   -41.89604
    -72.245        2   -41.90958
    -72.095        2   -41.91944
    -71.945        2   -41.93213
    -71.795        2   -41.94597
    -71.645        2   -41.96043
    -71.495        2   -41.97858
    -71.345        2   -41.99641
    -71.195        2   -42.01580
    -71.045        2   -42.03588
    -70.895        2   -42.05304
    -70.745        2   -42.07282
    -70.595        2   -42.09142
    -70.445        2   -42.10970
    -70.295        2   -42.13311
    -70.145        2   -42.15840
    -69.995        2   -42.18360
    -69.845        2   -42.20786
    -69.695        2   -42.23244
    -69.545        2   -42.25643
    -69.395        2   -42.28115
    -69.245        2   -42.30800
    -69.095        2   -42.33384
    -68.945        2   -42.36102
    -68.795        2   -42.38885
    -68.645        2   -42.41781
    -68.495        2   -42.44970
    -68.345        2   -42.49062
    -68.195        2   -42.54359
    -68.045        2   -42.62323
    -67.895        2   -42.73864
    -67.745        2   -42.90158
    -67.595        2   -43.12164
    -67.445        2   -43.41566
    -67.295        2   -43.79499
    -67.145        2   -44.29317
    -66.995        2   -44.89423
    -66.845        2   -45.58570
    -66.695        2   -46.41656
    -66.545        2   -47.33334
    -66.395        2   -48.34391
    -66.245        2   -49.44053
    -66.095        2   -50.60564
    -65.945        2   -51.84263
    -65.795        2   -53.14281
    -65.645        2   -54.47923
    -65.495        2   -55.83970
    -65.345        2   -57.18578
    -65.195        2   -58.50606
    -65.045        2   -59.82313
    -64.895        2   -61.10185
    -64.745        2   -62.30446
    -64.595        2   -63.48026
    -64.445        2   -64.58554
    -64.295        2   -65.62844
    -64.145        2   -66.60523
    -63.995        2   -67.52796
    -63.845        2   -68.39427
    -63.695        2   -69.18479
    -63.545        2   -69.90884
    -63.395        2   -70.58092
    -63.245        2   -71.17904
    -63.095        2   -71.72814
    -62.945        2   -72.23331
    -62.795        2   -72.69779
    -62.645        2   -73.10818
    -62.495        2   -73.48524
    -62.345        2   -73.83558
    -62.195        2   -74.14405
    -62.045        2   -74.42534
    -61.895        2   -74.67895
    -61.745        2   -74.91179
    -61.595        2   -75.12885
    -61.445        2   -75.31901
    -61.295        2   -75.49581
    -61.145        2   -75.64886
    -60.995        2   -75.80197
    -60.845        2   -75.94097
    -60.695        2   -76.06963
    -60.545        2   -76.18339
    -60.395        2   -76.29360
    -60.245        2   -76.39533
    -60.095        2   -76.49042
    -59.945        2   -76.58285
    -59.795        2   -76.66372
    -59.645        2   -76.74638
    -59.495        2   -76.81930
    -59.345        2   -76.89621
    -59.195        2   -76.96724
    -59.045        2   -77.03775
    -58.895        2   -77.10473
    -58.745        2   -77.16920
    -58.595        2   -77.22793
    -58.445        2   -77.28901
    -58.295        2   -77.35180
    -58.145        2   -77.41568
    -57.995        2   -77.47936
    -57.845        2   -77.54926
    -57.695        2   -77.62341
    -57.545        2   -77.69985
    -57.395        2   -77.78425
    -57.245        2   -77.88681
    -57.095        2   -78.00521
    -56.945        2   -78.13924
    -56.795        2   -78.29886
    -56.645        2   -78.49276
    -56.495        2   -78.71951
    -56.345        2   -78.98693
    -56.195        2   -79.30466
    -56.045        2   -79.67358
    -55.895        2   -80.09289
    -55.745        2   -80.55833
    -55.595        2   -81.09458
    -55.445        2   -81.66456
    -55.295        2   -82.29857
    -55.145        2   -82.97477
    -54.995        2   -83.70148
    -54.845        2   -84.45554
    -54.695        2   -85.23751
    -54.545        2   -86.05171
    -54.395        2   -86.88589
    -54.245        2   -87.71644
    -54.095        2   -88.56010
    -53.945        2   -89.41518
    -53.795        2   -90.25074
    -53.645        2   -91.08706
    -53.495        2   -91.90474
    -53.345        2   -92.70784
    -53.195        2   -93.49600
    -53.045        2   -94.22855
    -52.895        2   -94.99500
    -52.745        2   -95.78767
    -52.595        2   -96.59230
    -52.445        2   -97.38748
    -52.295        2   -98.16418
    -52.145        2   -98.94162
    -51.995        2   -99.68217
    -51.845        2  -100.39395
    -51.695        2  -101.09400
    -51.545        2  -101.75851
    -51.395        2  -102.39694
    -51.245        2  -102.99747
    -51.095        2  -103.56491
    -50.945        2  -104.10338
    -50.795        2  -104.60225
    -50.645        2  -105.07612
    -50.495        2  -105.52308
    -50.345        2  -105.93238
    -50.195        2  -106.33042
    -50.045        2  -106.70467
    -49.895        2  -107.05101
    -49.745        2  -107.36947
    -49.595        2  -107.66532
    -49.445        2  -107.94980
    -49.295        2  -108.21528
    -49.145        2  -108.45801
    -48.995        2  -108.69624
    -48.845        2  -108.91364
    -48.695        2  -109.11872
    -48.545        2  -109.31855
    -48.395        2  -109.50587
    -48.245        2  -109.68199
    -48.095        2  -109.85198
    -47.945        2  -110.00686
    -47.795        2  -110.15295
    -47.645        2  -110.29748
    -47.495        2  -110.42869
    -47.345        2  -110.55322
    -47.195        2  -110.67613
    -47.045        2  -110.79225
    -46.895        2  -110.90256
    -46.745        2  -111.00557
    -46.595        2  -111.10655
    -46.445        2  -111.20046
    -46.295        2  -111.29279
    -46.145        2  -111.38440
    -45.995        2  -111.46896
    -45.845        2  -111.54994
    -45.695        2  -111.63212
    -45.545        2  -111.71185
    -45.395        2  -111.79010
    -45.245        2  -111.86501
    -45.095        2  -111.93800
    -44.945        2  -112.00796
    -44.795        2  -112.07323
    -44.645        2  -112.14146
    -44.495        2  -112.20813
    -44.345        2  -112.26875
    -44.195        2  -112.32988
    -44.045        2  -112.39263
    -43.895        2  -112.45435
    -43.745        2  -112.51211
    -43.595        2  -112.57725
    -43.445        2  -112.63865
    -43.295        2  -112.69601
    -43.145        2  -112.75418
    -42.995        2  -112.81759
    -42.845        2  -112.87307
    -42.695        2  -112.93389
    -42.545        2  -112.99043
    -42.395        2  -113.05234
    -42.245        2  -113.11152
    -42.095        2  -113.17048
    -41.945        2  -113.23087
    -41.795        2  -113.28587
    -41.645        2  -113.34107
    -41.495        2  -113.39396
    -41.345        2  -113.45117
    -41.195        2  -113.50587
    -41.045        2  -113.56406
    -40.895        2  -113.61955
    -40.745        2  -113.67406
    -40.595        2  -113.72979
    -40.445        2  -113.78094
    -40.295        2  -113.83557
    -40.145        2  -113.89218
    -39.995        2  -113.94839
    -39.845        2  -114.00447
    -39.695        2  -114.05975
    -39.545        2  -114.10940
    -39.395        2  -114.16229
    -39.245        2  -114.21755
    -39.095        2  -114.26785
    -38.945        2  -114.31908
    -38.795        2  -114.37039
    -38.645        2  -114.42006
    -38.495        2  -114.46794
    -38.345        2  -114.51476
    -38.195        2  -114.55976
    -38.045        2  -114.60333
    -37.895        2  -114.65148
    -37.745        2  -114.70011
    -37.595        2  -114.74169
    -37.445        2  -114.78658
    -37.295        2  -114.82833
    -37.145        2  -114.86976
    -36.995        2  -114.91220
    -36.845        2  -114.94998
    -36.695        2  -114.98943
    -36.545        2  -115.02552
    -36.395        2  -115.06421
    -36.245        2  -115.10134
    -36.095        2  -115.13871
    -35.945        2  -115.17467
    -35.795        2  -115.20990
    -35.645        2  -115.24907
    -35.495        2  -115.28424
    -35.345        2  -115.32171
    -35.195        2  -115.36058
    -35.045        2  -115.39434
    -34.895        2  -115.42820
    -34.745        2  -115.45920
    -34.595        2  -115.49455
    -34.445        2  -115.52621
    -34.295        2  -115.55836
    -34.145        2  -115.59011
    -33.995        2  -115.61835
    -33.845        2  -115.65409
    -33.695        2  -115.68745
    -33.545        2  -115.71824
    -33.395        2  -115.75225
    -33.245        2  -115.78527
    -33.095        2  -115.81271
    -32.945        2  -115.84225
    -32.795        2  -115.87254
    -32.645        2  -115.90368
    -32.495        2  -115.93502
    -32.345        2  -115.96172
    -32.195        2  -115.99177
    -32.045        2  -116.02334
    -31.895        2  -116.05413
    -31.745        2  -116.08828
    -31.595        2  -116.11808
    -31.445        2  -116.15152
    -31.295        2  -116.18337
    -31.145        2  -116.21842
    -30.995        2  -116.25521
    -30.845        2  -116.29069
    -30.695        2  -116.32357
    -30.545        2  -116.35979
    -30.395        2  -116.39354
    -30.245        2  -116.42747
    -30.095        2  -116.46250
    -29.945        2  -116.49812
    -29.795        2  -116.53328
    -29.645        2  -116.57100
    -29.495        2  -116.60726
    -29.345        2  -116.64242
    -29.195        2  -116.68136
    -29.045        2  -116.72045
    -28.895        2  -116.75592
    -28.745        2  -116.79217
    -28.595        2  -116.82982
    -28.445        2  -116.86962
    -28.295        2  -116.90869
    -28.145        2  -116.94759
    -27.995        2  -116.98684
    -27.845        2  -117.02456
    -27.695        2  -117.06620
    -27.545        2  -117.10606
    -27.395        2  -117.14444
    -27.245        2  -117.18584
    -27.095        2  -117.22469
    -26.945        2  -117.26652
    -26.795        2  -117.30573
    -26.645        2  -117.34972
    -26.495        2  -117.39200
    -26.345        2  -117.43449
    -26.195        2  -117.47538
    -26.045        2  -117.51674
    -25.895        2  -117.55612
    -25.745        2  -117.59652
    -25.595        2  -117.64143
    -25.445        2  -117.68094
    -25.295        2  -117.72344
    -25.145        2  -117.76865
    -24.995        2  -117.80612
    -24.845        2  -117.84866
    -24.695        2  -117.89138
    -24.545        2  -117.93344
    -24.395        2  -117.97509
    -24.245        2  -118.01791
    -24.095        2  -118.05894
    -23.945        2  -118.09928
    -23.795        2  -118.14365
    -23.645        2  -118.18840
    -23.495        2  -118.22989
    -23.345        2  -118.27336
    -23.195        2  -118.31468
    -23.045        2  -118.35731
    -22.895        2  -118.40291
    -22.745        2  -118.44723
    -22.595        2  -118.49535
    -22.445        2  -118.54155
    -22.295        2  -118.58971
    -22.145        2  -118.64036
    -21.995        2  -118.68964
    -21.845        2  -118.73862
    -21.695        2  -118.78494
    -21.545        2  -118.83182
    -21.395        2  -118.87928
    -21.245        2  -118.93042
    -21.095        2  -118.98264
    -20.945        2  -119.03197
    -20.795        2  -119.08459
    -20.645        2  -119.13842
    -20.495        2  -119.18901
    -20.345        2  -119.24088
    -20.195        2  -119.29613
    -20.045        2  -119.35147
    -19.895        2  -119.40633
    -19.745        2  -119.46175
    -19.595        2  -119.51501
    -19.445        2  -119.56906
    -19.295        2  -119.62487
    -19.145        2  -119.68167
    -18.995        2  -119.73711
    -18.845        2  -119.79352
    -18.695        2  -119.85015
    -18.545        2  -119.91047
    -18.395        2  -119.96806
    -18.245        2  -120.02732
    -18.095        2  -120.08669
    -17.945        2  -120.14635
    -17.795        2  -120.20881
    -17.645        2  -120.27208
    -17.495        2  -120.33766
    -17.345        2  -120.40150
    -17.195        2  -120.46648
    -17.045        2  -120.53124
    -16.895        2  -120.59826
    -16.745        2  -120.66568
    -16.595        2  -120.73266
    -16.445        2  -120.80081
    -16.295        2  -120.87231
    -16.145        2  -120.94273
    -15.995        2  -121.01351
    -15.845        2  -121.08726
    -15.695        2  -121.15764
    -15.545        2  -121.23384
    -15.395        2  -121.31043
    -15.245        2  -121.38697
    -15.095        2  -121.46430
    -14.945        2  -121.54238
    -14.795        2  -121.62172
    -14.645        2  -121.70459
    -14.495        2  -121.78768
    -14.345        2  -121.87307
    -14.195        2  -121.95662
    -14.045        2  -122.04329
    -13.895        2  -122.13340
    -13.745        2  -122.22701
    -13.595        2  -122.32131
    -13.445        2  -122.41620
    -13.295        2  -122.51264
    -13.145        2  -122.60943
    -12.995        2  -122.70817
    -12.845        2  -122.80918
    -12.695        2  -122.91409
    -12.545        2  -123.02073
    -12.395        2  -123.12965
    -12.245        2  -123.23716
    -12.095        2  -123.34844
    -11.945        2  -123.46298
    -11.795        2  -123.57935
    -11.645        2  -123.69688
    -11.495        2  -123.82059
    -11.345        2  -123.94402
    -11.195        2  -124.06948
    -11.045        2  -124.19837
    -10.895        2  -124.33179
    -10.745        2  -124.46519
    -10.595        2  -124.60295
    -10.445        2  -124.74500
    -10.295        2  -124.89248
    -10.145        2  -125.03726
    -9.9950        2  -125.18806
    -9.8450        2  -125.34182
    -9.6950        2  -125.49790
    -9.5450        2  -125.65732
    -9.3950        2  -125.81912
    -9.2450        2  -125.98255
    -9.0950        2  -126.15092
    -8.9450        2  -126.32284
    -8.7950        2  -126.49629
    -8.6450        2  -126.67284
    -8.4950        2  -126.85428
    -8.3450        2  -127.03434
    -8.1950        2  -127.21967
    -8.0450        2  -127.40980
    -7.8950        2  -127.60236
    -7.7450        2  -127.79639
    -7.5950        2  -127.99331
    -7.4450        2  -128.19298
    -7.2950        2  -128.39683
    -7.1450        2  -128.60473
    -6.9950        2  -128.81479
    -6.8450        2  -129.03134
    -6.6950        2  -129.25225
    -6.5450        2  -129.47927
    -6.3950        2  -129.71056
    -6.2450        2  -129.94852
    -6.0950        2  -130.19367
    -5.9450        2  -130.44806
    -5.7950        2  -130.71067
    -5.6450        2  -130.97755
    -5.4950        2  -131.25234
    -5.3450        2  -131.53912
    -5.1950        2  -131.83443
    -5.0450        2  -132.13795
    -4.8950        2  -132.45364
    -4.7450        2  -132.77722
    -4.5950        2  -133.11055
    -4.4450        2  -133.45414
    -4.2950        2  -133.81080
    -4.1450        2  -134.17856
    -3.9950        2  -134.56212
    -3.8450        2  -134.95927
    -3.6950        2  -135.37274
    -3.5450        2  -135.80236
    -3.3950        2  -136.25018
    -3.2450        2  -136.71628
    -3.0950        2  -137.20539
    -2.9450        2  -137.71249
    -2.7950        2  -138.24388
    -2.6450        2  -138.80314
    -2.4950        2  -139.39375
    -2.3450        2  -140.01812
    -2.1950        2  -140.68325
    -2.0450        2  -141.39097
    -1.8950        2  -142.14769
    -1.7450        2  -142.96247
    -1.5950        2  -143.84660
    -1.4450        2  -144.81220
    -1.2950        2  -145.87447
    -1.1450        2  -147.05361
   -0.99500        2  -148.37906
   -0.84500        2  -149.90491
   -0.69500        2  -151.70098
   -0.54500        2  -153.86729
   -0.39500        2  -156.29545
   -0.25300        2  -157.79143
   -0.21500        2  -157.88101
   -0.20900        2  -157.96966
   -0.20300        2  -158.05792
   -0.19700        2  -158.14548
   -0.19100        2  -158.23210
   -0.18500        2  -158.31803
   -0.17900        2  -158.40309
   -0.17300        2  -158.48737
   -0.16700        2  -158.57047
   -0.16100        2  -158.65271
   -0.15500        2  -158.73375
   -0.14900        2  -158.81354
   -0.14300        2  -158.89190
   -0.13700        2  -158.96928
   -0.13100        2  -159.04518
   -0.12500        2  -159.11970
   -0.11900        2  -159.19277
   -0.11300        2  -159.26396
   -0.10700        2  -159.33367
   -0.10100        2  -159.40114
   -0.95000E-01    2  -159.46660
   -0.89000E-01    2  -159.52979
   -0.83000E-01    2  -159.59047
   -0.77000E-01    2  -159.64837
   -0.71000E-01    2  -159.70321
   -0.65000E-01    2  -159.75508
   -0.59000E-01    2  -159.80371
   -0.53000E-01    2  -159.84876
   -0.47000E-01    2  -159.88997
   -0.41000E-01    2  -159.92706
   -0.35000E-01    2  -159.95976
   -0.29000E-01    2  -159.98772
   -0.23000E-01    2  -160.01066
   -0.19700E-01    2  -160.01265
   -0.19100E-01    2  -160.01460
   -0.18500E-01    2  -160.01650
   -0.17900E-01    2  -160.01834
   -0.17300E-01    2  -160.02012
   -0.16700E-01    2  -160.02183
   -0.16100E-01    2  -160.02350
   -0.15500E-01    2  -160.02512
   -0.14900E-01    2  -160.02668
   -0.14300E-01    2  -160.02817
   -0.13700E-01    2  -160.02961
   -0.13100E-01    2  -160.03099
   -0.12500E-01    2  -160.03231
   -0.11900E-01    2  -160.03357
   -0.11300E-01    2  -160.03478
   -0.10700E-01    2  -160.03593
   -0.10100E-01    2  -160.03701
   -0.95000E-02    2  -160.03803
   -0.89000E-02    2  -160.03898
   -0.83000E-02    2  -160.03989
   -0.77000E-02    2  -160.04072
   -0.71000E-02    2  -160.04149
   -0.65000E-02    2  -160.04220
   -0.59000E-02    2  -160.04285
   -0.53000E-02    2  -160.04344
   -0.47000E-02    2  -160.04396
   -0.41000E-02    2  -160.04441
   -0.35000E-02    2  -160.04480
   -0.29000E-02    2  -160.04513
   -0.23000E-02    2  -160.04539
   -0.17000E-02    2  -160.04558
   -0.11000E-02    2  -160.04570
   -0.50000E-03    2  -160.04576
    0.10000E-03    2  -160.04575
    0.70000E-03    2  -160.04567
    0.13000E-02    2  -160.04552
    0.19000E-02    2  -160.04530
    0.25000E-02    2  -160.04501
    0.31000E-02    2  -160.04465
    0.37000E-02    2  -160.04422
    0.43000E-02    2  -160.04372
    0.49000E-02    2  -160.04315
    0.55000E-02    2  -160.04250
    0.61000E-02    2  -160.04178
    0.67000E-02    2  -160.04100
    0.73000E-02    2  -160.04013
    0.79000E-02    2  -160.03918
    0.85000E-02    2  -160.03816
    0.91000E-02    2  -160.03707
    0.97000E-02    2  -160.03589
    0.10300E-01    2  -160.03464
    0.10900E-01    2  -160.03332
    0.11500E-01    2  -160.03192
    0.12100E-01    2  -160.03043
    0.12700E-01    2  -160.02886
    0.13300E-01    2  -160.02723
    0.13900E-01    2  -160.02550
    0.14500E-01    2  -160.02370
    0.15100E-01    2  -160.02182
    0.15700E-01    2  -160.01984
    0.16300E-01    2  -160.01778
    0.16900E-01    2  -160.01564
    0.17500E-01    2  -160.01341
    0.18100E-01    2  -160.01111
    0.18700E-01    2  -160.00871
    0.19300E-01    2  -160.00622
    0.20200E-01    2  -159.99571
    0.25000E-01    2  -159.96205
    0.31000E-01    2  -159.91804
    0.37000E-01    2  -159.86379
    0.43000E-01    2  -159.79855
    0.49000E-01    2  -159.72173
    0.55000E-01    2  -159.63150
    0.61000E-01    2  -159.52790
    0.67000E-01    2  -159.41120
    0.73000E-01    2  -159.28098
    0.79000E-01    2  -159.13636
    0.85000E-01    2  -158.97673
    0.91000E-01    2  -158.80161
    0.97000E-01    2  -158.61071
    0.10300        2  -158.40248
    0.10900        2  -158.17661
    0.11500        2  -157.93204
    0.12100        2  -157.66775
    0.12700        2  -157.38302
    0.13300        2  -157.07728
    0.13900        2  -156.74946
    0.14500        2  -156.39785
    0.15100        2  -156.02136
    0.15700        2  -155.61897
    0.16300        2  -155.18949
    0.16900        2  -154.73161
    0.17500        2  -154.24463
    0.18100        2  -153.72595
    0.18700        2  -153.17541
    0.19300        2  -152.58958
    0.19900        2  -151.96643
    0.20500        2  -151.30514
    0.21100        2  -150.60759
    0.21700        2  -149.87502
    0.29500        2  -120.49104
    0.44500        2   -93.23247
    0.59500        2   -76.64048
    0.74500        2   -67.09562
    0.89500        2   -60.55452
     1.0450        2   -55.71202
     1.1950        2   -51.93604
     1.3450        2   -48.87274
     1.4950        2   -46.32512
     1.6450        2   -44.16142
     1.7950        2   -42.29183
     1.9450        2   -40.64755
     2.0950        2   -39.18462
     2.2450        2   -37.87140
     2.3950        2   -36.68638
     2.5450        2   -35.61210
     2.6950        2   -34.63006
     2.8450        2   -33.72769
     2.9950        2   -32.89328
     3.1450        2   -32.11545
     3.2950        2   -31.39181
     3.4450        2   -30.71332
     3.5950        2   -30.07909
     3.7450        2   -29.48436
     3.8950        2   -28.92480
     4.0450        2   -28.39562
     4.1950        2   -27.89427
     4.3450        2   -27.42243
     4.4950        2   -26.97230
     4.6450        2   -26.54788
     4.7950        2   -26.14226
     4.9450        2   -25.75921
     5.0950        2   -25.39799
     5.2450        2   -25.05750
     5.3950        2   -24.73550
     5.5450        2   -24.43115
     5.6950        2   -24.14875
     5.8450        2   -23.88463
     5.9950        2   -23.63719
     6.1450        2   -23.40679
     6.2950        2   -23.19052
     6.4450        2   -22.99150
     6.5950        2   -22.80605
     6.7450        2   -22.63508
     6.8950        2   -22.47675
     7.0450        2   -22.32839
     7.1950        2   -22.18931
     7.3450        2   -22.06256
     7.4950        2   -21.94948
     7.6450        2   -21.84777
     7.7950        2   -21.75476
     7.9450        2   -21.66798
     8.0950        2   -21.58500
     8.2450        2   -21.50744
     8.3950        2   -21.44555
     8.5450        2   -21.38207
     8.6950        2   -21.32303
     8.8450        2   -21.26913
     8.9950        2   -21.21669
     9.1450        2   -21.17125
     9.2950        2   -21.12604
     9.4450        2   -21.08194
     9.5950        2   -21.04665
     9.7450        2   -21.01386
     9.8950        2   -20.97965
     10.045        2   -20.95053
     10.195        2   -20.92305
     10.345        2   -20.89755
     10.495        2   -20.87349
     10.645        2   -20.85421
     10.795        2   -20.83796
     10.945        2   -20.82168
     11.095        2   -20.80858
     11.245        2   -20.79985
     11.395        2   -20.78848
     11.545        2   -20.77940
     11.695        2   -20.77264
     11.845        2   -20.76559
     11.995        2   -20.75995
     12.145        2   -20.75635
     12.295        2   -20.75253
     12.445        2   -20.74957
     12.595        2   -20.74603
     12.745        2   -20.74403
     12.895        2   -20.74214
     13.045        2   -20.74019
     13.195        2   -20.73891
     13.345        2   -20.73708
     13.495        2   -20.73567
     13.645        2   -20.73440
     13.795        2   -20.73261
     13.945        2   -20.73168
     14.095        2   -20.73066
     14.245        2   -20.72937
     14.395        2   -20.72813
     14.545        2   -20.72686
     14.695        2   -20.72587
     14.845        2   -20.72476
     14.995        2   -20.72390
     15.145        2   -20.72260
     15.295        2   -20.72157
     15.445        2   -20.72069
     15.595        2   -20.72035
     15.745        2   -20.71940
     15.895        2   -20.71859
     16.045        2   -20.71791
     16.195        2   -20.71694
     16.345        2   -20.71600
     16.495        2   -20.71536
     16.645        2   -20.71445
     16.795        2   -20.71394
     16.945        2   -20.71304
     17.095        2   -20.71217
     17.245        2   -20.71165
     17.395        2   -20.71068
     17.545        2   -20.70969
     17.695        2   -20.70915
     17.845        2   -20.70850
     17.995        2   -20.70778
     18.145        2   -20.70716
     18.295        2   -20.70649
     18.445        2   -20.70593
     18.595        2   -20.70530
     18.745        2   -20.70451
     18.895        2   -20.70416
     19.045        2   -20.70367
     19.195        2   -20.70312
     19.345        2   -20.70242
     19.495        2   -20.70180
     19.645        2   -20.70147
     19.795        2   -20.70093
     19.945        2   -20.70040
     20.095        2   -20.69990
     21.836        2   -20.68689
     30.068        2   -20.67243
     42.097        2   -20.66267
     58.937        2   -20.65869
     82.515        2   -20.65790
     115.53        2   -20.66171
     161.74        2   -20.66924
     226.45        2   -20.67943
     317.04        2   -20.69046
     443.87        2   -20.70323
     621.44        2   -20.71706
     870.05        2   -20.73195
     1218.1        2   -20.74720
     1705.4        2   -20.76185
     2387.7        2   -20.77659
     3342.9        2   -20.79003
     4680.2        2   -20.80351
     6552.5        2   -20.81688
     9173.8        2   -20.82959
     12844.        2   -20.84316
     17982.        2   -20.85620
     25176.        2   -20.86950
     35247.        2   -20.88289
     49348.        2   -20.89532
     69090.        2   -20.90680
     96729.        2   -20.91882
    0.13543E+06    2   -20.93154
    0.18960E+06    2   -20.94262
    0.26545E+06    2   -20.95444
    0.37165E+06    2   -20.96700
    0.52033E+06    2   -20.97934
    0.72849E+06    2   -20.99118
    0.10199E+07    2   -21.00226
    0.14279E+07    2   -21.01350
    0.19992E+07    2   -21.02422
    0.27990E+07    2   -21.03481
    0.39187E+07    2   -21.04483
    0.54864E+07    2   -21.05422
    0.76812E+07    2   -21.06385
    0.10754E+08    2   -21.07341
    0.15056E+08    2   -21.08235
    0.21080E+08    2   -21.09037
    0.29513E+08    2   -21.09829
    0.41319E+08    2   -21.10610
    0.57849E+08    2   -21.11272
    0.80991E+08    2   -21.11869
    0.11339E+09    2   -21.12460
    0.15875E+09    2   -21.13102
    0.22226E+09    2   -21.13591
    0.31118E+09    2   -21.14049
    0.43567E+09    2   -21.14452
    0.60996E+09    2   -21.14880
    0.85398E+09    2   -21.15261
    0.11956E+10    2   -21.15602
    0.16739E+10    2   -21.15890
    0.23436E+10    2   -21.16188
    0.32811E+10    2   -21.16445
    0.45937E+10    2   -21.16680
    0.64315E+10    2   -21.16863
    0.90044E+10    2   -21.17078
    0.12607E+11    2   -21.17241
    0.17650E+11    2   -21.17401
    0.24711E+11    2   -21.17574
    0.34596E+11    2   -21.17741
    0.48437E+11    2   -21.17883
    0.67814E+11    2   -21.17982
    0.10000E+12    2   -21.19476
    -29.945        3     0.00000
    -29.795        3     0.00000
    -29.645        3     0.00000
    -29.495        3     0.00000
    -29.345        3     0.00000
    -29.195        3     0.00000
    -29.045        3     0.00000
    -28.895        3     0.00000
    -28.745        3     0.00000
    -28.595        3     0.00000
    -28.445        3     0.00000
    -28.295        3     0.00000
    -28.145        3     0.00000
    -27.995        3     0.00000
    -27.845        3     0.00000
    -27.695        3     0.00000
    -27.545        3     0.00000
    -27.395        3     0.00000
    -27.245        3     0.00000
    -27.095        3     0.00000
    -26.945        3     0.00000
    -26.795        3     0.00000
    -26.645        3     0.00000
    -26.495        3     0.00000
    -26.345        3     0.00000
    -26.195        3     0.00000
    -26.045        3     0.00000
    -25.895        3     0.00000
    -25.745        3     0.00000
    -25.595        3     0.00000
    -25.445        3     0.00000
    -25.295        3     0.00000
    -25.145        3     0.00000
    -24.995        3     0.00000
    -24.845        3     0.00000
    -24.695        3     0.00000
    -24.545        3     0.00000
    -24.395        3     0.00000
    -24.245        3     0.00000
    -24.095        3     0.00000
    -23.945        3     0.00000
    -23.795        3     0.00000
    -23.645        3     0.00000
    -23.495        3     0.00000
    -23.345        3     0.00000
    -23.195        3     0.00000
    -23.045        3     0.00000
    -22.895        3     0.00000
    -22.745        3     0.00000
    -22.595        3     0.00000
    -22.445        3     0.00000
    -22.295        3     0.00000
    -22.145        3     0.00000
    -21.995        3     0.00000
    -21.845        3     0.00000
    -21.695        3     0.00000
    -21.545        3     0.00000
    -21.395        3     0.00000
    -21.245        3     0.00000
    -21.095        3     0.00000
    -20.945        3     0.00000
    -20.795        3     0.00000
    -20.645        3     0.00000
    -20.495        3     0.00000
    -20.345        3     0.00000
    -20.195        3     0.00000
    -20.045        3     0.00000
    -19.895        3     0.00000
    -19.745        3     0.00000
    -19.595        3     0.00000
    -19.445        3     0.00000
    -19.295        3     0.00000
    -19.145        3     0.00000
    -18.995        3     0.00000
    -18.845        3     0.00000
    -18.695        3     0.00000
    -18.545        3    -0.00006
    -18.395        3    -0.00030
    -18.245        3    -0.00086
    -18.095        3    -0.00222
    -17.945        3    -0.00535
    -17.795        3    -0.00979
    -17.645        3    -0.01425
    -17.495        3    -0.02041
    -17.345        3    -0.02684
    -17.195        3    -0.03389
    -17.045        3    -0.04137
    -16.895        3    -0.04975
    -16.745        3    -0.05773
    -16.595        3    -0.06641
    -16.445        3    -0.07469
    -16.295        3    -0.08278
    -16.145        3    -0.09075
    -15.995        3    -0.09929
    -15.845        3    -0.10933
    -15.695        3    -0.12057
    -15.545        3    -0.13630
    -15.395        3    -0.15696
    -15.245        3    -0.18620
    -15.095        3    -0.22563
    -14.945        3    -0.28976
    -14.795        3    -0.39430
    -14.645        3    -0.55203
    -14.495        3    -0.76693
    -14.345        3    -1.02654
    -14.195        3    -1.33160
    -14.045        3    -1.67976
    -13.895        3    -2.05716
    -13.745        3    -2.47150
    -13.595        3    -2.91805
    -13.445        3    -3.38360
    -13.295        3    -3.88197
    -13.145        3    -4.41333
    -12.995        3    -4.96379
    -12.845        3    -5.53850
    -12.695        3    -6.12986
    -12.545        3    -6.75223
    -12.395        3    -7.39427
    -12.245        3    -8.04917
    -12.095        3    -8.73478
    -11.945        3    -9.44600
    -11.795        3   -10.17053
    -11.645        3   -10.92493
    -11.495        3   -11.70869
    -11.345        3   -12.51950
    -11.195        3   -13.36302
    -11.045        3   -14.25640
    -10.895        3   -15.19667
    -10.745        3   -16.19260
    -10.595        3   -17.22918
    -10.445        3   -18.31071
    -10.295        3   -19.41810
    -10.145        3   -20.55289
    -9.9950        3   -21.69804
    -9.8450        3   -22.85919
    -9.6950        3   -24.02442
    -9.5450        3   -25.18189
    -9.3950        3   -26.35222
    -9.2450        3   -27.52389
    -9.0950        3   -28.70877
    -8.9450        3   -29.93902
    -8.7950        3   -31.21956
    -8.6450        3   -32.56286
    -8.4950        3   -33.95715
    -8.3450        3   -35.40717
    -8.1950        3   -36.88477
    -8.0450        3   -38.38770
    -7.8950        3   -39.90073
    -7.7450        3   -41.43048
    -7.5950        3   -42.94829
    -7.4450        3   -44.45824
    -7.2950        3   -45.94692
    -7.1450        3   -47.42159
    -6.9950        3   -48.88248
    -6.8450        3   -50.33218
    -6.6950        3   -51.77494
    -6.5450        3   -53.20700
    -6.3950        3   -54.63232
    -6.2450        3   -56.06540
    -6.0950        3   -57.51247
    -5.9450        3   -58.96337
    -5.7950        3   -60.43321
    -5.6450        3   -61.93104
    -5.4950        3   -63.44630
    -5.3450        3   -64.99026
    -5.1950        3   -66.56566
    -5.0450        3   -68.17479
    -4.8950        3   -69.82351
    -4.7450        3   -71.52064
    -4.5950        3   -73.25947
    -4.4450        3   -75.03844
    -4.2950        3   -76.84665
    -4.1450        3   -78.69443
    -3.9950        3   -80.57259
    -3.8450        3   -82.48916
    -3.6950        3   -84.44161
    -3.5450        3   -86.44606
    -3.3950        3   -88.51092
    -3.2450        3   -90.64472
    -3.0950        3   -92.87082
    -2.9450        3   -95.21995
    -2.7950        3   -97.73873
    -2.6450        3  -100.48278
    -2.4950        3  -103.51832
    -2.3450        3  -106.90941
    -2.1950        3  -110.73257
    -2.0450        3  -115.08844
    -1.8950        3  -120.10974
    -1.7450        3  -125.85696
    -1.5950        3  -132.30478
    -1.4450        3  -139.41365
    -1.2950        3  -147.11876
    -1.1450        3  -155.33695
   -0.99500        3  -163.99978
   -0.84500        3  -173.09158
   -0.69500        3  -182.70025
   -0.54500        3  -193.16994
   -0.39500        3  -205.28619
   -0.25300        3  -214.61694
   -0.21500        3  -215.25941
   -0.20900        3  -215.91279
   -0.20300        3  -216.57660
   -0.19700        3  -217.25178
   -0.19100        3  -217.93853
   -0.18500        3  -218.63836
   -0.17900        3  -219.35202
   -0.17300        3  -220.08058
   -0.16700        3  -220.82487
   -0.16100        3  -221.58638
   -0.15500        3  -222.36539
   -0.14900        3  -223.16381
   -0.14300        3  -223.98264
   -0.13700        3  -224.82484
   -0.13100        3  -225.69193
   -0.12500        3  -226.58626
   -0.11900        3  -227.51073
   -0.11300        3  -228.46787
   -0.10700        3  -229.46182
   -0.10100        3  -230.49745
   -0.95000E-01    3  -231.57960
   -0.89000E-01    3  -232.71434
   -0.83000E-01    3  -233.90974
   -0.77000E-01    3  -235.17480
   -0.71000E-01    3  -236.52182
   -0.65000E-01    3  -237.96630
   -0.59000E-01    3  -239.53127
   -0.53000E-01    3  -241.24736
   -0.47000E-01    3  -243.15645
   -0.41000E-01    3  -245.32571
   -0.35000E-01    3  -247.86459
   -0.29000E-01    3  -250.96998
   -0.23000E-01    3  -255.02425
   -0.19700E-01    3  -255.50004
   -0.19100E-01    3  -255.99332
   -0.18500E-01    3  -256.50513
   -0.17900E-01    3  -257.03599
   -0.17300E-01    3  -257.58639
   -0.16700E-01    3  -258.15672
   -0.16100E-01    3  -258.74718
   -0.15500E-01    3  -259.35872
   -0.14900E-01    3  -259.99165
   -0.14300E-01    3  -260.64645
   -0.13700E-01    3  -261.32390
   -0.13100E-01    3  -262.02458
   -0.12500E-01    3  -262.74925
   -0.11900E-01    3  -263.49886
   -0.11300E-01    3  -264.27450
   -0.10700E-01    3  -265.07767
   -0.10100E-01    3  -265.91020
   -0.95000E-02    3  -266.77579
   -0.89000E-02    3  -267.67875
   -0.83000E-02    3  -268.62036
   -0.77000E-02    3  -269.59794
   -0.71000E-02    3  -270.60688
   -0.65000E-02    3  -271.64125
   -0.59000E-02    3  -272.69172
   -0.53000E-02    3  -273.74789
   -0.47000E-02    3  -274.78560
   -0.41000E-02    3  -275.76318
   -0.35000E-02    3  -276.65237
   -0.29000E-02    3  -277.43200
   -0.23000E-02    3  -278.08357
   -0.17000E-02    3  -278.58927
   -0.11000E-02    3  -278.93233
   -0.50000E-03    3  -279.09963
    0.10000E-03    3  -279.08698
    0.70000E-03    3  -278.89687
    0.13000E-02    3  -278.53634
    0.19000E-02    3  -278.01172
    0.25000E-02    3  -277.33399
    0.31000E-02    3  -276.52157
    0.37000E-02    3  -275.60088
    0.43000E-02    3  -274.60052
    0.49000E-02    3  -273.55258
    0.55000E-02    3  -272.49780
    0.61000E-02    3  -271.45248
    0.67000E-02    3  -270.42683
    0.73000E-02    3  -269.42926
    0.79000E-02    3  -268.46439
    0.85000E-02    3  -267.53673
    0.91000E-02    3  -266.64743
    0.97000E-02    3  -265.79451
    0.10300E-01    3  -264.97323
    0.10900E-01    3  -264.18050
    0.11500E-01    3  -263.41472
    0.12100E-01    3  -262.67457
    0.12700E-01    3  -261.95904
    0.13300E-01    3  -261.26718
    0.13900E-01    3  -260.59835
    0.14500E-01    3  -259.95202
    0.15100E-01    3  -259.32748
    0.15700E-01    3  -258.72420
    0.16300E-01    3  -258.14172
    0.16900E-01    3  -257.57940
    0.17500E-01    3  -257.03679
    0.18100E-01    3  -256.51378
    0.18700E-01    3  -256.00974
    0.19300E-01    3  -255.52376
    0.20200E-01    3  -253.78868
    0.25000E-01    3  -250.13465
    0.31000E-01    3  -247.27539
    0.37000E-01    3  -244.90713
    0.43000E-01    3  -242.86842
    0.49000E-01    3  -241.06897
    0.55000E-01    3  -239.45049
    0.61000E-01    3  -237.97433
    0.67000E-01    3  -236.61307
    0.73000E-01    3  -235.34825
    0.79000E-01    3  -234.16640
    0.85000E-01    3  -233.05521
    0.91000E-01    3  -232.00671
    0.97000E-01    3  -231.01399
    0.10300        3  -230.06976
    0.10900        3  -229.16985
    0.11500        3  -228.30922
    0.12100        3  -227.48383
    0.12700        3  -226.69172
    0.13300        3  -225.92868
    0.13900        3  -225.19332
    0.14500        3  -224.48390
    0.15100        3  -223.79763
    0.15700        3  -223.13283
    0.16300        3  -222.48871
    0.16900        3  -221.86387
    0.17500        3  -221.25627
    0.18100        3  -220.66649
    0.18700        3  -220.09261
    0.19300        3  -219.53302
    0.19900        3  -218.98742
    0.20500        3  -218.45629
    0.21100        3  -217.93744
    0.21700        3  -217.43124
    0.29500        3  -207.23089
    0.44500        3  -200.81903
    0.59500        3  -196.36600
    0.74500        3  -192.89947
    0.89500        3  -189.98605
     1.0450        3  -187.41572
     1.1950        3  -185.08760
     1.3450        3  -182.94295
     1.4950        3  -180.94188
     1.6450        3  -179.06083
     1.7950        3  -177.27876
     1.9450        3  -175.58710
     2.0950        3  -173.97210
     2.2450        3  -172.41915
     2.3950        3  -170.92054
     2.5450        3  -169.45921
     2.6950        3  -168.02509
     2.8450        3  -166.60767
     2.9950        3  -165.19792
     3.1450        3  -163.79082
     3.2950        3  -162.37958
     3.4450        3  -160.95863
     3.5950        3  -159.52455
     3.7450        3  -158.07949
     3.8950        3  -156.62552
     4.0450        3  -155.16535
     4.1950        3  -153.70420
     4.3450        3  -152.24478
     4.4950        3  -150.79216
     4.6450        3  -149.34349
     4.7950        3  -147.90650
     4.9450        3  -146.47897
     5.0950        3  -145.06489
     5.2450        3  -143.66765
     5.3950        3  -142.29411
     5.5450        3  -140.94319
     5.6950        3  -139.62116
     5.8450        3  -138.33276
     5.9950        3  -137.09223
     6.1450        3  -135.88499
     6.2950        3  -134.72226
     6.4450        3  -133.59878
     6.5950        3  -132.52159
     6.7450        3  -131.48594
     6.8950        3  -130.49403
     7.0450        3  -129.53492
     7.1950        3  -128.61843
     7.3450        3  -127.73833
     7.4950        3  -126.89936
     7.6450        3  -126.10441
     7.7950        3  -125.34025
     7.9450        3  -124.62233
     8.0950        3  -123.95713
     8.2450        3  -123.32029
     8.3950        3  -122.72096
     8.5450        3  -122.17438
     8.6950        3  -121.67188
     8.8450        3  -121.20384
     8.9950        3  -120.78187
     9.1450        3  -120.38190
     9.2950        3  -120.02173
     9.4450        3  -119.68659
     9.5950        3  -119.37128
     9.7450        3  -119.08346
     9.8950        3  -118.81827
     10.045        3  -118.56693
     10.195        3  -118.33256
     10.345        3  -118.11225
     10.495        3  -117.89451
     10.645        3  -117.68963
     10.795        3  -117.49769
     10.945        3  -117.31272
     11.095        3  -117.13331
     11.245        3  -116.95952
     11.395        3  -116.78943
     11.545        3  -116.62152
     11.695        3  -116.45912
     11.845        3  -116.29906
     11.995        3  -116.14297
     12.145        3  -115.98902
     12.295        3  -115.83612
     12.445        3  -115.68698
     12.595        3  -115.53995
     12.745        3  -115.39511
     12.895        3  -115.25161
     13.045        3  -115.10944
     13.195        3  -114.96929
     13.345        3  -114.83105
     13.495        3  -114.69456
     13.645        3  -114.55981
     13.795        3  -114.42664
     13.945        3  -114.29415
     14.095        3  -114.16290
     14.245        3  -114.03327
     14.395        3  -113.90539
     14.545        3  -113.77832
     14.695        3  -113.65252
     14.845        3  -113.52815
     14.995        3  -113.40532
     15.145        3  -113.28330
     15.295        3  -113.16237
     15.445        3  -113.04262
     15.595        3  -112.92406
     15.745        3  -112.80651
     15.895        3  -112.69039
     16.045        3  -112.57521
     16.195        3  -112.46063
     16.345        3  -112.34724
     16.495        3  -112.23471
     16.645        3  -112.12304
     16.795        3  -112.01254
     16.945        3  -111.90304
     17.095        3  -111.79449
     17.245        3  -111.68616
     17.395        3  -111.57927
     17.545        3  -111.47286
     17.695        3  -111.36733
     17.845        3  -111.26285
     17.995        3  -111.15945
     18.145        3  -111.05672
     18.295        3  -110.95518
     18.445        3  -110.85418
     18.595        3  -110.75346
     18.745        3  -110.65359
     18.895        3  -110.55449
     19.045        3  -110.45666
     19.195        3  -110.35951
     19.345        3  -110.26280
     19.495        3  -110.16684
     19.645        3  -110.07144
     19.795        3  -109.97693
     19.945        3  -109.88298
     20.095        3  -109.79003
     21.836        3  -106.93987
     30.068        3  -102.66703
     42.097        3   -98.35677
     58.937        3   -94.02098
     82.515        3   -89.67055
     115.53        3   -85.31372
     161.74        3   -80.94968
     226.45        3   -76.59281
     317.04        3   -72.25318
     443.87        3   -67.92955
     621.44        3   -63.63718
     870.05        3   -59.38551
     1218.1        3   -55.16980
     1705.4        3   -51.00342
     2387.7        3   -46.90775
     3342.9        3   -42.89339
     4680.2        3   -38.96571
     6552.5        3   -35.13984
     9173.8        3   -31.42250
     12844.        3   -27.81753
     17982.        3   -24.33141
     25176.        3   -20.96508
     35247.        3   -17.72172
     49348.        3   -14.60342
     69090.        3   -11.62237
     96729.        3    -8.77599
    0.13543E+06    3    -6.06186
    0.18960E+06    3    -3.47585
    0.26545E+06    3    -1.01462
    0.37165E+06    3     1.32827
    0.52033E+06    3     3.55687
    0.72849E+06    3     5.67684
    0.10199E+07    3     7.69199
    0.14279E+07    3     9.60937
    0.19992E+07    3    11.43192
    0.27990E+07    3    13.16425
    0.39187E+07    3    14.80975
    0.54864E+07    3    16.37382
    0.76812E+07    3    17.86163
    0.10754E+08    3    19.27429
    0.15056E+08    3    20.61637
    0.21080E+08    3    21.89164
    0.29513E+08    3    23.10162
    0.41319E+08    3    24.24088
    0.57849E+08    3    25.30388
    0.80991E+08    3    26.28830
    0.11339E+09    3    27.20175
    0.15875E+09    3    28.05348
    0.22226E+09    3    28.84733
    0.31118E+09    3    29.58910
    0.43567E+09    3    30.28285
    0.60996E+09    3    30.91809
    0.85398E+09    3    31.49324
    0.11956E+10    3    32.01873
    0.16739E+10    3    32.50092
    0.23436E+10    3    32.94358
    0.32811E+10    3    33.35014
    0.45937E+10    3    33.72403
    0.64315E+10    3    34.06705
    0.90044E+10    3    34.38300
    0.12607E+11    3    34.67317
    0.17650E+11    3    34.94030
    0.24711E+11    3    35.18596
    0.34596E+11    3    35.41173
    0.48437E+11    3    35.61905
    0.67814E+11    3    35.80967
    0.10000E+12    3    37.98370
