30.690	38.310	60.250
30.930	39.000	61.490
29.880	39.720	61.970
30.240	38.990	59.500
30.030	37.410	60.280
31.650	37.980	59.790
29.830	40.750	61.560
28.900	39.240	61.790
30.060	39.880	63.490
30.160	38.590	64.170
30.150	38.780	65.580
30.950	40.530	63.640
29.220	40.500	63.850
30.290	37.770	66.020
30.990	39.410	65.940
28.890	39.240	66.100
27.720	38.440	65.840
26.580	39.040	66.290
28.960	39.280	67.200
28.790	40.320	65.890
26.650	40.150	66.280
25.780	38.760	65.570
26.210	38.540	67.700
25.740	37.170	67.760
25.460	36.750	69.100
26.950	38.770	68.490
25.270	39.080	67.950
26.350	36.790	69.760
24.600	37.330	69.490
25.090	35.260	69.030
24.010	35.020	68.180
22.710	35.310	68.650
25.900	34.590	68.660
24.810	34.810	70.010
22.510	34.790	69.610
22.580	36.410	68.780
21.680	34.750	67.710
21.570	35.460	66.480
21.540	34.630	65.340
21.880	33.650	67.640
20.690	34.780	68.210
22.500	34.780	64.800
21.460	33.540	65.510
20.380	35.010	64.490
19.160	34.620	65.140
18.100	34.810	64.260
20.300	36.060	64.120
20.410	34.490	63.510
18.270	35.800	63.780
18.190	34.070	63.430
16.820	34.700	65.010
16.500	33.320	65.230
15.950	32.630	64.090
16.870	35.290	65.950
16.150	35.230	64.300
15.250	33.220	63.460
16.730	32.330	63.370
15.300	31.380	64.640
16.240	30.260	64.810
15.700	29.200	65.590
14.810	31.590	65.610
14.490	30.990	63.980
15.840	29.460	66.660
14.600	29.190	65.420
16.340	27.810	65.220
15.420	26.980	64.550
15.970	25.680	64.290
17.230	28.000	64.580
16.790	27.400	66.150
16.870	25.740	63.650
16.290	25.140	65.210
15.030	24.700	63.570
14.850	25.200	62.220
14.070	24.350	61.390
15.540	23.720	63.660
14.030	24.700	64.070
13.830	23.420	61.950
13.050	24.790	61.300
14.600	23.930	60.050
15.850	23.230	60.150
16.650	23.200	58.950
13.880	23.170	59.690
14.640	24.810	59.390
16.780	24.190	58.450
17.660	22.800	59.180
16.060	22.270	57.880
16.590	20.940	58.080
15.880	19.840	57.420
14.950	22.240	57.800
16.610	22.640	56.990
14.830	19.970	57.740
15.930	19.950	56.310
16.350	18.450	57.810
16.100	18.170	59.190
16.550	16.890	59.700
15.920	17.650	57.180
17.430	18.370	57.590
16.090	16.760	60.700
16.090	16.110	59.050
18.070	16.550	59.800
18.680	17.510	60.660
20.100	17.710	60.590
18.180	15.520	60.210
18.530	16.470	58.790
20.400	16.660	60.760
20.390	18.180	59.620
20.540	18.750	61.630
19.930	20.040	61.460
19.840	20.730	62.700
20.320	18.360	62.650
21.640	18.870	61.480
19.460	20.040	63.480
20.890	21.050	62.900
18.910	21.920	62.600
19.660	22.840	61.800
19.010	24.060	61.740
17.920	21.680	62.160
18.760	22.460	63.550
17.980	23.980	61.330
18.830	24.540	62.730
19.940	25.110	61.080
19.990	24.710	59.690
20.350	25.780	58.810
19.560	26.140	61.270
20.970	25.100	61.520
19.900	26.750	59.100
21.430	26.040	58.880
19.860	25.470	57.380
20.420	24.280	56.890
19.850	23.790	55.630
18.760	25.330	57.440
20.060	26.320	56.690
18.750	23.610	55.660
19.910	24.580	54.850
20.620	22.670	55.070
21.780	23.300	54.480
22.520	22.260	53.850
20.840	21.920	55.850
20.030	22.220	54.240
22.600	21.400	54.550
21.950	22.030	52.930
23.870	22.790	53.430
23.850	23.880	52.520
25.160	24.270	52.140
24.440	23.150	54.320
24.380	21.930	52.950
25.770	24.520	53.030
25.550	23.490	51.450
25.040	25.530	51.400
24.320	26.480	52.150
24.420	27.910	51.940
26.070	25.870	51.180
24.560	25.230	50.440
25.050	28.160	51.060
23.360	28.210	51.860
25.030	28.660	53.080
26.350	28.050	53.490
26.720	28.470	54.820
25.180	29.680	52.650
24.290	28.670	53.910
25.930	28.610	55.590
27.290	27.690	55.360
27.530	29.760	54.830
28.840	29.600	54.360
29.730	29.140	55.410
26.980	30.430	54.140
27.410	30.160	55.860
29.930	29.900	56.190
29.240	28.200	55.750
31.100	28.730	55.000
32.000	29.790	54.520
33.250	29.270	54.030
31.540	28.180	55.860
31.020	27.990	54.170
33.550	28.380	54.630
33.030	28.880	53.010
34.420	30.240	54.140
34.420	30.920	55.440
34.790	30.260	56.630
35.400	29.720	54.040
34.340	31.020	53.360
34.790	31.090	57.380
33.980	29.570	56.950
36.310	29.760	56.570
37.190	30.740	55.970
38.340	30.140	55.280
36.790	29.600	57.560
36.320	28.820	55.970
39.070	30.970	55.190
38.860	29.270	55.740
38.080	29.660	53.830
37.450	28.390	53.760
37.210	27.780	52.480
37.370	30.370	53.350
39.040	29.660	53.270
36.840	28.590	51.820
38.120	27.350	52.000
36.080	26.720	52.680
36.680	25.510	53.140
35.670	24.480	53.470
35.240	27.090	53.320
35.610	26.510	51.700
35.090	24.790	54.370
34.990	24.280	52.620
36.370	23.190	53.880
37.100	22.560	52.840
37.590	21.280	53.210
37.120	23.430	54.660
35.760	22.390	54.350
38.150	21.400	54.170
36.820	20.510	53.440
38.480	20.630	52.140
37.780	20.190	50.970
36.950	18.990	51.120
39.160	21.440	51.780
39.050	19.760	52.520
37.660	18.250	51.540
36.220	19.100	51.950
36.270	18.600	49.800
35.180	19.480	49.550
34.620	19.470	48.220
37.020	18.520	48.980
35.830	17.580	49.830
35.470	19.480	47.500
34.150	18.490	47.980
33.710	20.680	48.110
32.440	20.440	48.740
31.410	21.380	48.370
34.200	21.560	48.580
33.530	20.910	47.040
31.750	22.370	48.760
31.180	21.400	47.280
30.000	21.100	49.070
29.560	19.750	49.020
28.330	19.610	49.740
30.030	21.480	50.110
29.230	21.670	48.500
28.530	20.030	50.750
27.570	20.250	49.250
27.750	18.180	49.670
27.930	17.600	48.440
27.340	16.330	48.310
28.320	17.530	50.370
26.680	18.130	49.970
27.800	15.600	49.000
26.230	16.350	48.370
27.570	15.730	46.940
27.010	16.550	45.950
26.870	15.870	44.660
28.660	15.770	46.730
27.200	14.680	46.910
27.380	16.510	43.910
27.400	14.900	44.610
25.820	15.680	44.350
		
		
		
		
		
		
		
		
		
		
		
		
		
		
		
		
		
		
		
		
		
		
		
		
		
		
		
		
		
		
		
		
		
		
		
		
		
		
		
		
		
		
		
		
		
		
		
		
		
		
		
		
		
		
		
		
		
		
		
		
		
		
		
		
		
		
		
		
		
		
		
		
		
		
		
		
		
		
		
		
		
		
		
		
		
		
		
		
		
		
		
		
		
		
		
		
		
		
		
		
		
		
		
		
		
		
		
		
		
		
		
		
		
		
		
		
		
		
		
		
		
		
		
		
		
		
		
		
		
		
		
		
		
		
		
		
		
		
		
		
		
		
		
		
		
		
		
		
		
		
		
		
		
		
		
		
		
		
		
		
		
		
		
		
		
		
		
		
		
		
		
		
		
		
		
		
		
		
		
		
		
		
		
		
		
		
		
		
		
		
		
		
		
		
		
		
		
		
		
		
		
		
		
		
		
		
		
		
		
		
		
		
		
		
		
		
		
		
		
		
		
		
		
		
		
		
		
		
		
		
		
		
		
		
		
		
		
		
		
		
		
		
		
		
		
		
		
		
		
		
		
		
		
		
		
		
		
