    -29.945        1     0.00000
    -29.795        1     0.00000
    -29.645        1     0.00000
    -29.495        1     0.00000
    -29.345        1     0.00000
    -29.195        1     0.00000
    -29.045        1     0.00000
    -28.895        1     0.00000
    -28.745        1     0.00000
    -28.595        1     0.00000
    -28.445        1     0.00000
    -28.295        1     0.00000
    -28.145        1     0.00000
    -27.995        1     0.00000
    -27.845        1     0.00000
    -27.695        1     0.00000
    -27.545        1     0.00000
    -27.395        1     0.00000
    -27.245        1     0.00000
    -27.095        1     0.00000
    -26.945        1     0.00000
    -26.795        1     0.00000
    -26.645        1     0.00000
    -26.495        1     0.00000
    -26.345        1     0.00000
    -26.195        1     0.00000
    -26.045        1     0.00000
    -25.895        1     0.00000
    -25.745        1     0.00000
    -25.595        1     0.00000
    -25.445        1     0.00000
    -25.295        1     0.00000
    -25.145        1     0.00000
    -24.995        1     0.00000
    -24.845        1     0.00000
    -24.695        1     0.00000
    -24.545        1     0.00000
    -24.395        1     0.00000
    -24.245        1     0.00000
    -24.095        1     0.00000
    -23.945        1     0.00000
    -23.795        1     0.00000
    -23.645        1     0.00000
    -23.495        1     0.00000
    -23.345        1     0.00000
    -23.195        1     0.00000
    -23.045        1     0.00000
    -22.895        1     0.00000
    -22.745        1     0.00000
    -22.595        1     0.00000
    -22.445        1     0.00000
    -22.295        1     0.00000
    -22.145        1     0.00000
    -21.995        1     0.00000
    -21.845        1     0.00000
    -21.695        1     0.00000
    -21.545        1     0.00000
    -21.395        1     0.00000
    -21.245        1     0.00000
    -21.095        1     0.00000
    -20.945        1     0.00000
    -20.795        1     0.00000
    -20.645        1     0.00000
    -20.495        1     0.00000
    -20.345        1     0.00000
    -20.195        1     0.00000
    -20.045        1     0.00000
    -19.895        1     0.00000
    -19.745        1     0.00000
    -19.595        1     0.00000
    -19.445        1     0.00000
    -19.295        1     0.00000
    -19.145        1     0.00000
    -18.995        1     0.00000
    -18.845        1     0.00000
    -18.695        1     0.00000
    -18.545        1     0.00000
    -18.395        1     0.00000
    -18.245        1     0.00000
    -18.095        1     0.00000
    -17.945        1     0.00000
    -17.795        1     0.00000
    -17.645        1     0.00000
    -17.495        1     0.00000
    -17.345        1     0.00000
    -17.195        1     0.00000
    -17.045        1     0.00000
    -16.895        1     0.00000
    -16.745        1     0.00000
    -16.595        1     0.00000
    -16.445        1     0.00000
    -16.295        1     0.00000
    -16.145        1     0.00000
    -15.995        1     0.00000
    -15.845        1     0.00000
    -15.695        1     0.00000
    -15.545        1     0.00000
    -15.395        1     0.00000
    -15.245        1     0.00000
    -15.095        1     0.00000
    -14.945        1     0.00000
    -14.795        1     0.00000
    -14.645        1     0.00000
    -14.495        1     0.00000
    -14.345        1    -0.00029
    -14.195        1    -0.00353
    -14.045        1    -0.00827
    -13.895        1    -0.01413
    -13.745        1    -0.02033
    -13.595        1    -0.02777
    -13.445        1    -0.03533
    -13.295        1    -0.04340
    -13.145        1    -0.05152
    -12.995        1    -0.05995
    -12.845        1    -0.06951
    -12.695        1    -0.07853
    -12.545        1    -0.08818
    -12.395        1    -0.09864
    -12.245        1    -0.11013
    -12.095        1    -0.12315
    -11.945        1    -0.13590
    -11.795        1    -0.14915
    -11.645        1    -0.16329
    -11.495        1    -0.17847
    -11.345        1    -0.19482
    -11.195        1    -0.21162
    -11.045        1    -0.23037
    -10.895        1    -0.25058
    -10.745        1    -0.27142
    -10.595        1    -0.29447
    -10.445        1    -0.31860
    -10.295        1    -0.34517
    -10.145        1    -0.37591
    -9.9950        1    -0.40837
    -9.8450        1    -0.44176
    -9.6950        1    -0.47999
    -9.5450        1    -0.52689
    -9.3950        1    -0.58576
    -9.2450        1    -0.65400
    -9.0950        1    -0.72716
    -8.9450        1    -0.80194
    -8.7950        1    -0.88313
    -8.6450        1    -0.97288
    -8.4950        1    -1.06768
    -8.3450        1    -1.17357
    -8.1950        1    -1.28322
    -8.0450        1    -1.39604
    -7.8950        1    -1.51157
    -7.7450        1    -1.62998
    -7.5950        1    -1.75000
    -7.4450        1    -1.87537
    -7.2950        1    -2.01807
    -7.1450        1    -2.18803
    -6.9950        1    -2.38194
    -6.8450        1    -2.60343
    -6.6950        1    -2.83853
    -6.5450        1    -3.08598
    -6.3950        1    -3.34454
    -6.2450        1    -3.61837
    -6.0950        1    -3.90655
    -5.9450        1    -4.20637
    -5.7950        1    -4.51939
    -5.6450        1    -4.84311
    -5.4950        1    -5.17853
    -5.3450        1    -5.53644
    -5.1950        1    -5.90805
    -5.0450        1    -6.29854
    -4.8950        1    -6.70514
    -4.7450        1    -7.12770
    -4.5950        1    -7.58063
    -4.4450        1    -8.06705
    -4.2950        1    -8.58434
    -4.1450        1    -9.13672
    -3.9950        1    -9.72295
    -3.8450        1   -10.33385
    -3.6950        1   -10.97849
    -3.5450        1   -11.65562
    -3.3950        1   -12.37450
    -3.2450        1   -13.14381
    -3.0950        1   -13.95661
    -2.9450        1   -14.82479
    -2.7950        1   -15.75141
    -2.6450        1   -16.74635
    -2.4950        1   -17.82397
    -2.3450        1   -19.00680
    -2.1950        1   -20.33281
    -2.0450        1   -21.87219
    -1.8950        1   -23.68535
    -1.7450        1   -25.75339
    -1.5950        1   -28.12233
    -1.4450        1   -30.91082
    -1.2950        1   -34.13137
    -1.1450        1   -37.88794
   -0.99500        1   -42.38528
   -0.84500        1   -48.04704
   -0.69500        1   -55.68541
   -0.54500        1   -67.08740
   -0.39500        1   -87.32156
   -0.25300        1  -104.89219
   -0.21500        1  -105.87105
   -0.20900        1  -106.80257
   -0.20300        1  -107.69298
   -0.19700        1  -108.54760
   -0.19100        1  -109.36555
   -0.18500        1  -110.14927
   -0.17900        1  -110.89709
   -0.17300        1  -111.61041
   -0.16700        1  -112.28690
   -0.16100        1  -112.92761
   -0.15500        1  -113.53251
   -0.14900        1  -114.10158
   -0.14300        1  -114.63617
   -0.13700        1  -115.13592
   -0.13100        1  -115.60343
   -0.12500        1  -116.03923
   -0.11900        1  -116.44368
   -0.11300        1  -116.81862
   -0.10700        1  -117.16501
   -0.10100        1  -117.48335
   -0.95000E-01    1  -117.77588
   -0.89000E-01    1  -118.04330
   -0.83000E-01    1  -118.28604
   -0.77000E-01    1  -118.50576
   -0.71000E-01    1  -118.70331
   -0.65000E-01    1  -118.87931
   -0.59000E-01    1  -119.03476
   -0.53000E-01    1  -119.16733
   -0.47000E-01    1  -119.27631
   -0.41000E-01    1  -119.36607
   -0.35000E-01    1  -119.43827
   -0.29000E-01    1  -119.49493
   -0.23000E-01    1  -119.53765
   -0.19700E-01    1  -119.54120
   -0.19100E-01    1  -119.54465
   -0.18500E-01    1  -119.54797
   -0.17900E-01    1  -119.55116
   -0.17300E-01    1  -119.55425
   -0.16700E-01    1  -119.55719
   -0.16100E-01    1  -119.56002
   -0.15500E-01    1  -119.56274
   -0.14900E-01    1  -119.56534
   -0.14300E-01    1  -119.56783
   -0.13700E-01    1  -119.57020
   -0.13100E-01    1  -119.57246
   -0.12500E-01    1  -119.57460
   -0.11900E-01    1  -119.57662
   -0.11300E-01    1  -119.57854
   -0.10700E-01    1  -119.58035
   -0.10100E-01    1  -119.58205
   -0.95000E-02    1  -119.58364
   -0.89000E-02    1  -119.58513
   -0.83000E-02    1  -119.58651
   -0.77000E-02    1  -119.58779
   -0.71000E-02    1  -119.58896
   -0.65000E-02    1  -119.59003
   -0.59000E-02    1  -119.59099
   -0.53000E-02    1  -119.59186
   -0.47000E-02    1  -119.59262
   -0.41000E-02    1  -119.59328
   -0.35000E-02    1  -119.59384
   -0.29000E-02    1  -119.59431
   -0.23000E-02    1  -119.59467
   -0.17000E-02    1  -119.59495
   -0.11000E-02    1  -119.59512
   -0.50000E-03    1  -119.59520
    0.10000E-03    1  -119.59519
    0.70000E-03    1  -119.59508
    0.13000E-02    1  -119.59489
    0.19000E-02    1  -119.59460
    0.25000E-02    1  -119.59421
    0.31000E-02    1  -119.59374
    0.37000E-02    1  -119.59318
    0.43000E-02    1  -119.59254
    0.49000E-02    1  -119.59180
    0.55000E-02    1  -119.59097
    0.61000E-02    1  -119.59006
    0.67000E-02    1  -119.58906
    0.73000E-02    1  -119.58798
    0.79000E-02    1  -119.58682
    0.85000E-02    1  -119.58557
    0.91000E-02    1  -119.58424
    0.97000E-02    1  -119.58282
    0.10300E-01    1  -119.58131
    0.10900E-01    1  -119.57973
    0.11500E-01    1  -119.57807
    0.12100E-01    1  -119.57632
    0.12700E-01    1  -119.57451
    0.13300E-01    1  -119.57262
    0.13900E-01    1  -119.57064
    0.14500E-01    1  -119.56859
    0.15100E-01    1  -119.56647
    0.15700E-01    1  -119.56426
    0.16300E-01    1  -119.56197
    0.16900E-01    1  -119.55962
    0.17500E-01    1  -119.55719
    0.18100E-01    1  -119.55467
    0.18700E-01    1  -119.55210
    0.19300E-01    1  -119.54945
    0.20200E-01    1  -119.53845
    0.25000E-01    1  -119.50528
    0.31000E-01    1  -119.46553
    0.37000E-01    1  -119.41954
    0.43000E-01    1  -119.36792
    0.49000E-01    1  -119.31108
    0.55000E-01    1  -119.24908
    0.61000E-01    1  -119.18257
    0.67000E-01    1  -119.11152
    0.73000E-01    1  -119.03644
    0.79000E-01    1  -118.95764
    0.85000E-01    1  -118.87528
    0.91000E-01    1  -118.78937
    0.97000E-01    1  -118.70044
    0.10300        1  -118.60858
    0.10900        1  -118.51372
    0.11500        1  -118.41643
    0.12100        1  -118.31675
    0.12700        1  -118.21465
    0.13300        1  -118.11013
    0.13900        1  -118.00339
    0.14500        1  -117.89466
    0.15100        1  -117.78357
    0.15700        1  -117.67068
    0.16300        1  -117.55542
    0.16900        1  -117.43909
    0.17500        1  -117.32193
    0.18100        1  -117.20396
    0.18700        1  -117.08556
    0.19300        1  -116.96679
    0.19900        1  -116.84723
    0.20500        1  -116.72754
    0.21100        1  -116.60760
    0.21700        1  -116.48768
    0.29500        1  -113.49842
    0.44500        1  -110.86750
    0.59500        1  -108.73564
    0.74500        1  -106.96445
    0.89500        1  -105.42704
     1.0450        1  -104.06129
     1.1950        1  -102.82923
     1.3450        1  -101.70797
     1.4950        1  -100.67832
     1.6450        1   -99.72701
     1.7950        1   -98.84108
     1.9450        1   -98.01676
     2.0950        1   -97.24655
     2.2450        1   -96.52211
     2.3950        1   -95.84253
     2.5450        1   -95.20667
     2.6950        1   -94.60894
     2.8450        1   -94.04379
     2.9950        1   -93.50758
     3.1450        1   -92.99801
     3.2950        1   -92.51224
     3.4450        1   -92.04737
     3.5950        1   -91.60186
     3.7450        1   -91.17515
     3.8950        1   -90.76605
     4.0450        1   -90.37228
     4.1950        1   -89.99403
     4.3450        1   -89.62978
     4.4950        1   -89.27801
     4.6450        1   -88.93835
     4.7950        1   -88.60951
     4.9450        1   -88.29048
     5.0950        1   -87.98216
     5.2450        1   -87.68219
     5.3950        1   -87.39094
     5.5450        1   -87.10697
     5.6950        1   -86.83062
     5.8450        1   -86.56168
     5.9950        1   -86.29900
     6.1450        1   -86.04165
     6.2950        1   -85.79081
     6.4450        1   -85.54546
     6.5950        1   -85.30658
     6.7450        1   -85.07364
     6.8950        1   -84.84752
     7.0450        1   -84.62622
     7.1950        1   -84.41043
     7.3450        1   -84.19967
     7.4950        1   -83.99570
     7.6450        1   -83.79501
     7.7950        1   -83.60154
     7.9450        1   -83.41552
     8.0950        1   -83.23542
     8.2450        1   -83.05806
     8.3950        1   -82.88519
     8.5450        1   -82.72088
     8.6950        1   -82.56153
     8.8450        1   -82.40932
     8.9950        1   -82.26190
     9.1450        1   -82.11816
     9.2950        1   -81.98354
     9.4450        1   -81.85312
     9.5950        1   -81.72322
     9.7450        1   -81.59918
     9.8950        1   -81.47927
     10.045        1   -81.36470
     10.195        1   -81.25207
     10.345        1   -81.14533
     10.495        1   -81.04292
     10.645        1   -80.94674
     10.795        1   -80.85199
     10.945        1   -80.76223
     11.095        1   -80.67472
     11.245        1   -80.58853
     11.395        1   -80.50569
     11.545        1   -80.42537
     11.695        1   -80.34646
     11.845        1   -80.27194
     11.995        1   -80.19688
     12.145        1   -80.12268
     12.295        1   -80.05259
     12.445        1   -79.97712
     12.595        1   -79.90270
     12.745        1   -79.83530
     12.895        1   -79.76582
     13.045        1   -79.69550
     13.195        1   -79.62612
     13.345        1   -79.55683
     13.495        1   -79.48895
     13.645        1   -79.42393
     13.795        1   -79.35630
     13.945        1   -79.29033
     14.095        1   -79.22323
     14.245        1   -79.15681
     14.395        1   -79.09012
     14.545        1   -79.02294
     14.695        1   -78.95343
     14.845        1   -78.88817
     14.995        1   -78.82381
     15.145        1   -78.76114
     15.295        1   -78.69741
     15.445        1   -78.63244
     15.595        1   -78.56946
     15.745        1   -78.50752
     15.895        1   -78.44604
     16.045        1   -78.38835
     16.195        1   -78.32701
     16.345        1   -78.26731
     16.495        1   -78.21190
     16.645        1   -78.15415
     16.795        1   -78.09823
     16.945        1   -78.04078
     17.095        1   -77.98440
     17.245        1   -77.92833
     17.395        1   -77.87461
     17.545        1   -77.82075
     17.695        1   -77.76762
     17.845        1   -77.71807
     17.995        1   -77.66363
     18.145        1   -77.61298
     18.295        1   -77.56751
     18.445        1   -77.52207
     18.595        1   -77.47800
     18.745        1   -77.43323
     18.895        1   -77.39485
     19.045        1   -77.35523
     19.195        1   -77.31643
     19.345        1   -77.28046
     19.495        1   -77.24376
     19.645        1   -77.20613
     19.795        1   -77.17505
     19.945        1   -77.14276
     20.095        1   -77.11263
     20.245        1   -77.08298
     20.395        1   -77.05331
     20.545        1   -77.02783
     20.695        1   -77.00136
     20.845        1   -76.97504
     20.995        1   -76.95131
     21.145        1   -76.93089
     21.295        1   -76.90978
     21.445        1   -76.88653
     21.595        1   -76.86503
     21.745        1   -76.84708
     21.895        1   -76.82783
     22.045        1   -76.81107
     22.195        1   -76.79693
     22.345        1   -76.78260
     22.495        1   -76.76868
     22.645        1   -76.75817
     22.795        1   -76.74411
     22.945        1   -76.73145
     23.095        1   -76.71891
     23.245        1   -76.70722
     23.395        1   -76.69574
     23.545        1   -76.68560
     23.695        1   -76.67600
     23.845        1   -76.66720
     23.995        1   -76.65777
     24.145        1   -76.64964
     24.295        1   -76.64033
     24.445        1   -76.63324
     24.595        1   -76.62444
     24.745        1   -76.61752
     24.895        1   -76.61009
     25.045        1   -76.60314
     25.195        1   -76.59571
     25.345        1   -76.58826
     25.495        1   -76.58198
     25.645        1   -76.57610
     25.795        1   -76.56999
     25.945        1   -76.56362
     26.095        1   -76.55743
     26.245        1   -76.55109
     26.395        1   -76.54554
     26.545        1   -76.53943
     26.695        1   -76.53439
     26.845        1   -76.52887
     26.995        1   -76.52251
     27.145        1   -76.51703
     27.295        1   -76.51169
     27.445        1   -76.50672
     27.595        1   -76.50182
     27.745        1   -76.49689
     27.895        1   -76.49195
     28.045        1   -76.48705
     28.195        1   -76.48224
     28.345        1   -76.47745
     28.495        1   -76.47288
     28.645        1   -76.46819
     28.795        1   -76.46357
     28.945        1   -76.45900
     29.095        1   -76.45395
     29.245        1   -76.44947
     29.395        1   -76.44496
     29.545        1   -76.44045
     29.695        1   -76.43593
     29.845        1   -76.43147
     29.995        1   -76.42704
     30.145        1   -76.42271
     30.295        1   -76.41836
     30.445        1   -76.41395
     30.595        1   -76.40966
     30.745        1   -76.40541
     30.895        1   -76.40113
     31.045        1   -76.39685
     31.195        1   -76.39265
     31.345        1   -76.38855
     31.495        1   -76.38430
     31.645        1   -76.38023
     31.795        1   -76.37620
     31.945        1   -76.37205
     32.095        1   -76.36801
     32.245        1   -76.36390
     32.395        1   -76.36008
     32.545        1   -76.35608
     32.695        1   -76.35210
     32.845        1   -76.34812
     32.995        1   -76.34417
     33.145        1   -76.34029
     33.295        1   -76.33637
     33.445        1   -76.33251
     33.595        1   -76.32871
     33.745        1   -76.32490
     33.895        1   -76.32113
     34.045        1   -76.31739
     34.195        1   -76.31363
     34.345        1   -76.30983
     34.495        1   -76.30610
     34.645        1   -76.30245
     34.795        1   -76.29886
     34.945        1   -76.29532
     35.095        1   -76.29160
     35.245        1   -76.28793
     35.395        1   -76.28428
     35.545        1   -76.28076
     35.695        1   -76.27715
     35.845        1   -76.27360
     35.995        1   -76.27003
     36.145        1   -76.26654
     36.295        1   -76.26305
     36.445        1   -76.25964
     36.595        1   -76.25629
     36.745        1   -76.25286
     36.895        1   -76.24940
     37.045        1   -76.24602
     37.195        1   -76.24261
     37.345        1   -76.23930
     37.495        1   -76.23598
     37.645        1   -76.23260
     37.795        1   -76.22925
     37.945        1   -76.22587
     38.095        1   -76.22251
     38.245        1   -76.21915
     38.395        1   -76.21587
     38.545        1   -76.21255
     38.695        1   -76.20929
     38.845        1   -76.20607
     38.995        1   -76.20280
     39.145        1   -76.19956
     39.295        1   -76.19643
     39.445        1   -76.19323
     39.595        1   -76.19009
     39.745        1   -76.18692
     39.895        1   -76.18379
     40.045        1   -76.18066
     40.195        1   -76.17745
     40.345        1   -76.17441
     40.495        1   -76.17132
     40.645        1   -76.16826
     40.795        1   -76.16520
     40.945        1   -76.16214
     41.095        1   -76.15922
     41.245        1   -76.15627
     41.395        1   -76.15325
     41.545        1   -76.15017
     41.695        1   -76.14721
     41.845        1   -76.14432
     41.995        1   -76.14148
     42.145        1   -76.13859
     42.295        1   -76.13560
     42.445        1   -76.13260
     42.595        1   -76.12972
     42.745        1   -76.12687
     42.895        1   -76.12407
     43.045        1   -76.12137
     43.195        1   -76.11846
     43.345        1   -76.11573
     43.495        1   -76.11287
     43.645        1   -76.11008
     43.795        1   -76.10727
     43.945        1   -76.10449
     44.095        1   -76.10176
     44.245        1   -76.09897
     44.395        1   -76.09617
     44.545        1   -76.09345
     44.695        1   -76.09069
     44.845        1   -76.08798
     44.995        1   -76.08522
     45.145        1   -76.08254
     45.295        1   -76.07981
     45.445        1   -76.07723
     45.595        1   -76.07459
     45.745        1   -76.07192
     45.895        1   -76.06928
     46.045        1   -76.06665
     46.195        1   -76.06400
     46.345        1   -76.06133
     46.495        1   -76.05870
     46.645        1   -76.05617
     46.795        1   -76.05361
     46.945        1   -76.05112
     47.095        1   -76.04861
     47.245        1   -76.04601
     47.395        1   -76.04351
     47.545        1   -76.04087
     47.695        1   -76.03833
     47.845        1   -76.03579
     47.995        1   -76.03327
     48.145        1   -76.03086
     48.295        1   -76.02837
     48.445        1   -76.02588
     48.595        1   -76.02337
     48.745        1   -76.02098
     48.895        1   -76.01847
     49.045        1   -76.01596
     49.195        1   -76.01360
     49.345        1   -76.01106
     49.495        1   -76.00871
     49.645        1   -76.00623
     49.795        1   -76.00383
     49.945        1   -76.00142
     50.095        1   -75.99895
     50.245        1   -75.99655
     50.395        1   -75.99422
     50.545        1   -75.99186
     50.695        1   -75.98953
     50.845        1   -75.98722
     50.995        1   -75.98497
     51.145        1   -75.98258
     51.295        1   -75.98029
     51.445        1   -75.97797
     51.595        1   -75.97566
     51.745        1   -75.97343
     51.895        1   -75.97117
     52.045        1   -75.96881
     52.195        1   -75.96653
     52.345        1   -75.96422
     52.495        1   -75.96195
     52.645        1   -75.95976
     52.795        1   -75.95755
     52.945        1   -75.95528
     53.095        1   -75.95304
     53.245        1   -75.95084
     53.395        1   -75.94864
     53.545        1   -75.94645
     53.695        1   -75.94422
     53.845        1   -75.94205
     53.995        1   -75.93988
     54.145        1   -75.93776
     54.295        1   -75.93552
     54.445        1   -75.93336
     54.595        1   -75.93114
     54.745        1   -75.92894
     54.895        1   -75.92681
     55.045        1   -75.92465
     55.195        1   -75.92247
     55.345        1   -75.92033
     55.495        1   -75.91819
     55.645        1   -75.91607
     55.795        1   -75.91394
     55.945        1   -75.91182
     56.095        1   -75.90975
     56.245        1   -75.90772
     56.395        1   -75.90557
     56.545        1   -75.90340
     56.695        1   -75.90135
     56.845        1   -75.89925
     56.995        1   -75.89712
     57.145        1   -75.89499
     57.295        1   -75.89290
     57.445        1   -75.89090
     57.595        1   -75.88884
     57.745        1   -75.88677
     57.895        1   -75.88483
     58.045        1   -75.88279
     58.195        1   -75.88073
     58.345        1   -75.87862
     58.495        1   -75.87661
     58.645        1   -75.87467
     58.795        1   -75.87265
     58.945        1   -75.87063
     59.095        1   -75.86861
     59.245        1   -75.86662
     59.395        1   -75.86470
     59.545        1   -75.86279
     59.695        1   -75.86090
     59.845        1   -75.85894
     59.995        1   -75.85696
     60.145        1   -75.85503
     70.939        1   -75.60828
     97.698        1   -75.37168
     134.55        1   -75.14241
     185.30        1   -74.91952
     255.20        1   -74.70156
     351.46        1   -74.48788
     484.04        1   -74.27790
     666.62        1   -74.07203
     918.07        1   -73.86894
     1264.4        1   -73.66877
     1741.3        1   -73.47118
     2398.1        1   -73.27763
     3302.7        1   -73.08697
     4548.5        1   -72.89940
     6264.3        1   -72.71581
     8627.2        1   -72.53473
     11881.        1   -72.35798
     16363.        1   -72.18473
     22535.        1   -72.01553
     31036.        1   -71.85033
     42743.        1   -71.68904
     58866.        1   -71.53221
     81070.        1   -71.37972
    0.11165E+06    1   -71.23144
    0.15377E+06    1   -71.08803
    0.21177E+06    1   -70.94937
    0.29165E+06    1   -70.81612
    0.40166E+06    1   -70.68791
    0.55317E+06    1   -70.56523
    0.76182E+06    1   -70.44758
    0.10492E+07    1   -70.33577
    0.14449E+07    1   -70.22906
    0.19900E+07    1   -70.12712
    0.27406E+07    1   -70.03017
    0.37744E+07    1   -69.93744
    0.51981E+07    1   -69.84915
    0.71589E+07    1   -69.76499
    0.98593E+07    1   -69.68508
    0.13578E+08    1   -69.60879
    0.18700E+08    1   -69.53608
    0.25754E+08    1   -69.46694
    0.35468E+08    1   -69.40129
    0.48847E+08    1   -69.33844
    0.67273E+08    1   -69.27860
    0.92648E+08    1   -69.22163
    0.12760E+09    1   -69.16751
    0.17573E+09    1   -69.11607
    0.24201E+09    1   -69.06741
    0.33330E+09    1   -69.02131
    0.45902E+09    1   -68.97866
    0.63217E+09    1   -68.93880
    0.87062E+09    1   -68.90159
    0.11990E+10    1   -68.86691
    0.16513E+10    1   -68.83452
    0.22742E+10    1   -68.80410
    0.31320E+10    1   -68.77556
    0.43134E+10    1   -68.74928
    0.59405E+10    1   -68.72537
    0.81813E+10    1   -68.70341
    0.11267E+11    1   -68.68328
    0.15517E+11    1   -68.66467
    0.21371E+11    1   -68.64758
    0.29432E+11    1   -68.63176
    0.40534E+11    1   -68.61715
    0.55823E+11    1   -68.60349
    0.10000E+12    1   -68.44147
    -149.95        2     0.00000
    -149.79        2     0.00000
    -149.65        2     0.00000
    -149.49        2     0.00000
    -149.34        2     0.00000
    -149.20        2     0.00000
    -149.04        2     0.00000
    -148.90        2     0.00000
    -148.74        2     0.00000
    -148.59        2     0.00000
    -148.45        2     0.00000
    -148.29        2     0.00000
    -148.15        2     0.00000
    -147.99        2     0.00000
    -147.84        2     0.00000
    -147.70        2     0.00000
    -147.54        2     0.00000
    -147.40        2     0.00000
    -147.24        2     0.00000
    -147.09        2     0.00000
    -146.95        2     0.00000
    -146.79        2     0.00000
    -146.65        2     0.00000
    -146.49        2     0.00000
    -146.34        2     0.00000
    -146.20        2     0.00000
    -146.04        2     0.00000
    -145.90        2     0.00000
    -145.74        2     0.00000
    -145.59        2     0.00000
    -145.45        2     0.00000
    -145.29        2     0.00000
    -145.15        2     0.00000
    -144.99        2     0.00000
    -144.84        2     0.00000
    -144.70        2     0.00000
    -144.54        2     0.00000
    -144.40        2     0.00000
    -144.24        2     0.00000
    -144.09        2     0.00000
    -143.95        2     0.00000
    -143.79        2     0.00000
    -143.65        2     0.00000
    -143.49        2     0.00000
    -143.34        2     0.00000
    -143.20        2     0.00000
    -143.04        2     0.00000
    -142.90        2     0.00000
    -142.74        2     0.00000
    -142.59        2     0.00000
    -142.45        2     0.00000
    -142.29        2     0.00000
    -142.15        2     0.00000
    -141.99        2     0.00000
    -141.84        2     0.00000
    -141.70        2     0.00000
    -141.54        2     0.00000
    -141.40        2     0.00000
    -141.24        2     0.00000
    -141.09        2     0.00000
    -140.95        2     0.00000
    -140.79        2     0.00000
    -140.65        2     0.00000
    -140.49        2     0.00000
    -140.34        2     0.00000
    -140.20        2     0.00000
    -140.04        2     0.00000
    -139.90        2     0.00000
    -139.74        2     0.00000
    -139.59        2     0.00000
    -139.45        2     0.00000
    -139.29        2     0.00000
    -139.15        2     0.00000
    -138.99        2     0.00000
    -138.84        2     0.00000
    -138.70        2     0.00000
    -138.54        2     0.00000
    -138.40        2     0.00000
    -138.24        2     0.00000
    -138.09        2     0.00000
    -137.95        2     0.00000
    -137.79        2     0.00000
    -137.65        2     0.00000
    -137.49        2     0.00000
    -137.34        2     0.00000
    -137.20        2     0.00000
    -137.04        2     0.00000
    -136.90        2     0.00000
    -136.74        2     0.00000
    -136.59        2     0.00000
    -136.45        2     0.00000
    -136.29        2     0.00000
    -136.15        2     0.00000
    -135.99        2     0.00000
    -135.84        2     0.00000
    -135.70        2     0.00000
    -135.54        2     0.00000
    -135.40        2     0.00000
    -135.24        2     0.00000
    -135.09        2     0.00000
    -134.95        2     0.00000
    -134.79        2     0.00000
    -134.65        2     0.00000
    -134.49        2     0.00000
    -134.34        2     0.00000
    -134.20        2     0.00000
    -134.04        2     0.00000
    -133.90        2     0.00000
    -133.74        2     0.00000
    -133.59        2     0.00000
    -133.45        2     0.00000
    -133.29        2     0.00000
    -133.15        2     0.00000
    -132.99        2     0.00000
    -132.84        2     0.00000
    -132.70        2     0.00000
    -132.54        2     0.00000
    -132.40        2     0.00000
    -132.24        2     0.00000
    -132.09        2     0.00000
    -131.95        2     0.00000
    -131.79        2     0.00000
    -131.65        2     0.00000
    -131.49        2     0.00000
    -131.34        2     0.00000
    -131.20        2     0.00000
    -131.04        2     0.00000
    -130.90        2     0.00000
    -130.74        2     0.00000
    -130.59        2     0.00000
    -130.45        2     0.00000
    -130.29        2     0.00000
    -130.15        2     0.00000
    -129.99        2     0.00000
    -129.84        2     0.00000
    -129.70        2     0.00000
    -129.54        2     0.00000
    -129.40        2     0.00000
    -129.24        2     0.00000
    -129.09        2     0.00000
    -128.95        2     0.00000
    -128.79        2     0.00000
    -128.65        2     0.00000
    -128.49        2     0.00000
    -128.34        2     0.00000
    -128.20        2     0.00000
    -128.04        2     0.00000
    -127.89        2     0.00000
    -127.75        2     0.00000
    -127.60        2     0.00000
    -127.44        2     0.00000
    -127.30        2     0.00000
    -127.14        2     0.00000
    -127.00        2     0.00000
    -126.85        2     0.00000
    -126.69        2     0.00000
    -126.55        2     0.00000
    -126.39        2     0.00000
    -126.25        2     0.00000
    -126.10        2     0.00000
    -125.94        2     0.00000
    -125.80        2     0.00000
    -125.64        2     0.00000
    -125.50        2     0.00000
    -125.35        2     0.00000
    -125.19        2     0.00000
    -125.05        2     0.00000
    -124.89        2     0.00000
    -124.75        2     0.00000
    -124.60        2     0.00000
    -124.44        2     0.00000
    -124.30        2     0.00000
    -124.14        2     0.00000
    -124.00        2     0.00000
    -123.85        2     0.00000
    -123.69        2     0.00000
    -123.55        2     0.00000
    -123.39        2     0.00000
    -123.25        2     0.00000
    -123.10        2     0.00000
    -122.94        2     0.00000
    -122.80        2     0.00000
    -122.64        2     0.00000
    -122.50        2     0.00000
    -122.35        2     0.00000
    -122.19        2     0.00000
    -122.05        2     0.00000
    -121.89        2     0.00000
    -121.75        2     0.00000
    -121.60        2     0.00000
    -121.44        2     0.00000
    -121.30        2     0.00000
    -121.14        2     0.00000
    -121.00        2     0.00000
    -120.85        2     0.00000
    -120.69        2     0.00000
    -120.55        2     0.00000
    -120.39        2     0.00000
    -120.25        2     0.00000
    -120.10        2     0.00000
    -119.94        2     0.00000
    -119.80        2     0.00000
    -119.64        2     0.00000
    -119.50        2     0.00000
    -119.35        2     0.00000
    -119.19        2     0.00000
    -119.05        2     0.00000
    -118.89        2     0.00000
    -118.75        2     0.00000
    -118.60        2     0.00000
    -118.44        2     0.00000
    -118.30        2     0.00000
    -118.14        2     0.00000
    -118.00        2     0.00000
    -117.85        2     0.00000
    -117.69        2     0.00000
    -117.55        2     0.00000
    -117.39        2     0.00000
    -117.25        2     0.00000
    -117.10        2     0.00000
    -116.94        2     0.00000
    -116.80        2     0.00000
    -116.64        2     0.00000
    -116.50        2     0.00000
    -116.35        2     0.00000
    -116.19        2     0.00000
    -116.05        2     0.00000
    -115.89        2     0.00000
    -115.75        2     0.00000
    -115.60        2     0.00000
    -115.44        2     0.00000
    -115.30        2     0.00000
    -115.14        2     0.00000
    -115.00        2     0.00000
    -114.85        2     0.00000
    -114.69        2     0.00000
    -114.55        2     0.00000
    -114.39        2     0.00000
    -114.25        2     0.00000
    -114.10        2     0.00000
    -113.94        2     0.00000
    -113.80        2     0.00000
    -113.64        2     0.00000
    -113.50        2     0.00000
    -113.35        2     0.00000
    -113.19        2     0.00000
    -113.05        2     0.00000
    -112.89        2     0.00000
    -112.75        2     0.00000
    -112.60        2     0.00000
    -112.44        2     0.00000
    -112.30        2     0.00000
    -112.14        2     0.00000
    -112.00        2     0.00000
    -111.85        2     0.00000
    -111.69        2     0.00000
    -111.55        2     0.00000
    -111.39        2     0.00000
    -111.25        2     0.00000
    -111.10        2     0.00000
    -110.94        2     0.00000
    -110.80        2     0.00000
    -110.64        2     0.00000
    -110.50        2     0.00000
    -110.35        2     0.00000
    -110.19        2     0.00000
    -110.05        2     0.00000
    -109.89        2     0.00000
    -109.75        2     0.00000
    -109.60        2     0.00000
    -109.44        2     0.00000
    -109.30        2     0.00000
    -109.14        2     0.00000
    -109.00        2     0.00000
    -108.85        2     0.00000
    -108.69        2     0.00000
    -108.55        2     0.00000
    -108.39        2     0.00000
    -108.25        2     0.00000
    -108.10        2     0.00000
    -107.94        2     0.00000
    -107.80        2     0.00000
    -107.64        2     0.00000
    -107.50        2     0.00000
    -107.35        2     0.00000
    -107.19        2     0.00000
    -107.05        2     0.00000
    -106.89        2     0.00000
    -106.75        2     0.00000
    -106.60        2     0.00000
    -106.44        2     0.00000
    -106.30        2     0.00000
    -106.14        2     0.00000
    -106.00        2     0.00000
    -105.85        2     0.00000
    -105.69        2     0.00000
    -105.55        2     0.00000
    -105.39        2     0.00000
    -105.25        2     0.00000
    -105.10        2     0.00000
    -104.94        2     0.00000
    -104.80        2     0.00000
    -104.64        2     0.00000
    -104.50        2     0.00000
    -104.35        2     0.00000
    -104.19        2     0.00000
    -104.05        2     0.00000
    -103.89        2     0.00000
    -103.75        2     0.00000
    -103.60        2     0.00000
    -103.44        2     0.00000
    -103.30        2     0.00000
    -103.14        2     0.00000
    -103.00        2     0.00000
    -102.85        2     0.00000
    -102.69        2     0.00000
    -102.55        2     0.00000
    -102.39        2     0.00000
    -102.25        2     0.00000
    -102.10        2     0.00000
    -101.94        2     0.00000
    -101.80        2     0.00000
    -101.64        2     0.00000
    -101.50        2     0.00000
    -101.35        2     0.00000
    -101.19        2     0.00000
    -101.05        2     0.00000
    -100.89        2     0.00000
    -100.75        2     0.00000
    -100.60        2     0.00000
    -100.44        2     0.00000
    -100.30        2     0.00000
    -100.14        2     0.00000
    -99.995        2     0.00000
    -99.845        2     0.00000
    -99.695        2     0.00000
    -99.545        2     0.00000
    -99.395        2     0.00000
    -99.245        2     0.00000
    -99.095        2     0.00000
    -98.945        2     0.00000
    -98.795        2     0.00000
    -98.645        2     0.00000
    -98.495        2     0.00000
    -98.345        2     0.00000
    -98.195        2     0.00000
    -98.045        2     0.00000
    -97.895        2     0.00000
    -97.745        2     0.00000
    -97.595        2     0.00000
    -97.445        2     0.00000
    -97.295        2     0.00000
    -97.145        2     0.00000
    -96.995        2     0.00000
    -96.845        2     0.00000
    -96.695        2     0.00000
    -96.545        2     0.00000
    -96.395        2     0.00000
    -96.245        2     0.00000
    -96.095        2     0.00000
    -95.945        2     0.00000
    -95.795        2     0.00000
    -95.645        2     0.00000
    -95.495        2     0.00000
    -95.345        2     0.00000
    -95.195        2     0.00000
    -95.045        2    -0.00200
    -94.895        2    -0.42952
    -94.745        2    -1.40016
    -94.595        2    -2.66866
    -94.445        2    -4.20826
    -94.295        2    -5.93384
    -94.145        2    -7.80391
    -93.995        2    -9.73295
    -93.845        2   -11.69558
    -93.695        2   -13.71944
    -93.545        2   -15.74540
    -93.395        2   -17.78124
    -93.245        2   -19.75326
    -93.095        2   -21.66081
    -92.945        2   -23.49192
    -92.795        2   -25.22792
    -92.645        2   -26.88381
    -92.495        2   -28.44048
    -92.345        2   -29.93138
    -92.195        2   -31.29174
    -92.045        2   -32.59860
    -91.895        2   -33.76896
    -91.745        2   -34.86302
    -91.595        2   -35.86306
    -91.445        2   -36.77679
    -91.295        2   -37.59330
    -91.145        2   -38.36021
    -90.995        2   -39.05354
    -90.845        2   -39.66230
    -90.695        2   -40.21856
    -90.545        2   -40.70850
    -90.395        2   -41.14499
    -90.245        2   -41.53416
    -90.095        2   -41.90160
    -89.945        2   -42.23160
    -89.795        2   -42.52222
    -89.645        2   -42.77851
    -89.495        2   -43.00257
    -89.345        2   -43.20238
    -89.195        2   -43.37352
    -89.045        2   -43.52386
    -88.895        2   -43.66233
    -88.745        2   -43.78908
    -88.595        2   -43.89107
    -88.445        2   -43.97984
    -88.295        2   -44.06373
    -88.145        2   -44.12899
    -87.995        2   -44.19029
    -87.845        2   -44.24502
    -87.695        2   -44.29462
    -87.545        2   -44.33133
    -87.395        2   -44.36826
    -87.245        2   -44.40261
    -87.095        2   -44.42818
    -86.945        2   -44.45035
    -86.795        2   -44.47179
    -86.645        2   -44.48861
    -86.495        2   -44.50447
    -86.345        2   -44.51585
    -86.195        2   -44.52720
    -86.045        2   -44.53824
    -85.895        2   -44.54553
    -85.745        2   -44.55256
    -85.595        2   -44.55766
    -85.445        2   -44.56309
    -85.295        2   -44.56881
    -85.145        2   -44.57299
    -84.995        2   -44.57589
    -84.845        2   -44.57863
    -84.695        2   -44.58034
    -84.545        2   -44.58162
    -84.395        2   -44.58347
    -84.245        2   -44.58531
    -84.095        2   -44.58664
    -83.945        2   -44.58723
    -83.795        2   -44.58853
    -83.645        2   -44.58984
    -83.495        2   -44.59045
    -83.345        2   -44.59103
    -83.195        2   -44.59142
    -83.045        2   -44.59162
    -82.895        2   -44.59185
    -82.745        2   -44.59209
    -82.595        2   -44.59250
    -82.445        2   -44.59274
    -82.295        2   -44.59297
    -82.145        2   -44.59302
    -81.995        2   -44.59305
    -81.845        2   -44.59327
    -81.695        2   -44.59332
    -81.545        2   -44.59371
    -81.395        2   -44.59376
    -81.245        2   -44.59399
    -81.095        2   -44.59422
    -80.945        2   -44.59429
    -80.795        2   -44.59451
    -80.645        2   -44.59455
    -80.495        2   -44.59459
    -80.345        2   -44.59462
    -80.195        2   -44.59468
    -80.045        2   -44.59472
    -79.895        2   -44.59479
    -79.745        2   -44.59484
    -79.595        2   -44.59487
    -79.445        2   -44.59492
    -79.295        2   -44.59497
    -79.145        2   -44.59503
    -78.995        2   -44.59509
    -78.845        2   -44.59514
    -78.695        2   -44.59518
    -78.545        2   -44.59523
    -78.395        2   -44.59527
    -78.245        2   -44.59533
    -78.095        2   -44.59539
    -77.945        2   -44.59545
    -77.795        2   -44.59550
    -77.645        2   -44.59556
    -77.495        2   -44.59580
    -77.345        2   -44.59584
    -77.195        2   -44.59589
    -77.045        2   -44.59595
    -76.895        2   -44.59601
    -76.745        2   -44.59606
    -76.595        2   -44.59611
    -76.445        2   -44.59615
    -76.295        2   -44.59619
    -76.145        2   -44.59625
    -75.995        2   -44.59628
    -75.845        2   -44.59633
    -75.695        2   -44.59638
    -75.545        2   -44.59644
    -75.395        2   -44.59649
    -75.245        2   -44.59654
    -75.095        2   -44.59661
    -74.945        2   -44.59666
    -74.795        2   -44.59671
    -74.645        2   -44.59677
    -74.495        2   -44.59683
    -74.345        2   -44.59691
    -74.195        2   -44.59695
    -74.045        2   -44.59701
    -73.895        2   -44.59708
    -73.745        2   -44.59713
    -73.595        2   -44.59720
    -73.445        2   -44.59728
    -73.295        2   -44.59733
    -73.145        2   -44.59739
    -72.995        2   -44.59746
    -72.845        2   -44.59749
    -72.695        2   -44.59755
    -72.545        2   -44.59760
    -72.395        2   -44.59764
    -72.245        2   -44.59772
    -72.095        2   -44.59777
    -71.945        2   -44.59785
    -71.795        2   -44.59792
    -71.645        2   -44.59798
    -71.495        2   -44.59803
    -71.345        2   -44.59809
    -71.195        2   -44.59815
    -71.045        2   -44.59822
    -70.895        2   -44.59828
    -70.745        2   -44.59833
    -70.595        2   -44.59835
    -70.445        2   -44.59841
    -70.295        2   -44.59845
    -70.145        2   -44.59850
    -69.995        2   -44.59855
    -69.845        2   -44.59860
    -69.695        2   -44.59866
    -69.545        2   -44.59871
    -69.395        2   -44.59877
    -69.245        2   -44.59883
    -69.095        2   -44.59889
    -68.945        2   -44.59892
    -68.795        2   -44.59899
    -68.645        2   -44.59905
    -68.495        2   -44.59914
    -68.345        2   -44.59921
    -68.195        2   -44.59927
    -68.045        2   -44.59933
    -67.895        2   -44.59938
    -67.745        2   -44.59945
    -67.595        2   -44.59956
    -67.445        2   -44.59981
    -67.295        2   -44.60088
    -67.145        2   -44.60367
    -66.995        2   -44.60680
    -66.845        2   -44.82882
    -66.695        2   -45.38694
    -66.545        2   -46.20270
    -66.395        2   -47.23221
    -66.245        2   -48.44861
    -66.095        2   -49.78572
    -65.945        2   -51.22874
    -65.795        2   -52.70824
    -65.645        2   -54.20718
    -65.495        2   -55.72068
    -65.345        2   -57.17685
    -65.195        2   -58.55511
    -65.045        2   -59.88992
    -64.895        2   -61.15021
    -64.745        2   -62.33345
    -64.595        2   -63.42820
    -64.445        2   -64.44959
    -64.295        2   -65.38681
    -64.145        2   -66.26860
    -63.995        2   -67.06666
    -63.845        2   -67.78388
    -63.695        2   -68.46099
    -63.545        2   -69.05789
    -63.395        2   -69.58947
    -63.245        2   -70.08153
    -63.095        2   -70.52730
    -62.945        2   -70.94546
    -62.795        2   -71.31962
    -62.645        2   -71.65785
    -62.495        2   -71.96571
    -62.345        2   -72.25913
    -62.195        2   -72.51847
    -62.045        2   -72.75788
    -61.895        2   -72.97497
    -61.745        2   -73.18140
    -61.595        2   -73.35839
    -61.445        2   -73.52514
    -61.295        2   -73.69215
    -61.145        2   -73.84529
    -60.995        2   -73.99054
    -60.845        2   -74.11821
    -60.695        2   -74.24184
    -60.545        2   -74.35429
    -60.395        2   -74.46593
    -60.245        2   -74.56987
    -60.095        2   -74.66688
    -59.945        2   -74.75372
    -59.795        2   -74.83986
    -59.645        2   -74.92289
    -59.495        2   -74.99832
    -59.345        2   -75.07143
    -59.195        2   -75.14246
    -59.045        2   -75.21312
    -58.895        2   -75.27124
    -58.745        2   -75.33166
    -58.595        2   -75.38682
    -58.445        2   -75.43479
    -58.295        2   -75.48632
    -58.145        2   -75.53205
    -57.995        2   -75.57407
    -57.845        2   -75.61865
    -57.695        2   -75.65862
    -57.545        2   -75.69400
    -57.395        2   -75.73223
    -57.245        2   -75.76920
    -57.095        2   -75.80265
    -56.945        2   -75.83472
    -56.795        2   -75.86138
    -56.645        2   -75.88995
    -56.495        2   -75.91557
    -56.345        2   -75.94204
    -56.195        2   -75.96393
    -56.045        2   -75.98694
    -55.895        2   -76.00918
    -55.745        2   -76.03021
    -55.595        2   -76.05145
    -55.445        2   -76.07001
    -55.295        2   -76.08940
    -55.145        2   -76.10818
    -54.995        2   -76.12515
    -54.845        2   -76.14031
    -54.695        2   -76.15636
    -54.545        2   -76.17067
    -54.395        2   -76.18491
    -54.245        2   -76.19804
    -54.095        2   -76.20975
    -53.945        2   -76.22244
    -53.795        2   -76.23506
    -53.645        2   -76.24639
    -53.495        2   -76.25643
    -53.345        2   -76.26645
    -53.195        2   -76.27501
    -53.045        2   -76.28578
    -52.895        2   -76.29386
    -52.745        2   -76.30293
    -52.595        2   -76.31189
    -52.445        2   -76.31916
    -52.295        2   -76.32697
    -52.145        2   -76.33344
    -51.995        2   -76.33988
    -51.845        2   -76.34698
    -51.695        2   -76.35328
    -51.545        2   -76.35930
    -51.395        2   -76.36486
    -51.245        2   -76.37157
    -51.095        2   -76.37667
    -50.945        2   -76.38316
    -50.795        2   -76.55762
    -50.645        2   -76.86985
    -50.495        2   -77.23515
    -50.345        2   -77.62355
    -50.195        2   -78.05236
    -50.045        2   -78.54762
    -49.895        2   -79.08906
    -49.745        2   -79.61446
    -49.595        2   -80.12348
    -49.445        2   -80.60288
    -49.295        2   -81.06683
    -49.145        2   -81.51776
    -48.995        2   -81.94652
    -48.845        2   -82.36294
    -48.695        2   -82.74865
    -48.545        2   -83.10883
    -48.395        2   -83.45047
    -48.245        2   -83.76980
    -48.095        2   -84.07814
    -47.945        2   -84.37310
    -47.795        2   -84.65895
    -47.645        2   -84.91489
    -47.495        2   -85.15807
    -47.345        2   -85.39555
    -47.195        2   -85.61982
    -47.045        2   -85.82719
    -46.895        2   -86.03299
    -46.745        2   -86.22711
    -46.595        2   -86.41957
    -46.445        2   -86.59794
    -46.295        2   -86.75891
    -46.145        2   -86.91947
    -45.995        2   -87.07014
    -45.845        2   -87.21090
    -45.695        2   -87.35580
    -45.545        2   -87.48778
    -45.395        2   -87.61653
    -45.245        2   -87.73601
    -45.095        2   -87.84922
    -44.945        2   -87.95959
    -44.795        2   -88.06892
    -44.645        2   -88.16990
    -44.495        2   -88.26656
    -44.345        2   -88.35616
    -44.195        2   -88.44486
    -44.045        2   -88.53144
    -43.895        2   -88.62099
    -43.745        2   -88.70089
    -43.595        2   -88.77816
    -43.445        2   -88.85010
    -43.295        2   -88.92129
    -43.145        2   -88.98988
    -42.995        2   -89.05806
    -42.845        2   -89.11959
    -42.695        2   -89.18267
    -42.545        2   -89.24249
    -42.395        2   -89.30335
    -42.245        2   -89.36292
    -42.095        2   -89.42296
    -41.945        2   -89.47368
    -41.795        2   -89.52813
    -41.645        2   -89.58434
    -41.495        2   -89.63586
    -41.345        2   -89.68603
    -41.195        2   -89.73422
    -41.045        2   -89.78366
    -40.895        2   -89.83650
    -40.745        2   -89.89633
    -40.595        2   -89.95964
    -40.445        2   -90.02867
    -40.295        2   -90.10039
    -40.145        2   -90.18212
    -39.995        2   -90.26621
    -39.845        2   -90.36166
    -39.695        2   -90.46444
    -39.545        2   -90.57104
    -39.395        2   -90.67525
    -39.245        2   -90.78505
    -39.095        2   -90.90277
    -38.945        2   -91.02766
    -38.795        2   -91.15698
    -38.645        2   -91.29016
    -38.495        2   -91.42318
    -38.345        2   -91.56380
    -38.195        2   -91.70264
    -38.045        2   -91.84178
    -37.895        2   -91.97992
    -37.745        2   -92.11837
    -37.595        2   -92.25123
    -37.445        2   -92.37967
    -37.295        2   -92.50673
    -37.145        2   -92.64081
    -36.995        2   -92.77148
    -36.845        2   -92.89498
    -36.695        2   -93.02131
    -36.545        2   -93.14558
    -36.395        2   -93.26583
    -36.245        2   -93.38437
    -36.095        2   -93.50083
    -35.945        2   -93.61073
    -35.795        2   -93.71626
    -35.645        2   -93.82234
    -35.495        2   -93.92063
    -35.345        2   -94.01642
    -35.195        2   -94.11239
    -35.045        2   -94.20042
    -34.895        2   -94.29046
    -34.745        2   -94.37297
    -34.595        2   -94.45876
    -34.445        2   -94.54265
    -34.295        2   -94.62271
    -34.145        2   -94.70174
    -33.995        2   -94.77736
    -33.845        2   -94.85286
    -33.695        2   -94.92687
    -33.545        2   -94.99565
    -33.395        2   -95.06414
    -33.245        2   -95.13148
    -33.095        2   -95.19781
    -32.945        2   -95.26216
    -32.795        2   -95.32383
    -32.645        2   -95.38651
    -32.495        2   -95.44762
    -32.345        2   -95.50536
    -32.195        2   -95.56678
    -32.045        2   -95.62708
    -31.895        2   -95.68393
    -31.745        2   -95.74351
    -31.595        2   -95.80183
    -31.445        2   -95.85933
    -31.295        2   -95.91704
    -31.145        2   -95.97488
    -30.995        2   -96.03108
    -30.845        2   -96.08322
    -30.695        2   -96.13701
    -30.545        2   -96.19281
    -30.395        2   -96.24446
    -30.245        2   -96.29934
    -30.095        2   -96.35644
    -29.945        2   -96.40896
    -29.795        2   -96.46437
    -29.645        2   -96.52164
    -29.495        2   -96.57741
    -29.345        2   -96.63141
    -29.195        2   -96.68583
    -29.045        2   -96.74080
    -28.895        2   -96.79640
    -28.745        2   -96.85240
    -28.595        2   -96.90784
    -28.445        2   -96.96177
    -28.295        2   -97.01736
    -28.145        2   -97.07562
    -27.995        2   -97.12959
    -27.845        2   -97.18365
    -27.695        2   -97.23941
    -27.545        2   -97.29740
    -27.395        2   -97.35520
    -27.245        2   -97.41126
    -27.095        2   -97.46692
    -26.945        2   -97.52588
    -26.795        2   -97.58573
    -26.645        2   -97.64534
    -26.495        2   -97.70315
    -26.345        2   -97.76121
    -26.195        2   -97.82013
    -26.045        2   -97.87707
    -25.895        2   -97.93367
    -25.745        2   -97.99407
    -25.595        2   -98.05349
    -25.445        2   -98.11171
    -25.295        2   -98.17063
    -25.145        2   -98.22814
    -24.995        2   -98.28778
    -24.845        2   -98.34991
    -24.695        2   -98.41021
    -24.545        2   -98.47272
    -24.395        2   -98.53660
    -24.245        2   -98.59834
    -24.095        2   -98.66207
    -23.945        2   -98.72199
    -23.795        2   -98.78305
    -23.645        2   -98.84316
    -23.495        2   -98.90427
    -23.345        2   -98.96496
    -23.195        2   -99.02587
    -23.045        2   -99.08384
    -22.895        2   -99.14070
    -22.745        2   -99.20104
    -22.595        2   -99.26285
    -22.445        2   -99.32436
    -22.295        2   -99.38808
    -22.145        2   -99.44671
    -21.995        2   -99.50787
    -21.845        2   -99.57051
    -21.695        2   -99.63228
    -21.545        2   -99.69658
    -21.395        2   -99.75583
    -21.245        2   -99.81896
    -21.095        2   -99.88116
    -20.945        2   -99.94428
    -20.795        2  -100.00846
    -20.645        2  -100.06996
    -20.495        2  -100.13528
    -20.345        2  -100.19798
    -20.195        2  -100.26102
    -20.045        2  -100.32354
    -19.895        2  -100.38514
    -19.745        2  -100.44740
    -19.595        2  -100.51116
    -19.445        2  -100.57902
    -19.295        2  -100.64342
    -19.145        2  -100.70783
    -18.995        2  -100.77781
    -18.845        2  -100.84845
    -18.695        2  -100.91558
    -18.545        2  -100.98294
    -18.395        2  -101.05364
    -18.245        2  -101.12333
    -18.095        2  -101.19530
    -17.945        2  -101.27060
    -17.795        2  -101.34299
    -17.645        2  -101.41734
    -17.495        2  -101.49240
    -17.345        2  -101.57025
    -17.195        2  -101.64679
    -17.045        2  -101.72780
    -16.895        2  -101.80824
    -16.745        2  -101.89218
    -16.595        2  -101.97950
    -16.445        2  -102.06557
    -16.295        2  -102.15359
    -16.145        2  -102.24472
    -15.995        2  -102.33601
    -15.845        2  -102.43014
    -15.695        2  -102.52608
    -15.545        2  -102.62070
    -15.395        2  -102.71870
    -15.245        2  -102.81798
    -15.095        2  -102.91841
    -14.945        2  -103.01924
    -14.795        2  -103.12159
    -14.645        2  -103.22583
    -14.495        2  -103.33141
    -14.345        2  -103.43504
    -14.195        2  -103.54073
    -14.045        2  -103.64869
    -13.895        2  -103.75444
    -13.745        2  -103.86312
    -13.595        2  -103.96997
    -13.445        2  -104.07790
    -13.295        2  -104.18768
    -13.145        2  -104.29946
    -12.995        2  -104.41375
    -12.845        2  -104.52631
    -12.695        2  -104.63930
    -12.545        2  -104.75067
    -12.395        2  -104.86427
    -12.245        2  -104.98234
    -12.095        2  -105.09912
    -11.945        2  -105.21620
    -11.795        2  -105.33515
    -11.645        2  -105.45626
    -11.495        2  -105.57921
    -11.345        2  -105.70136
    -11.195        2  -105.82625
    -11.045        2  -105.95159
    -10.895        2  -106.08157
    -10.745        2  -106.21178
    -10.595        2  -106.34662
    -10.445        2  -106.48145
    -10.295        2  -106.61943
    -10.145        2  -106.75989
    -9.9950        2  -106.90274
    -9.8450        2  -107.04736
    -9.6950        2  -107.19188
    -9.5450        2  -107.34373
    -9.3950        2  -107.49582
    -9.2450        2  -107.64909
    -9.0950        2  -107.80485
    -8.9450        2  -107.96558
    -8.7950        2  -108.12852
    -8.6450        2  -108.29372
    -8.4950        2  -108.46461
    -8.3450        2  -108.63586
    -8.1950        2  -108.81507
    -8.0450        2  -108.99783
    -7.8950        2  -109.18434
    -7.7450        2  -109.37471
    -7.5950        2  -109.57245
    -7.4450        2  -109.77133
    -7.2950        2  -109.97610
    -7.1450        2  -110.18820
    -6.9950        2  -110.40195
    -6.8450        2  -110.62010
    -6.6950        2  -110.84301
    -6.5450        2  -111.07270
    -6.3950        2  -111.30628
    -6.2450        2  -111.54975
    -6.0950        2  -111.80177
    -5.9450        2  -112.05806
    -5.7950        2  -112.32318
    -5.6450        2  -112.59674
    -5.4950        2  -112.87923
    -5.3450        2  -113.16951
    -5.1950        2  -113.47095
    -5.0450        2  -113.78005
    -4.8950        2  -114.09779
    -4.7450        2  -114.42825
    -4.5950        2  -114.76932
    -4.4450        2  -115.12127
    -4.2950        2  -115.48650
    -4.1450        2  -115.86309
    -3.9950        2  -116.25703
    -3.8450        2  -116.66733
    -3.6950        2  -117.09443
    -3.5450        2  -117.54493
    -3.3950        2  -118.01308
    -3.2450        2  -118.50639
    -3.0950        2  -119.02670
    -2.9450        2  -119.57557
    -2.7950        2  -120.15644
    -2.6450        2  -120.77188
    -2.4950        2  -121.42739
    -2.3450        2  -122.12412
    -2.1950        2  -122.86562
    -2.0450        2  -123.65798
    -1.8950        2  -124.50879
    -1.7450        2  -125.42644
    -1.5950        2  -126.41767
    -1.4450        2  -127.49664
    -1.2950        2  -128.67934
    -1.1450        2  -129.98259
   -0.99500        2  -131.43150
   -0.84500        2  -133.06416
   -0.69500        2  -134.96267
   -0.54500        2  -137.32048
   -0.39500        2  -140.11771
   -0.25300        2  -142.05227
   -0.21500        2  -142.17299
   -0.20900        2  -142.29340
   -0.20300        2  -142.41356
   -0.19700        2  -142.53325
   -0.19100        2  -142.65266
   -0.18500        2  -142.77129
   -0.17900        2  -142.88973
   -0.17300        2  -143.00717
   -0.16700        2  -143.12354
   -0.16100        2  -143.23866
   -0.15500        2  -143.35078
   -0.14900        2  -143.46061
   -0.14300        2  -143.56869
   -0.13700        2  -143.67464
   -0.13100        2  -143.77843
   -0.12500        2  -143.88017
   -0.11900        2  -143.97947
   -0.11300        2  -144.07625
   -0.10700        2  -144.17041
   -0.10100        2  -144.26185
   -0.95000E-01    2  -144.35016
   -0.89000E-01    2  -144.43523
   -0.83000E-01    2  -144.51671
   -0.77000E-01    2  -144.59440
   -0.71000E-01    2  -144.66834
   -0.65000E-01    2  -144.73810
   -0.59000E-01    2  -144.80358
   -0.53000E-01    2  -144.86425
   -0.47000E-01    2  -144.91977
   -0.41000E-01    2  -144.96964
   -0.35000E-01    2  -145.01368
   -0.29000E-01    2  -145.05141
   -0.23000E-01    2  -145.08240
   -0.19700E-01    2  -145.08512
   -0.19100E-01    2  -145.08776
   -0.18500E-01    2  -145.09032
   -0.17900E-01    2  -145.09281
   -0.17300E-01    2  -145.09522
   -0.16700E-01    2  -145.09756
   -0.16100E-01    2  -145.09983
   -0.15500E-01    2  -145.10202
   -0.14900E-01    2  -145.10413
   -0.14300E-01    2  -145.10616
   -0.13700E-01    2  -145.10812
   -0.13100E-01    2  -145.10999
   -0.12500E-01    2  -145.11179
   -0.11900E-01    2  -145.11351
   -0.11300E-01    2  -145.11515
   -0.10700E-01    2  -145.11672
   -0.10100E-01    2  -145.11819
   -0.95000E-02    2  -145.11958
   -0.89000E-02    2  -145.12089
   -0.83000E-02    2  -145.12212
   -0.77000E-02    2  -145.12327
   -0.71000E-02    2  -145.12432
   -0.65000E-02    2  -145.12530
   -0.59000E-02    2  -145.12618
   -0.53000E-02    2  -145.12699
   -0.47000E-02    2  -145.12770
   -0.41000E-02    2  -145.12832
   -0.35000E-02    2  -145.12886
   -0.29000E-02    2  -145.12931
   -0.23000E-02    2  -145.12966
   -0.17000E-02    2  -145.12993
   -0.11000E-02    2  -145.13010
   -0.50000E-03    2  -145.13018
    0.10000E-03    2  -145.13017
    0.70000E-03    2  -145.13007
    0.13000E-02    2  -145.12986
    0.19000E-02    2  -145.12957
    0.25000E-02    2  -145.12918
    0.31000E-02    2  -145.12868
    0.37000E-02    2  -145.12810
    0.43000E-02    2  -145.12741
    0.49000E-02    2  -145.12662
    0.55000E-02    2  -145.12573
    0.61000E-02    2  -145.12473
    0.67000E-02    2  -145.12364
    0.73000E-02    2  -145.12244
    0.79000E-02    2  -145.12114
    0.85000E-02    2  -145.11974
    0.91000E-02    2  -145.11822
    0.97000E-02    2  -145.11661
    0.10300E-01    2  -145.11488
    0.10900E-01    2  -145.11303
    0.11500E-01    2  -145.11108
    0.12100E-01    2  -145.10901
    0.12700E-01    2  -145.10684
    0.13300E-01    2  -145.10456
    0.13900E-01    2  -145.10215
    0.14500E-01    2  -145.09964
    0.15100E-01    2  -145.09701
    0.15700E-01    2  -145.09426
    0.16300E-01    2  -145.09138
    0.16900E-01    2  -145.08839
    0.17500E-01    2  -145.08529
    0.18100E-01    2  -145.08206
    0.18700E-01    2  -145.07869
    0.19300E-01    2  -145.07522
    0.20200E-01    2  -145.06043
    0.25000E-01    2  -145.01322
    0.31000E-01    2  -144.95161
    0.37000E-01    2  -144.87384
    0.43000E-01    2  -144.77798
    0.49000E-01    2  -144.66177
    0.55000E-01    2  -144.52102
    0.61000E-01    2  -144.35925
    0.67000E-01    2  -144.17633
    0.73000E-01    2  -143.97179
    0.79000E-01    2  -143.74482
    0.85000E-01    2  -143.49377
    0.91000E-01    2  -143.21794
    0.97000E-01    2  -142.91675
    0.10300        2  -142.58907
    0.10900        2  -142.23416
    0.11500        2  -141.85138
    0.12100        2  -141.43921
    0.12700        2  -140.99656
    0.13300        2  -140.52220
    0.13900        2  -140.01525
    0.14500        2  -139.47576
    0.15100        2  -138.90252
    0.15700        2  -138.29469
    0.16300        2  -137.65163
    0.16900        2  -136.97279
    0.17500        2  -136.25678
    0.18100        2  -135.50469
    0.18700        2  -134.71698
    0.19300        2  -133.89142
    0.19900        2  -133.02713
    0.20500        2  -132.12400
    0.21100        2  -131.17896
    0.21700        2  -130.17745
    0.29500        2  -103.64393
    0.44500        2   -87.22628
    0.59500        2   -77.45656
    0.74500        2   -70.63838
    0.89500        2   -65.44817
     1.0450        2   -61.24133
     1.1950        2   -57.68614
     1.3450        2   -54.60739
     1.4950        2   -51.96908
     1.6450        2   -49.71363
     1.7950        2   -47.75098
     1.9450        2   -46.05256
     2.0950        2   -44.64830
     2.2450        2   -43.42406
     2.3950        2   -42.33566
     2.5450        2   -41.35951
     2.6950        2   -40.47414
     2.8450        2   -39.66279
     2.9950        2   -38.91860
     3.1450        2   -38.23177
     3.2950        2   -37.59236
     3.4450        2   -36.99620
     3.5950        2   -36.44125
     3.7450        2   -35.92442
     3.8950        2   -35.44070
     4.0450        2   -34.99079
     4.1950        2   -34.57017
     4.3450        2   -34.17249
     4.4950        2   -33.80028
     4.6450        2   -33.44776
     4.7950        2   -33.12210
     4.9450        2   -32.81679
     5.0950        2   -32.53246
     5.2450        2   -32.27170
     5.3950        2   -32.02278
     5.5450        2   -31.79865
     5.6950        2   -31.58950
     5.8450        2   -31.40151
     5.9950        2   -31.23050
     6.1450        2   -31.07900
     6.2950        2   -30.93766
     6.4450        2   -30.81235
     6.5950        2   -30.70492
     6.7450        2   -30.60636
     6.8950        2   -30.51802
     7.0450        2   -30.43985
     7.1950        2   -30.37145
     7.3450        2   -30.31268
     7.4950        2   -30.25596
     7.6450        2   -30.20488
     7.7950        2   -30.15636
     7.9450        2   -30.11560
     8.0950        2   -30.08010
     8.2450        2   -30.04269
     8.3950        2   -30.01500
     8.5450        2   -29.98784
     8.6950        2   -29.96284
     8.8450        2   -29.94054
     8.9950        2   -29.92049
     9.1450        2   -29.89910
     9.2950        2   -29.88138
     9.4450        2   -29.86517
     9.5950        2   -29.85345
     9.7450        2   -29.83983
     9.8950        2   -29.82702
     10.045        2   -29.81502
     10.195        2   -29.80632
     10.345        2   -29.79704
     10.495        2   -29.78895
     10.645        2   -29.78323
     10.795        2   -29.77808
     10.945        2   -29.77310
     11.095        2   -29.76879
     11.245        2   -29.76356
     11.395        2   -29.75978
     11.545        2   -29.75672
     11.695        2   -29.75267
     11.845        2   -29.74916
     11.995        2   -29.74677
     12.145        2   -29.74302
     12.295        2   -29.74024
     12.445        2   -29.73752
     12.595        2   -29.73524
     12.745        2   -29.73271
     12.895        2   -29.73034
     13.045        2   -29.72803
     13.195        2   -29.72605
     13.345        2   -29.72355
     13.495        2   -29.72104
     13.645        2   -29.71966
     13.795        2   -29.71840
     13.945        2   -29.71661
     14.095        2   -29.71524
     14.245        2   -29.71389
     14.395        2   -29.71230
     14.545        2   -29.71084
     14.695        2   -29.70938
     14.845        2   -29.70771
     14.995        2   -29.70624
     15.145        2   -29.70567
     15.295        2   -29.70482
     15.445        2   -29.70287
     15.595        2   -29.70230
     15.745        2   -29.70031
     15.895        2   -29.69894
     16.045        2   -29.69760
     16.195        2   -29.69673
     16.345        2   -29.69579
     16.495        2   -29.69481
     16.645        2   -29.69403
     16.795        2   -29.69307
     16.945        2   -29.69223
     17.095        2   -29.69173
     17.245        2   -29.69089
     17.395        2   -29.68980
     17.545        2   -29.68923
     17.695        2   -29.68874
     17.845        2   -29.68833
     17.995        2   -29.68756
     18.145        2   -29.68682
     18.295        2   -29.68586
     18.445        2   -29.68513
     18.595        2   -29.68465
     18.745        2   -29.68406
     18.895        2   -29.68366
     19.045        2   -29.68331
     19.195        2   -29.68201
     19.345        2   -29.68119
     19.495        2   -29.67985
     19.645        2   -29.67915
     19.795        2   -29.67784
     19.945        2   -29.67733
     20.095        2   -29.67682
     21.836        2   -29.65452
     30.068        2   -29.63393
     42.097        2   -29.61895
     58.937        2   -29.60916
     82.515        2   -29.60367
     115.53        2   -29.60204
     161.74        2   -29.60444
     226.45        2   -29.60772
     317.04        2   -29.61290
     443.87        2   -29.61867
     621.44        2   -29.62348
     870.05        2   -29.62764
     1218.1        2   -29.63504
     1705.4        2   -29.64253
     2387.7        2   -29.64884
     3342.9        2   -29.65794
     4680.2        2   -29.66601
     6552.5        2   -29.67289
     9173.8        2   -29.67809
     12844.        2   -29.68585
     17982.        2   -29.69391
     25176.        2   -29.70172
     35247.        2   -29.70871
     49348.        2   -29.71649
     69090.        2   -29.72414
     96729.        2   -29.73338
    0.13543E+06    2   -29.74154
    0.18960E+06    2   -29.75057
    0.26545E+06    2   -29.75824
    0.37165E+06    2   -29.76705
    0.52033E+06    2   -29.77361
    0.72849E+06    2   -29.78128
    0.10199E+07    2   -29.79023
    0.14279E+07    2   -29.79807
    0.19992E+07    2   -29.80537
    0.27990E+07    2   -29.81362
    0.39187E+07    2   -29.82227
    0.54864E+07    2   -29.83067
    0.76812E+07    2   -29.83836
    0.10754E+08    2   -29.84574
    0.15056E+08    2   -29.85154
    0.21080E+08    2   -29.85870
    0.29513E+08    2   -29.86535
    0.41319E+08    2   -29.87089
    0.57849E+08    2   -29.87588
    0.80991E+08    2   -29.88130
    0.11339E+09    2   -29.88619
    0.15875E+09    2   -29.89095
    0.22226E+09    2   -29.89521
    0.31118E+09    2   -29.89839
    0.43567E+09    2   -29.90134
    0.60996E+09    2   -29.90462
    0.85398E+09    2   -29.90812
    0.11956E+10    2   -29.91084
    0.16739E+10    2   -29.91342
    0.23436E+10    2   -29.91639
    0.32811E+10    2   -29.91884
    0.45937E+10    2   -29.92096
    0.64315E+10    2   -29.92296
    0.90044E+10    2   -29.92427
    0.12607E+11    2   -29.92585
    0.17650E+11    2   -29.92665
    0.24711E+11    2   -29.92785
    0.34596E+11    2   -29.92962
    0.48437E+11    2   -29.93054
    0.67814E+11    2   -29.93220
    0.10000E+12    2   -29.94362
    -29.945        3     0.00000
    -29.795        3     0.00000
    -29.645        3     0.00000
    -29.495        3     0.00000
    -29.345        3     0.00000
    -29.195        3     0.00000
    -29.045        3     0.00000
    -28.895        3     0.00000
    -28.745        3     0.00000
    -28.595        3     0.00000
    -28.445        3     0.00000
    -28.295        3     0.00000
    -28.145        3     0.00000
    -27.995        3     0.00000
    -27.845        3     0.00000
    -27.695        3     0.00000
    -27.545        3     0.00000
    -27.395        3     0.00000
    -27.245        3     0.00000
    -27.095        3     0.00000
    -26.945        3     0.00000
    -26.795        3     0.00000
    -26.645        3     0.00000
    -26.495        3     0.00000
    -26.345        3     0.00000
    -26.195        3     0.00000
    -26.045        3     0.00000
    -25.895        3     0.00000
    -25.745        3     0.00000
    -25.595        3     0.00000
    -25.445        3     0.00000
    -25.295        3     0.00000
    -25.145        3     0.00000
    -24.995        3     0.00000
    -24.845        3     0.00000
    -24.695        3     0.00000
    -24.545        3     0.00000
    -24.395        3     0.00000
    -24.245        3     0.00000
    -24.095        3     0.00000
    -23.945        3     0.00000
    -23.795        3     0.00000
    -23.645        3     0.00000
    -23.495        3     0.00000
    -23.345        3     0.00000
    -23.195        3     0.00000
    -23.045        3     0.00000
    -22.895        3     0.00000
    -22.745        3     0.00000
    -22.595        3     0.00000
    -22.445        3     0.00000
    -22.295        3     0.00000
    -22.145        3     0.00000
    -21.995        3     0.00000
    -21.845        3     0.00000
    -21.695        3     0.00000
    -21.545        3     0.00000
    -21.395        3     0.00000
    -21.245        3     0.00000
    -21.095        3     0.00000
    -20.945        3     0.00000
    -20.795        3     0.00000
    -20.645        3     0.00000
    -20.495        3     0.00000
    -20.345        3     0.00000
    -20.195        3     0.00000
    -20.045        3     0.00000
    -19.895        3     0.00000
    -19.745        3     0.00000
    -19.595        3     0.00000
    -19.445        3     0.00000
    -19.295        3     0.00000
    -19.145        3     0.00000
    -18.995        3     0.00000
    -18.845        3     0.00000
    -18.695        3     0.00000
    -18.545        3     0.00000
    -18.395        3     0.00000
    -18.245        3     0.00000
    -18.095        3     0.00000
    -17.945        3     0.00000
    -17.795        3    -0.00000
    -17.645        3    -0.00000
    -17.495        3     0.00000
    -17.345        3     0.00000
    -17.195        3     0.00000
    -17.045        3     0.00001
    -16.895        3     0.00001
    -16.745        3     0.00002
    -16.595        3     0.00002
    -16.445        3     0.00001
    -16.295        3     0.00002
    -16.145        3     0.00003
    -15.995        3     0.00004
    -15.845        3     0.00005
    -15.695        3     0.00007
    -15.545        3     0.00010
    -15.395        3     0.00012
    -15.245        3     0.00014
    -15.095        3     0.00017
    -14.945        3     0.00021
    -14.795        3     0.00026
    -14.645        3     0.00031
    -14.495        3     0.00036
    -14.345        3     0.00044
    -14.195        3     0.00050
    -14.045        3     0.00058
    -13.895        3     0.00055
    -13.745        3     0.00058
    -13.595        3     0.00004
    -13.445        3    -0.01073
    -13.295        3    -0.06570
    -13.145        3    -0.19871
    -12.995        3    -0.41076
    -12.845        3    -0.68724
    -12.695        3    -1.01479
    -12.545        3    -1.40729
    -12.395        3    -1.87231
    -12.245        3    -2.39971
    -12.095        3    -3.00112
    -11.945        3    -3.65407
    -11.795        3    -4.34865
    -11.645        3    -5.07688
    -11.495        3    -5.81207
    -11.345        3    -6.55952
    -11.195        3    -7.29907
    -11.045        3    -8.03762
    -10.895        3    -8.76695
    -10.745        3    -9.50333
    -10.595        3   -10.25078
    -10.445        3   -11.01640
    -10.295        3   -11.80264
    -10.145        3   -12.62448
    -9.9950        3   -13.49061
    -9.8450        3   -14.39581
    -9.6950        3   -15.34233
    -9.5450        3   -16.32470
    -9.3950        3   -17.32859
    -9.2450        3   -18.35885
    -9.0950        3   -19.40670
    -8.9450        3   -20.47065
    -8.7950        3   -21.54157
    -8.6450        3   -22.63066
    -8.4950        3   -23.72911
    -8.3450        3   -24.84121
    -8.1950        3   -25.97584
    -8.0450        3   -27.11500
    -7.8950        3   -28.29290
    -7.7450        3   -29.51167
    -7.5950        3   -30.77433
    -7.4450        3   -32.08257
    -7.2950        3   -33.45360
    -7.1450        3   -34.86882
    -6.9950        3   -36.36030
    -6.8450        3   -37.92058
    -6.6950        3   -39.55554
    -6.5450        3   -41.26671
    -6.3950        3   -43.04044
    -6.2450        3   -44.88250
    -6.0950        3   -46.80339
    -5.9450        3   -48.79310
    -5.7950        3   -50.83718
    -5.6450        3   -52.91157
    -5.4950        3   -54.99109
    -5.3450        3   -57.07700
    -5.1950        3   -59.14799
    -5.0450        3   -61.19932
    -4.8950        3   -63.22082
    -4.7450        3   -65.22118
    -4.5950        3   -67.19945
    -4.4450        3   -69.17750
    -4.2950        3   -71.16499
    -4.1450        3   -73.17894
    -3.9950        3   -75.25256
    -3.8450        3   -77.39989
    -3.6950        3   -79.66277
    -3.5450        3   -82.04716
    -3.3950        3   -84.57398
    -3.2450        3   -87.24608
    -3.0950        3   -90.06731
    -2.9450        3   -93.06080
    -2.7950        3   -96.23857
    -2.6450        3   -99.61898
    -2.4950        3  -103.24667
    -2.3450        3  -107.17583
    -2.1950        3  -111.50586
    -2.0450        3  -116.33371
    -1.8950        3  -121.79793
    -1.7450        3  -128.06625
    -1.5950        3  -135.23772
    -1.4450        3  -143.33117
    -1.2950        3  -152.31711
    -1.1450        3  -162.07438
   -0.99500        3  -172.49634
   -0.84500        3  -183.48153
   -0.69500        3  -195.08290
   -0.54500        3  -207.62907
   -0.39500        3  -222.14932
   -0.25300        3  -233.46671
   -0.21500        3  -234.24744
   -0.20900        3  -235.04029
   -0.20300        3  -235.84601
   -0.19700        3  -236.66449
   -0.19100        3  -237.49667
   -0.18500        3  -238.34391
   -0.17900        3  -239.20627
   -0.17300        3  -240.08426
   -0.16700        3  -240.98025
   -0.16100        3  -241.89356
   -0.15500        3  -242.82742
   -0.14900        3  -243.78058
   -0.14300        3  -244.75574
   -0.13700        3  -245.75524
   -0.13100        3  -246.78055
   -0.12500        3  -247.83298
   -0.11900        3  -248.91537
   -0.11300        3  -250.03105
   -0.10700        3  -251.18364
   -0.10100        3  -252.37674
   -0.95000E-01    3  -253.61509
   -0.89000E-01    3  -254.90733
   -0.83000E-01    3  -256.26125
   -0.77000E-01    3  -257.68674
   -0.71000E-01    3  -259.19608
   -0.65000E-01    3  -260.80442
   -0.59000E-01    3  -262.53170
   -0.53000E-01    3  -264.40732
   -0.47000E-01    3  -266.47302
   -0.41000E-01    3  -268.78698
   -0.35000E-01    3  -271.43459
   -0.29000E-01    3  -274.56056
   -0.23000E-01    3  -278.43767
   -0.19700E-01    3  -278.87853
   -0.19100E-01    3  -279.33208
   -0.18500E-01    3  -279.79876
   -0.17900E-01    3  -280.27965
   -0.17300E-01    3  -280.77534
   -0.16700E-01    3  -281.28712
   -0.16100E-01    3  -281.81612
   -0.15500E-01    3  -282.36373
   -0.14900E-01    3  -282.93072
   -0.14300E-01    3  -283.51805
   -0.13700E-01    3  -284.12688
   -0.13100E-01    3  -284.75838
   -0.12500E-01    3  -285.41423
   -0.11900E-01    3  -286.09649
   -0.11300E-01    3  -286.80530
   -0.10700E-01    3  -287.54093
   -0.10100E-01    3  -288.30321
   -0.95000E-02    3  -289.09257
   -0.89000E-02    3  -289.90983
   -0.83000E-02    3  -290.75452
   -0.77000E-02    3  -291.62483
   -0.71000E-02    3  -292.51968
   -0.65000E-02    3  -293.43868
   -0.59000E-02    3  -294.38150
   -0.53000E-02    3  -295.34201
   -0.47000E-02    3  -296.30719
   -0.41000E-02    3  -297.25897
   -0.35000E-02    3  -298.16356
   -0.29000E-02    3  -298.98000
   -0.23000E-02    3  -299.67319
   -0.17000E-02    3  -300.21322
   -0.11000E-02    3  -300.57703
   -0.50000E-03    3  -300.74934
    0.10000E-03    3  -300.72147
    0.70000E-03    3  -300.49233
    0.13000E-02    3  -300.07083
    0.19000E-02    3  -299.47711
    0.25000E-02    3  -298.73943
    0.31000E-02    3  -297.88968
    0.37000E-02    3  -296.96462
    0.43000E-02    3  -296.00632
    0.49000E-02    3  -295.04121
    0.55000E-02    3  -294.08595
    0.61000E-02    3  -293.15160
    0.67000E-02    3  -292.24100
    0.73000E-02    3  -291.35464
    0.79000E-02    3  -290.49313
    0.85000E-02    3  -289.65775
    0.91000E-02    3  -288.85000
    0.97000E-02    3  -288.06984
    0.10300E-01    3  -287.31662
    0.10900E-01    3  -286.59007
    0.11500E-01    3  -285.89025
    0.12100E-01    3  -285.21710
    0.12700E-01    3  -284.56984
    0.13300E-01    3  -283.94661
    0.13900E-01    3  -283.34557
    0.14500E-01    3  -282.76578
    0.15100E-01    3  -282.20596
    0.15700E-01    3  -281.66561
    0.16300E-01    3  -281.14348
    0.16900E-01    3  -280.63800
    0.17500E-01    3  -280.14806
    0.18100E-01    3  -279.67271
    0.18700E-01    3  -279.21107
    0.19300E-01    3  -278.76253
    0.20200E-01    3  -277.13263
    0.25000E-01    3  -273.55844
    0.31000E-01    3  -270.62616
    0.37000E-01    3  -268.11915
    0.43000E-01    3  -265.91942
    0.49000E-01    3  -263.95191
    0.55000E-01    3  -262.16779
    0.61000E-01    3  -260.53206
    0.67000E-01    3  -259.02082
    0.73000E-01    3  -257.61139
    0.79000E-01    3  -256.28843
    0.85000E-01    3  -255.04031
    0.91000E-01    3  -253.85781
    0.97000E-01    3  -252.73305
    0.10300        3  -251.66133
    0.10900        3  -250.63672
    0.11500        3  -249.65500
    0.12100        3  -248.71309
    0.12700        3  -247.80744
    0.13300        3  -246.93559
    0.13900        3  -246.09562
    0.14500        3  -245.28446
    0.15100        3  -244.50181
    0.15700        3  -243.74518
    0.16300        3  -243.01386
    0.16900        3  -242.30622
    0.17500        3  -241.62053
    0.18100        3  -240.95647
    0.18700        3  -240.31238
    0.19300        3  -239.68763
    0.19900        3  -239.08144
    0.20500        3  -238.49219
    0.21100        3  -237.91951
    0.21700        3  -237.36155
    0.29500        3  -226.51072
    0.44500        3  -219.96496
    0.59500        3  -215.26680
    0.74500        3  -211.51534
    0.89500        3  -208.32341
     1.0450        3  -205.49836
     1.1950        3  -202.93218
     1.3450        3  -200.55473
     1.4950        3  -198.33099
     1.6450        3  -196.22888
     1.7950        3  -194.23683
     1.9450        3  -192.33954
     2.0950        3  -190.52737
     2.2450        3  -188.79401
     2.3950        3  -187.13284
     2.5450        3  -185.54258
     2.6950        3  -184.01296
     2.8450        3  -182.53605
     2.9950        3  -181.10440
     3.1450        3  -179.70339
     3.2950        3  -178.33543
     3.4450        3  -176.99073
     3.5950        3  -175.66917
     3.7450        3  -174.36108
     3.8950        3  -173.06549
     4.0450        3  -171.77858
     4.1950        3  -170.50896
     4.3450        3  -169.24299
     4.4950        3  -167.98448
     4.6450        3  -166.73177
     4.7950        3  -165.48754
     4.9450        3  -164.25145
     5.0950        3  -163.02127
     5.2450        3  -161.80189
     5.3950        3  -160.59472
     5.5450        3  -159.39804
     5.6950        3  -158.20757
     5.8450        3  -157.03146
     5.9950        3  -155.86402
     6.1450        3  -154.71592
     6.2950        3  -153.57766
     6.4450        3  -152.44363
     6.5950        3  -151.31071
     6.7450        3  -150.18589
     6.8950        3  -149.07124
     7.0450        3  -147.94572
     7.1950        3  -146.82681
     7.3450        3  -145.71793
     7.4950        3  -144.59775
     7.6450        3  -143.49874
     7.7950        3  -142.39301
     7.9450        3  -141.30419
     8.0950        3  -140.23251
     8.2450        3  -139.18742
     8.3950        3  -138.17142
     8.5450        3  -137.19129
     8.6950        3  -136.24505
     8.8450        3  -135.33906
     8.9950        3  -134.48576
     9.1450        3  -133.66774
     9.2950        3  -132.91601
     9.4450        3  -132.20337
     9.5950        3  -131.54821
     9.7450        3  -130.94885
     9.8950        3  -130.40697
     10.045        3  -129.90904
     10.195        3  -129.45055
     10.345        3  -129.03695
     10.495        3  -128.66335
     10.645        3  -128.32960
     10.795        3  -128.02668
     10.945        3  -127.74654
     11.095        3  -127.48964
     11.245        3  -127.25021
     11.395        3  -127.02570
     11.545        3  -126.81418
     11.695        3  -126.61489
     11.845        3  -126.42532
     11.995        3  -126.24020
     12.145        3  -126.06090
     12.295        3  -125.88510
     12.445        3  -125.71499
     12.595        3  -125.55067
     12.745        3  -125.38719
     12.895        3  -125.22898
     13.045        3  -125.07241
     13.195        3  -124.91960
     13.345        3  -124.76789
     13.495        3  -124.61789
     13.645        3  -124.46975
     13.795        3  -124.32366
     13.945        3  -124.17883
     14.095        3  -124.03622
     14.245        3  -123.89582
     14.395        3  -123.75573
     14.545        3  -123.61640
     14.695        3  -123.48015
     14.845        3  -123.34424
     14.995        3  -123.21003
     15.145        3  -123.07820
     15.295        3  -122.94605
     15.445        3  -122.81539
     15.595        3  -122.68661
     15.745        3  -122.55863
     15.895        3  -122.43178
     16.045        3  -122.30687
     16.195        3  -122.18227
     16.345        3  -122.05827
     16.495        3  -121.93594
     16.645        3  -121.81450
     16.795        3  -121.69419
     16.945        3  -121.57542
     17.095        3  -121.45774
     17.245        3  -121.34109
     17.395        3  -121.22490
     17.545        3  -121.10935
     17.695        3  -120.99561
     17.845        3  -120.88238
     17.995        3  -120.77042
     18.145        3  -120.65856
     18.295        3  -120.54748
     18.445        3  -120.43813
     18.595        3  -120.32918
     18.745        3  -120.22143
     18.895        3  -120.11398
     19.045        3  -120.00730
     19.195        3  -119.90204
     19.345        3  -119.79710
     19.495        3  -119.69344
     19.645        3  -119.59002
     19.795        3  -119.48743
     19.945        3  -119.38563
     20.095        3  -119.28481
     21.836        3  -116.20868
     30.068        3  -111.62019
     42.097        3  -107.01931
     58.937        3  -102.42689
     82.515        3   -97.83251
     115.53        3   -93.25070
     161.74        3   -88.68626
     226.45        3   -84.15402
     317.04        3   -79.67238
     443.87        3   -75.23118
     621.44        3   -70.85160
     870.05        3   -66.53960
     1218.1        3   -62.30326
     1705.4        3   -58.15476
     2387.7        3   -54.09319
     3342.9        3   -50.12099
     4680.2        3   -46.24404
     6552.5        3   -42.46982
     9173.8        3   -38.80212
     12844.        3   -35.24223
     17982.        3   -31.79085
     25176.        3   -28.45206
     35247.        3   -25.23899
     49348.        3   -22.15549
     69090.        3   -19.20333
     96729.        3   -16.38284
    0.13543E+06    3   -13.69199
    0.18960E+06    3   -11.12914
    0.26545E+06    3    -8.68927
    0.37165E+06    3    -6.36460
    0.52033E+06    3    -4.15364
    0.72849E+06    3    -2.04926
    0.10199E+07    3    -0.04752
    0.14279E+07    3     1.85645
    0.19992E+07    3     3.66513
    0.27990E+07    3     5.38707
    0.39187E+07    3     7.02172
    0.54864E+07    3     8.57530
    0.76812E+07    3    10.05367
    0.10754E+08    3    11.45882
    0.15056E+08    3    12.79309
    0.21080E+08    3    14.06036
    0.29513E+08    3    15.26137
    0.41319E+08    3    16.39356
    0.57849E+08    3    17.45165
    0.80991E+08    3    18.43259
    0.11339E+09    3    19.34378
    0.15875E+09    3    20.19120
    0.22226E+09    3    20.98189
    0.31118E+09    3    21.72124
    0.43567E+09    3    22.41279
    0.60996E+09    3    23.04510
    0.85398E+09    3    23.61813
    0.11956E+10    3    24.14028
    0.16739E+10    3    24.62094
    0.23436E+10    3    25.06131
    0.32811E+10    3    25.46682
    0.45937E+10    3    25.83939
    0.64315E+10    3    26.18140
    0.90044E+10    3    26.49629
    0.12607E+11    3    26.78583
    0.17650E+11    3    27.05178
    0.24711E+11    3    27.29579
    0.34596E+11    3    27.52039
    0.48437E+11    3    27.72689
    0.67814E+11    3    27.91683
    0.10000E+12    3    30.08185
