    -29.945        1     0.00000
    -29.795        1     0.00000
    -29.645        1     0.00000
    -29.495        1     0.00000
    -29.345        1     0.00000
    -29.195        1     0.00000
    -29.045        1     0.00000
    -28.895        1     0.00000
    -28.745        1     0.00000
    -28.595        1     0.00000
    -28.445        1     0.00000
    -28.295        1     0.00000
    -28.145        1     0.00000
    -27.995        1     0.00000
    -27.845        1     0.00000
    -27.695        1     0.00000
    -27.545        1     0.00000
    -27.395        1     0.00000
    -27.245        1     0.00000
    -27.095        1     0.00000
    -26.945        1     0.00000
    -26.795        1     0.00000
    -26.645        1     0.00000
    -26.495        1     0.00000
    -26.345        1     0.00000
    -26.195        1     0.00000
    -26.045        1     0.00000
    -25.895        1     0.00000
    -25.745        1     0.00000
    -25.595        1     0.00000
    -25.445        1     0.00000
    -25.295        1     0.00000
    -25.145        1     0.00000
    -24.995        1     0.00000
    -24.845        1     0.00000
    -24.695        1     0.00000
    -24.545        1     0.00000
    -24.395        1     0.00000
    -24.245        1     0.00000
    -24.095        1     0.00000
    -23.945        1     0.00000
    -23.795        1     0.00000
    -23.645        1     0.00000
    -23.495        1     0.00000
    -23.345        1     0.00000
    -23.195        1     0.00000
    -23.045        1     0.00000
    -22.895        1     0.00000
    -22.745        1     0.00000
    -22.595        1     0.00000
    -22.445        1     0.00000
    -22.295        1     0.00000
    -22.145        1     0.00000
    -21.995        1     0.00000
    -21.845        1     0.00000
    -21.695        1     0.00000
    -21.545        1     0.00000
    -21.395        1     0.00000
    -21.245        1     0.00000
    -21.095        1     0.00000
    -20.945        1     0.00000
    -20.795        1     0.00000
    -20.645        1     0.00000
    -20.495        1     0.00000
    -20.345        1     0.00000
    -20.195        1     0.00000
    -20.045        1     0.00000
    -19.895        1     0.00000
    -19.745        1     0.00000
    -19.595        1     0.00000
    -19.445        1     0.00000
    -19.295        1     0.00000
    -19.145        1     0.00000
    -18.995        1     0.00000
    -18.845        1     0.00000
    -18.695        1     0.00000
    -18.545        1     0.00000
    -18.395        1     0.00000
    -18.245        1     0.00000
    -18.095        1     0.00000
    -17.945        1     0.00000
    -17.795        1     0.00000
    -17.645        1     0.00000
    -17.495        1     0.00000
    -17.345        1     0.00000
    -17.195        1     0.00000
    -17.045        1     0.00000
    -16.895        1     0.00000
    -16.745        1     0.00000
    -16.595        1     0.00000
    -16.445        1     0.00000
    -16.295        1     0.00000
    -16.145        1     0.00000
    -15.995        1     0.00000
    -15.845        1     0.00000
    -15.695        1     0.00000
    -15.545        1     0.00000
    -15.395        1     0.00000
    -15.245        1     0.00000
    -15.095        1     0.00000
    -14.945        1     0.00000
    -14.795        1     0.00000
    -14.645        1     0.00000
    -14.495        1     0.00000
    -14.345        1     0.00000
    -14.195        1     0.00000
    -14.045        1     0.00000
    -13.895        1     0.00000
    -13.745        1     0.00000
    -13.595        1     0.00000
    -13.445        1     0.00000
    -13.295        1     0.00000
    -13.145        1     0.00000
    -12.995        1     0.00000
    -12.845        1     0.00000
    -12.695        1     0.00000
    -12.545        1     0.00000
    -12.395        1     0.00000
    -12.245        1     0.00000
    -12.095        1     0.00000
    -11.945        1     0.00000
    -11.795        1     0.00000
    -11.645        1     0.00000
    -11.495        1     0.00000
    -11.345        1     0.00000
    -11.195        1     0.00000
    -11.045        1     0.00000
    -10.895        1     0.00000
    -10.745        1     0.00000
    -10.595        1     0.00000
    -10.445        1     0.00000
    -10.295        1     0.00000
    -10.145        1     0.00000
    -9.9950        1     0.00000
    -9.8450        1     0.00000
    -9.6950        1     0.00000
    -9.5450        1     0.00000
    -9.3950        1     0.00000
    -9.2450        1    -0.00393
    -9.0950        1    -0.02590
    -8.9450        1    -0.07713
    -8.7950        1    -0.16039
    -8.6450        1    -0.27915
    -8.4950        1    -0.45387
    -8.3450        1    -0.66394
    -8.1950        1    -0.89511
    -8.0450        1    -1.13616
    -7.8950        1    -1.38635
    -7.7450        1    -1.65662
    -7.5950        1    -1.93844
    -7.4450        1    -2.23412
    -7.2950        1    -2.54116
    -7.1450        1    -2.86570
    -6.9950        1    -3.20535
    -6.8450        1    -3.57248
    -6.6950        1    -3.95216
    -6.5450        1    -4.35599
    -6.3950        1    -4.77879
    -6.2450        1    -5.21594
    -6.0950        1    -5.67120
    -5.9450        1    -6.14310
    -5.7950        1    -6.63039
    -5.6450        1    -7.13811
    -5.4950        1    -7.68113
    -5.3450        1    -8.26303
    -5.1950        1    -8.86867
    -5.0450        1    -9.50831
    -4.8950        1   -10.17113
    -4.7450        1   -10.85843
    -4.5950        1   -11.57080
    -4.4450        1   -12.31987
    -4.2950        1   -13.09942
    -4.1450        1   -13.91774
    -3.9950        1   -14.77989
    -3.8450        1   -15.70711
    -3.6950        1   -16.69816
    -3.5450        1   -17.76035
    -3.3950        1   -18.91042
    -3.2450        1   -20.16470
    -3.0950        1   -21.51474
    -2.9450        1   -22.97510
    -2.7950        1   -24.56996
    -2.6450        1   -26.28908
    -2.4950        1   -28.15122
    -2.3450        1   -30.19285
    -2.1950        1   -32.44522
    -2.0450        1   -34.95683
    -1.8950        1   -37.78863
    -1.7450        1   -41.01728
    -1.5950        1   -44.76422
    -1.4450        1   -49.18452
    -1.2950        1   -54.51983
    -1.1450        1   -61.17637
   -0.99500        1   -69.86557
   -0.84500        1   -81.96768
   -0.69500        1  -100.48891
   -0.54500        1  -135.73133
   -0.39500        1  -219.28095
   -0.25300        1  -267.35271
   -0.21500        1  -269.20236
   -0.20900        1  -270.88105
   -0.20300        1  -272.39252
   -0.19700        1  -273.77507
   -0.19100        1  -275.04795
   -0.18500        1  -276.22182
   -0.17900        1  -277.30571
   -0.17300        1  -278.30817
   -0.16700        1  -279.23485
   -0.16100        1  -280.09288
   -0.15500        1  -280.88564
   -0.14900        1  -281.61772
   -0.14300        1  -282.29224
   -0.13700        1  -282.91362
   -0.13100        1  -283.48589
   -0.12500        1  -284.01210
   -0.11900        1  -284.49479
   -0.11300        1  -284.93739
   -0.10700        1  -285.34237
   -0.10100        1  -285.71107
   -0.95000E-01    1  -286.04621
   -0.89000E-01    1  -286.34955
   -0.83000E-01    1  -286.62310
   -0.77000E-01    1  -286.86829
   -0.71000E-01    1  -287.08723
   -0.65000E-01    1  -287.28078
   -0.59000E-01    1  -287.45069
   -0.53000E-01    1  -287.59821
   -0.47000E-01    1  -287.72449
   -0.41000E-01    1  -287.83091
   -0.35000E-01    1  -287.91844
   -0.29000E-01    1  -287.98834
   -0.23000E-01    1  -288.04168
   -0.19700E-01    1  -288.04617
   -0.19100E-01    1  -288.05051
   -0.18500E-01    1  -288.05469
   -0.17900E-01    1  -288.05872
   -0.17300E-01    1  -288.06259
   -0.16700E-01    1  -288.06631
   -0.16100E-01    1  -288.06989
   -0.15500E-01    1  -288.07333
   -0.14900E-01    1  -288.07662
   -0.14300E-01    1  -288.07977
   -0.13700E-01    1  -288.08278
   -0.13100E-01    1  -288.08564
   -0.12500E-01    1  -288.08837
   -0.11900E-01    1  -288.09096
   -0.11300E-01    1  -288.09339
   -0.10700E-01    1  -288.09570
   -0.10100E-01    1  -288.09787
   -0.95000E-02    1  -288.09990
   -0.89000E-02    1  -288.10177
   -0.83000E-02    1  -288.10351
   -0.77000E-02    1  -288.10511
   -0.71000E-02    1  -288.10657
   -0.65000E-02    1  -288.10790
   -0.59000E-02    1  -288.10910
   -0.53000E-02    1  -288.11017
   -0.47000E-02    1  -288.11111
   -0.41000E-02    1  -288.11193
   -0.35000E-02    1  -288.11263
   -0.29000E-02    1  -288.11320
   -0.23000E-02    1  -288.11365
   -0.17000E-02    1  -288.11398
   -0.11000E-02    1  -288.11420
   -0.50000E-03    1  -288.11429
    0.10000E-03    1  -288.11428
    0.70000E-03    1  -288.11414
    0.13000E-02    1  -288.11389
    0.19000E-02    1  -288.11353
    0.25000E-02    1  -288.11306
    0.31000E-02    1  -288.11248
    0.37000E-02    1  -288.11179
    0.43000E-02    1  -288.11099
    0.49000E-02    1  -288.11009
    0.55000E-02    1  -288.10907
    0.61000E-02    1  -288.10796
    0.67000E-02    1  -288.10673
    0.73000E-02    1  -288.10541
    0.79000E-02    1  -288.10398
    0.85000E-02    1  -288.10245
    0.91000E-02    1  -288.10082
    0.97000E-02    1  -288.09909
    0.10300E-01    1  -288.09727
    0.10900E-01    1  -288.09534
    0.11500E-01    1  -288.09331
    0.12100E-01    1  -288.09119
    0.12700E-01    1  -288.08897
    0.13300E-01    1  -288.08667
    0.13900E-01    1  -288.08426
    0.14500E-01    1  -288.08178
    0.15100E-01    1  -288.07918
    0.15700E-01    1  -288.07650
    0.16300E-01    1  -288.07374
    0.16900E-01    1  -288.07089
    0.17500E-01    1  -288.06795
    0.18100E-01    1  -288.06492
    0.18700E-01    1  -288.06181
    0.19300E-01    1  -288.05860
    0.20200E-01    1  -288.04533
    0.25000E-01    1  -288.00546
    0.31000E-01    1  -287.95799
    0.37000E-01    1  -287.90350
    0.43000E-01    1  -287.84241
    0.49000E-01    1  -287.77548
    0.55000E-01    1  -287.70293
    0.61000E-01    1  -287.62529
    0.67000E-01    1  -287.54275
    0.73000E-01    1  -287.45568
    0.79000E-01    1  -287.36450
    0.85000E-01    1  -287.26955
    0.91000E-01    1  -287.17107
    0.97000E-01    1  -287.06944
    0.10300        1  -286.96469
    0.10900        1  -286.85737
    0.11500        1  -286.74772
    0.12100        1  -286.63576
    0.12700        1  -286.52171
    0.13300        1  -286.40554
    0.13900        1  -286.28752
    0.14500        1  -286.16761
    0.15100        1  -286.04611
    0.15700        1  -285.92319
    0.16300        1  -285.79904
    0.16900        1  -285.67371
    0.17500        1  -285.54703
    0.18100        1  -285.41937
    0.18700        1  -285.29083
    0.19300        1  -285.16180
    0.19900        1  -285.03175
    0.20500        1  -284.90099
    0.21100        1  -284.76943
    0.21700        1  -284.63724
    0.29500        1  -281.20446
    0.44500        1  -277.95685
    0.59500        1  -274.99673
    0.74500        1  -272.31535
    0.89500        1  -269.88183
     1.0450        1  -267.66753
     1.1950        1  -265.65392
     1.3450        1  -263.86456
     1.4950        1  -262.23314
     1.6450        1  -260.72548
     1.7950        1  -259.32200
     1.9450        1  -258.00711
     2.0950        1  -256.76783
     2.2450        1  -255.59309
     2.3950        1  -254.47658
     2.5450        1  -253.40877
     2.6950        1  -252.38568
     2.8450        1  -251.40134
     2.9950        1  -250.45252
     3.1450        1  -249.53477
     3.2950        1  -248.64363
     3.4450        1  -247.77891
     3.5950        1  -246.93457
     3.7450        1  -246.10508
     3.8950        1  -245.28520
     4.0450        1  -244.47903
     4.1950        1  -243.69468
     4.3450        1  -242.93616
     4.4950        1  -242.19949
     4.6450        1  -241.48255
     4.7950        1  -240.77851
     4.9450        1  -240.08560
     5.0950        1  -239.40272
     5.2450        1  -238.72907
     5.3950        1  -238.06135
     5.5450        1  -237.42120
     5.6950        1  -236.80797
     5.8450        1  -236.21448
     5.9950        1  -235.63919
     6.1450        1  -235.08085
     6.2950        1  -234.53632
     6.4450        1  -234.00536
     6.5950        1  -233.48518
     6.7450        1  -232.97788
     6.8950        1  -232.48156
     7.0450        1  -231.99547
     7.1950        1  -231.51936
     7.3450        1  -231.05433
     7.4950        1  -230.59802
     7.6450        1  -230.15050
     7.7950        1  -229.71150
     7.9450        1  -229.28091
     8.0950        1  -228.85718
     8.2450        1  -228.44018
     8.3950        1  -228.02832
     8.5450        1  -227.62354
     8.6950        1  -227.22347
     8.8450        1  -226.83006
     8.9950        1  -226.44438
     9.1450        1  -226.06084
     9.2950        1  -225.68325
     9.4450        1  -225.31180
     9.5950        1  -224.94427
     9.7450        1  -224.57812
     9.8950        1  -224.21953
     10.045        1  -223.86354
     10.195        1  -223.51183
     10.345        1  -223.16267
     10.495        1  -222.82037
     10.645        1  -222.47845
     10.795        1  -222.14182
     10.945        1  -221.80950
     11.095        1  -221.47841
     11.245        1  -221.15225
     11.395        1  -220.82712
     11.545        1  -220.50621
     11.695        1  -220.18802
     11.845        1  -219.87320
     11.995        1  -219.55956
     12.145        1  -219.24842
     12.295        1  -218.93814
     12.445        1  -218.63221
     12.595        1  -218.32648
     12.745        1  -218.02486
     12.895        1  -217.72493
     13.045        1  -217.42623
     13.195        1  -217.12774
     13.345        1  -216.83236
     13.495        1  -216.54229
     13.645        1  -216.25268
     13.795        1  -215.96749
     13.945        1  -215.68111
     14.095        1  -215.39890
     14.245        1  -215.11974
     14.395        1  -214.84147
     14.545        1  -214.56201
     14.695        1  -214.28810
     14.845        1  -214.01754
     14.995        1  -213.74715
     15.145        1  -213.47903
     15.295        1  -213.21329
     15.445        1  -212.95003
     15.595        1  -212.68747
     15.745        1  -212.42784
     15.895        1  -212.17186
     16.045        1  -211.91833
     16.195        1  -211.66313
     16.345        1  -211.40985
     16.495        1  -211.16020
     16.645        1  -210.91580
     16.795        1  -210.67117
     16.945        1  -210.42998
     17.095        1  -210.19108
     17.245        1  -209.95184
     17.395        1  -209.71979
     17.545        1  -209.48788
     17.695        1  -209.26014
     17.845        1  -209.03074
     17.995        1  -208.81253
     18.145        1  -208.59258
     18.295        1  -208.37849
     18.445        1  -208.16730
     18.595        1  -207.96063
     18.745        1  -207.75446
     18.895        1  -207.54957
     19.045        1  -207.34881
     19.195        1  -207.15401
     19.345        1  -206.96554
     19.495        1  -206.77619
     19.645        1  -206.59545
     19.795        1  -206.41573
     19.945        1  -206.24744
     20.095        1  -206.08381
     20.245        1  -205.92228
     20.395        1  -205.76479
     20.545        1  -205.61057
     20.695        1  -205.45813
     20.845        1  -205.30986
     20.995        1  -205.15891
     21.145        1  -205.01501
     21.295        1  -204.87714
     21.445        1  -204.74008
     21.595        1  -204.61080
     21.745        1  -204.48274
     21.895        1  -204.35632
     22.045        1  -204.23305
     22.195        1  -204.10660
     22.345        1  -203.99180
     22.495        1  -203.87387
     22.645        1  -203.76577
     22.795        1  -203.65318
     22.945        1  -203.54090
     23.095        1  -203.43404
     23.245        1  -203.33178
     23.395        1  -203.22816
     23.545        1  -203.13146
     23.695        1  -203.02828
     23.845        1  -202.92933
     23.995        1  -202.83142
     24.145        1  -202.73475
     24.295        1  -202.63753
     24.445        1  -202.54173
     24.595        1  -202.44446
     24.745        1  -202.35279
     24.895        1  -202.25611
     25.045        1  -202.16446
     25.195        1  -202.07026
     25.345        1  -201.97536
     25.495        1  -201.87907
     25.645        1  -201.78459
     25.795        1  -201.69412
     25.945        1  -201.59772
     26.095        1  -201.50605
     26.245        1  -201.41723
     26.395        1  -201.32590
     26.545        1  -201.23709
     26.695        1  -201.15056
     26.845        1  -201.06641
     26.995        1  -200.97941
     27.145        1  -200.89580
     27.295        1  -200.81086
     27.445        1  -200.72523
     27.595        1  -200.64310
     27.745        1  -200.55970
     27.895        1  -200.47851
     28.045        1  -200.40137
     28.195        1  -200.32184
     28.345        1  -200.24364
     28.495        1  -200.16753
     28.645        1  -200.09406
     28.795        1  -200.02061
     28.945        1  -199.95030
     29.095        1  -199.87675
     29.245        1  -199.80684
     29.395        1  -199.73609
     29.545        1  -199.66673
     29.695        1  -199.60114
     29.845        1  -199.53427
     29.995        1  -199.46796
     30.145        1  -199.40469
     30.295        1  -199.34170
     30.445        1  -199.28431
     30.595        1  -199.22705
     30.745        1  -199.16961
     30.895        1  -199.11317
     31.045        1  -199.05912
     31.195        1  -199.01042
     31.345        1  -198.95620
     31.495        1  -198.90899
     31.645        1  -198.86572
     31.795        1  -198.82225
     31.945        1  -198.78233
     32.095        1  -198.74085
     32.245        1  -198.70175
     32.395        1  -198.66634
     32.545        1  -198.62876
     32.695        1  -198.59879
     32.845        1  -198.56707
     32.995        1  -198.54066
     33.145        1  -198.51774
     33.295        1  -198.49735
     33.445        1  -198.47388
     33.595        1  -198.45143
     33.745        1  -198.42971
     33.895        1  -198.41046
     34.045        1  -198.39511
     34.195        1  -198.37901
     34.345        1  -198.36673
     34.495        1  -198.35237
     34.645        1  -198.34019
     34.795        1  -198.32649
     34.945        1  -198.31032
     35.095        1  -198.29702
     35.245        1  -198.28722
     35.395        1  -198.27751
     35.545        1  -198.26845
     35.695        1  -198.25454
     35.845        1  -198.24420
     35.995        1  -198.23579
     36.145        1  -198.22806
     36.295        1  -198.22021
     36.445        1  -198.21257
     36.595        1  -198.20362
     36.745        1  -198.19535
     36.895        1  -198.18715
     37.045        1  -198.17958
     37.195        1  -198.17151
     37.345        1  -198.16278
     37.495        1  -198.15414
     37.645        1  -198.14539
     37.795        1  -198.13733
     37.945        1  -198.12997
     38.095        1  -198.12246
     38.245        1  -198.11508
     38.395        1  -198.10767
     38.545        1  -198.10039
     38.695        1  -198.09313
     38.845        1  -198.08591
     38.995        1  -198.07811
     39.145        1  -198.07099
     39.295        1  -198.06383
     39.445        1  -198.05677
     39.595        1  -198.04962
     39.745        1  -198.04262
     39.895        1  -198.03557
     40.045        1  -198.02857
     40.195        1  -198.02101
     40.345        1  -198.01404
     40.495        1  -198.00716
     40.645        1  -198.00015
     40.795        1  -197.99334
     40.945        1  -197.98643
     41.095        1  -197.97956
     41.245        1  -197.97280
     41.395        1  -197.96602
     41.545        1  -197.95936
     41.695        1  -197.95259
     41.845        1  -197.94573
     41.995        1  -197.93917
     42.145        1  -197.93262
     42.295        1  -197.92595
     42.445        1  -197.91938
     42.595        1  -197.91288
     42.745        1  -197.90643
     42.895        1  -197.89988
     43.045        1  -197.89330
     43.195        1  -197.88683
     43.345        1  -197.88039
     43.495        1  -197.87378
     43.645        1  -197.86730
     43.795        1  -197.86084
     43.945        1  -197.85447
     44.095        1  -197.84809
     44.245        1  -197.84173
     44.395        1  -197.83544
     44.545        1  -197.82909
     44.695        1  -197.82284
     44.845        1  -197.81669
     44.995        1  -197.81048
     45.145        1  -197.80432
     45.295        1  -197.79810
     45.445        1  -197.79200
     45.595        1  -197.78585
     45.745        1  -197.77973
     45.895        1  -197.77367
     46.045        1  -197.76754
     46.195        1  -197.76147
     46.345        1  -197.75541
     46.495        1  -197.74943
     46.645        1  -197.74338
     46.795        1  -197.73740
     46.945        1  -197.73136
     47.095        1  -197.72532
     47.245        1  -197.71938
     47.395        1  -197.71364
     47.545        1  -197.70773
     47.695        1  -197.70176
     47.845        1  -197.69594
     47.995        1  -197.68999
     48.145        1  -197.68418
     48.295        1  -197.67840
     48.445        1  -197.67254
     48.595        1  -197.66650
     48.745        1  -197.66063
     48.895        1  -197.65467
     49.045        1  -197.64878
     49.195        1  -197.64300
     49.345        1  -197.63720
     49.495        1  -197.63134
     49.645        1  -197.62561
     49.795        1  -197.61983
     49.945        1  -197.61404
     50.095        1  -197.60828
     50.245        1  -197.60265
     50.395        1  -197.59702
     50.545        1  -197.59130
     50.695        1  -197.58570
     50.845        1  -197.58013
     50.995        1  -197.57461
     51.145        1  -197.56906
     51.295        1  -197.56347
     51.445        1  -197.55799
     51.595        1  -197.55247
     51.745        1  -197.54701
     51.895        1  -197.54159
     52.045        1  -197.53611
     52.195        1  -197.53072
     52.345        1  -197.52548
     52.495        1  -197.52000
     52.645        1  -197.51457
     52.795        1  -197.50920
     52.945        1  -197.50381
     53.095        1  -197.49842
     53.245        1  -197.49318
     53.395        1  -197.48800
     53.545        1  -197.48280
     53.695        1  -197.47754
     53.845        1  -197.47233
     53.995        1  -197.46729
     54.145        1  -197.46212
     54.295        1  -197.45693
     54.445        1  -197.45174
     54.595        1  -197.44666
     54.745        1  -197.44151
     54.895        1  -197.43647
     55.045        1  -197.43143
     55.195        1  -197.42632
     55.345        1  -197.42128
     55.495        1  -197.41630
     55.645        1  -197.41121
     55.795        1  -197.40630
     55.945        1  -197.40124
     56.095        1  -197.39636
     56.245        1  -197.39141
     56.395        1  -197.38643
     56.545        1  -197.38154
     56.695        1  -197.37668
     56.845        1  -197.37185
     56.995        1  -197.36703
     57.145        1  -197.36220
     57.295        1  -197.35741
     57.445        1  -197.35266
     57.595        1  -197.34792
     57.745        1  -197.34305
     57.895        1  -197.33836
     58.045        1  -197.33370
     58.195        1  -197.32899
     58.345        1  -197.32436
     58.495        1  -197.31956
     58.645        1  -197.31481
     58.795        1  -197.31012
     58.945        1  -197.30553
     59.095        1  -197.30093
     59.245        1  -197.29631
     59.395        1  -197.29168
     59.545        1  -197.28715
     59.695        1  -197.28262
     59.845        1  -197.27811
     59.995        1  -197.27361
     60.145        1  -197.26905
     60.295        1  -197.26457
     60.445        1  -197.26011
     60.595        1  -197.25552
     60.745        1  -197.25098
     60.895        1  -197.24651
     61.045        1  -197.24210
     61.195        1  -197.23764
     61.345        1  -197.23315
     61.495        1  -197.22871
     61.645        1  -197.22428
     61.795        1  -197.21988
     61.945        1  -197.21552
     62.095        1  -197.21109
     62.245        1  -197.20673
     62.395        1  -197.20243
     62.545        1  -197.19810
     62.695        1  -197.19376
     62.845        1  -197.18949
     62.995        1  -197.18525
     63.145        1  -197.18087
     63.295        1  -197.17659
     63.445        1  -197.17237
     63.595        1  -197.16806
     63.745        1  -197.16380
     63.895        1  -197.15959
     64.045        1  -197.15542
     64.195        1  -197.15120
     64.345        1  -197.14709
     64.495        1  -197.14286
     64.645        1  -197.13870
     64.795        1  -197.13467
     64.945        1  -197.13057
     65.095        1  -197.12646
     70.156        1  -196.75249
     94.967        1  -196.22201
     130.63        1  -195.71220
     179.69        1  -195.21775
     247.17        1  -194.73681
     340.00        1  -194.26814
     467.69        1  -193.81174
     643.33        1  -193.36482
     884.93        1  -192.92848
     1217.3        1  -192.49990
     1674.4        1  -192.08007
     2303.2        1  -191.66964
     3168.2        1  -191.26853
     4358.0        1  -190.87601
     5994.7        1  -190.49257
     8246.0        1  -190.11688
     11343.        1  -189.74951
     15603.        1  -189.39107
     21462.        1  -189.04177
     29522.        1  -188.70150
     40609.        1  -188.36967
     55860.        1  -188.04725
     76839.        1  -187.73286
    0.10570E+06    1  -187.42752
    0.14539E+06    1  -187.13118
    0.19999E+06    1  -186.84460
    0.27510E+06    1  -186.56971
    0.37841E+06    1  -186.30570
    0.52052E+06    1  -186.05262
    0.71601E+06    1  -185.81082
    0.98490E+06    1  -185.58002
    0.13548E+07    1  -185.35958
    0.18636E+07    1  -185.14918
    0.25634E+07    1  -184.94851
    0.35262E+07    1  -184.75711
    0.48504E+07    1  -184.57476
    0.66720E+07    1  -184.40114
    0.91776E+07    1  -184.23587
    0.12624E+08    1  -184.07805
    0.17365E+08    1  -183.92779
    0.23887E+08    1  -183.78500
    0.32858E+08    1  -183.64830
    0.45197E+08    1  -183.51821
    0.62171E+08    1  -183.39420
    0.85520E+08    1  -183.27611
    0.11764E+09    1  -183.16395
    0.16182E+09    1  -183.05715
    0.22259E+09    1  -182.95572
    0.30618E+09    1  -182.86000
    0.42116E+09    1  -182.77067
    0.57933E+09    1  -182.68750
    0.79690E+09    1  -182.61017
    0.10962E+10    1  -182.53779
    0.15078E+10    1  -182.47011
    0.20741E+10    1  -182.40641
    0.28531E+10    1  -182.34676
    0.39245E+10    1  -182.29131
    0.53984E+10    1  -182.24105
    0.74258E+10    1  -182.19493
    0.10215E+11    1  -182.15262
    0.14051E+11    1  -182.11340
    0.19327E+11    1  -182.07723
    0.26586E+11    1  -182.04394
    0.36570E+11    1  -182.01318
    0.50304E+11    1  -181.98478
    0.69195E+11    1  -181.95864
    0.10000E+12    1  -181.64240
    -149.95        2     0.00000
    -149.79        2     0.00000
    -149.65        2     0.00000
    -149.49        2     0.00000
    -149.34        2     0.00000
    -149.20        2     0.00000
    -149.04        2     0.00000
    -148.90        2     0.00000
    -148.74        2     0.00000
    -148.59        2     0.00000
    -148.45        2     0.00000
    -148.29        2     0.00000
    -148.15        2     0.00000
    -147.99        2     0.00000
    -147.84        2     0.00000
    -147.70        2     0.00000
    -147.54        2     0.00000
    -147.40        2     0.00000
    -147.24        2     0.00000
    -147.09        2     0.00000
    -146.95        2     0.00000
    -146.79        2     0.00000
    -146.65        2     0.00000
    -146.49        2     0.00000
    -146.34        2     0.00000
    -146.20        2     0.00000
    -146.04        2     0.00000
    -145.90        2     0.00000
    -145.74        2     0.00000
    -145.59        2     0.00000
    -145.45        2     0.00000
    -145.29        2     0.00000
    -145.15        2     0.00000
    -144.99        2     0.00000
    -144.84        2     0.00000
    -144.70        2     0.00000
    -144.54        2     0.00000
    -144.40        2     0.00000
    -144.24        2     0.00000
    -144.09        2     0.00000
    -143.95        2     0.00000
    -143.79        2     0.00000
    -143.65        2     0.00000
    -143.49        2     0.00000
    -143.34        2     0.00000
    -143.20        2     0.00000
    -143.04        2     0.00000
    -142.90        2     0.00000
    -142.74        2     0.00000
    -142.59        2     0.00000
    -142.45        2     0.00000
    -142.29        2     0.00000
    -142.15        2     0.00000
    -141.99        2     0.00000
    -141.84        2     0.00000
    -141.70        2     0.00000
    -141.54        2     0.00000
    -141.40        2     0.00000
    -141.24        2     0.00000
    -141.09        2     0.00000
    -140.95        2     0.00000
    -140.79        2     0.00000
    -140.65        2     0.00000
    -140.49        2     0.00000
    -140.34        2     0.00000
    -140.20        2     0.00000
    -140.04        2     0.00000
    -139.90        2     0.00000
    -139.74        2     0.00000
    -139.59        2     0.00000
    -139.45        2     0.00000
    -139.29        2     0.00000
    -139.15        2     0.00000
    -138.99        2     0.00000
    -138.84        2     0.00000
    -138.70        2     0.00000
    -138.54        2     0.00000
    -138.40        2     0.00000
    -138.24        2     0.00000
    -138.09        2     0.00000
    -137.95        2     0.00000
    -137.79        2     0.00000
    -137.65        2     0.00000
    -137.49        2     0.00000
    -137.34        2     0.00000
    -137.20        2     0.00000
    -137.04        2     0.00000
    -136.90        2     0.00000
    -136.74        2     0.00000
    -136.59        2     0.00000
    -136.45        2     0.00000
    -136.29        2     0.00000
    -136.15        2     0.00000
    -135.99        2     0.00000
    -135.84        2     0.00000
    -135.70        2     0.00000
    -135.54        2     0.00000
    -135.40        2     0.00000
    -135.24        2     0.00000
    -135.09        2     0.00000
    -134.95        2     0.00000
    -134.79        2     0.00000
    -134.65        2     0.00000
    -134.49        2     0.00000
    -134.34        2     0.00000
    -134.20        2     0.00000
    -134.04        2     0.00000
    -133.90        2     0.00000
    -133.74        2     0.00000
    -133.59        2     0.00000
    -133.45        2     0.00000
    -133.29        2     0.00000
    -133.15        2     0.00000
    -132.99        2     0.00000
    -132.84        2     0.00000
    -132.70        2     0.00000
    -132.54        2     0.00000
    -132.40        2     0.00000
    -132.24        2     0.00000
    -132.09        2     0.00000
    -131.95        2     0.00000
    -131.79        2     0.00000
    -131.65        2     0.00000
    -131.49        2     0.00000
    -131.34        2     0.00000
    -131.20        2     0.00000
    -131.04        2     0.00000
    -130.90        2     0.00000
    -130.74        2     0.00000
    -130.59        2     0.00000
    -130.45        2     0.00000
    -130.29        2     0.00000
    -130.15        2     0.00000
    -129.99        2     0.00000
    -129.84        2     0.00000
    -129.70        2     0.00000
    -129.54        2     0.00000
    -129.40        2     0.00000
    -129.24        2     0.00000
    -129.09        2     0.00000
    -128.95        2     0.00000
    -128.79        2     0.00000
    -128.65        2     0.00000
    -128.49        2     0.00000
    -128.34        2     0.00000
    -128.20        2     0.00000
    -128.04        2     0.00000
    -127.89        2     0.00000
    -127.75        2     0.00000
    -127.60        2     0.00000
    -127.44        2     0.00000
    -127.30        2     0.00000
    -127.14        2     0.00000
    -127.00        2     0.00000
    -126.85        2     0.00000
    -126.69        2     0.00000
    -126.55        2     0.00000
    -126.39        2     0.00000
    -126.25        2     0.00000
    -126.10        2     0.00000
    -125.94        2     0.00000
    -125.80        2     0.00000
    -125.64        2     0.00000
    -125.50        2     0.00000
    -125.35        2     0.00000
    -125.19        2     0.00000
    -125.05        2     0.00000
    -124.89        2     0.00000
    -124.75        2     0.00000
    -124.60        2     0.00000
    -124.44        2     0.00000
    -124.30        2     0.00000
    -124.14        2     0.00000
    -124.00        2     0.00000
    -123.85        2     0.00000
    -123.69        2     0.00000
    -123.55        2     0.00000
    -123.39        2     0.00000
    -123.25        2     0.00000
    -123.10        2     0.00000
    -122.94        2     0.00000
    -122.80        2     0.00000
    -122.64        2     0.00000
    -122.50        2     0.00000
    -122.35        2     0.00000
    -122.19        2     0.00000
    -122.05        2     0.00000
    -121.89        2     0.00000
    -121.75        2     0.00000
    -121.60        2     0.00000
    -121.44        2     0.00000
    -121.30        2     0.00000
    -121.14        2     0.00000
    -121.00        2     0.00000
    -120.85        2     0.00000
    -120.69        2     0.00000
    -120.55        2     0.00000
    -120.39        2     0.00000
    -120.25        2     0.00000
    -120.10        2     0.00000
    -119.94        2     0.00000
    -119.80        2     0.00000
    -119.64        2     0.00000
    -119.50        2     0.00000
    -119.35        2     0.00000
    -119.19        2     0.00000
    -119.05        2     0.00000
    -118.89        2     0.00000
    -118.75        2     0.00000
    -118.60        2     0.00000
    -118.44        2     0.00000
    -118.30        2     0.00000
    -118.14        2     0.00000
    -118.00        2     0.00000
    -117.85        2     0.00000
    -117.69        2     0.00000
    -117.55        2     0.00000
    -117.39        2     0.00000
    -117.25        2     0.00000
    -117.10        2     0.00000
    -116.94        2     0.00000
    -116.80        2     0.00000
    -116.64        2     0.00000
    -116.50        2     0.00000
    -116.35        2     0.00000
    -116.19        2     0.00000
    -116.05        2     0.00000
    -115.89        2     0.00000
    -115.75        2     0.00000
    -115.60        2     0.00000
    -115.44        2     0.00000
    -115.30        2     0.00000
    -115.14        2     0.00000
    -115.00        2     0.00000
    -114.85        2     0.00000
    -114.69        2     0.00000
    -114.55        2     0.00000
    -114.39        2     0.00000
    -114.25        2     0.00000
    -114.10        2     0.00000
    -113.94        2     0.00000
    -113.80        2     0.00000
    -113.64        2     0.00000
    -113.50        2     0.00000
    -113.35        2     0.00000
    -113.19        2     0.00000
    -113.05        2     0.00000
    -112.89        2     0.00000
    -112.75        2     0.00000
    -112.60        2     0.00000
    -112.44        2     0.00000
    -112.30        2     0.00000
    -112.14        2     0.00000
    -112.00        2     0.00000
    -111.85        2     0.00000
    -111.69        2     0.00000
    -111.55        2     0.00000
    -111.39        2     0.00000
    -111.25        2     0.00000
    -111.10        2     0.00000
    -110.94        2     0.00000
    -110.80        2     0.00000
    -110.64        2     0.00000
    -110.50        2     0.00000
    -110.35        2     0.00000
    -110.19        2     0.00000
    -110.05        2     0.00000
    -109.89        2     0.00000
    -109.75        2     0.00000
    -109.60        2     0.00000
    -109.44        2     0.00000
    -109.30        2     0.00000
    -109.14        2     0.00000
    -109.00        2     0.00000
    -108.85        2     0.00000
    -108.69        2     0.00000
    -108.55        2     0.00000
    -108.39        2     0.00000
    -108.25        2     0.00000
    -108.10        2     0.00000
    -107.94        2     0.00000
    -107.80        2     0.00000
    -107.64        2     0.00000
    -107.50        2     0.00000
    -107.35        2     0.00000
    -107.19        2     0.00000
    -107.05        2     0.00000
    -106.89        2     0.00000
    -106.75        2     0.00000
    -106.60        2     0.00000
    -106.44        2     0.00000
    -106.30        2     0.00000
    -106.14        2     0.00000
    -106.00        2     0.00000
    -105.85        2     0.00000
    -105.69        2     0.00000
    -105.55        2     0.00000
    -105.39        2     0.00000
    -105.25        2     0.00000
    -105.10        2     0.00000
    -104.94        2     0.00000
    -104.80        2     0.00000
    -104.64        2     0.00000
    -104.50        2     0.00000
    -104.35        2     0.00000
    -104.19        2     0.00000
    -104.05        2     0.00000
    -103.89        2     0.00000
    -103.75        2     0.00000
    -103.60        2     0.00000
    -103.44        2     0.00000
    -103.30        2     0.00000
    -103.14        2     0.00000
    -103.00        2     0.00000
    -102.85        2     0.00000
    -102.69        2     0.00000
    -102.55        2     0.00000
    -102.39        2     0.00000
    -102.25        2     0.00000
    -102.10        2     0.00000
    -101.94        2     0.00000
    -101.80        2     0.00000
    -101.64        2     0.00000
    -101.50        2     0.00000
    -101.35        2     0.00000
    -101.19        2     0.00000
    -101.05        2    -2.25594
    -100.89        2    -8.02938
    -100.75        2   -14.03456
    -100.60        2   -19.65774
    -100.44        2   -24.55661
    -100.30        2   -28.80801
    -100.14        2   -32.34385
    -99.995        2   -35.32337
    -99.845        2   -37.76773
    -99.695        2   -39.73487
    -99.545        2   -41.36614
    -99.395        2   -42.70671
    -99.245        2   -43.78814
    -99.095        2   -44.66816
    -98.945        2   -45.36479
    -98.795        2   -45.95977
    -98.645        2   -46.44014
    -98.495        2   -46.83873
    -98.345        2   -47.14231
    -98.195        2   -47.39359
    -98.045        2   -47.59103
    -97.895        2   -47.75404
    -97.745        2   -47.88539
    -97.595        2   -47.98950
    -97.445        2   -48.07594
    -97.295        2   -48.14224
    -97.145        2   -48.20160
    -96.995        2   -48.24480
    -96.845        2   -48.28085
    -96.695        2   -48.30982
    -96.545        2   -48.33809
    -96.395        2   -48.35732
    -96.245        2   -48.37510
    -96.095        2   -48.38808
    -95.945        2   -48.40061
    -95.795        2   -48.40768
    -95.645        2   -48.41874
    -95.495        2   -48.42435
    -95.345        2   -48.42917
    -95.195        2   -48.43545
    -95.045        2   -48.43874
    -94.895        2   -48.44163
    -94.745        2   -48.44353
    -94.595        2   -48.44516
    -94.445        2   -48.44711
    -94.295        2   -48.44801
    -94.145        2   -48.44920
    -93.995        2   -48.44961
    -93.845        2   -48.45056
    -93.695        2   -48.45174
    -93.545        2   -48.45191
    -93.395        2   -48.45231
    -93.245        2   -48.45275
    -93.095        2   -48.45291
    -92.945        2   -48.45340
    -92.795        2   -48.45353
    -92.645        2   -48.45374
    -92.495        2   -48.45442
    -92.345        2   -48.45466
    -92.195        2   -48.45484
    -92.045        2   -48.45500
    -91.895        2   -48.45518
    -91.745        2   -48.45532
    -91.595        2   -48.45547
    -91.445        2   -48.45566
    -91.295        2   -48.45581
    -91.145        2   -48.45598
    -90.995        2   -48.45622
    -90.845        2   -48.45639
    -90.695        2   -48.45659
    -90.545        2   -48.45678
    -90.395        2   -48.45698
    -90.245        2   -48.45714
    -90.095        2   -48.45736
    -89.945        2   -48.45756
    -89.795        2   -48.45775
    -89.645        2   -48.45795
    -89.495        2   -48.45817
    -89.345        2   -48.45837
    -89.195        2   -48.45859
    -89.045        2   -48.45881
    -88.895        2   -48.45898
    -88.745        2   -48.45915
    -88.595        2   -48.45937
    -88.445        2   -48.45967
    -88.295        2   -48.45988
    -88.145        2   -48.46009
    -87.995        2   -48.46031
    -87.845        2   -48.46052
    -87.695        2   -48.46081
    -87.545        2   -48.46104
    -87.395        2   -48.46132
    -87.245        2   -48.46150
    -87.095        2   -48.46178
    -86.945        2   -48.46206
    -86.795        2   -48.46235
    -86.645        2   -48.46264
    -86.495        2   -48.46286
    -86.345        2   -48.46306
    -86.195        2   -48.46329
    -86.045        2   -48.46356
    -85.895        2   -48.46383
    -85.745        2   -48.46411
    -85.595        2   -48.46440
    -85.445        2   -48.46469
    -85.295        2   -48.46497
    -85.145        2   -48.46526
    -84.995        2   -48.46549
    -84.845        2   -48.46579
    -84.695        2   -48.46609
    -84.545        2   -48.46642
    -84.395        2   -48.46670
    -84.245        2   -48.46696
    -84.095        2   -48.52961
    -83.945        2   -50.27041
    -83.795        2   -53.87414
    -83.645        2   -57.74997
    -83.495        2   -61.56856
    -83.345        2   -65.13004
    -83.195        2   -68.29846
    -83.045        2   -71.15190
    -82.895        2   -73.66113
    -82.745        2   -75.85471
    -82.595        2   -77.74523
    -82.445        2   -79.36885
    -82.295        2   -80.75147
    -82.145        2   -81.94417
    -81.995        2   -82.99853
    -81.845        2   -83.89880
    -81.695        2   -84.66137
    -81.545        2   -85.31112
    -81.395        2   -85.85445
    -81.245        2   -86.32020
    -81.095        2   -86.72161
    -80.945        2   -87.06668
    -80.795        2   -87.35445
    -80.645        2   -87.60744
    -80.495        2   -87.81200
    -80.345        2   -87.99679
    -80.195        2   -88.14974
    -80.045        2   -88.28749
    -79.895        2   -88.40621
    -79.745        2   -88.50210
    -79.595        2   -88.58623
    -79.445        2   -88.66284
    -79.295        2   -88.72810
    -79.145        2   -88.78783
    -78.995        2   -88.83874
    -78.845        2   -88.88631
    -78.695        2   -88.92541
    -78.545        2   -88.96464
    -78.395        2   -89.00001
    -78.245        2   -89.02825
    -78.095        2   -89.05478
    -77.945        2   -89.07826
    -77.795        2   -89.09629
    -77.645        2   -89.11691
    -77.495        2   -89.13575
    -77.345        2   -89.49234
    -77.195        2   -91.00866
    -77.045        2   -92.97238
    -76.895        2   -95.11746
    -76.745        2   -97.27456
    -76.595        2   -99.43066
    -76.445        2  -101.47049
    -76.295        2  -103.36690
    -76.145        2  -105.12156
    -75.995        2  -106.71998
    -75.845        2  -108.15368
    -75.695        2  -109.45367
    -75.545        2  -110.63652
    -75.395        2  -111.65789
    -75.245        2  -112.60868
    -75.095        2  -113.41438
    -74.945        2  -114.13873
    -74.795        2  -114.79494
    -74.645        2  -115.34853
    -74.495        2  -115.82392
    -74.345        2  -116.24451
    -74.195        2  -116.61027
    -74.045        2  -116.93575
    -73.895        2  -117.20515
    -73.745        2  -117.44873
    -73.595        2  -117.66202
    -73.445        2  -117.84636
    -73.295        2  -117.99970
    -73.145        2  -118.13793
    -72.995        2  -118.25020
    -72.845        2  -118.35128
    -72.695        2  -118.44060
    -72.545        2  -118.51690
    -72.395        2  -118.58941
    -72.245        2  -118.64718
    -72.095        2  -118.70493
    -71.945        2  -118.75324
    -71.795        2  -118.79986
    -71.645        2  -118.84162
    -71.495        2  -118.87738
    -71.345        2  -118.90759
    -71.195        2  -118.93850
    -71.045        2  -118.96328
    -70.895        2  -118.98767
    -70.745        2  -119.00955
    -70.595        2  -119.02639
    -70.445        2  -119.04658
    -70.295        2  -119.06501
    -70.145        2  -119.07999
    -69.995        2  -119.09511
    -69.845        2  -119.10904
    -69.695        2  -119.11896
    -69.545        2  -119.13163
    -69.395        2  -119.14107
    -69.245        2  -119.15093
    -69.095        2  -119.16208
    -68.945        2  -119.17022
    -68.795        2  -119.17545
    -68.645        2  -119.18430
    -68.495        2  -119.19010
    -68.345        2  -119.19589
    -68.195        2  -119.20407
    -68.045        2  -119.21153
    -67.895        2  -119.21590
    -67.745        2  -119.22155
    -67.595        2  -119.22611
    -67.445        2  -119.22954
    -67.295        2  -119.23314
    -67.145        2  -119.23712
    -66.995        2  -119.24037
    -66.845        2  -119.24439
    -66.695        2  -119.24789
    -66.545        2  -119.28530
    -66.395        2  -119.36815
    -66.245        2  -119.49881
    -66.095        2  -119.68277
    -65.945        2  -119.93160
    -65.795        2  -120.26096
    -65.645        2  -120.66609
    -65.495        2  -121.13530
    -65.345        2  -121.68878
    -65.195        2  -122.28035
    -65.045        2  -122.94285
    -64.895        2  -123.66942
    -64.745        2  -124.43844
    -64.595        2  -125.24900
    -64.445        2  -126.08705
    -64.295        2  -126.95611
    -64.145        2  -127.84271
    -63.995        2  -128.73620
    -63.845        2  -129.60461
    -63.695        2  -130.48976
    -63.545        2  -131.36160
    -63.395        2  -132.21864
    -63.245        2  -133.05956
    -63.095        2  -133.90825
    -62.945        2  -134.72639
    -62.795        2  -135.52074
    -62.645        2  -136.27781
    -62.495        2  -137.03058
    -62.345        2  -137.74368
    -62.195        2  -138.43876
    -62.045        2  -139.10491
    -61.895        2  -139.75770
    -61.745        2  -140.36865
    -61.595        2  -140.97096
    -61.445        2  -141.54415
    -61.295        2  -142.08848
    -61.145        2  -142.61621
    -60.995        2  -143.12106
    -60.845        2  -143.61170
    -60.695        2  -144.07608
    -60.545        2  -144.52687
    -60.395        2  -144.95630
    -60.245        2  -145.36525
    -60.095        2  -145.76129
    -59.945        2  -146.14633
    -59.795        2  -146.51974
    -59.645        2  -146.88178
    -59.495        2  -147.23042
    -59.345        2  -147.56055
    -59.195        2  -147.88486
    -59.045        2  -148.21134
    -58.895        2  -148.54400
    -58.745        2  -148.87660
    -58.595        2  -149.20162
    -58.445        2  -149.51821
    -58.295        2  -149.82646
    -58.145        2  -150.14519
    -57.995        2  -150.45808
    -57.845        2  -150.77016
    -57.695        2  -151.06550
    -57.545        2  -151.35954
    -57.395        2  -151.64255
    -57.245        2  -151.92040
    -57.095        2  -152.18934
    -56.945        2  -152.44929
    -56.795        2  -152.70313
    -56.645        2  -152.94004
    -56.495        2  -153.17710
    -56.345        2  -153.41109
    -56.195        2  -153.62066
    -56.045        2  -153.83880
    -55.895        2  -154.04210
    -55.745        2  -154.24200
    -55.595        2  -154.42888
    -55.445        2  -154.60692
    -55.295        2  -154.77855
    -55.145        2  -154.94069
    -54.995        2  -155.09607
    -54.845        2  -155.24461
    -54.695        2  -155.38755
    -54.545        2  -155.52417
    -54.395        2  -155.65875
    -54.245        2  -155.78223
    -54.095        2  -155.89455
    -53.945        2  -156.00877
    -53.795        2  -156.11276
    -53.645        2  -156.21472
    -53.495        2  -156.31680
    -53.345        2  -156.40591
    -53.195        2  -156.49350
    -53.045        2  -156.58248
    -52.895        2  -156.66773
    -52.745        2  -156.74955
    -52.595        2  -156.82306
    -52.445        2  -156.89174
    -52.295        2  -156.95943
    -52.145        2  -157.02565
    -51.995        2  -157.08888
    -51.845        2  -157.14710
    -51.695        2  -157.20981
    -51.545        2  -157.26355
    -51.395        2  -157.31667
    -51.245        2  -157.36475
    -51.095        2  -157.41214
    -50.945        2  -157.45544
    -50.795        2  -157.50289
    -50.645        2  -157.55330
    -50.495        2  -157.59756
    -50.345        2  -157.64001
    -50.195        2  -157.67822
    -50.045        2  -157.71765
    -49.895        2  -157.74763
    -49.745        2  -157.78277
    -49.595        2  -157.81878
    -49.445        2  -157.85030
    -49.295        2  -157.88190
    -49.145        2  -157.91191
    -48.995        2  -157.94524
    -48.845        2  -157.97575
    -48.695        2  -158.00280
    -48.545        2  -158.03384
    -48.395        2  -158.05870
    -48.245        2  -158.08709
    -48.095        2  -158.11069
    -47.945        2  -158.13477
    -47.795        2  -158.15906
    -47.645        2  -158.18715
    -47.495        2  -158.30428
    -47.345        2  -158.51055
    -47.195        2  -158.78372
    -47.045        2  -159.10418
    -46.895        2  -159.44581
    -46.745        2  -159.81387
    -46.595        2  -160.19793
    -46.445        2  -160.59059
    -46.295        2  -160.97977
    -46.145        2  -161.36619
    -45.995        2  -161.75873
    -45.845        2  -162.12822
    -45.695        2  -162.48874
    -45.545        2  -162.84151
    -45.395        2  -163.17048
    -45.245        2  -163.49097
    -45.095        2  -163.79920
    -44.945        2  -164.09208
    -44.795        2  -164.36964
    -44.645        2  -164.62833
    -44.495        2  -164.86807
    -44.345        2  -165.09867
    -44.195        2  -165.31770
    -44.045        2  -165.52813
    -43.895        2  -165.71589
    -43.745        2  -165.90275
    -43.595        2  -166.06931
    -43.445        2  -166.22386
    -43.295        2  -166.37391
    -43.145        2  -166.51294
    -42.995        2  -166.64073
    -42.845        2  -166.76064
    -42.695        2  -166.87825
    -42.545        2  -166.99255
    -42.395        2  -167.09817
    -42.245        2  -167.19385
    -42.095        2  -167.28846
    -41.945        2  -167.38397
    -41.795        2  -167.46773
    -41.645        2  -167.55165
    -41.495        2  -167.63642
    -41.345        2  -167.71486
    -41.195        2  -167.79058
    -41.045        2  -167.87028
    -40.895        2  -167.94238
    -40.745        2  -168.01378
    -40.595        2  -168.08541
    -40.445        2  -168.15346
    -40.295        2  -168.21808
    -40.145        2  -168.28280
    -39.995        2  -168.34592
    -39.845        2  -168.40533
    -39.695        2  -168.46665
    -39.545        2  -168.52284
    -39.395        2  -168.58027
    -39.245        2  -168.63929
    -39.095        2  -168.70112
    -38.945        2  -168.75404
    -38.795        2  -168.80713
    -38.645        2  -168.86487
    -38.495        2  -168.91769
    -38.345        2  -168.96752
    -38.195        2  -169.01639
    -38.045        2  -169.06777
    -37.895        2  -169.11869
    -37.745        2  -169.17218
    -37.595        2  -169.22608
    -37.445        2  -169.27877
    -37.295        2  -169.33115
    -37.145        2  -169.38603
    -36.995        2  -169.43586
    -36.845        2  -169.48556
    -36.695        2  -169.53566
    -36.545        2  -169.58824
    -36.395        2  -169.64045
    -36.245        2  -169.69394
    -36.095        2  -169.74432
    -35.945        2  -169.79531
    -35.795        2  -169.84548
    -35.645        2  -169.89632
    -35.495        2  -169.94705
    -35.345        2  -169.99755
    -35.195        2  -170.04631
    -35.045        2  -170.09424
    -34.895        2  -170.14204
    -34.745        2  -170.19014
    -34.595        2  -170.23957
    -34.445        2  -170.28702
    -34.295        2  -170.33091
    -34.145        2  -170.37972
    -33.995        2  -170.42494
    -33.845        2  -170.47615
    -33.695        2  -170.52072
    -33.545        2  -170.56475
    -33.395        2  -170.60862
    -33.245        2  -170.64995
    -33.095        2  -170.69053
    -32.945        2  -170.73000
    -32.795        2  -170.77217
    -32.645        2  -170.81002
    -32.495        2  -170.84801
    -32.345        2  -170.88162
    -32.195        2  -170.92103
    -32.045        2  -170.95618
    -31.895        2  -170.99233
    -31.745        2  -171.02566
    -31.595        2  -171.06104
    -31.445        2  -171.09208
    -31.295        2  -171.12270
    -31.145        2  -171.15508
    -30.995        2  -171.18754
    -30.845        2  -171.22031
    -30.695        2  -171.24618
    -30.545        2  -171.27769
    -30.395        2  -171.30654
    -30.245        2  -171.33615
    -30.095        2  -171.36712
    -29.945        2  -171.39507
    -29.795        2  -171.42341
    -29.645        2  -171.44659
    -29.495        2  -171.47398
    -29.345        2  -171.50194
    -29.195        2  -171.53229
    -29.045        2  -171.55888
    -28.895        2  -171.58478
    -28.745        2  -171.60977
    -28.595        2  -171.63663
    -28.445        2  -171.66204
    -28.295        2  -171.69108
    -28.145        2  -171.71746
    -27.995        2  -171.73772
    -27.845        2  -171.76167
    -27.695        2  -171.78240
    -27.545        2  -171.80306
    -27.395        2  -171.82660
    -27.245        2  -171.84789
    -27.095        2  -171.87282
    -26.945        2  -171.89294
    -26.795        2  -171.91311
    -26.645        2  -171.93824
    -26.495        2  -171.95720
    -26.345        2  -171.97772
    -26.195        2  -171.99792
    -26.045        2  -172.01881
    -25.895        2  -172.04073
    -25.745        2  -172.06073
    -25.595        2  -172.08213
    -25.445        2  -172.10287
    -25.295        2  -172.12547
    -25.145        2  -172.14655
    -24.995        2  -172.16651
    -24.845        2  -172.18600
    -24.695        2  -172.20752
    -24.545        2  -172.22693
    -24.395        2  -172.25008
    -24.245        2  -172.27616
    -24.095        2  -172.29982
    -23.945        2  -172.32549
    -23.795        2  -172.35034
    -23.645        2  -172.37936
    -23.495        2  -172.40194
    -23.345        2  -172.42593
    -23.195        2  -172.45371
    -23.045        2  -172.47959
    -22.895        2  -172.50552
    -22.745        2  -172.53020
    -22.595        2  -172.55797
    -22.445        2  -172.58454
    -22.295        2  -172.61219
    -22.145        2  -172.64559
    -21.995        2  -172.67928
    -21.845        2  -172.71503
    -21.695        2  -172.75045
    -21.545        2  -172.78512
    -21.395        2  -172.81936
    -21.245        2  -172.85942
    -21.095        2  -172.89883
    -20.945        2  -172.94184
    -20.795        2  -172.98843
    -20.645        2  -173.03170
    -20.495        2  -173.07293
    -20.345        2  -173.12129
    -20.195        2  -173.16697
    -20.045        2  -173.21410
    -19.895        2  -173.26332
    -19.745        2  -173.31608
    -19.595        2  -173.36243
    -19.445        2  -173.41256
    -19.295        2  -173.47015
    -19.145        2  -173.52517
    -18.995        2  -173.58499
    -18.845        2  -173.65023
    -18.695        2  -173.71514
    -18.545        2  -173.78247
    -18.395        2  -173.85198
    -18.245        2  -173.93086
    -18.095        2  -174.01567
    -17.945        2  -174.10107
    -17.795        2  -174.18289
    -17.645        2  -174.26398
    -17.495        2  -174.34665
    -17.345        2  -174.43460
    -17.195        2  -174.52580
    -17.045        2  -174.62607
    -16.895        2  -174.72442
    -16.745        2  -174.83010
    -16.595        2  -174.93202
    -16.445        2  -175.03257
    -16.295        2  -175.14007
    -16.145        2  -175.25273
    -15.995        2  -175.36587
    -15.845        2  -175.48294
    -15.695        2  -175.60082
    -15.545        2  -175.72370
    -15.395        2  -175.85087
    -15.245        2  -175.98073
    -15.095        2  -176.11447
    -14.945        2  -176.25041
    -14.795        2  -176.39376
    -14.645        2  -176.53311
    -14.495        2  -176.67276
    -14.345        2  -176.81322
    -14.195        2  -176.96234
    -14.045        2  -177.10826
    -13.895        2  -177.26012
    -13.745        2  -177.41410
    -13.595        2  -177.56169
    -13.445        2  -177.72218
    -13.295        2  -177.88210
    -13.145        2  -178.04185
    -12.995        2  -178.20980
    -12.845        2  -178.37941
    -12.695        2  -178.55699
    -12.545        2  -178.73343
    -12.395        2  -178.91538
    -12.245        2  -179.10263
    -12.095        2  -179.29084
    -11.945        2  -179.48248
    -11.795        2  -179.68229
    -11.645        2  -179.88040
    -11.495        2  -180.08888
    -11.345        2  -180.30346
    -11.195        2  -180.52061
    -11.045        2  -180.74579
    -10.895        2  -180.97725
    -10.745        2  -181.21439
    -10.595        2  -181.45443
    -10.445        2  -181.70430
    -10.295        2  -181.95748
    -10.145        2  -182.22419
    -9.9950        2  -182.49331
    -9.8450        2  -182.76712
    -9.6950        2  -183.05767
    -9.5450        2  -183.35290
    -9.3950        2  -183.65344
    -9.2450        2  -183.96067
    -9.0950        2  -184.27684
    -8.9450        2  -184.59952
    -8.7950        2  -184.93276
    -8.6450        2  -185.26958
    -8.4950        2  -185.61635
    -8.3450        2  -185.96949
    -8.1950        2  -186.33022
    -8.0450        2  -186.70554
    -7.8950        2  -187.08981
    -7.7450        2  -187.48117
    -7.5950        2  -187.88248
    -7.4450        2  -188.29326
    -7.2950        2  -188.72044
    -7.1450        2  -189.15837
    -6.9950        2  -189.60728
    -6.8450        2  -190.06660
    -6.6950        2  -190.54533
    -6.5450        2  -191.03578
    -6.3950        2  -191.54159
    -6.2450        2  -192.05591
    -6.0950        2  -192.58354
    -5.9450        2  -193.12318
    -5.7950        2  -193.67622
    -5.6450        2  -194.24528
    -5.4950        2  -194.83059
    -5.3450        2  -195.43916
    -5.1950        2  -196.07151
    -5.0450        2  -196.72645
    -4.8950        2  -197.40058
    -4.7450        2  -198.08904
    -4.5950        2  -198.79639
    -4.4450        2  -199.52030
    -4.2950        2  -200.26806
    -4.1450        2  -201.04056
    -3.9950        2  -201.83137
    -3.8450        2  -202.64781
    -3.6950        2  -203.49118
    -3.5450        2  -204.36236
    -3.3950        2  -205.25955
    -3.2450        2  -206.18738
    -3.0950        2  -207.14235
    -2.9450        2  -208.13259
    -2.7950        2  -209.16236
    -2.6450        2  -210.23419
    -2.4950        2  -211.35705
    -2.3450        2  -212.53346
    -2.1950        2  -213.77150
    -2.0450        2  -215.08598
    -1.8950        2  -216.48481
    -1.7450        2  -217.97968
    -1.5950        2  -219.59312
    -1.4450        2  -221.34761
    -1.2950        2  -223.30007
    -1.1450        2  -225.44063
   -0.99500        2  -227.76309
   -0.84500        2  -230.31298
   -0.69500        2  -233.12095
   -0.54500        2  -236.22554
   -0.39500        2  -239.59339
   -0.25300        2  -241.78869
   -0.21500        2  -241.92170
   -0.20900        2  -242.05414
   -0.20300        2  -242.18576
   -0.19700        2  -242.31662
   -0.19100        2  -242.44662
   -0.18500        2  -242.57583
   -0.17900        2  -242.70401
   -0.17300        2  -242.83107
   -0.16700        2  -242.95676
   -0.16100        2  -243.08124
   -0.15500        2  -243.20428
   -0.14900        2  -243.32599
   -0.14300        2  -243.44586
   -0.13700        2  -243.56399
   -0.13100        2  -243.68035
   -0.12500        2  -243.79483
   -0.11900        2  -243.90711
   -0.11300        2  -244.01684
   -0.10700        2  -244.12418
   -0.10100        2  -244.22845
   -0.95000E-01    2  -244.32966
   -0.89000E-01    2  -244.42743
   -0.83000E-01    2  -244.52157
   -0.77000E-01    2  -244.61152
   -0.71000E-01    2  -244.69736
   -0.65000E-01    2  -244.77871
   -0.59000E-01    2  -244.85523
   -0.53000E-01    2  -244.92637
   -0.47000E-01    2  -244.99174
   -0.41000E-01    2  -245.05097
   -0.35000E-01    2  -245.10332
   -0.29000E-01    2  -245.14838
   -0.23000E-01    2  -245.18567
   -0.19700E-01    2  -245.18893
   -0.19100E-01    2  -245.19211
   -0.18500E-01    2  -245.19519
   -0.17900E-01    2  -245.19819
   -0.17300E-01    2  -245.20111
   -0.16700E-01    2  -245.20394
   -0.16100E-01    2  -245.20668
   -0.15500E-01    2  -245.20932
   -0.14900E-01    2  -245.21188
   -0.14300E-01    2  -245.21433
   -0.13700E-01    2  -245.21671
   -0.13100E-01    2  -245.21898
   -0.12500E-01    2  -245.22117
   -0.11900E-01    2  -245.22326
   -0.11300E-01    2  -245.22526
   -0.10700E-01    2  -245.22717
   -0.10100E-01    2  -245.22898
   -0.95000E-02    2  -245.23067
   -0.89000E-02    2  -245.23227
   -0.83000E-02    2  -245.23376
   -0.77000E-02    2  -245.23516
   -0.71000E-02    2  -245.23646
   -0.65000E-02    2  -245.23764
   -0.59000E-02    2  -245.23872
   -0.53000E-02    2  -245.23971
   -0.47000E-02    2  -245.24058
   -0.41000E-02    2  -245.24135
   -0.35000E-02    2  -245.24200
   -0.29000E-02    2  -245.24255
   -0.23000E-02    2  -245.24299
   -0.17000E-02    2  -245.24331
   -0.11000E-02    2  -245.24352
   -0.50000E-03    2  -245.24362
    0.10000E-03    2  -245.24360
    0.70000E-03    2  -245.24346
    0.13000E-02    2  -245.24321
    0.19000E-02    2  -245.24284
    0.25000E-02    2  -245.24234
    0.31000E-02    2  -245.24173
    0.37000E-02    2  -245.24099
    0.43000E-02    2  -245.24012
    0.49000E-02    2  -245.23913
    0.55000E-02    2  -245.23801
    0.61000E-02    2  -245.23676
    0.67000E-02    2  -245.23538
    0.73000E-02    2  -245.23386
    0.79000E-02    2  -245.23221
    0.85000E-02    2  -245.23042
    0.91000E-02    2  -245.22849
    0.97000E-02    2  -245.22641
    0.10300E-01    2  -245.22418
    0.10900E-01    2  -245.22181
    0.11500E-01    2  -245.21931
    0.12100E-01    2  -245.21667
    0.12700E-01    2  -245.21389
    0.13300E-01    2  -245.21097
    0.13900E-01    2  -245.20792
    0.14500E-01    2  -245.20471
    0.15100E-01    2  -245.20137
    0.15700E-01    2  -245.19786
    0.16300E-01    2  -245.19421
    0.16900E-01    2  -245.19041
    0.17500E-01    2  -245.18647
    0.18100E-01    2  -245.18238
    0.18700E-01    2  -245.17815
    0.19300E-01    2  -245.17375
    0.20200E-01    2  -245.15517
    0.25000E-01    2  -245.09626
    0.31000E-01    2  -245.02059
    0.37000E-01    2  -244.92682
    0.43000E-01    2  -244.81395
    0.49000E-01    2  -244.68063
    0.55000E-01    2  -244.52598
    0.61000E-01    2  -244.34854
    0.67000E-01    2  -244.14687
    0.73000E-01    2  -243.91958
    0.79000E-01    2  -243.66551
    0.85000E-01    2  -243.38301
    0.91000E-01    2  -243.06999
    0.97000E-01    2  -242.72397
    0.10300        2  -242.34348
    0.10900        2  -241.92532
    0.11500        2  -241.46787
    0.12100        2  -240.96884
    0.12700        2  -240.42516
    0.13300        2  -239.83451
    0.13900        2  -239.19260
    0.14500        2  -238.49698
    0.15100        2  -237.74379
    0.15700        2  -236.93006
    0.16300        2  -236.04959
    0.16900        2  -235.09807
    0.17500        2  -234.06927
    0.18100        2  -232.95567
    0.18700        2  -231.75022
    0.19300        2  -230.44308
    0.19900        2  -229.02109
    0.20500        2  -227.46247
    0.21100        2  -225.72263
    0.21700        2  -223.84508
    0.29500        2  -139.94071
    0.44500        2   -76.27158
    0.59500        2   -48.97449
    0.74500        2   -33.05461
    0.89500        2   -22.33909
     1.0450        2   -14.49282
     1.1950        2    -8.37088
     1.3450        2    -3.42406
     1.4950        2     0.69377
     1.6450        2     4.20198
     1.7950        2     7.24207
     1.9450        2     9.91742
     2.0950        2    12.29738
     2.2450        2    14.43067
     2.3950        2    16.35758
     2.5450        2    18.10635
     2.6950        2    19.70423
     2.8450        2    21.17104
     2.9950        2    22.52526
     3.1450        2    23.78113
     3.2950        2    24.94667
     3.4450        2    26.03420
     3.5950        2    27.05397
     3.7450        2    28.00780
     3.8950        2    28.90140
     4.0450        2    29.74163
     4.1950        2    30.53387
     4.3450        2    31.28290
     4.4950        2    31.98844
     4.6450        2    32.65398
     4.7950        2    33.28177
     4.9450        2    33.87708
     5.0950        2    34.43789
     5.2450        2    34.96912
     5.3950        2    35.47060
     5.5450        2    35.94262
     5.6950        2    36.38827
     5.8450        2    36.81227
     5.9950        2    37.21068
     6.1450        2    37.58433
     6.2950        2    37.93045
     6.4450        2    38.25494
     6.5950        2    38.55026
     6.7450        2    38.82044
     6.8950        2    39.05958
     7.0450        2    39.27867
     7.1950        2    39.47104
     7.3450        2    39.63758
     7.4950        2    39.77970
     7.6450        2    39.89753
     7.7950        2    40.00025
     7.9450        2    40.08001
     8.0950        2    40.14538
     8.2450        2    40.19664
     8.3950        2    40.23979
     8.5450        2    40.27784
     8.6950        2    40.30691
     8.8450        2    40.33207
     8.9950        2    40.35330
     9.1450        2    40.37217
     9.2950        2    40.38934
     9.4450        2    40.40428
     9.5950        2    40.41816
     9.7450        2    40.43057
     9.8950        2    40.44282
     10.045        2    40.45427
     10.195        2    40.46426
     10.345        2    40.47379
     10.495        2    40.48397
     10.645        2    40.49331
     10.795        2    40.50091
     10.945        2    40.50906
     11.095        2    40.51769
     11.245        2    40.52596
     11.395        2    40.53483
     11.545        2    40.54160
     11.695        2    40.54807
     11.845        2    40.55547
     11.995        2    40.56307
     12.145        2    40.57025
     12.295        2    40.57675
     12.445        2    40.58423
     12.595        2    40.59047
     12.745        2    40.59638
     12.895        2    40.60240
     13.045        2    40.60760
     13.195        2    40.61297
     13.345        2    40.61911
     13.495        2    40.62453
     13.645        2    40.63062
     13.795        2    40.63608
     13.945        2    40.64225
     14.095        2    40.64788
     14.245        2    40.65274
     14.395        2    40.65777
     14.545        2    40.66270
     14.695        2    40.66819
     14.845        2    40.67297
     14.995        2    40.67752
     15.145        2    40.68151
     15.295        2    40.68603
     15.445        2    40.69063
     15.595        2    40.69423
     15.745        2    40.69884
     15.895        2    40.70290
     16.045        2    40.70711
     16.195        2    40.71080
     16.345        2    40.71479
     16.495        2    40.71795
     16.645        2    40.72156
     16.795        2    40.72562
     16.945        2    40.72889
     17.095        2    40.73284
     17.245        2    40.73698
     17.395        2    40.74052
     17.545        2    40.74403
     17.695        2    40.74746
     17.845        2    40.75093
     17.995        2    40.75481
     18.145        2    40.75810
     18.295        2    40.76133
     18.445        2    40.76463
     18.595        2    40.76759
     18.745        2    40.77040
     18.895        2    40.77335
     19.045        2    40.77668
     19.195        2    40.78000
     19.345        2    40.78354
     19.495        2    40.78628
     19.645        2    40.78910
     19.795        2    40.79217
     19.945        2    40.79511
     20.095        2    40.79853
     21.836        2    40.89197
     30.068        2    41.01607
     42.097        2    41.13541
     58.937        2    41.24724
     82.515        2    41.35577
     115.53        2    41.46037
     161.74        2    41.56099
     226.45        2    41.65820
     317.04        2    41.75586
     443.87        2    41.85299
     621.44        2    41.94543
     870.05        2    42.03304
     1218.1        2    42.12117
     1705.4        2    42.21022
     2387.7        2    42.29305
     3342.9        2    42.37304
     4680.2        2    42.45429
     6552.5        2    42.53141
     9173.8        2    42.60219
     12844.        2    42.66770
     17982.        2    42.73285
     25176.        2    42.79361
     35247.        2    42.84949
     49348.        2    42.90180
     69090.        2    42.94997
     96729.        2    42.99560
    0.13543E+06    2    43.03860
    0.18960E+06    2    43.08027
    0.26545E+06    2    43.11584
    0.37165E+06    2    43.14765
    0.52033E+06    2    43.17991
    0.72849E+06    2    43.20774
    0.10199E+07    2    43.23095
    0.14279E+07    2    43.25708
    0.19992E+07    2    43.27881
    0.27990E+07    2    43.29995
    0.39187E+07    2    43.31783
    0.54864E+07    2    43.33296
    0.76812E+07    2    43.34736
    0.10754E+08    2    43.36200
    0.15056E+08    2    43.37475
    0.21080E+08    2    43.38614
    0.29513E+08    2    43.39812
    0.41319E+08    2    43.40861
    0.57849E+08    2    43.41852
    0.80991E+08    2    43.42723
    0.11339E+09    2    43.43457
    0.15875E+09    2    43.43999
    0.22226E+09    2    43.44617
    0.31118E+09    2    43.45273
    0.43567E+09    2    43.45904
    0.60996E+09    2    43.46261
    0.85398E+09    2    43.46719
    0.11956E+10    2    43.47198
    0.16739E+10    2    43.47573
    0.23436E+10    2    43.47917
    0.32811E+10    2    43.48178
    0.45937E+10    2    43.48362
    0.64315E+10    2    43.48649
    0.90044E+10    2    43.48976
    0.12607E+11    2    43.49189
    0.17650E+11    2    43.49404
    0.24711E+11    2    43.49573
    0.34596E+11    2    43.49687
    0.48437E+11    2    43.49868
    0.67814E+11    2    43.50029
    0.10000E+12    2    43.51507
    -29.945        3     0.00000
    -29.795        3     0.00000
    -29.645        3     0.00000
    -29.495        3     0.00000
    -29.345        3     0.00000
    -29.195        3     0.00000
    -29.045        3     0.00000
    -28.895        3     0.00000
    -28.745        3     0.00000
    -28.595        3     0.00000
    -28.445        3     0.00000
    -28.295        3     0.00000
    -28.145        3     0.00000
    -27.995        3     0.00000
    -27.845        3     0.00000
    -27.695        3     0.00000
    -27.545        3     0.00000
    -27.395        3     0.00000
    -27.245        3     0.00000
    -27.095        3     0.00000
    -26.945        3     0.00000
    -26.795        3     0.00000
    -26.645        3     0.00000
    -26.495        3     0.00000
    -26.345        3     0.00000
    -26.195        3     0.00000
    -26.045        3     0.00000
    -25.895        3     0.00000
    -25.745        3     0.00000
    -25.595        3     0.00000
    -25.445        3     0.00000
    -25.295        3     0.00000
    -25.145        3     0.00000
    -24.995        3     0.00000
    -24.845        3     0.00000
    -24.695        3     0.00000
    -24.545        3     0.00000
    -24.395        3     0.00000
    -24.245        3     0.00000
    -24.095        3     0.00000
    -23.945        3     0.00000
    -23.795        3     0.00000
    -23.645        3     0.00000
    -23.495        3     0.00000
    -23.345        3     0.00000
    -23.195        3     0.00000
    -23.045        3     0.00000
    -22.895        3     0.00000
    -22.745        3     0.00000
    -22.595        3     0.00000
    -22.445        3     0.00000
    -22.295        3     0.00000
    -22.145        3     0.00000
    -21.995        3     0.00000
    -21.845        3     0.00000
    -21.695        3     0.00000
    -21.545        3     0.00000
    -21.395        3     0.00000
    -21.245        3     0.00000
    -21.095        3     0.00000
    -20.945        3     0.00000
    -20.795        3     0.00000
    -20.645        3     0.00000
    -20.495        3     0.00000
    -20.345        3     0.00000
    -20.195        3     0.00000
    -20.045        3     0.00000
    -19.895        3     0.00000
    -19.745        3     0.00000
    -19.595        3     0.00000
    -19.445        3     0.00000
    -19.295        3     0.00000
    -19.145        3     0.00000
    -18.995        3     0.00000
    -18.845        3     0.00000
    -18.695        3     0.00000
    -18.545        3     0.00000
    -18.395        3     0.00000
    -18.245        3     0.00000
    -18.095        3     0.00000
    -17.945        3     0.00000
    -17.795        3     0.00000
    -17.645        3     0.00000
    -17.495        3    -0.00000
    -17.345        3     0.00000
    -17.195        3     0.00000
    -17.045        3     0.00001
    -16.895        3     0.00001
    -16.745        3     0.00000
    -16.595        3    -0.00095
    -16.445        3    -0.00741
    -16.295        3    -0.02634
    -16.145        3    -0.06001
    -15.995        3    -0.10955
    -15.845        3    -0.17015
    -15.695        3    -0.23984
    -15.545        3    -0.31621
    -15.395        3    -0.39396
    -15.245        3    -0.47234
    -15.095        3    -0.55278
    -14.945        3    -0.63954
    -14.795        3    -0.74694
    -14.645        3    -0.88417
    -14.495        3    -1.05707
    -14.345        3    -1.27013
    -14.195        3    -1.51215
    -14.045        3    -1.79178
    -13.895        3    -2.10524
    -13.745        3    -2.43647
    -13.595        3    -2.80015
    -13.445        3    -3.20218
    -13.295        3    -3.64894
    -13.145        3    -4.14791
    -12.995        3    -4.69517
    -12.845        3    -5.27109
    -12.695        3    -5.87789
    -12.545        3    -6.50869
    -12.395        3    -7.14875
    -12.245        3    -7.78395
    -12.095        3    -8.40891
    -11.945        3    -9.02991
    -11.795        3    -9.63284
    -11.645        3   -10.21022
    -11.495        3   -10.77618
    -11.345        3   -11.32242
    -11.195        3   -11.85623
    -11.045        3   -12.38494
    -10.895        3   -12.90482
    -10.745        3   -13.43039
    -10.595        3   -13.95555
    -10.445        3   -14.49328
    -10.295        3   -15.03698
    -10.145        3   -15.60250
    -9.9950        3   -16.19451
    -9.8450        3   -16.80898
    -9.6950        3   -17.44988
    -9.5450        3   -18.12498
    -9.3950        3   -18.82211
    -9.2450        3   -19.55280
    -9.0950        3   -20.31634
    -8.9450        3   -21.13266
    -8.7950        3   -21.99998
    -8.6450        3   -22.93361
    -8.4950        3   -23.92942
    -8.3450        3   -24.97325
    -8.1950        3   -26.06448
    -8.0450        3   -27.19227
    -7.8950        3   -28.36136
    -7.7450        3   -29.56373
    -7.5950        3   -30.80758
    -7.4450        3   -32.07619
    -7.2950        3   -33.36265
    -7.1450        3   -34.66530
    -6.9950        3   -35.98423
    -6.8450        3   -37.33094
    -6.6950        3   -38.68815
    -6.5450        3   -40.06556
    -6.3950        3   -41.46598
    -6.2450        3   -42.88395
    -6.0950        3   -44.33702
    -5.9450        3   -45.82435
    -5.7950        3   -47.34741
    -5.6450        3   -48.91142
    -5.4950        3   -50.51747
    -5.3450        3   -52.16040
    -5.1950        3   -53.82708
    -5.0450        3   -55.50813
    -4.8950        3   -57.20130
    -4.7450        3   -58.90851
    -4.5950        3   -60.61750
    -4.4450        3   -62.34324
    -4.2950        3   -64.07227
    -4.1450        3   -65.81895
    -3.9950        3   -67.58150
    -3.8450        3   -69.36933
    -3.6950        3   -71.18905
    -3.5450        3   -73.06286
    -3.3950        3   -74.98974
    -3.2450        3   -76.99393
    -3.0950        3   -79.08946
    -2.9450        3   -81.30945
    -2.7950        3   -83.68595
    -2.6450        3   -86.27074
    -2.4950        3   -89.11121
    -2.3450        3   -92.25500
    -2.1950        3   -95.77026
    -2.0450        3   -99.75935
    -1.8950        3  -104.37346
    -1.7450        3  -109.76271
    -1.5950        3  -116.00133
    -1.4450        3  -123.04688
    -1.2950        3  -130.79749
    -1.1450        3  -139.17014
   -0.99500        3  -148.08186
   -0.84500        3  -157.47765
   -0.69500        3  -167.38514
   -0.54500        3  -178.06682
   -0.39500        3  -190.20104
   -0.25300        3  -199.36735
   -0.21500        3  -199.99212
   -0.20900        3  -200.62586
   -0.20300        3  -201.26885
   -0.19700        3  -201.92220
   -0.19100        3  -202.58586
   -0.18500        3  -203.26002
   -0.17900        3  -203.94691
   -0.17300        3  -204.64477
   -0.16700        3  -205.35619
   -0.16100        3  -206.08301
   -0.15500        3  -206.82473
   -0.14900        3  -207.58322
   -0.14300        3  -208.36023
   -0.13700        3  -209.15674
   -0.13100        3  -209.97460
   -0.12500        3  -210.81653
   -0.11900        3  -211.68381
   -0.11300        3  -212.57900
   -0.10700        3  -213.50573
   -0.10100        3  -214.46723
   -0.95000E-01    3  -215.46859
   -0.89000E-01    3  -216.51376
   -0.83000E-01    3  -217.61076
   -0.77000E-01    3  -218.76873
   -0.71000E-01    3  -219.99642
   -0.65000E-01    3  -221.30802
   -0.59000E-01    3  -222.72121
   -0.53000E-01    3  -224.25915
   -0.47000E-01    3  -225.95579
   -0.41000E-01    3  -227.85960
   -0.35000E-01    3  -230.04566
   -0.29000E-01    3  -232.63453
   -0.23000E-01    3  -235.85770
   -0.19700E-01    3  -236.22382
   -0.19100E-01    3  -236.60035
   -0.18500E-01    3  -236.98791
   -0.17900E-01    3  -237.38706
   -0.17300E-01    3  -237.79823
   -0.16700E-01    3  -238.22206
   -0.16100E-01    3  -238.65942
   -0.15500E-01    3  -239.11091
   -0.14900E-01    3  -239.57742
   -0.14300E-01    3  -240.05977
   -0.13700E-01    3  -240.55930
   -0.13100E-01    3  -241.07714
   -0.12500E-01    3  -241.61532
   -0.11900E-01    3  -242.17543
   -0.11300E-01    3  -242.75872
   -0.10700E-01    3  -243.36724
   -0.10100E-01    3  -244.00304
   -0.95000E-02    3  -244.66908
   -0.89000E-02    3  -245.36851
   -0.83000E-02    3  -246.10417
   -0.77000E-02    3  -246.87853
   -0.71000E-02    3  -247.69388
   -0.65000E-02    3  -248.54933
   -0.59000E-02    3  -249.44104
   -0.53000E-02    3  -250.36395
   -0.47000E-02    3  -251.31154
   -0.41000E-02    3  -252.27580
   -0.35000E-02    3  -253.24336
   -0.29000E-02    3  -254.17005
   -0.23000E-02    3  -254.99260
   -0.17000E-02    3  -255.65129
   -0.11000E-02    3  -256.10083
   -0.50000E-03    3  -256.31055
    0.10000E-03    3  -256.26843
    0.70000E-03    3  -255.97652
    0.13000E-02    3  -255.45316
    0.19000E-02    3  -254.73397
    0.25000E-02    3  -253.86992
    0.31000E-02    3  -252.92297
    0.37000E-02    3  -251.95327
    0.43000E-02    3  -250.99343
    0.49000E-02    3  -250.05289
    0.55000E-02    3  -249.13907
    0.61000E-02    3  -248.25828
    0.67000E-02    3  -247.41517
    0.73000E-02    3  -246.61297
    0.79000E-02    3  -245.85143
    0.85000E-02    3  -245.12780
    0.91000E-02    3  -244.43974
    0.97000E-02    3  -243.78441
    0.10300E-01    3  -243.15827
    0.10900E-01    3  -242.55864
    0.11500E-01    3  -241.98363
    0.12100E-01    3  -241.43141
    0.12700E-01    3  -240.90066
    0.13300E-01    3  -240.38975
    0.13900E-01    3  -239.89690
    0.14500E-01    3  -239.42077
    0.15100E-01    3  -238.96045
    0.15700E-01    3  -238.51483
    0.16300E-01    3  -238.08319
    0.16900E-01    3  -237.66461
    0.17500E-01    3  -237.25865
    0.18100E-01    3  -236.86459
    0.18700E-01    3  -236.48193
    0.19300E-01    3  -236.11020
    0.20200E-01    3  -234.75999
    0.25000E-01    3  -231.80353
    0.31000E-01    3  -229.39416
    0.37000E-01    3  -227.34621
    0.43000E-01    3  -225.55805
    0.49000E-01    3  -223.96822
    0.55000E-01    3  -222.53475
    0.61000E-01    3  -221.22896
    0.67000E-01    3  -220.02709
    0.73000E-01    3  -218.91158
    0.79000E-01    3  -217.86920
    0.85000E-01    3  -216.88975
    0.91000E-01    3  -215.96520
    0.97000E-01    3  -215.08869
    0.10300        3  -214.25568
    0.10900        3  -213.46137
    0.11500        3  -212.70248
    0.12100        3  -211.97442
    0.12700        3  -211.27563
    0.13300        3  -210.60254
    0.13900        3  -209.95420
    0.14500        3  -209.32818
    0.15100        3  -208.72267
    0.15700        3  -208.13682
    0.16300        3  -207.56914
    0.16900        3  -207.01803
    0.17500        3  -206.48267
    0.18100        3  -205.96235
    0.18700        3  -205.45622
    0.19300        3  -204.96374
    0.19900        3  -204.48408
    0.20500        3  -204.01653
    0.21100        3  -203.56098
    0.21700        3  -203.11598
    0.29500        3  -194.31848
    0.44500        3  -189.01542
    0.59500        3  -185.18709
    0.74500        3  -182.09528
    0.89500        3  -179.42436
     1.0450        3  -177.01542
     1.1950        3  -174.79070
     1.3450        3  -172.70774
     1.4950        3  -170.73694
     1.6450        3  -168.85242
     1.7950        3  -167.04266
     1.9450        3  -165.28970
     2.0950        3  -163.57938
     2.2450        3  -161.90192
     2.3950        3  -160.25017
     2.5450        3  -158.61328
     2.6950        3  -156.99120
     2.8450        3  -155.37498
     2.9950        3  -153.77113
     3.1450        3  -152.17594
     3.2950        3  -150.59151
     3.4450        3  -149.01592
     3.5950        3  -147.44832
     3.7450        3  -145.89066
     3.8950        3  -144.34201
     4.0450        3  -142.80358
     4.1950        3  -141.26404
     4.3450        3  -139.73018
     4.4950        3  -138.19587
     4.6450        3  -136.66408
     4.7950        3  -135.13439
     4.9450        3  -133.60139
     5.0950        3  -132.06617
     5.2450        3  -130.53192
     5.3950        3  -128.99605
     5.5450        3  -127.45578
     5.6950        3  -125.91860
     5.8450        3  -124.38131
     5.9950        3  -122.84924
     6.1450        3  -121.32867
     6.2950        3  -119.81681
     6.4450        3  -118.31785
     6.5950        3  -116.83565
     6.7450        3  -115.37079
     6.8950        3  -113.92424
     7.0450        3  -112.50701
     7.1950        3  -111.12081
     7.3450        3  -109.76650
     7.4950        3  -108.44718
     7.6450        3  -107.17360
     7.7950        3  -105.96304
     7.9450        3  -104.80451
     8.0950        3  -103.73047
     8.2450        3  -102.72322
     8.3950        3  -101.79817
     8.5450        3  -100.96375
     8.6950        3  -100.21411
     8.8450        3   -99.55741
     8.9950        3   -98.97202
     9.1450        3   -98.45979
     9.2950        3   -98.01337
     9.4450        3   -97.62168
     9.5950        3   -97.26901
     9.7450        3   -96.95361
     9.8950        3   -96.67021
     10.045        3   -96.41438
     10.195        3   -96.16771
     10.345        3   -95.94161
     10.495        3   -95.72643
     10.645        3   -95.51968
     10.795        3   -95.32001
     10.945        3   -95.12366
     11.095        3   -94.93419
     11.245        3   -94.75254
     11.395        3   -94.57367
     11.545        3   -94.39788
     11.695        3   -94.22442
     11.845        3   -94.05285
     11.995        3   -93.88438
     12.145        3   -93.71853
     12.295        3   -93.55521
     12.445        3   -93.39327
     12.595        3   -93.23354
     12.745        3   -93.07629
     12.895        3   -92.92134
     13.045        3   -92.76644
     13.195        3   -92.61398
     13.345        3   -92.46343
     13.495        3   -92.31499
     13.645        3   -92.16779
     13.795        3   -92.02197
     13.945        3   -91.87758
     14.095        3   -91.73562
     14.245        3   -91.59422
     14.395        3   -91.45368
     14.545        3   -91.31572
     14.695        3   -91.17892
     14.845        3   -91.04210
     14.995        3   -90.90751
     15.145        3   -90.77409
     15.295        3   -90.64152
     15.445        3   -90.51094
     15.595        3   -90.38235
     15.745        3   -90.25417
     15.895        3   -90.12692
     16.045        3   -90.00110
     16.195        3   -89.87635
     16.345        3   -89.75252
     16.495        3   -89.63004
     16.645        3   -89.50864
     16.795        3   -89.38801
     16.945        3   -89.26881
     17.095        3   -89.15058
     17.245        3   -89.03299
     17.395        3   -88.91649
     17.545        3   -88.80052
     17.695        3   -88.68624
     17.845        3   -88.57310
     17.995        3   -88.46053
     18.145        3   -88.34835
     18.295        3   -88.23816
     18.445        3   -88.12762
     18.595        3   -88.01847
     18.745        3   -87.91008
     18.895        3   -87.80283
     19.045        3   -87.69605
     19.195        3   -87.59031
     19.345        3   -87.48509
     19.495        3   -87.38062
     19.645        3   -87.27787
     19.795        3   -87.17548
     19.945        3   -87.07416
     20.095        3   -86.97289
     21.836        3   -83.89140
     30.068        3   -79.29463
     42.097        3   -74.68489
     58.937        3   -70.06987
     82.515        3   -65.46924
     115.53        3   -60.88843
     161.74        3   -56.33943
     226.45        3   -51.84820
     317.04        3   -47.42511
     443.87        3   -43.07587
     621.44        3   -38.79945
     870.05        3   -34.60387
     1218.1        3   -30.48411
     1705.4        3   -26.45389
     2387.7        3   -22.52606
     3342.9        3   -18.70004
     4680.2        3   -14.96899
     6552.5        3   -11.34515
     9173.8        3    -7.81518
     12844.        3    -4.38199
     17982.        3    -1.05958
     25176.        3     2.14765
     35247.        3     5.23262
     49348.        3     8.19030
     69090.        3    11.02102
     96729.        3    13.72327
    0.13543E+06    3    16.30260
    0.18960E+06    3    18.76331
    0.26545E+06    3    21.10596
    0.37165E+06    3    23.33621
    0.52033E+06    3    25.45882
    0.72849E+06    3    27.47978
    0.10199E+07    3    29.40040
    0.14279E+07    3    31.22652
    0.19992E+07    3    32.96430
    0.27990E+07    3    34.61585
    0.39187E+07    3    36.18553
    0.54864E+07    3    37.67750
    0.76812E+07    3    39.09639
    0.10754E+08    3    40.44455
    0.15056E+08    3    41.72502
    0.21080E+08    3    42.94319
    0.29513E+08    3    44.09900
    0.41319E+08    3    45.19092
    0.57849E+08    3    46.21203
    0.80991E+08    3    47.15603
    0.11339E+09    3    48.03215
    0.15875E+09    3    48.84810
    0.22226E+09    3    49.60995
    0.31118E+09    3    50.32174
    0.43567E+09    3    50.98762
    0.60996E+09    3    51.59706
    0.85398E+09    3    52.14753
    0.11956E+10    3    52.65246
    0.16739E+10    3    53.11490
    0.23436E+10    3    53.54032
    0.32811E+10    3    53.93051
    0.45937E+10    3    54.28920
    0.64315E+10    3    54.61842
    0.90044E+10    3    54.92165
    0.12607E+11    3    55.20035
    0.17650E+11    3    55.45660
    0.24711E+11    3    55.69221
    0.34596E+11    3    55.90901
    0.48437E+11    3    56.10778
    0.67814E+11    3    56.29055
    0.10000E+12    3    58.37910
