    -29.945         0.00000
    -29.795         0.00000
    -29.645         0.00000
    -29.495         0.00000
    -29.345         0.00000
    -29.195         0.00000
    -29.045         0.00000
    -28.895         0.00000
    -28.745         0.00000
    -28.595         0.00000
    -28.445         0.00000
    -28.295         0.00000
    -28.145         0.00000
    -27.995         0.00000
    -27.845         0.00000
    -27.695         0.00000
    -27.545         0.00000
    -27.395         0.00000
    -27.245         0.00000
    -27.095         0.00000
    -26.945         0.00000
    -26.795         0.00000
    -26.645         0.00000
    -26.495         0.00000
    -26.345         0.00000
    -26.195         0.00000
    -26.045         0.00000
    -25.895         0.00000
    -25.745         0.00000
    -25.595         0.00000
    -25.445         0.00000
    -25.295         0.00000
    -25.145         0.00000
    -24.995         0.00000
    -24.845         0.00000
    -24.695         0.00000
    -24.545         0.00000
    -24.395         0.00000
    -24.245         0.00000
    -24.095         0.00000
    -23.945         0.00000
    -23.795         0.00000
    -23.645         0.00000
    -23.495         0.00000
    -23.345         0.00000
    -23.195         0.00000
    -23.045         0.00000
    -22.895         0.00000
    -22.745         0.00000
    -22.595         0.00000
    -22.445         0.00000
    -22.295         0.00000
    -22.145         0.00000
    -21.995         0.00000
    -21.845         0.00000
    -21.695         0.00000
    -21.545         0.00000
    -21.395         0.00000
    -21.245         0.00000
    -21.095         0.00000
    -20.945         0.00000
    -20.795         0.00000
    -20.645         0.00000
    -20.495         0.00000
    -20.345         0.00000
    -20.195         0.00000
    -20.045         0.00000
    -19.895         0.00000
    -19.745         0.00000
    -19.595         0.00000
    -19.445         0.00000
    -19.295         0.00000
    -19.145         0.00000
    -18.995         0.00000
    -18.845         0.00000
    -18.695         0.00000
    -18.545         0.00000
    -18.395         0.00000
    -18.245         0.00000
    -18.095         0.00000
    -17.945         0.00000
    -17.795         0.00000
    -17.645         0.00000
    -17.495         0.00000
    -17.345         0.00000
    -17.195         0.00000
    -17.045         0.00000
    -16.895         0.00000
    -16.745         0.00000
    -16.595         0.00000
    -16.445         0.00000
    -16.295         0.00000
    -16.145        -0.00018
    -15.995        -0.00382
    -15.845        -0.02279
    -15.695        -0.06749
    -15.545        -0.14815
    -15.395        -0.26153
    -15.245        -0.41167
    -15.095        -0.60182
    -14.945        -0.83446
    -14.795        -1.13369
    -14.645        -1.48808
    -14.495        -1.90484
    -14.345        -2.37132
    -14.195        -2.89292
    -14.045        -3.48271
    -13.895        -4.12780
    -13.745        -4.81842
    -13.595        -5.55645
    -13.445        -6.34111
    -13.295        -7.18412
    -13.145        -8.08006
    -12.995        -9.04168
    -12.845       -10.06236
    -12.695       -11.14267
    -12.545       -12.30638
    -12.395       -13.54994
    -12.245       -14.89182
    -12.095       -16.32401
    -11.945       -17.83569
    -11.795       -19.41398
    -11.645       -21.03814
    -11.495       -22.70819
    -11.345       -24.39368
    -11.195       -26.08827
    -11.045       -27.78261
    -10.895       -29.47238
    -10.745       -31.16022
    -10.595       -32.86703
    -10.445       -34.57335
    -10.295       -36.29695
    -10.145       -38.03129
    -9.9950       -39.77779
    -9.8450       -41.52831
    -9.6950       -43.27395
    -9.5450       -45.02915
    -9.3950       -46.80495
    -9.2450       -48.57798
    -9.0950       -50.36669
    -8.9450       -52.16905
    -8.7950       -53.97595
    -8.6450       -55.79916
    -8.4950       -57.65188
    -8.3450       -59.52955
    -8.1950       -61.45389
    -8.0450       -63.43002
    -7.8950       -65.44152
    -7.7450       -67.51027
    -7.5950       -69.63743
    -7.4450       -71.81215
    -7.2950       -74.05506
    -7.1450       -76.35213
    -6.9950       -78.70140
    -6.8450       -81.09094
    -6.6950       -83.52527
    -6.5450       -85.98163
    -6.3950       -88.45532
    -6.2450       -90.94168
    -6.0950       -93.45550
    -5.9450       -96.00232
    -5.7950       -98.57776
    -5.6450      -101.18264
    -5.4950      -103.81902
    -5.3450      -106.48549
    -5.1950      -109.16164
    -5.0450      -111.84130
    -4.8950      -114.52158
    -4.7450      -117.20347
    -4.5950      -119.89161
    -4.4450      -122.59573
    -4.2950      -125.32744
    -4.1450      -128.11360
    -3.9950      -130.96015
    -3.8450      -133.90870
    -3.6950      -136.95850
    -3.5450      -140.12563
    -3.3950      -143.43832
    -3.2450      -146.91238
    -3.0950      -150.57250
    -2.9450      -154.44359
    -2.7950      -158.57700
    -2.6450      -163.01502
    -2.4950      -167.77695
    -2.3450      -172.93074
    -2.1950      -178.53064
    -2.0450      -184.67640
    -1.8950      -191.49558
    -1.7450      -199.12525
    -1.5950      -207.65723
    -1.4450      -217.13751
    -1.2950      -227.55328
    -1.1450      -238.83763
   -0.99500      -250.80055
   -0.84500      -263.29337
   -0.69500      -276.25223
   -0.54500      -289.86604
   -0.39500      -304.96338
   -0.25300      -316.28524
   -0.21500      -317.05639
   -0.20900      -317.83868
   -0.20300      -318.63265
   -0.19700      -319.43915
   -0.19100      -320.25820
   -0.18500      -321.09179
   -0.17900      -321.93908
   -0.17300      -322.80325
   -0.16700      -323.68343
   -0.16100      -324.58158
   -0.15500      -325.49894
   -0.14900      -326.43746
   -0.14300      -327.39796
   -0.13700      -328.38364
   -0.13100      -329.39586
   -0.12500      -330.43804
   -0.11900      -331.51307
   -0.11300      -332.62388
   -0.10700      -333.77593
   -0.10100      -334.97537
   -0.95000E-01  -336.22699
   -0.89000E-01  -337.53865
   -0.83000E-01  -338.92112
   -0.77000E-01  -340.38394
   -0.71000E-01  -341.93983
   -0.65000E-01  -343.60695
   -0.59000E-01  -345.40589
   -0.53000E-01  -347.36685
   -0.47000E-01  -349.53626
   -0.41000E-01  -351.98383
   -0.35000E-01  -354.78568
   -0.29000E-01  -358.06418
   -0.23000E-01  -362.03835
   -0.19700E-01  -362.48164
   -0.19100E-01  -362.93611
   -0.18500E-01  -363.40201
   -0.17900E-01  -363.88049
   -0.17300E-01  -364.37224
   -0.16700E-01  -364.87813
   -0.16100E-01  -365.39942
   -0.15500E-01  -365.93753
   -0.14900E-01  -366.49417
   -0.14300E-01  -367.07104
   -0.13700E-01  -367.66960
   -0.13100E-01  -368.29182
   -0.12500E-01  -368.94036
   -0.11900E-01  -369.61835
   -0.11300E-01  -370.32786
   -0.10700E-01  -371.06914
   -0.10100E-01  -371.84295
   -0.95000E-02  -372.64897
   -0.89000E-02  -373.48646
   -0.83000E-02  -374.35471
   -0.77000E-02  -375.25314
   -0.71000E-02  -376.18251
   -0.65000E-02  -377.14335
   -0.59000E-02  -378.13046
   -0.53000E-02  -379.13321
   -0.47000E-02  -380.13702
   -0.41000E-02  -381.11203
   -0.35000E-02  -382.01984
   -0.29000E-02  -382.82677
   -0.23000E-02  -383.50235
   -0.17000E-02  -384.02179
   -0.11000E-02  -384.36827
   -0.50000E-03  -384.53179
    0.10000E-03  -384.50659
    0.70000E-03  -384.29140
    0.13000E-02  -383.89107
    0.19000E-02  -383.31893
    0.25000E-02  -382.59690
    0.31000E-02  -381.75335
    0.37000E-02  -380.81983
    0.43000E-02  -379.83164
    0.49000E-02  -378.82702
    0.55000E-02  -377.82942
    0.61000E-02  -376.85138
    0.67000E-02  -375.90238
    0.73000E-02  -374.98504
    0.79000E-02  -374.09849
    0.85000E-02  -373.24199
    0.91000E-02  -372.41676
    0.97000E-02  -371.62353
    0.10300E-01  -370.86275
    0.10900E-01  -370.13413
    0.11500E-01  -369.43779
    0.12100E-01  -368.77258
    0.12700E-01  -368.13581
    0.13300E-01  -367.52433
    0.13900E-01  -366.93596
    0.14500E-01  -366.36912
    0.15100E-01  -365.82201
    0.15700E-01  -365.29324
    0.16300E-01  -364.78051
    0.16900E-01  -364.28292
    0.17500E-01  -363.79923
    0.18100E-01  -363.32867
    0.18700E-01  -362.87034
    0.19300E-01  -362.42346
    0.20200E-01  -360.78480
    0.25000E-01  -357.12471
    0.31000E-01  -354.09067
    0.37000E-01  -351.50336
    0.43000E-01  -349.25986
    0.49000E-01  -347.28583
    0.55000E-01  -345.51684
    0.61000E-01  -343.91362
    0.67000E-01  -342.44805
    0.73000E-01  -341.09987
    0.79000E-01  -339.85179
    0.85000E-01  -338.69026
    0.91000E-01  -337.60422
    0.97000E-01  -336.58346
    0.10300      -335.62080
    0.10900      -334.70861
    0.11500      -333.84224
    0.12100      -333.01628
    0.12700      -332.22688
    0.13300      -331.47103
    0.13900      -330.74592
    0.14500      -330.04784
    0.15100      -329.37610
    0.15700      -328.72746
    0.16300      -328.10173
    0.16900      -327.49623
    0.17500      -326.91033
    0.18100      -326.34237
    0.18700      -325.79146
    0.19300      -325.25710
    0.19900      -324.73820
    0.20500      -324.23318
    0.21100      -323.74204
    0.21700      -323.26443
    0.29500      -313.86536
    0.44500      -307.91803
    0.59500      -303.49930
    0.74500      -299.91709
    0.89500      -296.86482
     1.0450      -294.18241
     1.1950      -291.76340
     1.3450      -289.54498
     1.4950      -287.49804
     1.6450      -285.59505
     1.7950      -283.81679
     1.9450      -282.16501
     2.0950      -280.62742
     2.2450      -279.19871
     2.3950      -277.87843
     2.5450      -276.65379
     2.6950      -275.52106
     2.8450      -274.47949
     2.9950      -273.51860
     3.1450      -272.63314
     3.2950      -271.81165
     3.4450      -271.04835
     3.5950      -270.32800
     3.7450      -269.65550
     3.8950      -269.01965
     4.0450      -268.41247
     4.1950      -267.84076
     4.3450      -267.29435
     4.4950      -266.76968
     4.6450      -266.27055
     4.7950      -265.78636
     4.9450      -265.31695
     5.0950      -264.86363
     5.2450      -264.42531
     5.3950      -264.00025
     5.5450      -263.58724
     5.6950      -263.18571
     5.8450      -262.79458
     5.9950      -262.41347
     6.1450      -262.04159
     6.2950      -261.68118
     6.4450      -261.33160
     6.5950      -260.98723
     6.7450      -260.65051
     6.8950      -260.32154
     7.0450      -259.99986
     7.1950      -259.68445
     7.3450      -259.37541
     7.4950      -259.07498
     7.6450      -258.77743
     7.7950      -258.48751
     7.9450      -258.20133
     8.0950      -257.92080
     8.2450      -257.64563
     8.3950      -257.37371
     8.5450      -257.10798
     8.6950      -256.84823
     8.8450      -256.58808
     8.9950      -256.33571
     9.1450      -256.08581
     9.2950      -255.84145
     9.4450      -255.60241
     9.5950      -255.36383
     9.7450      -255.13048
     9.8950      -254.90241
     10.045      -254.67507
     10.195      -254.45116
     10.345      -254.23047
     10.495      -254.01372
     10.645      -253.79834
     10.795      -253.58590
     10.945      -253.37738
     11.095      -253.17106
     11.245      -252.96889
     11.395      -252.76856
     11.545      -252.57028
     11.695      -252.37455
     11.845      -252.18322
     11.995      -251.99440
     12.145      -251.80539
     12.295      -251.61799
     12.445      -251.43462
     12.595      -251.25311
     12.745      -251.07260
     12.895      -250.89616
     13.045      -250.71944
     13.195      -250.54621
     13.345      -250.37407
     13.495      -250.20397
     13.645      -250.03656
     13.795      -249.87049
     13.945      -249.70595
     14.095      -249.54370
     14.245      -249.38350
     14.395      -249.22432
     14.545      -249.06761
     14.695      -248.91233
     14.845      -248.75858
     14.995      -248.60656
     15.145      -248.45448
     15.295      -248.30490
     15.445      -248.15440
     15.595      -248.00777
     15.745      -247.86177
     15.895      -247.71674
     16.045      -247.57426
     16.195      -247.43269
     16.345      -247.29367
     16.495      -247.15518
     16.645      -247.01658
     16.795      -246.88023
     16.945      -246.74446
     17.095      -246.60997
     17.245      -246.47651
     17.395      -246.34447
     17.545      -246.21318
     17.695      -246.08367
     17.845      -245.95535
     17.995      -245.82761
     18.145      -245.69954
     18.295      -245.57359
     18.445      -245.44863
     18.595      -245.32658
     18.745      -245.20311
     18.895      -245.08125
     19.045      -244.96160
     19.195      -244.84099
     19.345      -244.72148
     19.495      -244.60450
     19.645      -244.48901
     19.795      -244.37340
     19.945      -244.25933
     20.095      -244.14454
     20.245      -244.03129
     20.395      -243.91978
     20.545      -243.80705
     20.695      -243.69559
     20.845      -243.58596
     20.995      -243.47563
     21.145      -243.36738
     21.295      -243.25908
     21.445      -243.15256
     21.595      -243.04621
     21.745      -242.94071
     21.895      -242.83615
     22.045      -242.73233
     22.195      -242.62936
     22.345      -242.52713
     22.495      -242.42499
     22.645      -242.32356
     22.795      -242.22286
     22.945      -242.12223
     23.095      -242.02292
     23.245      -241.92283
     23.395      -241.82528
     23.545      -241.72811
     23.695      -241.63101
     23.845      -241.53450
     23.995      -241.43862
     24.145      -241.34280
     24.295      -241.24901
     24.445      -241.15407
     24.595      -241.06029
     24.745      -240.96746
     24.895      -240.87520
     25.045      -240.78273
     25.195      -240.69057
     25.345      -240.60064
     25.495      -240.50992
     25.645      -240.42005
     25.795      -240.32996
     25.945      -240.24084
     26.095      -240.15280
     26.245      -240.06437
     26.395      -239.97656
     26.545      -239.88958
     26.695      -239.80342
     26.845      -239.71762
     26.995      -239.63265
     27.145      -239.54750
     27.295      -239.46293
     27.445      -239.37933
     27.595      -239.29517
     27.745      -239.21217
     27.895      -239.12965
     28.045      -239.04773
     28.195      -238.96652
     28.345      -238.88492
     28.495      -238.80463
     28.645      -238.72374
     28.795      -238.64286
     28.945      -238.56293
     29.095      -238.48378
     29.245      -238.40410
     29.395      -238.32550
     29.545      -238.24756
     29.695      -238.17021
     29.845      -238.09380
     29.995      -238.01745
     30.145      -237.94161
     30.295      -237.86545
     30.445      -237.79017
     30.595      -237.71534
     30.745      -237.64022
     30.895      -237.56646
     31.045      -237.49231
     31.195      -237.41888
     31.345      -237.34606
     31.495      -237.27445
     31.645      -237.20149
     31.795      -237.12950
     31.945      -237.05767
     32.095      -236.98702
     32.245      -236.91570
     32.395      -236.84518
     32.545      -236.77568
     32.695      -236.70578
     32.845      -236.63533
     32.995      -236.56594
     33.145      -236.49620
     33.295      -236.42795
     33.445      -236.35906
     33.595      -236.29125
     33.745      -236.22259
     33.895      -236.15542
     34.045      -236.08824
     34.195      -236.02136
     34.345      -235.95419
     34.495      -235.88767
     34.645      -235.82120
     34.795      -235.75558
     34.945      -235.69065
     35.095      -235.62517
     35.245      -235.56023
     35.395      -235.49574
     35.545      -235.43109
     35.695      -235.36675
     35.845      -235.30313
     35.995      -235.23937
     36.145      -235.17626
     36.295      -235.11316
     36.445      -235.04999
     36.595      -234.98669
     36.745      -234.92380
     36.895      -234.86196
     37.045      -234.79953
     37.195      -234.73820
     37.345      -234.67756
     37.495      -234.61603
     37.645      -234.55495
     37.795      -234.49421
     37.945      -234.43444
     38.095      -234.37433
     38.245      -234.31376
     38.395      -234.25417
     38.545      -234.19429
     38.695      -234.13498
     38.845      -234.07614
     38.995      -234.01789
     39.145      -233.95967
     39.295      -233.90184
     39.445      -233.84364
     39.595      -233.78647
     39.745      -233.72805
     39.895      -233.67053
     40.045      -233.61359
     40.195      -233.55683
     40.345      -233.50058
     40.495      -233.44433
     40.645      -233.38831
     40.795      -233.33222
     40.945      -233.27643
     41.095      -233.22063
     41.245      -233.16498
     41.395      -233.10925
     41.545      -233.05418
     41.695      -232.99945
     41.845      -232.94470
     41.995      -232.89037
     42.145      -232.83566
     42.295      -232.78198
     42.445      -232.72823
     42.595      -232.67467
     42.745      -232.62064
     42.895      -232.56752
     43.045      -232.51443
     43.195      -232.46137
     43.345      -232.40893
     43.495      -232.35653
     43.645      -232.30425
     43.795      -232.25148
     43.945      -232.19919
     44.095      -232.14762
     44.245      -232.09569
     44.395      -232.04437
     44.545      -231.99293
     44.695      -231.94192
     44.845      -231.89065
     44.995      -231.84046
     45.145      -231.78927
     45.295      -231.73818
     45.445      -231.68806
     45.595      -231.63825
     45.745      -231.58852
     45.895      -231.53903
     46.045      -231.48905
     46.195      -231.43934
     46.345      -231.38926
     46.495      -231.34025
     46.645      -231.29133
     46.795      -231.24328
     46.945      -231.19490
     47.095      -231.14683
     47.245      -231.09904
     47.395      -231.05084
     47.545      -231.00269
     47.695      -230.95494
     47.845      -230.90759
     47.995      -230.85964
     48.145      -230.81215
     48.295      -230.76471
     48.445      -230.71794
     48.595      -230.67107
     48.745      -230.62437
     48.895      -230.57767
     49.045      -230.53188
     49.195      -230.48500
     49.345      -230.43927
     49.495      -230.39352
     49.645      -230.34777
     49.795      -230.30238
     49.945      -230.25679
     50.095      -230.21135
     50.245      -230.16555
     50.395      -230.12060
     50.545      -230.07547
     50.695      -230.03008
     50.845      -229.98535
     50.995      -229.94102
     51.145      -229.89692
     51.295      -229.85190
     51.445      -229.80742
     51.595      -229.76330
     51.745      -229.71904
     51.895      -229.67547
     52.045      -229.63072
     52.195      -229.58733
     52.345      -229.54394
     52.495      -229.50045
     52.645      -229.45677
     52.795      -229.41357
     52.945      -229.37064
     53.095      -229.32790
     53.245      -229.28536
     53.395      -229.24251
     53.545      -229.20012
     53.695      -229.15768
     53.845      -229.11576
     53.995      -229.07394
     54.145      -229.03208
     54.295      -228.98982
     54.445      -228.94779
     54.595      -228.90577
     54.745      -228.86412
     54.895      -228.82233
     55.045      -228.78146
     55.195      -228.74026
     55.345      -228.69917
     55.495      -228.65797
     55.645      -228.61712
     55.795      -228.57625
     55.945      -228.53603
     56.095      -228.49554
     56.245      -228.45517
     56.395      -228.41514
     56.545      -228.37434
     56.695      -228.33474
     56.845      -228.29510
     56.995      -228.25577
     57.145      -228.21594
     57.295      -228.17594
     57.445      -228.13623
     57.595      -228.09659
     57.745      -228.05765
     57.895      -228.01773
     58.045      -227.97841
     58.195      -227.93973
     58.345      -227.90183
     58.495      -227.86353
     58.645      -227.82455
     58.795      -227.78618
     58.945      -227.74791
     59.095      -227.70980
     59.245      -227.67209
     59.395      -227.63411
     59.545      -227.59642
     59.695      -227.55857
     59.845      -227.52079
     59.995      -227.48331
     60.145      -227.44580
     70.939      -222.65120
     97.698      -217.91165
     134.55      -213.23562
     185.30      -208.63986
     255.20      -204.12527
     351.46      -199.68838
     484.04      -195.35474
     666.62      -191.12396
     918.07      -186.99621
     1264.4      -182.96531
     1741.3      -179.02394
     2398.1      -175.17738
     3302.7      -171.42357
     4548.5      -167.76158
     6264.3      -164.19254
     8627.2      -160.70311
     11881.      -157.31290
     16363.      -154.02165
     22535.      -150.82352
     31036.      -147.72979
     42743.      -144.74461
     58866.      -141.88033
     81070.      -139.13013
    0.11165E+06  -136.49730
    0.15377E+06  -133.97955
    0.21177E+06  -131.57262
    0.29165E+06  -129.27370
    0.40166E+06  -127.08031
    0.55317E+06  -124.98413
    0.76182E+06  -122.98684
    0.10492E+07  -121.08136
    0.14449E+07  -119.26098
    0.19900E+07  -117.52585
    0.27406E+07  -115.87508
    0.37744E+07  -114.29882
    0.51981E+07  -112.79672
    0.71589E+07  -111.36610
    0.98593E+07  -110.00426
    0.13578E+08  -108.70533
    0.18700E+08  -107.46926
    0.25754E+08  -106.29080
    0.35468E+08  -105.17226
    0.48847E+08  -104.12031
    0.67273E+08  -103.14238
    0.92648E+08  -102.23330
    0.12760E+09  -101.38415
    0.17573E+09  -100.59116
    0.24201E+09   -99.84681
    0.33330E+09   -99.14897
    0.45902E+09   -98.49444
    0.63217E+09   -97.89714
    0.87062E+09   -97.35199
    0.11990E+10   -96.85150
    0.16513E+10   -96.38980
    0.22742E+10   -95.96402
    0.31320E+10   -95.57164
    0.43134E+10   -95.20935
    0.59405E+10   -94.87456
    0.81813E+10   -94.56498
    0.11267E+11   -94.27910
    0.15517E+11   -94.01618
    0.21371E+11   -93.77292
    0.29432E+11   -93.54932
    0.40534E+11   -93.34201
    0.55823E+11   -93.15127
    0.10000E+12   -90.85244
