    -29.945        1     0.00000
    -29.795        1     0.00000
    -29.645        1     0.00000
    -29.495        1     0.00000
    -29.345        1     0.00000
    -29.195        1     0.00000
    -29.045        1     0.00000
    -28.895        1     0.00000
    -28.745        1     0.00000
    -28.595        1     0.00000
    -28.445        1     0.00000
    -28.295        1     0.00000
    -28.145        1     0.00000
    -27.995        1     0.00000
    -27.845        1     0.00000
    -27.695        1     0.00000
    -27.545        1     0.00000
    -27.395        1     0.00000
    -27.245        1     0.00000
    -27.095        1     0.00000
    -26.945        1     0.00000
    -26.795        1     0.00000
    -26.645        1     0.00000
    -26.495        1     0.00000
    -26.345        1     0.00000
    -26.195        1     0.00000
    -26.045        1     0.00000
    -25.895        1     0.00000
    -25.745        1     0.00000
    -25.595        1     0.00000
    -25.445        1     0.00000
    -25.295        1     0.00000
    -25.145        1     0.00000
    -24.995        1     0.00000
    -24.845        1     0.00000
    -24.695        1     0.00000
    -24.545        1     0.00000
    -24.395        1     0.00000
    -24.245        1     0.00000
    -24.095        1     0.00000
    -23.945        1     0.00000
    -23.795        1     0.00000
    -23.645        1     0.00000
    -23.495        1     0.00000
    -23.345        1     0.00000
    -23.195        1     0.00000
    -23.045        1     0.00000
    -22.895        1     0.00000
    -22.745        1     0.00000
    -22.595        1     0.00000
    -22.445        1     0.00000
    -22.295        1     0.00000
    -22.145        1     0.00000
    -21.995        1     0.00000
    -21.845        1     0.00000
    -21.695        1     0.00000
    -21.545        1     0.00000
    -21.395        1     0.00000
    -21.245        1     0.00000
    -21.095        1     0.00000
    -20.945        1     0.00000
    -20.795        1     0.00000
    -20.645        1     0.00000
    -20.495        1     0.00000
    -20.345        1     0.00000
    -20.195        1     0.00000
    -20.045        1     0.00000
    -19.895        1     0.00000
    -19.745        1     0.00000
    -19.595        1     0.00000
    -19.445        1     0.00000
    -19.295        1     0.00000
    -19.145        1     0.00000
    -18.995        1     0.00000
    -18.845        1     0.00000
    -18.695        1     0.00000
    -18.545        1     0.00000
    -18.395        1     0.00000
    -18.245        1     0.00000
    -18.095        1     0.00000
    -17.945        1     0.00000
    -17.795        1     0.00000
    -17.645        1     0.00000
    -17.495        1     0.00000
    -17.345        1     0.00000
    -17.195        1     0.00000
    -17.045        1     0.00000
    -16.895        1     0.00000
    -16.745        1     0.00000
    -16.595        1     0.00000
    -16.445        1     0.00000
    -16.295        1     0.00000
    -16.145        1     0.00000
    -15.995        1     0.00000
    -15.845        1     0.00000
    -15.695        1     0.00000
    -15.545        1     0.00000
    -15.395        1     0.00000
    -15.245        1     0.00000
    -15.095        1     0.00000
    -14.945        1     0.00000
    -14.795        1     0.00000
    -14.645        1     0.00000
    -14.495        1     0.00000
    -14.345        1     0.00000
    -14.195        1     0.00000
    -14.045        1     0.00000
    -13.895        1     0.00000
    -13.745        1     0.00000
    -13.595        1     0.00000
    -13.445        1     0.00000
    -13.295        1     0.00000
    -13.145        1     0.00000
    -12.995        1     0.00000
    -12.845        1     0.00000
    -12.695        1     0.00000
    -12.545        1     0.00000
    -12.395        1     0.00000
    -12.245        1     0.00000
    -12.095        1     0.00000
    -11.945        1     0.00000
    -11.795        1     0.00000
    -11.645        1     0.00000
    -11.495        1     0.00000
    -11.345        1     0.00000
    -11.195        1    -0.00002
    -11.045        1    -0.00481
    -10.895        1    -0.01793
    -10.745        1    -0.03855
    -10.595        1    -0.06560
    -10.445        1    -0.09958
    -10.295        1    -0.14856
    -10.145        1    -0.21064
    -9.9950        1    -0.28352
    -9.8450        1    -0.37381
    -9.6950        1    -0.50278
    -9.5450        1    -0.62761
    -9.3950        1    -0.74777
    -9.2450        1    -0.87387
    -9.0950        1    -1.00738
    -8.9450        1    -1.14530
    -8.7950        1    -1.28738
    -8.6450        1    -1.43484
    -8.4950        1    -1.58551
    -8.3450        1    -1.74217
    -8.1950        1    -1.90130
    -8.0450        1    -2.06807
    -7.8950        1    -2.24215
    -7.7450        1    -2.42525
    -7.5950        1    -2.61595
    -7.4450        1    -2.81413
    -7.2950        1    -3.02040
    -7.1450        1    -3.23058
    -6.9950        1    -3.45564
    -6.8450        1    -3.69596
    -6.6950        1    -3.94677
    -6.5450        1    -4.20700
    -6.3950        1    -4.49233
    -6.2450        1    -4.81912
    -6.0950        1    -5.19509
    -5.9450        1    -5.61017
    -5.7950        1    -6.05766
    -5.6450        1    -6.54042
    -5.4950        1    -7.05655
    -5.3450        1    -7.61340
    -5.1950        1    -8.21829
    -5.0450        1    -8.86331
    -4.8950        1    -9.54193
    -4.7450        1   -10.25765
    -4.5950        1   -11.02075
    -4.4450        1   -11.83277
    -4.2950        1   -12.68147
    -4.1450        1   -13.56871
    -3.9950        1   -14.51240
    -3.8450        1   -15.50489
    -3.6950        1   -16.55676
    -3.5450        1   -17.68265
    -3.3950        1   -18.89154
    -3.2450        1   -20.20539
    -3.0950        1   -21.64315
    -2.9450        1   -23.19755
    -2.7950        1   -24.89690
    -2.6450        1   -26.77195
    -2.4950        1   -28.86247
    -2.3450        1   -31.20148
    -2.1950        1   -33.82160
    -2.0450        1   -36.77066
    -1.8950        1   -40.12434
    -1.7450        1   -43.99069
    -1.5950        1   -48.50836
    -1.4450        1   -53.86254
    -1.2950        1   -60.37165
    -1.1450        1   -68.51977
   -0.99500        1   -79.14016
   -0.84500        1   -93.85098
   -0.69500        1  -116.86999
   -0.54500        1  -160.40174
   -0.39500        1  -236.26972
   -0.25300        1  -276.56609
   -0.21500        1  -278.23670
   -0.20900        1  -279.81673
   -0.20300        1  -281.31011
   -0.19700        1  -282.71851
   -0.19100        1  -284.00624
   -0.18500        1  -285.19141
   -0.17900        1  -286.28909
   -0.17300        1  -287.30923
   -0.16700        1  -288.25643
   -0.16100        1  -289.13635
   -0.15500        1  -289.95403
   -0.14900        1  -290.71318
   -0.14300        1  -291.41775
   -0.13700        1  -292.07136
   -0.13100        1  -292.67586
   -0.12500        1  -293.23397
   -0.11900        1  -293.74896
   -0.11300        1  -294.20942
   -0.10700        1  -294.61962
   -0.10100        1  -294.98748
   -0.95000E-01    1  -295.31797
   -0.89000E-01    1  -295.61452
   -0.83000E-01    1  -295.87965
   -0.77000E-01    1  -296.11591
   -0.71000E-01    1  -296.32522
   -0.65000E-01    1  -296.50951
   -0.59000E-01    1  -296.67068
   -0.53000E-01    1  -296.81013
   -0.47000E-01    1  -296.92944
   -0.41000E-01    1  -297.02971
   -0.35000E-01    1  -297.11236
   -0.29000E-01    1  -297.17849
   -0.23000E-01    1  -297.22910
   -0.19700E-01    1  -297.23335
   -0.19100E-01    1  -297.23745
   -0.18500E-01    1  -297.24141
   -0.17900E-01    1  -297.24524
   -0.17300E-01    1  -297.24892
   -0.16700E-01    1  -297.25247
   -0.16100E-01    1  -297.25587
   -0.15500E-01    1  -297.25915
   -0.14900E-01    1  -297.26227
   -0.14300E-01    1  -297.26527
   -0.13700E-01    1  -297.26814
   -0.13100E-01    1  -297.27086
   -0.12500E-01    1  -297.27345
   -0.11900E-01    1  -297.27592
   -0.11300E-01    1  -297.27825
   -0.10700E-01    1  -297.28045
   -0.10100E-01    1  -297.28252
   -0.95000E-02    1  -297.28446
   -0.89000E-02    1  -297.28628
   -0.83000E-02    1  -297.28796
   -0.77000E-02    1  -297.28952
   -0.71000E-02    1  -297.29095
   -0.65000E-02    1  -297.29226
   -0.59000E-02    1  -297.29345
   -0.53000E-02    1  -297.29451
   -0.47000E-02    1  -297.29545
   -0.41000E-02    1  -297.29627
   -0.35000E-02    1  -297.29697
   -0.29000E-02    1  -297.29755
   -0.23000E-02    1  -297.29802
   -0.17000E-02    1  -297.29836
   -0.11000E-02    1  -297.29858
   -0.50000E-03    1  -297.29869
    0.10000E-03    1  -297.29869
    0.70000E-03    1  -297.29856
    0.13000E-02    1  -297.29833
    0.19000E-02    1  -297.29798
    0.25000E-02    1  -297.29751
    0.31000E-02    1  -297.29694
    0.37000E-02    1  -297.29626
    0.43000E-02    1  -297.29546
    0.49000E-02    1  -297.29455
    0.55000E-02    1  -297.29353
    0.61000E-02    1  -297.29241
    0.67000E-02    1  -297.29117
    0.73000E-02    1  -297.28983
    0.79000E-02    1  -297.28838
    0.85000E-02    1  -297.28683
    0.91000E-02    1  -297.28518
    0.97000E-02    1  -297.28341
    0.10300E-01    1  -297.28154
    0.10900E-01    1  -297.27957
    0.11500E-01    1  -297.27749
    0.12100E-01    1  -297.27532
    0.12700E-01    1  -297.27304
    0.13300E-01    1  -297.27066
    0.13900E-01    1  -297.26818
    0.14500E-01    1  -297.26560
    0.15100E-01    1  -297.26291
    0.15700E-01    1  -297.26014
    0.16300E-01    1  -297.25725
    0.16900E-01    1  -297.25428
    0.17500E-01    1  -297.25119
    0.18100E-01    1  -297.24801
    0.18700E-01    1  -297.24475
    0.19300E-01    1  -297.24139
    0.20200E-01    1  -297.22744
    0.25000E-01    1  -297.18493
    0.31000E-01    1  -297.13368
    0.37000E-01    1  -297.07387
    0.43000E-01    1  -297.00635
    0.49000E-01    1  -296.93203
    0.55000E-01    1  -296.85113
    0.61000E-01    1  -296.76405
    0.67000E-01    1  -296.67125
    0.73000E-01    1  -296.57295
    0.79000E-01    1  -296.46945
    0.85000E-01    1  -296.36130
    0.91000E-01    1  -296.24865
    0.97000E-01    1  -296.13158
    0.10300        1  -296.01045
    0.10900        1  -295.88562
    0.11500        1  -295.75721
    0.12100        1  -295.62543
    0.12700        1  -295.49023
    0.13300        1  -295.35205
    0.13900        1  -295.21095
    0.14500        1  -295.06727
    0.15100        1  -294.92113
    0.15700        1  -294.77236
    0.16300        1  -294.62129
    0.16900        1  -294.46841
    0.17500        1  -294.31340
    0.18100        1  -294.15658
    0.18700        1  -293.99770
    0.19300        1  -293.83746
    0.19900        1  -293.67637
    0.20500        1  -293.51342
    0.21100        1  -293.34902
    0.21700        1  -293.18372
    0.29500        1  -288.80692
    0.44500        1  -284.63147
    0.59500        1  -280.76551
    0.74500        1  -277.20298
    0.89500        1  -273.92825
     1.0450        1  -270.90981
     1.1950        1  -268.13592
     1.3450        1  -265.61123
     1.4950        1  -263.28585
     1.6450        1  -261.12758
     1.7950        1  -259.11391
     1.9450        1  -257.22969
     2.0950        1  -255.45912
     2.2450        1  -253.79213
     2.3950        1  -252.21745
     2.5450        1  -250.72768
     2.6950        1  -249.31613
     2.8450        1  -247.97233
     2.9950        1  -246.69237
     3.1450        1  -245.46782
     3.2950        1  -244.29529
     3.4450        1  -243.17261
     3.5950        1  -242.09379
     3.7450        1  -241.05505
     3.8950        1  -240.05263
     4.0450        1  -239.08603
     4.1950        1  -238.15148
     4.3450        1  -237.24909
     4.4950        1  -236.37339
     4.6450        1  -235.52385
     4.7950        1  -234.69828
     4.9450        1  -233.89482
     5.0950        1  -233.11266
     5.2450        1  -232.35192
     5.3950        1  -231.60827
     5.5450        1  -230.88406
     5.6950        1  -230.17637
     5.8450        1  -229.48496
     5.9950        1  -228.80974
     6.1450        1  -228.14842
     6.2950        1  -227.49978
     6.4450        1  -226.86345
     6.5950        1  -226.24131
     6.7450        1  -225.63260
     6.8950        1  -225.04035
     7.0450        1  -224.46577
     7.1950        1  -223.90978
     7.3450        1  -223.36770
     7.4950        1  -222.83915
     7.6450        1  -222.32339
     7.7950        1  -221.81899
     7.9450        1  -221.32484
     8.0950        1  -220.84185
     8.2450        1  -220.36899
     8.3950        1  -219.90528
     8.5450        1  -219.44989
     8.6950        1  -219.00298
     8.8450        1  -218.56258
     8.9950        1  -218.12899
     9.1450        1  -217.70240
     9.2950        1  -217.28270
     9.4450        1  -216.86885
     9.5950        1  -216.46354
     9.7450        1  -216.06385
     9.8950        1  -215.67050
     10.045        1  -215.28425
     10.195        1  -214.89907
     10.345        1  -214.52222
     10.495        1  -214.14806
     10.645        1  -213.78189
     10.795        1  -213.41594
     10.945        1  -213.05851
     11.095        1  -212.70579
     11.245        1  -212.35922
     11.395        1  -212.01498
     11.545        1  -211.67543
     11.695        1  -211.33879
     11.845        1  -211.00879
     11.995        1  -210.68123
     12.145        1  -210.35923
     12.295        1  -210.04364
     12.445        1  -209.73225
     12.595        1  -209.42269
     12.745        1  -209.11872
     12.895        1  -208.81877
     13.045        1  -208.52310
     13.195        1  -208.23166
     13.345        1  -207.94517
     13.495        1  -207.66268
     13.645        1  -207.38437
     13.795        1  -207.11036
     13.945        1  -206.83787
     14.095        1  -206.56643
     14.245        1  -206.29879
     14.395        1  -206.03219
     14.545        1  -205.76656
     14.695        1  -205.50720
     14.845        1  -205.24845
     14.995        1  -204.99069
     15.145        1  -204.73667
     15.295        1  -204.48074
     15.445        1  -204.22916
     15.595        1  -203.97644
     15.745        1  -203.72801
     15.895        1  -203.47807
     16.045        1  -203.23326
     16.195        1  -202.98225
     16.345        1  -202.73304
     16.495        1  -202.48574
     16.645        1  -202.24290
     16.795        1  -202.00185
     16.945        1  -201.76310
     17.095        1  -201.52170
     17.245        1  -201.27905
     17.395        1  -201.04065
     17.545        1  -200.80858
     17.695        1  -200.57475
     17.845        1  -200.34287
     17.995        1  -200.11475
     18.145        1  -199.88614
     18.295        1  -199.65688
     18.445        1  -199.43384
     18.595        1  -199.21502
     18.745        1  -198.99444
     18.895        1  -198.77390
     19.045        1  -198.55823
     19.195        1  -198.34306
     19.345        1  -198.13049
     19.495        1  -197.92026
     19.645        1  -197.70739
     19.795        1  -197.49425
     19.945        1  -197.29235
     20.095        1  -197.08886
     20.245        1  -196.88508
     20.395        1  -196.68908
     20.545        1  -196.49215
     20.695        1  -196.29138
     20.845        1  -196.09832
     20.995        1  -195.90306
     21.145        1  -195.71198
     21.295        1  -195.53034
     21.445        1  -195.34566
     21.595        1  -195.15990
     21.745        1  -194.98281
     21.895        1  -194.80733
     22.045        1  -194.62910
     22.195        1  -194.44579
     22.345        1  -194.26696
     22.495        1  -194.09002
     22.645        1  -193.91275
     22.795        1  -193.74135
     22.945        1  -193.57097
     23.095        1  -193.39456
     23.245        1  -193.23008
     23.395        1  -193.06188
     23.545        1  -192.89796
     23.695        1  -192.74035
     23.845        1  -192.57863
     23.995        1  -192.42086
     24.145        1  -192.26507
     24.295        1  -192.10144
     24.445        1  -191.94647
     24.595        1  -191.79039
     24.745        1  -191.63616
     24.895        1  -191.47826
     25.045        1  -191.32119
     25.195        1  -191.17065
     25.345        1  -191.01286
     25.495        1  -190.85841
     25.645        1  -190.71168
     25.795        1  -190.56110
     25.945        1  -190.41098
     26.095        1  -190.26151
     26.245        1  -190.11540
     26.395        1  -189.96805
     26.545        1  -189.81601
     26.695        1  -189.66816
     26.845        1  -189.52119
     26.995        1  -189.37430
     27.145        1  -189.23000
     27.295        1  -189.08443
     27.445        1  -188.94083
     27.595        1  -188.80085
     27.745        1  -188.65514
     27.895        1  -188.51728
     28.045        1  -188.38020
     28.195        1  -188.23847
     28.345        1  -188.10263
     28.495        1  -187.97023
     28.645        1  -187.83050
     28.795        1  -187.69487
     28.945        1  -187.56464
     29.095        1  -187.43562
     29.245        1  -187.30413
     29.395        1  -187.17465
     29.545        1  -187.04527
     29.695        1  -186.91785
     29.845        1  -186.79329
     29.995        1  -186.66692
     30.145        1  -186.54006
     30.295        1  -186.41456
     30.445        1  -186.29120
     30.595        1  -186.16599
     30.745        1  -186.04129
     30.895        1  -185.92264
     31.045        1  -185.80614
     31.195        1  -185.68629
     31.345        1  -185.57201
     31.495        1  -185.45944
     31.645        1  -185.34473
     31.795        1  -185.23410
     31.945        1  -185.12594
     32.095        1  -185.02223
     32.245        1  -184.92068
     32.395        1  -184.82444
     32.545        1  -184.72543
     32.695        1  -184.63333
     32.845        1  -184.53787
     32.995        1  -184.45143
     33.145        1  -184.36250
     33.295        1  -184.28168
     33.445        1  -184.20426
     33.595        1  -184.12871
     33.745        1  -184.05809
     33.895        1  -183.99444
     34.045        1  -183.92472
     34.195        1  -183.86408
     34.345        1  -183.80091
     34.495        1  -183.74495
     34.645        1  -183.69242
     34.795        1  -183.63844
     34.945        1  -183.59662
     35.095        1  -183.55042
     35.245        1  -183.51242
     35.395        1  -183.47793
     35.545        1  -183.44474
     35.695        1  -183.41556
     35.845        1  -183.38600
     35.995        1  -183.36213
     36.145        1  -183.33589
     36.295        1  -183.30938
     36.445        1  -183.29095
     36.595        1  -183.26741
     36.745        1  -183.24829
     36.895        1  -183.22743
     37.045        1  -183.20910
     37.195        1  -183.19335
     37.345        1  -183.17614
     37.495        1  -183.16246
     37.645        1  -183.15062
     37.795        1  -183.13950
     37.945        1  -183.12585
     38.095        1  -183.11228
     38.245        1  -183.10419
     38.395        1  -183.09445
     38.545        1  -183.08401
     38.695        1  -183.07351
     38.845        1  -183.06561
     38.995        1  -183.05765
     39.145        1  -183.05042
     39.295        1  -183.04322
     39.445        1  -183.03371
     39.595        1  -183.02652
     39.745        1  -183.01880
     39.895        1  -183.01110
     40.045        1  -183.00406
     40.195        1  -182.99642
     40.345        1  -182.98871
     40.495        1  -182.98186
     40.645        1  -182.97497
     40.795        1  -182.96809
     40.945        1  -182.96122
     41.095        1  -182.95435
     41.245        1  -182.94756
     41.395        1  -182.94081
     41.545        1  -182.93414
     41.695        1  -182.92743
     41.845        1  -182.92073
     41.995        1  -182.91414
     42.145        1  -182.90754
     42.295        1  -182.90032
     42.445        1  -182.89383
     42.595        1  -182.88723
     42.745        1  -182.88071
     42.895        1  -182.87418
     43.045        1  -182.86771
     43.195        1  -182.86135
     43.345        1  -182.85491
     43.495        1  -182.84857
     43.645        1  -182.84227
     43.795        1  -182.83592
     43.945        1  -182.82961
     44.095        1  -182.82339
     44.245        1  -182.81718
     44.395        1  -182.81096
     44.545        1  -182.80480
     44.695        1  -182.79876
     44.845        1  -182.79262
     44.995        1  -182.78650
     45.145        1  -182.78050
     45.295        1  -182.77451
     45.445        1  -182.76852
     45.595        1  -182.76253
     45.745        1  -182.75655
     45.895        1  -182.75052
     46.045        1  -182.74452
     46.195        1  -182.73863
     46.345        1  -182.73278
     46.495        1  -182.72690
     46.645        1  -182.72099
     46.795        1  -182.71517
     46.945        1  -182.70946
     47.095        1  -182.70369
     47.245        1  -182.69792
     47.395        1  -182.69223
     47.545        1  -182.68651
     47.695        1  -182.68081
     47.845        1  -182.67511
     47.995        1  -182.66953
     48.145        1  -182.66399
     48.295        1  -182.65840
     48.445        1  -182.65292
     48.595        1  -182.64739
     48.745        1  -182.64180
     48.895        1  -182.63628
     49.045        1  -182.63088
     49.195        1  -182.62538
     49.345        1  -182.61987
     49.495        1  -182.61446
     49.645        1  -182.60905
     49.795        1  -182.60362
     49.945        1  -182.59826
     50.095        1  -182.59294
     50.245        1  -182.58768
     50.395        1  -182.58238
     50.545        1  -182.57702
     50.695        1  -182.57176
     50.845        1  -182.56649
     50.995        1  -182.56127
     51.145        1  -182.55607
     51.295        1  -182.55093
     51.445        1  -182.54577
     51.595        1  -182.54060
     51.745        1  -182.53550
     51.895        1  -182.53044
     52.045        1  -182.52536
     52.195        1  -182.52024
     52.345        1  -182.51516
     52.495        1  -182.51013
     52.645        1  -182.50508
     52.795        1  -182.49999
     52.945        1  -182.49501
     53.095        1  -182.48991
     53.245        1  -182.48497
     53.395        1  -182.48002
     53.545        1  -182.47506
     53.695        1  -182.47017
     53.845        1  -182.46528
     53.995        1  -182.46045
     54.145        1  -182.45557
     54.295        1  -182.45072
     54.445        1  -182.44589
     54.595        1  -182.44112
     54.745        1  -182.43631
     54.895        1  -182.43151
     55.045        1  -182.42678
     55.195        1  -182.42210
     55.345        1  -182.41736
     55.495        1  -182.41256
     55.645        1  -182.40779
     55.795        1  -182.40315
     55.945        1  -182.39844
     56.095        1  -182.39385
     56.245        1  -182.38915
     56.395        1  -182.38448
     56.545        1  -182.37982
     56.695        1  -182.37515
     56.845        1  -182.37063
     56.995        1  -182.36603
     57.145        1  -182.36143
     57.295        1  -182.35689
     57.445        1  -182.35243
     57.595        1  -182.34796
     57.745        1  -182.34353
     57.895        1  -182.33901
     58.045        1  -182.33450
     58.195        1  -182.33013
     58.345        1  -182.32575
     58.495        1  -182.32132
     58.645        1  -182.31685
     58.795        1  -182.31249
     58.945        1  -182.30811
     59.095        1  -182.30379
     59.245        1  -182.29937
     59.395        1  -182.29503
     59.545        1  -182.29074
     59.695        1  -182.28642
     59.845        1  -182.28206
     59.995        1  -182.27774
     60.145        1  -182.27343
     60.295        1  -182.26916
     60.445        1  -182.26484
     60.595        1  -182.26055
     60.745        1  -182.25639
     60.895        1  -182.25216
     61.045        1  -182.24789
     61.195        1  -182.24369
     61.345        1  -182.23948
     61.495        1  -182.23530
     61.645        1  -182.23108
     61.795        1  -182.22692
     61.945        1  -182.22278
     62.095        1  -182.21865
     62.245        1  -182.21451
     62.395        1  -182.21043
     62.545        1  -182.20629
     62.695        1  -182.20215
     62.845        1  -182.19805
     62.995        1  -182.19394
     63.145        1  -182.18982
     63.295        1  -182.18573
     63.445        1  -182.18158
     63.595        1  -182.17747
     63.745        1  -182.17345
     63.895        1  -182.16944
     64.045        1  -182.16538
     64.195        1  -182.16143
     64.345        1  -182.15741
     64.495        1  -182.15347
     64.645        1  -182.14948
     64.795        1  -182.14554
     64.945        1  -182.14157
     65.095        1  -182.13761
     70.156        1  -181.78060
     94.967        1  -181.26222
     130.63        1  -180.75886
     179.69        1  -180.26925
     247.17        1  -179.79071
     340.00        1  -179.32322
     467.69        1  -178.86705
     643.33        1  -178.42323
     884.93        1  -177.98981
     1217.3        1  -177.56582
     1674.4        1  -177.15073
     2303.2        1  -176.74358
     3168.2        1  -176.34473
     4358.0        1  -175.95389
     5994.7        1  -175.57160
     8246.0        1  -175.19703
     11343.        1  -174.83167
     15603.        1  -174.47498
     21462.        1  -174.12663
     29522.        1  -173.78645
     40609.        1  -173.45490
     55860.        1  -173.13212
     76839.        1  -172.81905
    0.10570E+06    1  -172.51525
    0.14539E+06    1  -172.22007
    0.19999E+06    1  -171.93446
    0.27510E+06    1  -171.65857
    0.37841E+06    1  -171.39367
    0.52052E+06    1  -171.14003
    0.71601E+06    1  -170.89788
    0.98490E+06    1  -170.66634
    0.13548E+07    1  -170.44557
    0.18636E+07    1  -170.23515
    0.25634E+07    1  -170.03471
    0.35262E+07    1  -169.84365
    0.48504E+07    1  -169.66140
    0.66720E+07    1  -169.48746
    0.91776E+07    1  -169.32191
    0.12624E+08    1  -169.16408
    0.17365E+08    1  -169.01376
    0.23887E+08    1  -168.87034
    0.32858E+08    1  -168.73384
    0.45197E+08    1  -168.60372
    0.62171E+08    1  -168.47974
    0.85520E+08    1  -168.36190
    0.11764E+09    1  -168.24938
    0.16182E+09    1  -168.14257
    0.22259E+09    1  -168.04125
    0.30618E+09    1  -167.94560
    0.42116E+09    1  -167.85650
    0.57933E+09    1  -167.77359
    0.79690E+09    1  -167.69651
    0.10962E+10    1  -167.62425
    0.15078E+10    1  -167.55682
    0.20741E+10    1  -167.49342
    0.28531E+10    1  -167.43389
    0.39245E+10    1  -167.37848
    0.53984E+10    1  -167.32834
    0.74258E+10    1  -167.28238
    0.10215E+11    1  -167.24016
    0.14051E+11    1  -167.20111
    0.19327E+11    1  -167.16497
    0.26586E+11    1  -167.13179
    0.36570E+11    1  -167.10110
    0.50304E+11    1  -167.07282
    0.69195E+11    1  -167.04661
    0.10000E+12    1  -166.73100
    -149.95        2     0.00000
    -149.79        2     0.00000
    -149.65        2     0.00000
    -149.49        2     0.00000
    -149.34        2     0.00000
    -149.20        2     0.00000
    -149.04        2     0.00000
    -148.90        2     0.00000
    -148.74        2     0.00000
    -148.59        2     0.00000
    -148.45        2     0.00000
    -148.29        2     0.00000
    -148.15        2     0.00000
    -147.99        2     0.00000
    -147.84        2     0.00000
    -147.70        2     0.00000
    -147.54        2     0.00000
    -147.40        2     0.00000
    -147.24        2     0.00000
    -147.09        2     0.00000
    -146.95        2     0.00000
    -146.79        2     0.00000
    -146.65        2     0.00000
    -146.49        2     0.00000
    -146.34        2     0.00000
    -146.20        2     0.00000
    -146.04        2     0.00000
    -145.90        2     0.00000
    -145.74        2     0.00000
    -145.59        2     0.00000
    -145.45        2     0.00000
    -145.29        2     0.00000
    -145.15        2     0.00000
    -144.99        2     0.00000
    -144.84        2     0.00000
    -144.70        2     0.00000
    -144.54        2     0.00000
    -144.40        2     0.00000
    -144.24        2     0.00000
    -144.09        2     0.00000
    -143.95        2     0.00000
    -143.79        2     0.00000
    -143.65        2     0.00000
    -143.49        2     0.00000
    -143.34        2     0.00000
    -143.20        2     0.00000
    -143.04        2     0.00000
    -142.90        2     0.00000
    -142.74        2     0.00000
    -142.59        2     0.00000
    -142.45        2     0.00000
    -142.29        2     0.00000
    -142.15        2     0.00000
    -141.99        2     0.00000
    -141.84        2     0.00000
    -141.70        2     0.00000
    -141.54        2     0.00000
    -141.40        2     0.00000
    -141.24        2     0.00000
    -141.09        2     0.00000
    -140.95        2     0.00000
    -140.79        2     0.00000
    -140.65        2     0.00000
    -140.49        2     0.00000
    -140.34        2     0.00000
    -140.20        2     0.00000
    -140.04        2     0.00000
    -139.90        2     0.00000
    -139.74        2     0.00000
    -139.59        2     0.00000
    -139.45        2     0.00000
    -139.29        2     0.00000
    -139.15        2     0.00000
    -138.99        2     0.00000
    -138.84        2     0.00000
    -138.70        2     0.00000
    -138.54        2     0.00000
    -138.40        2     0.00000
    -138.24        2     0.00000
    -138.09        2     0.00000
    -137.95        2     0.00000
    -137.79        2     0.00000
    -137.65        2     0.00000
    -137.49        2     0.00000
    -137.34        2     0.00000
    -137.20        2     0.00000
    -137.04        2     0.00000
    -136.90        2     0.00000
    -136.74        2     0.00000
    -136.59        2     0.00000
    -136.45        2     0.00000
    -136.29        2     0.00000
    -136.15        2     0.00000
    -135.99        2     0.00000
    -135.84        2     0.00000
    -135.70        2     0.00000
    -135.54        2     0.00000
    -135.40        2     0.00000
    -135.24        2     0.00000
    -135.09        2     0.00000
    -134.95        2     0.00000
    -134.79        2     0.00000
    -134.65        2     0.00000
    -134.49        2     0.00000
    -134.34        2     0.00000
    -134.20        2     0.00000
    -134.04        2     0.00000
    -133.90        2     0.00000
    -133.74        2     0.00000
    -133.59        2     0.00000
    -133.45        2     0.00000
    -133.29        2     0.00000
    -133.15        2     0.00000
    -132.99        2     0.00000
    -132.84        2     0.00000
    -132.70        2     0.00000
    -132.54        2     0.00000
    -132.40        2     0.00000
    -132.24        2     0.00000
    -132.09        2     0.00000
    -131.95        2     0.00000
    -131.79        2     0.00000
    -131.65        2     0.00000
    -131.49        2     0.00000
    -131.34        2     0.00000
    -131.20        2     0.00000
    -131.04        2     0.00000
    -130.90        2     0.00000
    -130.74        2     0.00000
    -130.59        2     0.00000
    -130.45        2     0.00000
    -130.29        2     0.00000
    -130.15        2     0.00000
    -129.99        2     0.00000
    -129.84        2     0.00000
    -129.70        2     0.00000
    -129.54        2     0.00000
    -129.40        2     0.00000
    -129.24        2     0.00000
    -129.09        2     0.00000
    -128.95        2     0.00000
    -128.79        2     0.00000
    -128.65        2     0.00000
    -128.49        2     0.00000
    -128.34        2     0.00000
    -128.20        2     0.00000
    -128.04        2     0.00000
    -127.89        2     0.00000
    -127.75        2     0.00000
    -127.60        2     0.00000
    -127.44        2     0.00000
    -127.30        2     0.00000
    -127.14        2     0.00000
    -127.00        2     0.00000
    -126.85        2     0.00000
    -126.69        2     0.00000
    -126.55        2     0.00000
    -126.39        2     0.00000
    -126.25        2     0.00000
    -126.10        2     0.00000
    -125.94        2     0.00000
    -125.80        2     0.00000
    -125.64        2     0.00000
    -125.50        2     0.00000
    -125.35        2     0.00000
    -125.19        2     0.00000
    -125.05        2     0.00000
    -124.89        2     0.00000
    -124.75        2     0.00000
    -124.60        2     0.00000
    -124.44        2     0.00000
    -124.30        2     0.00000
    -124.14        2     0.00000
    -124.00        2     0.00000
    -123.85        2     0.00000
    -123.69        2     0.00000
    -123.55        2     0.00000
    -123.39        2     0.00000
    -123.25        2     0.00000
    -123.10        2     0.00000
    -122.94        2     0.00000
    -122.80        2     0.00000
    -122.64        2     0.00000
    -122.50        2     0.00000
    -122.35        2     0.00000
    -122.19        2     0.00000
    -122.05        2     0.00000
    -121.89        2     0.00000
    -121.75        2     0.00000
    -121.60        2     0.00000
    -121.44        2     0.00000
    -121.30        2     0.00000
    -121.14        2     0.00000
    -121.00        2     0.00000
    -120.85        2     0.00000
    -120.69        2     0.00000
    -120.55        2     0.00000
    -120.39        2     0.00000
    -120.25        2     0.00000
    -120.10        2     0.00000
    -119.94        2     0.00000
    -119.80        2     0.00000
    -119.64        2     0.00000
    -119.50        2     0.00000
    -119.35        2     0.00000
    -119.19        2     0.00000
    -119.05        2     0.00000
    -118.89        2     0.00000
    -118.75        2     0.00000
    -118.60        2     0.00000
    -118.44        2     0.00000
    -118.30        2     0.00000
    -118.14        2     0.00000
    -118.00        2     0.00000
    -117.85        2     0.00000
    -117.69        2     0.00000
    -117.55        2     0.00000
    -117.39        2     0.00000
    -117.25        2     0.00000
    -117.10        2     0.00000
    -116.94        2     0.00000
    -116.80        2     0.00000
    -116.64        2     0.00000
    -116.50        2     0.00000
    -116.35        2     0.00000
    -116.19        2     0.00000
    -116.05        2     0.00000
    -115.89        2     0.00000
    -115.75        2     0.00000
    -115.60        2     0.00000
    -115.44        2     0.00000
    -115.30        2     0.00000
    -115.14        2     0.00000
    -115.00        2     0.00000
    -114.85        2     0.00000
    -114.69        2     0.00000
    -114.55        2     0.00000
    -114.39        2     0.00000
    -114.25        2     0.00000
    -114.10        2     0.00000
    -113.94        2     0.00000
    -113.80        2     0.00000
    -113.64        2     0.00000
    -113.50        2     0.00000
    -113.35        2     0.00000
    -113.19        2     0.00000
    -113.05        2    -1.57490
    -112.89        2    -4.62379
    -112.75        2    -8.19542
    -112.60        2   -11.93126
    -112.44        2   -15.61107
    -112.30        2   -19.17099
    -112.14        2   -22.58490
    -112.00        2   -25.75680
    -111.85        2   -28.71940
    -111.69        2   -31.42729
    -111.55        2   -33.90142
    -111.39        2   -36.16847
    -111.25        2   -38.21245
    -111.10        2   -40.07665
    -110.94        2   -41.71512
    -110.80        2   -43.20355
    -110.64        2   -44.51649
    -110.50        2   -45.69245
    -110.35        2   -46.73992
    -110.19        2   -47.65774
    -110.05        2   -48.48619
    -109.89        2   -49.20510
    -109.75        2   -49.86131
    -109.60        2   -50.40932
    -109.44        2   -50.91656
    -109.30        2   -51.34409
    -109.14        2   -51.72587
    -109.00        2   -52.07501
    -108.85        2   -52.36857
    -108.69        2   -52.62196
    -108.55        2   -52.85517
    -108.39        2   -53.05421
    -108.25        2   -53.23494
    -108.10        2   -53.37539
    -107.94        2   -53.50315
    -107.80        2   -53.61336
    -107.64        2   -53.71431
    -107.50        2   -53.79944
    -107.35        2   -53.86510
    -107.19        2   -53.92382
    -107.05        2   -53.98651
    -106.89        2   -54.03938
    -106.75        2   -54.08137
    -106.60        2   -54.11547
    -106.44        2   -54.15073
    -106.30        2   -54.17880
    -106.14        2   -54.19967
    -106.00        2   -54.22400
    -105.85        2   -54.24222
    -105.69        2   -54.25969
    -105.55        2   -54.27298
    -105.39        2   -54.28287
    -105.25        2   -54.29359
    -105.10        2   -54.30231
    -104.94        2   -54.31009
    -104.80        2   -54.31523
    -104.64        2   -54.32114
    -104.50        2   -54.32539
    -104.35        2   -54.33009
    -104.19        2   -54.33320
    -104.05        2   -54.33547
    -103.89        2   -54.33739
    -103.75        2   -54.33879
    -103.60        2   -54.34078
    -103.44        2   -54.34170
    -103.30        2   -54.34261
    -103.14        2   -54.34462
    -103.00        2   -54.34531
    -102.85        2   -54.34593
    -102.69        2   -54.34650
    -102.55        2   -54.34715
    -102.39        2   -54.34808
    -102.25        2   -54.34818
    -102.10        2   -54.34940
    -101.94        2   -54.34978
    -101.80        2   -54.34989
    -101.64        2   -54.35002
    -101.50        2   -54.35040
    -101.35        2   -54.35051
    -101.19        2   -54.35062
    -101.05        2   -54.35076
    -100.89        2   -54.35143
    -100.75        2   -54.35159
    -100.60        2   -54.35173
    -100.44        2   -54.35185
    -100.30        2   -54.35195
    -100.14        2   -54.35207
    -99.995        2   -54.35221
    -99.845        2   -54.35237
    -99.695        2   -54.35247
    -99.545        2   -54.35259
    -99.395        2   -54.35274
    -99.245        2   -54.35289
    -99.095        2   -54.35302
    -98.945        2   -54.35318
    -98.795        2   -54.35333
    -98.645        2   -54.35347
    -98.495        2   -54.35361
    -98.345        2   -54.35377
    -98.195        2   -54.35395
    -98.045        2   -54.35409
    -97.895        2   -54.35425
    -97.745        2   -54.35442
    -97.595        2   -54.35451
    -97.445        2   -54.35468
    -97.295        2   -54.35485
    -97.145        2   -54.35504
    -96.995        2   -54.35521
    -96.845        2   -54.35537
    -96.695        2   -54.35551
    -96.545        2   -54.35568
    -96.395        2   -54.35581
    -96.245        2   -54.35598
    -96.095        2   -54.35609
    -95.945        2   -54.35626
    -95.795        2   -54.35643
    -95.645        2   -54.35661
    -95.495        2   -54.35675
    -95.345        2   -54.35694
    -95.195        2   -54.35712
    -95.045        2   -54.35724
    -94.895        2   -54.35735
    -94.745        2   -54.35752
    -94.595        2   -54.35770
    -94.445        2   -54.35789
    -94.295        2   -54.35803
    -94.145        2   -54.35825
    -93.995        2   -54.35841
    -93.845        2   -54.35854
    -93.695        2   -54.35874
    -93.545        2   -54.35890
    -93.395        2   -54.35907
    -93.245        2   -54.35922
    -93.095        2   -54.35942
    -92.945        2   -54.35961
    -92.795        2   -54.35979
    -92.645        2   -54.35993
    -92.495        2   -54.36012
    -92.345        2   -54.36032
    -92.195        2   -54.36045
    -92.045        2   -54.36062
    -91.895        2   -54.36076
    -91.745        2   -54.36091
    -91.595        2   -54.36112
    -91.445        2   -54.36129
    -91.295        2   -54.36148
    -91.145        2   -54.36167
    -90.995        2   -54.36185
    -90.845        2   -54.36205
    -90.695        2   -54.36222
    -90.545        2   -54.36241
    -90.395        2   -54.36259
    -90.245        2   -54.36279
    -90.095        2   -54.36299
    -89.945        2   -54.36317
    -89.795        2   -54.36341
    -89.645        2   -54.36361
    -89.495        2   -54.36377
    -89.345        2   -54.36397
    -89.195        2   -54.36416
    -89.045        2   -54.36434
    -88.895        2   -54.36459
    -88.745        2   -54.36484
    -88.595        2   -54.36503
    -88.445        2   -54.36525
    -88.295        2   -54.36546
    -88.145        2   -54.36570
    -87.995        2   -54.36591
    -87.845        2   -54.36611
    -87.695        2   -54.44769
    -87.545        2   -54.66243
    -87.395        2   -54.95280
    -87.245        2   -55.29738
    -87.095        2   -55.68629
    -86.945        2   -56.12472
    -86.795        2   -56.60127
    -86.645        2   -57.11635
    -86.495        2   -57.65874
    -86.345        2   -58.19447
    -86.195        2   -58.75165
    -86.045        2   -59.32500
    -85.895        2   -59.91444
    -85.745        2   -60.50902
    -85.595        2   -61.10814
    -85.445        2   -61.71568
    -85.295        2   -62.32761
    -85.145        2   -62.95516
    -84.995        2   -63.62315
    -84.845        2   -64.29932
    -84.695        2   -64.97523
    -84.545        2   -65.66636
    -84.395        2   -66.36357
    -84.245        2   -67.10477
    -84.095        2   -67.81901
    -83.945        2   -68.56631
    -83.795        2   -69.32887
    -83.645        2   -70.09408
    -83.495        2   -70.85998
    -83.345        2   -71.64644
    -83.195        2   -72.41806
    -83.045        2   -73.18274
    -82.895        2   -73.96838
    -82.745        2   -74.76190
    -82.595        2   -75.55071
    -82.445        2   -76.31303
    -82.295        2   -77.08306
    -82.145        2   -77.82905
    -81.995        2   -78.58510
    -81.845        2   -79.30057
    -81.695        2   -79.99996
    -81.545        2   -80.70278
    -81.395        2   -81.40231
    -81.245        2   -82.05031
    -81.095        2   -82.70233
    -80.945        2   -83.31307
    -80.795        2   -83.94344
    -80.645        2   -84.52729
    -80.495        2   -85.10011
    -80.345        2   -85.63324
    -80.195        2   -86.16622
    -80.045        2   -86.66893
    -79.895        2   -87.15861
    -79.745        2   -87.61720
    -79.595        2   -88.07083
    -79.445        2   -88.50705
    -79.295        2   -88.91274
    -79.145        2   -89.29526
    -78.995        2   -89.65989
    -78.845        2   -90.01150
    -78.695        2   -90.33457
    -78.545        2   -90.65394
    -78.395        2   -90.97283
    -78.245        2   -91.25700
    -78.095        2   -91.52340
    -77.945        2   -91.78158
    -77.795        2   -92.01428
    -77.645        2   -92.24563
    -77.495        2   -92.46130
    -77.345        2   -92.66483
    -77.195        2   -92.85644
    -77.045        2   -93.04851
    -76.895        2   -93.22326
    -76.745        2   -93.38237
    -76.595        2   -93.53069
    -76.445        2   -93.67012
    -76.295        2   -93.79999
    -76.145        2   -93.93126
    -75.995        2   -94.04732
    -75.845        2   -94.16434
    -75.695        2   -94.26689
    -75.545        2   -94.37200
    -75.395        2   -94.46594
    -75.245        2   -94.54808
    -75.095        2   -94.63453
    -74.945        2   -94.71451
    -74.795        2   -94.78385
    -74.645        2   -94.85441
    -74.495        2   -94.91562
    -74.345        2   -94.97679
    -74.195        2   -95.03517
    -74.045        2   -95.09158
    -73.895        2   -95.14477
    -73.745        2   -95.19663
    -73.595        2   -95.24085
    -73.445        2   -95.28259
    -73.295        2   -95.32298
    -73.145        2   -95.36135
    -72.995        2   -95.40078
    -72.845        2   -95.43625
    -72.695        2   -95.46596
    -72.545        2   -95.49709
    -72.395        2   -95.97209
    -72.245        2   -98.17024
    -72.095        2  -100.83722
    -71.945        2  -103.47923
    -71.795        2  -105.93080
    -71.645        2  -108.09171
    -71.495        2  -110.03798
    -71.345        2  -111.72951
    -71.195        2  -113.18515
    -71.045        2  -114.46691
    -70.895        2  -115.55563
    -70.745        2  -116.49901
    -70.595        2  -117.29551
    -70.445        2  -117.96412
    -70.295        2  -118.55319
    -70.145        2  -119.05121
    -69.995        2  -119.51112
    -69.845        2  -119.89367
    -69.695        2  -120.22142
    -69.545        2  -120.50669
    -69.395        2  -120.76345
    -69.245        2  -120.98151
    -69.095        2  -121.18613
    -68.945        2  -121.36503
    -68.795        2  -121.51803
    -68.645        2  -121.66236
    -68.495        2  -121.79349
    -68.345        2  -121.90788
    -68.195        2  -122.01307
    -68.045        2  -122.10211
    -67.895        2  -122.18680
    -67.745        2  -122.26088
    -67.595        2  -122.33150
    -67.445        2  -122.39785
    -67.295        2  -122.45535
    -67.145        2  -122.50697
    -66.995        2  -122.55503
    -66.845        2  -122.60165
    -66.695        2  -122.64245
    -66.545        2  -122.68380
    -66.395        2  -122.71721
    -66.245        2  -122.74724
    -66.095        2  -122.77944
    -65.945        2  -122.88192
    -65.795        2  -124.13188
    -65.645        2  -125.83430
    -65.495        2  -127.63562
    -65.345        2  -129.37439
    -65.195        2  -131.01375
    -65.045        2  -132.51128
    -64.895        2  -133.88782
    -64.745        2  -135.09187
    -64.595        2  -136.16495
    -64.445        2  -137.08522
    -64.295        2  -137.90705
    -64.145        2  -138.60416
    -63.995        2  -139.33310
    -63.845        2  -140.43189
    -63.695        2  -141.72632
    -63.545        2  -143.09599
    -63.395        2  -144.49875
    -63.245        2  -145.97126
    -63.095        2  -147.45004
    -62.945        2  -148.89742
    -62.795        2  -150.35956
    -62.645        2  -151.74097
    -62.495        2  -153.10025
    -62.345        2  -154.39698
    -62.195        2  -155.63067
    -62.045        2  -156.80722
    -61.895        2  -157.93299
    -61.745        2  -159.00417
    -61.595        2  -160.01022
    -61.445        2  -160.95749
    -61.295        2  -161.85814
    -61.145        2  -162.68086
    -60.995        2  -163.43201
    -60.845        2  -164.15936
    -60.695        2  -164.83141
    -60.545        2  -165.45438
    -60.395        2  -166.02554
    -60.245        2  -166.59023
    -60.095        2  -167.07947
    -59.945        2  -167.55434
    -59.795        2  -168.00317
    -59.645        2  -168.41802
    -59.495        2  -168.80548
    -59.345        2  -169.17054
    -59.195        2  -169.50160
    -59.045        2  -169.82075
    -58.895        2  -170.11769
    -58.745        2  -170.39751
    -58.595        2  -170.64488
    -58.445        2  -170.88202
    -58.295        2  -171.10013
    -58.145        2  -171.30662
    -57.995        2  -171.49989
    -57.845        2  -171.68437
    -57.695        2  -171.85378
    -57.545        2  -172.01681
    -57.395        2  -172.16853
    -57.245        2  -172.31778
    -57.095        2  -172.46501
    -56.945        2  -172.60699
    -56.795        2  -172.74146
    -56.645        2  -172.86600
    -56.495        2  -172.99080
    -56.345        2  -173.11720
    -56.195        2  -173.24273
    -56.045        2  -173.36455
    -55.895        2  -173.48419
    -55.745        2  -173.59834
    -55.595        2  -173.70446
    -55.445        2  -173.80956
    -55.295        2  -173.91244
    -55.145        2  -174.01085
    -54.995        2  -174.10766
    -54.845        2  -174.20352
    -54.695        2  -174.29118
    -54.545        2  -174.37589
    -54.395        2  -174.46380
    -54.245        2  -174.54645
    -54.095        2  -174.62875
    -53.945        2  -174.70774
    -53.795        2  -174.78442
    -53.645        2  -174.85723
    -53.495        2  -174.92754
    -53.345        2  -174.99936
    -53.195        2  -175.06670
    -53.045        2  -175.13520
    -52.895        2  -175.20145
    -52.745        2  -175.26431
    -52.595        2  -175.31895
    -52.445        2  -175.37467
    -52.295        2  -175.43330
    -52.145        2  -175.49266
    -51.995        2  -175.54409
    -51.845        2  -175.59606
    -51.695        2  -175.64639
    -51.545        2  -175.70177
    -51.395        2  -175.75293
    -51.245        2  -175.80587
    -51.095        2  -175.85388
    -50.945        2  -175.89934
    -50.795        2  -175.94865
    -50.645        2  -175.99358
    -50.495        2  -176.04028
    -50.345        2  -176.08567
    -50.195        2  -176.13392
    -50.045        2  -176.18503
    -49.895        2  -176.24093
    -49.745        2  -176.29573
    -49.595        2  -176.35389
    -49.445        2  -176.41688
    -49.295        2  -176.48101
    -49.145        2  -176.54286
    -48.995        2  -176.60986
    -48.845        2  -176.67920
    -48.695        2  -176.75225
    -48.545        2  -176.82863
    -48.395        2  -176.90897
    -48.245        2  -176.98665
    -48.095        2  -177.07138
    -47.945        2  -177.15958
    -47.795        2  -177.24508
    -47.645        2  -177.33878
    -47.495        2  -177.43257
    -47.345        2  -177.52629
    -47.195        2  -177.61725
    -47.045        2  -177.71404
    -46.895        2  -177.80560
    -46.745        2  -177.90052
    -46.595        2  -177.98661
    -46.445        2  -178.07718
    -46.295        2  -178.16760
    -46.145        2  -178.25684
    -45.995        2  -178.34626
    -45.845        2  -178.43459
    -45.695        2  -178.52703
    -45.545        2  -178.61702
    -45.395        2  -178.70209
    -45.245        2  -178.78899
    -45.095        2  -178.86747
    -44.945        2  -178.94745
    -44.795        2  -179.02687
    -44.645        2  -179.10390
    -44.495        2  -179.18048
    -44.345        2  -179.25748
    -44.195        2  -179.33476
    -44.045        2  -179.40395
    -43.895        2  -179.47469
    -43.745        2  -179.54551
    -43.595        2  -179.61433
    -43.445        2  -179.67843
    -43.295        2  -179.74709
    -43.145        2  -179.80757
    -42.995        2  -179.87107
    -42.845        2  -179.93245
    -42.695        2  -179.99318
    -42.545        2  -180.04928
    -42.395        2  -180.10593
    -42.245        2  -180.15808
    -42.095        2  -180.21384
    -41.945        2  -180.26399
    -41.795        2  -180.31682
    -41.645        2  -180.37093
    -41.495        2  -180.41881
    -41.345        2  -180.46958
    -41.195        2  -180.51714
    -41.045        2  -180.56014
    -40.895        2  -180.60449
    -40.745        2  -180.64803
    -40.595        2  -180.69014
    -40.445        2  -180.73056
    -40.295        2  -180.76941
    -40.145        2  -180.80883
    -39.995        2  -180.84425
    -39.845        2  -180.87996
    -39.695        2  -180.91460
    -39.545        2  -180.94675
    -39.395        2  -180.97906
    -39.245        2  -181.00973
    -39.095        2  -181.03820
    -38.945        2  -181.07265
    -38.795        2  -181.10346
    -38.645        2  -181.13033
    -38.495        2  -181.15960
    -38.345        2  -181.18564
    -38.195        2  -181.21387
    -38.045        2  -181.24151
    -37.895        2  -181.26510
    -37.745        2  -181.28850
    -37.595        2  -181.30942
    -37.445        2  -181.32839
    -37.295        2  -181.35092
    -37.145        2  -181.37655
    -36.995        2  -181.40297
    -36.845        2  -181.42441
    -36.695        2  -181.44411
    -36.545        2  -181.46505
    -36.395        2  -181.48565
    -36.245        2  -181.50648
    -36.095        2  -181.52597
    -35.945        2  -181.54755
    -35.795        2  -181.56791
    -35.645        2  -181.58812
    -35.495        2  -181.60708
    -35.345        2  -181.62343
    -35.195        2  -181.64132
    -35.045        2  -181.65773
    -34.895        2  -181.67482
    -34.745        2  -181.69143
    -34.595        2  -181.70836
    -34.445        2  -181.72551
    -34.295        2  -181.74158
    -34.145        2  -181.75959
    -33.995        2  -181.77934
    -33.845        2  -181.83440
    -33.695        2  -181.90447
    -33.545        2  -181.97948
    -33.395        2  -182.06493
    -33.245        2  -182.15388
    -33.095        2  -182.24250
    -32.945        2  -182.34250
    -32.795        2  -182.44210
    -32.645        2  -182.53826
    -32.495        2  -182.64390
    -32.345        2  -182.75168
    -32.195        2  -182.85726
    -32.045        2  -182.95967
    -31.895        2  -183.06824
    -31.745        2  -183.17098
    -31.595        2  -183.27668
    -31.445        2  -183.37941
    -31.295        2  -183.47811
    -31.145        2  -183.57703
    -30.995        2  -183.67628
    -30.845        2  -183.77949
    -30.695        2  -183.87130
    -30.545        2  -183.96785
    -30.395        2  -184.06187
    -30.245        2  -184.15655
    -30.095        2  -184.25117
    -29.945        2  -184.33980
    -29.795        2  -184.42943
    -29.645        2  -184.51778
    -29.495        2  -184.60749
    -29.345        2  -184.69078
    -29.195        2  -184.77040
    -29.045        2  -184.85535
    -28.895        2  -184.93406
    -28.745        2  -185.01306
    -28.595        2  -185.09148
    -28.445        2  -185.16372
    -28.295        2  -185.23789
    -28.145        2  -185.31537
    -27.995        2  -185.39210
    -27.845        2  -185.46059
    -27.695        2  -185.53537
    -27.545        2  -185.60941
    -27.395        2  -185.68395
    -27.245        2  -185.75638
    -27.095        2  -185.82039
    -26.945        2  -185.88831
    -26.795        2  -185.95107
    -26.645        2  -186.02109
    -26.495        2  -186.08794
    -26.345        2  -186.15934
    -26.195        2  -186.22111
    -26.045        2  -186.28783
    -25.895        2  -186.35672
    -25.745        2  -186.41707
    -25.595        2  -186.48247
    -25.445        2  -186.55050
    -25.295        2  -186.61375
    -25.145        2  -186.68205
    -24.995        2  -186.75202
    -24.845        2  -186.81740
    -24.695        2  -186.89034
    -24.545        2  -186.95748
    -24.395        2  -187.02190
    -24.245        2  -187.08994
    -24.095        2  -187.15515
    -23.945        2  -187.22431
    -23.795        2  -187.29301
    -23.645        2  -187.36516
    -23.495        2  -187.44150
    -23.345        2  -187.51641
    -23.195        2  -187.59449
    -23.045        2  -187.67286
    -22.895        2  -187.75301
    -22.745        2  -187.83006
    -22.595        2  -187.91523
    -22.445        2  -187.99315
    -22.295        2  -188.07656
    -22.145        2  -188.16056
    -21.995        2  -188.25071
    -21.845        2  -188.33621
    -21.695        2  -188.43133
    -21.545        2  -188.52560
    -21.395        2  -188.61964
    -21.245        2  -188.71164
    -21.095        2  -188.80808
    -20.945        2  -188.90861
    -20.795        2  -189.01212
    -20.645        2  -189.11179
    -20.495        2  -189.21522
    -20.345        2  -189.31594
    -20.195        2  -189.41639
    -20.045        2  -189.51709
    -19.895        2  -189.62266
    -19.745        2  -189.73009
    -19.595        2  -189.83730
    -19.445        2  -189.94934
    -19.295        2  -190.05715
    -19.145        2  -190.17056
    -18.995        2  -190.27951
    -18.845        2  -190.39498
    -18.695        2  -190.51057
    -18.545        2  -190.63072
    -18.395        2  -190.74947
    -18.245        2  -190.86871
    -18.095        2  -190.99203
    -17.945        2  -191.11904
    -17.795        2  -191.24628
    -17.645        2  -191.37632
    -17.495        2  -191.50688
    -17.345        2  -191.63786
    -17.195        2  -191.77373
    -17.045        2  -191.90890
    -16.895        2  -192.05112
    -16.745        2  -192.19345
    -16.595        2  -192.33984
    -16.445        2  -192.48126
    -16.295        2  -192.63302
    -16.145        2  -192.77984
    -15.995        2  -192.93645
    -15.845        2  -193.08987
    -15.695        2  -193.24730
    -15.545        2  -193.41047
    -15.395        2  -193.57449
    -15.245        2  -193.74140
    -15.095        2  -193.90352
    -14.945        2  -194.07765
    -14.795        2  -194.24437
    -14.645        2  -194.41674
    -14.495        2  -194.58581
    -14.345        2  -194.76306
    -14.195        2  -194.94263
    -14.045        2  -195.11970
    -13.895        2  -195.29953
    -13.745        2  -195.48414
    -13.595        2  -195.66985
    -13.445        2  -195.85332
    -13.295        2  -196.04587
    -13.145        2  -196.23675
    -12.995        2  -196.42625
    -12.845        2  -196.62174
    -12.695        2  -196.81582
    -12.545        2  -197.01637
    -12.395        2  -197.21653
    -12.245        2  -197.42128
    -12.095        2  -197.63092
    -11.945        2  -197.84013
    -11.795        2  -198.05734
    -11.645        2  -198.28178
    -11.495        2  -198.50929
    -11.345        2  -198.74131
    -11.195        2  -198.97824
    -11.045        2  -199.21791
    -10.895        2  -199.46375
    -10.745        2  -199.71641
    -10.595        2  -199.97553
    -10.445        2  -200.24407
    -10.295        2  -200.51801
    -10.145        2  -200.79584
    -9.9950        2  -201.08479
    -9.8450        2  -201.38082
    -9.6950        2  -201.69018
    -9.5450        2  -202.00620
    -9.3950        2  -202.33260
    -9.2450        2  -202.66750
    -9.0950        2  -203.01561
    -8.9450        2  -203.36908
    -8.7950        2  -203.73889
    -8.6450        2  -204.11545
    -8.4950        2  -204.50750
    -8.3450        2  -204.91107
    -8.1950        2  -205.33086
    -8.0450        2  -205.76504
    -7.8950        2  -206.21551
    -7.7450        2  -206.68101
    -7.5950        2  -207.15842
    -7.4450        2  -207.65184
    -7.2950        2  -208.16187
    -7.1450        2  -208.68312
    -6.9950        2  -209.21568
    -6.8450        2  -209.76390
    -6.6950        2  -210.32528
    -6.5450        2  -210.90099
    -6.3950        2  -211.49274
    -6.2450        2  -212.10118
    -6.0950        2  -212.72673
    -5.9450        2  -213.37416
    -5.7950        2  -214.03332
    -5.6450        2  -214.71280
    -5.4950        2  -215.41332
    -5.3450        2  -216.13186
    -5.1950        2  -216.87921
    -5.0450        2  -217.64743
    -4.8950        2  -218.43853
    -4.7450        2  -219.25796
    -4.5950        2  -220.10595
    -4.4450        2  -220.98415
    -4.2950        2  -221.89623
    -4.1450        2  -222.84461
    -3.9950        2  -223.82909
    -3.8450        2  -224.84940
    -3.6950        2  -225.90875
    -3.5450        2  -227.00950
    -3.3950        2  -228.15697
    -3.2450        2  -229.35667
    -3.0950        2  -230.61063
    -2.9450        2  -231.92731
    -2.7950        2  -233.30913
    -2.6450        2  -234.76274
    -2.4950        2  -236.29718
    -2.3450        2  -237.91746
    -2.1950        2  -239.63732
    -2.0450        2  -241.46513
    -1.8950        2  -243.41079
    -1.7450        2  -245.49952
    -1.5950        2  -247.75085
    -1.4450        2  -250.19282
    -1.2950        2  -252.85219
    -1.1450        2  -255.71776
   -0.99500        2  -258.82362
   -0.84500        2  -262.19668
   -0.69500        2  -265.88176
   -0.54500        2  -269.90700
   -0.39500        2  -274.22244
   -0.25300        2  -276.98859
   -0.21500        2  -277.15402
   -0.20900        2  -277.31798
   -0.20300        2  -277.48060
   -0.19700        2  -277.64183
   -0.19100        2  -277.80184
   -0.18500        2  -277.95984
   -0.17900        2  -278.11600
   -0.17300        2  -278.27046
   -0.16700        2  -278.42325
   -0.16100        2  -278.57368
   -0.15500        2  -278.72212
   -0.14900        2  -278.86763
   -0.14300        2  -279.01084
   -0.13700        2  -279.15123
   -0.13100        2  -279.28880
   -0.12500        2  -279.42313
   -0.11900        2  -279.55435
   -0.11300        2  -279.68193
   -0.10700        2  -279.80602
   -0.10100        2  -279.92610
   -0.95000E-01    2  -280.04195
   -0.89000E-01    2  -280.15339
   -0.83000E-01    2  -280.26033
   -0.77000E-01    2  -280.36215
   -0.71000E-01    2  -280.45880
   -0.65000E-01    2  -280.55001
   -0.59000E-01    2  -280.63510
   -0.53000E-01    2  -280.71414
   -0.47000E-01    2  -280.78649
   -0.41000E-01    2  -280.85164
   -0.35000E-01    2  -280.90854
   -0.29000E-01    2  -280.95691
   -0.23000E-01    2  -280.99642
   -0.19700E-01    2  -280.99985
   -0.19100E-01    2  -281.00319
   -0.18500E-01    2  -281.00644
   -0.17900E-01    2  -281.00959
   -0.17300E-01    2  -281.01265
   -0.16700E-01    2  -281.01560
   -0.16100E-01    2  -281.01847
   -0.15500E-01    2  -281.02123
   -0.14900E-01    2  -281.02390
   -0.14300E-01    2  -281.02647
   -0.13700E-01    2  -281.02893
   -0.13100E-01    2  -281.03130
   -0.12500E-01    2  -281.03356
   -0.11900E-01    2  -281.03572
   -0.11300E-01    2  -281.03779
   -0.10700E-01    2  -281.03975
   -0.10100E-01    2  -281.04160
   -0.95000E-02    2  -281.04335
   -0.89000E-02    2  -281.04500
   -0.83000E-02    2  -281.04654
   -0.77000E-02    2  -281.04797
   -0.71000E-02    2  -281.04930
   -0.65000E-02    2  -281.05052
   -0.59000E-02    2  -281.05164
   -0.53000E-02    2  -281.05264
   -0.47000E-02    2  -281.05353
   -0.41000E-02    2  -281.05432
   -0.35000E-02    2  -281.05499
   -0.29000E-02    2  -281.05556
   -0.23000E-02    2  -281.05601
   -0.17000E-02    2  -281.05634
   -0.11000E-02    2  -281.05657
   -0.50000E-03    2  -281.05668
    0.10000E-03    2  -281.05668
    0.70000E-03    2  -281.05656
    0.13000E-02    2  -281.05632
    0.19000E-02    2  -281.05597
    0.25000E-02    2  -281.05550
    0.31000E-02    2  -281.05491
    0.37000E-02    2  -281.05420
    0.43000E-02    2  -281.05337
    0.49000E-02    2  -281.05242
    0.55000E-02    2  -281.05135
    0.61000E-02    2  -281.05015
    0.67000E-02    2  -281.04883
    0.73000E-02    2  -281.04737
    0.79000E-02    2  -281.04580
    0.85000E-02    2  -281.04411
    0.91000E-02    2  -281.04229
    0.97000E-02    2  -281.04035
    0.10300E-01    2  -281.03829
    0.10900E-01    2  -281.03607
    0.11500E-01    2  -281.03373
    0.12100E-01    2  -281.03125
    0.12700E-01    2  -281.02864
    0.13300E-01    2  -281.02592
    0.13900E-01    2  -281.02304
    0.14500E-01    2  -281.02004
    0.15100E-01    2  -281.01691
    0.15700E-01    2  -281.01362
    0.16300E-01    2  -281.01020
    0.16900E-01    2  -281.00664
    0.17500E-01    2  -281.00295
    0.18100E-01    2  -280.99911
    0.18700E-01    2  -280.99513
    0.19300E-01    2  -280.99100
    0.20200E-01    2  -280.97360
    0.25000E-01    2  -280.91837
    0.31000E-01    2  -280.84730
    0.37000E-01    2  -280.75945
    0.43000E-01    2  -280.65362
    0.49000E-01    2  -280.52838
    0.55000E-01    2  -280.38261
    0.61000E-01    2  -280.21457
    0.67000E-01    2  -280.02238
    0.73000E-01    2  -279.80473
    0.79000E-01    2  -279.55926
    0.85000E-01    2  -279.28354
    0.91000E-01    2  -278.97531
    0.97000E-01    2  -278.63196
    0.10300        2  -278.24988
    0.10900        2  -277.82403
    0.11500        2  -277.34409
    0.12100        2  -276.81483
    0.12700        2  -276.24227
    0.13300        2  -275.62434
    0.13900        2  -274.95731
    0.14500        2  -274.23753
    0.15100        2  -273.46183
    0.15700        2  -272.62526
    0.16300        2  -271.72563
    0.16900        2  -270.75909
    0.17500        2  -269.71965
    0.18100        2  -268.60034
    0.18700        2  -267.39048
    0.19300        2  -266.06935
    0.19900        2  -264.64599
    0.20500        2  -263.13835
    0.21100        2  -261.54323
    0.21700        2  -259.85770
    0.29500        2  -191.39743
    0.44500        2  -124.45760
    0.59500        2   -89.36293
    0.74500        2   -69.93072
    0.89500        2   -56.82263
     1.0450        2   -47.13826
     1.1950        2   -39.62380
     1.3450        2   -33.57119
     1.4950        2   -28.56647
     1.6450        2   -24.34693
     1.7950        2   -20.73155
     1.9450        2   -17.59937
     2.0950        2   -14.86034
     2.2450        2   -12.43788
     2.3950        2   -10.27844
     2.5450        2    -8.34432
     2.6950        2    -6.59488
     2.8450        2    -5.00279
     2.9950        2    -3.54278
     3.1450        2    -2.20434
     3.2950        2    -0.96995
     3.4450        2     0.16795
     3.5950        2     1.21627
     3.7450        2     2.18719
     3.8950        2     3.08899
     4.0450        2     3.92215
     4.1950        2     4.69454
     4.3450        2     5.41516
     4.4950        2     6.08518
     4.6450        2     6.70867
     4.7950        2     7.29350
     4.9450        2     7.83515
     5.0950        2     8.33962
     5.2450        2     8.80341
     5.3950        2     9.23977
     5.5450        2     9.64471
     5.6950        2    10.01747
     5.8450        2    10.36209
     5.9950        2    10.68457
     6.1450        2    10.98489
     6.2950        2    11.26699
     6.4450        2    11.52755
     6.5950        2    11.77128
     6.7450        2    12.00350
     6.8950        2    12.21607
     7.0450        2    12.41852
     7.1950        2    12.60540
     7.3450        2    12.77731
     7.4950        2    12.93570
     7.6450        2    13.08265
     7.7950        2    13.21718
     7.9450        2    13.34543
     8.0950        2    13.46101
     8.2450        2    13.56802
     8.3950        2    13.66024
     8.5450        2    13.73987
     8.6950        2    13.81379
     8.8450        2    13.87800
     8.9950        2    13.93741
     9.1450        2    13.98664
     9.2950        2    14.03165
     9.4450        2    14.07149
     9.5950        2    14.10556
     9.7450        2    14.13377
     9.8950        2    14.15788
     10.045        2    14.18087
     10.195        2    14.19943
     10.345        2    14.21771
     10.495        2    14.23493
     10.645        2    14.24749
     10.795        2    14.25966
     10.945        2    14.27139
     11.095        2    14.28175
     11.245        2    14.29325
     11.395        2    14.30340
     11.545        2    14.31269
     11.695        2    14.32217
     11.845        2    14.33019
     11.995        2    14.33851
     12.145        2    14.34594
     12.295        2    14.35324
     12.445        2    14.36047
     12.595        2    14.36715
     12.745        2    14.37433
     12.895        2    14.38101
     13.045        2    14.38778
     13.195        2    14.39456
     13.345        2    14.40066
     13.495        2    14.40633
     13.645        2    14.41229
     13.795        2    14.41818
     13.945        2    14.42387
     14.095        2    14.43001
     14.245        2    14.43560
     14.395        2    14.44014
     14.545        2    14.44572
     14.695        2    14.45089
     14.845        2    14.45595
     14.995        2    14.46089
     15.145        2    14.46596
     15.295        2    14.47069
     15.445        2    14.47619
     15.595        2    14.48073
     15.745        2    14.48567
     15.895        2    14.48983
     16.045        2    14.49497
     16.195        2    14.49905
     16.345        2    14.50353
     16.495        2    14.50776
     16.645        2    14.51189
     16.795        2    14.51606
     16.945        2    14.52040
     17.095        2    14.52474
     17.245        2    14.52880
     17.395        2    14.53311
     17.545        2    14.53696
     17.695        2    14.54115
     17.845        2    14.54515
     17.995        2    14.54877
     18.145        2    14.55245
     18.295        2    14.55597
     18.445        2    14.55933
     18.595        2    14.56299
     18.745        2    14.56613
     18.895        2    14.56955
     19.045        2    14.57311
     19.195        2    14.57671
     19.345        2    14.57980
     19.495        2    14.58270
     19.645        2    14.58569
     19.795        2    14.58922
     19.945        2    14.59215
     20.095        2    14.59520
     21.836        2    14.68911
     30.068        2    14.81670
     42.097        2    14.93711
     58.937        2    15.05469
     82.515        2    15.16145
     115.53        2    15.26704
     161.74        2    15.36790
     226.45        2    15.46198
     317.04        2    15.55600
     443.87        2    15.65130
     621.44        2    15.74127
     870.05        2    15.82464
     1218.1        2    15.90649
     1705.4        2    15.98837
     2387.7        2    16.06914
     3342.9        2    16.14542
     4680.2        2    16.22268
     6552.5        2    16.29353
     9173.8        2    16.35992
     12844.        2    16.42389
     17982.        2    16.48475
     25176.        2    16.54194
     35247.        2    16.59643
     49348.        2    16.64798
     69090.        2    16.69560
     96729.        2    16.74032
    0.13543E+06    2    16.78227
    0.18960E+06    2    16.81985
    0.26545E+06    2    16.85503
    0.37165E+06    2    16.88607
    0.52033E+06    2    16.91699
    0.72849E+06    2    16.94455
    0.10199E+07    2    16.96853
    0.14279E+07    2    16.99084
    0.19992E+07    2    17.01048
    0.27990E+07    2    17.02953
    0.39187E+07    2    17.04798
    0.54864E+07    2    17.06393
    0.76812E+07    2    17.07947
    0.10754E+08    2    17.09333
    0.15056E+08    2    17.10505
    0.21080E+08    2    17.11736
    0.29513E+08    2    17.12827
    0.41319E+08    2    17.13814
    0.57849E+08    2    17.14799
    0.80991E+08    2    17.15649
    0.11339E+09    2    17.16387
    0.15875E+09    2    17.17103
    0.22226E+09    2    17.17761
    0.31118E+09    2    17.18362
    0.43567E+09    2    17.18864
    0.60996E+09    2    17.19455
    0.85398E+09    2    17.19819
    0.11956E+10    2    17.20173
    0.16739E+10    2    17.20502
    0.23436E+10    2    17.20739
    0.32811E+10    2    17.21067
    0.45937E+10    2    17.21319
    0.64315E+10    2    17.21508
    0.90044E+10    2    17.21715
    0.12607E+11    2    17.21911
    0.17650E+11    2    17.22084
    0.24711E+11    2    17.22282
    0.34596E+11    2    17.22417
    0.48437E+11    2    17.22573
    0.67814E+11    2    17.22675
    0.10000E+12    2    17.24382
    -29.945        3     0.00000
    -29.795        3     0.00000
    -29.645        3     0.00000
    -29.495        3     0.00000
    -29.345        3     0.00000
    -29.195        3     0.00000
    -29.045        3     0.00000
    -28.895        3     0.00000
    -28.745        3     0.00000
    -28.595        3     0.00000
    -28.445        3     0.00000
    -28.295        3     0.00000
    -28.145        3     0.00000
    -27.995        3     0.00000
    -27.845        3     0.00000
    -27.695        3     0.00000
    -27.545        3     0.00000
    -27.395        3     0.00000
    -27.245        3     0.00000
    -27.095        3     0.00000
    -26.945        3     0.00000
    -26.795        3     0.00000
    -26.645        3     0.00000
    -26.495        3     0.00000
    -26.345        3     0.00000
    -26.195        3     0.00000
    -26.045        3     0.00000
    -25.895        3     0.00000
    -25.745        3     0.00000
    -25.595        3     0.00000
    -25.445        3     0.00000
    -25.295        3     0.00000
    -25.145        3     0.00000
    -24.995        3     0.00000
    -24.845        3     0.00000
    -24.695        3     0.00000
    -24.545        3     0.00000
    -24.395        3     0.00000
    -24.245        3     0.00000
    -24.095        3     0.00000
    -23.945        3     0.00000
    -23.795        3     0.00000
    -23.645        3     0.00000
    -23.495        3     0.00000
    -23.345        3     0.00000
    -23.195        3     0.00000
    -23.045        3     0.00000
    -22.895        3     0.00000
    -22.745        3     0.00000
    -22.595        3     0.00000
    -22.445        3     0.00000
    -22.295        3     0.00000
    -22.145        3     0.00000
    -21.995        3     0.00000
    -21.845        3     0.00000
    -21.695        3     0.00000
    -21.545        3     0.00000
    -21.395        3     0.00000
    -21.245        3     0.00000
    -21.095        3     0.00000
    -20.945        3     0.00000
    -20.795        3     0.00000
    -20.645        3     0.00000
    -20.495        3     0.00000
    -20.345        3     0.00000
    -20.195        3     0.00000
    -20.045        3     0.00000
    -19.895        3     0.00000
    -19.745        3     0.00000
    -19.595        3     0.00000
    -19.445        3     0.00000
    -19.295        3     0.00000
    -19.145        3     0.00000
    -18.995        3     0.00000
    -18.845        3     0.00000
    -18.695        3     0.00000
    -18.545        3     0.00000
    -18.395        3     0.00000
    -18.245        3     0.00000
    -18.095        3     0.00000
    -17.945        3    -0.00030
    -17.795        3    -0.00315
    -17.645        3    -0.01251
    -17.495        3    -0.03178
    -17.345        3    -0.05982
    -17.195        3    -0.10256
    -17.045        3    -0.15904
    -16.895        3    -0.22656
    -16.745        3    -0.30466
    -16.595        3    -0.38762
    -16.445        3    -0.48641
    -16.295        3    -0.58705
    -16.145        3    -0.69304
    -15.995        3    -0.80208
    -15.845        3    -0.92087
    -15.695        3    -1.03685
    -15.545        3    -1.15510
    -15.395        3    -1.27445
    -15.245        3    -1.39937
    -15.095        3    -1.54010
    -14.945        3    -1.69452
    -14.795        3    -1.86481
    -14.645        3    -2.06081
    -14.495        3    -2.27000
    -14.345        3    -2.51119
    -14.195        3    -2.78484
    -14.045        3    -3.09048
    -13.895        3    -3.43640
    -13.745        3    -3.80960
    -13.595        3    -4.21216
    -13.445        3    -4.63893
    -13.295        3    -5.09277
    -13.145        3    -5.55895
    -12.995        3    -6.03685
    -12.845        3    -6.53008
    -12.695        3    -7.04214
    -12.545        3    -7.58304
    -12.395        3    -8.14124
    -12.245        3    -8.72068
    -12.095        3    -9.29879
    -11.945        3    -9.88033
    -11.795        3   -10.46295
    -11.645        3   -11.03626
    -11.495        3   -11.59887
    -11.345        3   -12.14009
    -11.195        3   -12.66921
    -11.045        3   -13.18320
    -10.895        3   -13.67739
    -10.745        3   -14.15562
    -10.595        3   -14.62889
    -10.445        3   -15.09107
    -10.295        3   -15.54482
    -10.145        3   -15.99768
    -9.9950        3   -16.44760
    -9.8450        3   -16.90421
    -9.6950        3   -17.37088
    -9.5450        3   -17.86262
    -9.3950        3   -18.37138
    -9.2450        3   -18.91057
    -9.0950        3   -19.47866
    -8.9450        3   -20.07646
    -8.7950        3   -20.71081
    -8.6450        3   -21.39105
    -8.4950        3   -22.11986
    -8.3450        3   -22.90745
    -8.1950        3   -23.74971
    -8.0450        3   -24.64565
    -7.8950        3   -25.60333
    -7.7450        3   -26.61561
    -7.5950        3   -27.67476
    -7.4450        3   -28.77931
    -7.2950        3   -29.92329
    -7.1450        3   -31.11842
    -6.9950        3   -32.34740
    -6.8450        3   -33.60874
    -6.6950        3   -34.88828
    -6.5450        3   -36.18948
    -6.3950        3   -37.50436
    -6.2450        3   -38.83418
    -6.0950        3   -40.16579
    -5.9450        3   -41.53281
    -5.7950        3   -42.93483
    -5.6450        3   -44.35465
    -5.4950        3   -45.81133
    -5.3450        3   -47.29286
    -5.1950        3   -48.79931
    -5.0450        3   -50.32572
    -4.8950        3   -51.87732
    -4.7450        3   -53.44241
    -4.5950        3   -55.03846
    -4.4450        3   -56.66536
    -4.2950        3   -58.32478
    -4.1450        3   -60.02801
    -3.9950        3   -61.77781
    -3.8450        3   -63.57601
    -3.6950        3   -65.43690
    -3.5450        3   -67.36603
    -3.3950        3   -69.38314
    -3.2450        3   -71.50276
    -3.0950        3   -73.73371
    -2.9450        3   -76.07679
    -2.7950        3   -78.55428
    -2.6450        3   -81.20258
    -2.4950        3   -84.09010
    -2.3450        3   -87.29698
    -2.1950        3   -90.91417
    -2.0450        3   -95.01641
    -1.8950        3   -99.69302
    -1.7450        3  -105.02825
    -1.5950        3  -111.12442
    -1.4450        3  -118.05943
    -1.2950        3  -125.84943
    -1.1450        3  -134.46854
   -0.99500        3  -143.83077
   -0.84500        3  -153.78684
   -0.69500        3  -164.28364
   -0.54500        3  -175.51595
   -0.39500        3  -188.24547
   -0.25300        3  -198.05087
   -0.21500        3  -198.72651
   -0.20900        3  -199.41187
   -0.20300        3  -200.10947
   -0.19700        3  -200.81883
   -0.19100        3  -201.54082
   -0.18500        3  -202.27677
   -0.17900        3  -203.02674
   -0.17300        3  -203.79210
   -0.16700        3  -204.57434
   -0.16100        3  -205.37433
   -0.15500        3  -206.19343
   -0.14900        3  -207.03328
   -0.14300        3  -207.89434
   -0.13700        3  -208.77946
   -0.13100        3  -209.69092
   -0.12500        3  -210.63081
   -0.11900        3  -211.60194
   -0.11300        3  -212.60798
   -0.10700        3  -213.65116
   -0.10100        3  -214.73732
   -0.95000E-01    3  -215.87196
   -0.89000E-01    3  -217.06275
   -0.83000E-01    3  -218.31622
   -0.77000E-01    3  -219.64445
   -0.71000E-01    3  -221.05982
   -0.65000E-01    3  -222.57998
   -0.59000E-01    3  -224.22831
   -0.53000E-01    3  -226.04061
   -0.47000E-01    3  -228.07222
   -0.41000E-01    3  -230.38468
   -0.35000E-01    3  -233.05834
   -0.29000E-01    3  -236.21696
   -0.23000E-01    3  -240.07560
   -0.19700E-01    3  -240.50770
   -0.19100E-01    3  -240.95072
   -0.18500E-01    3  -241.40550
   -0.17900E-01    3  -241.87276
   -0.17300E-01    3  -242.35302
   -0.16700E-01    3  -242.84742
   -0.16100E-01    3  -243.35694
   -0.15500E-01    3  -243.88241
   -0.14900E-01    3  -244.42507
   -0.14300E-01    3  -244.98626
   -0.13700E-01    3  -245.56762
   -0.13100E-01    3  -246.17118
   -0.12500E-01    3  -246.79844
   -0.11900E-01    3  -247.45099
   -0.11300E-01    3  -248.13073
   -0.10700E-01    3  -248.83939
   -0.10100E-01    3  -249.57819
   -0.95000E-02    3  -250.34855
   -0.89000E-02    3  -251.15225
   -0.83000E-02    3  -251.98942
   -0.77000E-02    3  -252.86006
   -0.71000E-02    3  -253.76277
   -0.65000E-02    3  -254.69594
   -0.59000E-02    3  -255.65657
   -0.53000E-02    3  -256.63870
   -0.47000E-02    3  -257.63008
   -0.41000E-02    3  -258.61018
   -0.35000E-02    3  -259.55150
   -0.29000E-02    3  -260.40694
   -0.23000E-02    3  -261.13197
   -0.17000E-02    3  -261.69095
   -0.11000E-02    3  -262.06163
   -0.50000E-03    3  -262.23224
    0.10000E-03    3  -262.19801
    0.70000E-03    3  -261.95990
    0.13000E-02    3  -261.52483
    0.19000E-02    3  -260.90735
    0.25000E-02    3  -260.13461
    0.31000E-02    3  -259.24489
    0.37000E-02    3  -258.28633
    0.43000E-02    3  -257.29968
    0.49000E-02    3  -256.30963
    0.55000E-02    3  -255.33464
    0.61000E-02    3  -254.38480
    0.67000E-02    3  -253.46554
    0.73000E-02    3  -252.57888
    0.79000E-02    3  -251.72669
    0.85000E-02    3  -250.91008
    0.91000E-02    3  -250.12895
    0.97000E-02    3  -249.38230
    0.10300E-01    3  -248.66697
    0.10900E-01    3  -247.98108
    0.11500E-01    3  -247.32268
    0.12100E-01    3  -246.69009
    0.12700E-01    3  -246.08100
    0.13300E-01    3  -245.49453
    0.13900E-01    3  -244.92882
    0.14500E-01    3  -244.38208
    0.15100E-01    3  -243.85248
    0.15700E-01    3  -243.33845
    0.16300E-01    3  -242.83958
    0.16900E-01    3  -242.35457
    0.17500E-01    3  -241.88265
    0.18100E-01    3  -241.42294
    0.18700E-01    3  -240.97510
    0.19300E-01    3  -240.53864
    0.20200E-01    3  -238.93844
    0.25000E-01    3  -235.36903
    0.31000E-01    3  -232.42396
    0.37000E-01    3  -229.92970
    0.43000E-01    3  -227.78055
    0.49000E-01    3  -225.90915
    0.55000E-01    3  -224.25306
    0.61000E-01    3  -222.76082
    0.67000E-01    3  -221.39932
    0.73000E-01    3  -220.14532
    0.79000E-01    3  -218.98281
    0.85000E-01    3  -217.89875
    0.91000E-01    3  -216.88206
    0.97000E-01    3  -215.92465
    0.10300        3  -215.01981
    0.10900        3  -214.16234
    0.11500        3  -213.34576
    0.12100        3  -212.56767
    0.12700        3  -211.82427
    0.13300        3  -211.11192
    0.13900        3  -210.42864
    0.14500        3  -209.77193
    0.15100        3  -209.13986
    0.15700        3  -208.53110
    0.16300        3  -207.94346
    0.16900        3  -207.37559
    0.17500        3  -206.82626
    0.18100        3  -206.29492
    0.18700        3  -205.77974
    0.19300        3  -205.28016
    0.19900        3  -204.79577
    0.20500        3  -204.32560
    0.21100        3  -203.86910
    0.21700        3  -203.42504
    0.29500        3  -194.85192
    0.44500        3  -189.53629
    0.59500        3  -185.59242
    0.74500        3  -182.37364
    0.89500        3  -179.58781
     1.0450        3  -177.07071
     1.1950        3  -174.73982
     1.3450        3  -172.55422
     1.4950        3  -170.47751
     1.6450        3  -168.48847
     1.7950        3  -166.57263
     1.9450        3  -164.72476
     2.0950        3  -162.93447
     2.2450        3  -161.18924
     2.3950        3  -159.48577
     2.5450        3  -157.81159
     2.6950        3  -156.16130
     2.8450        3  -154.53117
     2.9950        3  -152.91886
     3.1450        3  -151.32012
     3.2950        3  -149.73158
     3.4450        3  -148.15333
     3.5950        3  -146.57762
     3.7450        3  -145.00176
     3.8950        3  -143.42517
     4.0450        3  -141.84764
     4.1950        3  -140.26198
     4.3450        3  -138.67254
     4.4950        3  -137.08147
     4.6450        3  -135.48869
     4.7950        3  -133.89283
     4.9450        3  -132.30129
     5.0950        3  -130.71318
     5.2450        3  -129.13060
     5.3950        3  -127.55225
     5.5450        3  -125.98364
     5.6950        3  -124.41981
     5.8450        3  -122.86375
     5.9950        3  -121.32094
     6.1450        3  -119.78738
     6.2950        3  -118.26435
     6.4450        3  -116.75877
     6.5950        3  -115.27138
     6.7450        3  -113.80298
     6.8950        3  -112.35345
     7.0450        3  -110.92467
     7.1950        3  -109.52292
     7.3450        3  -108.14828
     7.4950        3  -106.80288
     7.6450        3  -105.48363
     7.7950        3  -104.19666
     7.9450        3  -102.94506
     8.0950        3  -101.72518
     8.2450        3  -100.53965
     8.3950        3   -99.39297
     8.5450        3   -98.27579
     8.6950        3   -97.19943
     8.8450        3   -96.15982
     8.9950        3   -95.15675
     9.1450        3   -94.19456
     9.2950        3   -93.26389
     9.4450        3   -92.36779
     9.5950        3   -91.51303
     9.7450        3   -90.71036
     9.8950        3   -89.92751
     10.045        3   -89.20579
     10.195        3   -88.53139
     10.345        3   -87.92671
     10.495        3   -87.35496
     10.645        3   -86.84295
     10.795        3   -86.38324
     10.945        3   -85.98268
     11.095        3   -85.60622
     11.245        3   -85.27222
     11.395        3   -84.96737
     11.545        3   -84.69509
     11.695        3   -84.44585
     11.845        3   -84.22081
     11.995        3   -84.00758
     12.145        3   -83.80386
     12.295        3   -83.61152
     12.445        3   -83.42702
     12.595        3   -83.25106
     12.745        3   -83.08346
     12.895        3   -82.91656
     13.045        3   -82.75602
     13.195        3   -82.59710
     13.345        3   -82.44264
     13.495        3   -82.28783
     13.645        3   -82.13768
     13.795        3   -81.98975
     13.945        3   -81.84272
     14.095        3   -81.69773
     14.245        3   -81.55502
     14.395        3   -81.41433
     14.545        3   -81.27516
     14.695        3   -81.13787
     14.845        3   -81.00162
     14.995        3   -80.86735
     15.145        3   -80.73331
     15.295        3   -80.60119
     15.445        3   -80.46958
     15.595        3   -80.33984
     15.745        3   -80.21107
     15.895        3   -80.08357
     16.045        3   -79.95754
     16.195        3   -79.83151
     16.345        3   -79.70728
     16.495        3   -79.58446
     16.645        3   -79.46301
     16.795        3   -79.34261
     16.945        3   -79.22247
     17.095        3   -79.10324
     17.245        3   -78.98575
     17.395        3   -78.86909
     17.545        3   -78.75318
     17.695        3   -78.63788
     17.845        3   -78.52423
     17.995        3   -78.41167
     18.145        3   -78.30045
     18.295        3   -78.18962
     18.445        3   -78.07946
     18.595        3   -77.97000
     18.745        3   -77.86152
     18.895        3   -77.75444
     19.045        3   -77.64769
     19.195        3   -77.54144
     19.345        3   -77.43623
     19.495        3   -77.33171
     19.645        3   -77.22776
     19.795        3   -77.12464
     19.945        3   -77.02244
     20.095        3   -76.92139
     21.836        3   -73.82814
     30.068        3   -69.21741
     42.097        3   -64.60042
     58.937        3   -60.00221
     82.515        3   -55.43658
     115.53        3   -50.90685
     161.74        3   -46.41674
     226.45        3   -41.97987
     317.04        3   -37.59816
     443.87        3   -33.28294
     621.44        3   -29.03951
     870.05        3   -24.87253
     1218.1        3   -20.78242
     1705.4        3   -16.78783
     2387.7        3   -12.87755
     3342.9        3    -9.05696
     4680.2        3    -5.33797
     6552.5        3    -1.71678
     9173.8        3     1.79577
     12844.        3     5.20500
     17982.        3     8.51363
     25176.        3    11.71476
     35247.        3    14.80053
     49348.        3    17.75935
     69090.        3    20.59101
     96729.        3    23.29568
    0.13543E+06    3    25.87256
    0.18960E+06    3    28.33015
    0.26545E+06    3    30.67278
    0.37165E+06    3    32.90122
    0.52033E+06    3    35.02302
    0.72849E+06    3    37.04358
    0.10199E+07    3    38.96287
    0.14279E+07    3    40.78856
    0.19992E+07    3    42.52430
    0.27990E+07    3    44.17479
    0.39187E+07    3    45.74590
    0.54864E+07    3    47.23743
    0.76812E+07    3    48.65554
    0.10754E+08    3    50.00369
    0.15056E+08    3    51.28531
    0.21080E+08    3    52.50150
    0.29513E+08    3    53.65661
    0.41319E+08    3    54.74698
    0.57849E+08    3    55.76333
    0.80991E+08    3    56.70380
    0.11339E+09    3    57.57669
    0.15875E+09    3    58.39020
    0.22226E+09    3    59.14921
    0.31118E+09    3    59.85882
    0.43567E+09    3    60.52240
    0.60996E+09    3    61.13004
    0.85398E+09    3    61.67994
    0.11956E+10    3    62.18288
    0.16739E+10    3    62.64385
    0.23436E+10    3    63.06710
    0.32811E+10    3    63.45627
    0.45937E+10    3    63.81368
    0.64315E+10    3    64.14296
    0.90044E+10    3    64.44512
    0.12607E+11    3    64.72298
    0.17650E+11    3    64.97891
    0.24711E+11    3    65.21375
    0.34596E+11    3    65.42908
    0.48437E+11    3    65.62802
    0.67814E+11    3    65.81091
    0.10000E+12    3    67.89190
