    -29.945         0.00000
    -29.795         0.00000
    -29.645         0.00000
    -29.495         0.00000
    -29.345         0.00000
    -29.195         0.00000
    -29.045         0.00000
    -28.895         0.00000
    -28.745         0.00000
    -28.595         0.00000
    -28.445         0.00000
    -28.295         0.00000
    -28.145         0.00000
    -27.995         0.00000
    -27.845         0.00000
    -27.695         0.00000
    -27.545         0.00000
    -27.395         0.00000
    -27.245         0.00000
    -27.095         0.00000
    -26.945         0.00000
    -26.795         0.00000
    -26.645         0.00000
    -26.495         0.00000
    -26.345         0.00000
    -26.195         0.00000
    -26.045         0.00000
    -25.895         0.00000
    -25.745         0.00000
    -25.595         0.00000
    -25.445         0.00000
    -25.295         0.00000
    -25.145         0.00000
    -24.995         0.00000
    -24.845         0.00000
    -24.695         0.00000
    -24.545         0.00000
    -24.395         0.00000
    -24.245         0.00000
    -24.095         0.00000
    -23.945         0.00000
    -23.795         0.00000
    -23.645         0.00000
    -23.495         0.00000
    -23.345         0.00000
    -23.195         0.00000
    -23.045         0.00000
    -22.895         0.00000
    -22.745         0.00000
    -22.595         0.00000
    -22.445         0.00000
    -22.295         0.00000
    -22.145         0.00000
    -21.995         0.00000
    -21.845         0.00000
    -21.695         0.00000
    -21.545         0.00000
    -21.395         0.00000
    -21.245         0.00000
    -21.095         0.00000
    -20.945         0.00000
    -20.795         0.00000
    -20.645         0.00000
    -20.495         0.00000
    -20.345         0.00000
    -20.195         0.00000
    -20.045         0.00000
    -19.895         0.00000
    -19.745         0.00000
    -19.595         0.00000
    -19.445         0.00000
    -19.295         0.00000
    -19.145         0.00000
    -18.995         0.00000
    -18.845         0.00000
    -18.695         0.00000
    -18.545         0.00000
    -18.395         0.00000
    -18.245         0.00000
    -18.095         0.00000
    -17.945         0.00000
    -17.795         0.00000
    -17.645         0.00000
    -17.495         0.00000
    -17.345         0.00000
    -17.195         0.00000
    -17.045         0.00000
    -16.895         0.00000
    -16.745         0.00000
    -16.595         0.00000
    -16.445         0.00000
    -16.295         0.00000
    -16.145         0.00000
    -15.995         0.00000
    -15.845         0.00000
    -15.695         0.00000
    -15.545         0.00000
    -15.395         0.00000
    -15.245        -0.00012
    -15.095        -0.00411
    -14.945        -0.02168
    -14.795        -0.06674
    -14.645        -0.14748
    -14.495        -0.27039
    -14.345        -0.45643
    -14.195        -0.70516
    -14.045        -1.02390
    -13.895        -1.40782
    -13.745        -1.85152
    -13.595        -2.33300
    -13.445        -2.85001
    -13.295        -3.39896
    -13.145        -3.96350
    -12.995        -4.53744
    -12.845        -5.11823
    -12.695        -5.70168
    -12.545        -6.27997
    -12.395        -6.87294
    -12.245        -7.48382
    -12.095        -8.12731
    -11.945        -8.80282
    -11.795        -9.50717
    -11.645       -10.24929
    -11.495       -11.02056
    -11.345       -11.83330
    -11.195       -12.68152
    -11.045       -13.55217
    -10.895       -14.45324
    -10.745       -15.36867
    -10.595       -16.31382
    -10.445       -17.29265
    -10.295       -18.30059
    -10.145       -19.33215
    -9.9950       -20.38199
    -9.8450       -21.45280
    -9.6950       -22.54469
    -9.5450       -23.66669
    -9.3950       -24.82468
    -9.2450       -26.04188
    -9.0950       -27.31539
    -8.9450       -28.65249
    -8.7950       -30.05534
    -8.6450       -31.53697
    -8.4950       -33.10512
    -8.3450       -34.75714
    -8.1950       -36.52257
    -8.0450       -38.39652
    -7.8950       -40.37826
    -7.7450       -42.48279
    -7.5950       -44.72002
    -7.4450       -47.07788
    -7.2950       -49.55571
    -7.1450       -52.15466
    -6.9950       -54.86042
    -6.8450       -57.67097
    -6.6950       -60.56531
    -6.5450       -63.54189
    -6.3950       -66.58961
    -6.2450       -69.70983
    -6.0950       -72.88135
    -5.9450       -76.10188
    -5.7950       -79.33940
    -5.6450       -82.59887
    -5.4950       -85.87673
    -5.3450       -89.17351
    -5.1950       -92.47157
    -5.0450       -95.73654
    -4.8950       -98.97836
    -4.7450      -102.19096
    -4.5950      -105.35326
    -4.4450      -108.48925
    -4.2950      -111.61232
    -4.1450      -114.74112
    -3.9950      -117.88840
    -3.8450      -121.08518
    -3.6950      -124.34764
    -3.5450      -127.70704
    -3.3950      -131.17089
    -3.2450      -134.77877
    -3.0950      -138.56229
    -2.9450      -142.55492
    -2.7950      -146.78008
    -2.6450      -151.29699
    -2.4950      -156.19165
    -2.3450      -161.55795
    -2.1950      -167.53458
    -2.0450      -174.28668
    -1.8950      -181.98484
    -1.7450      -190.73036
    -1.5950      -200.55379
    -1.4450      -211.42821
    -1.2950      -223.29115
    -1.1450      -236.06793
   -0.99500      -249.68139
   -0.84500      -264.07827
   -0.69500      -279.38286
   -0.54500      -296.10587
   -0.39500      -315.66771
   -0.25300      -330.94733
   -0.21500      -332.00551
   -0.20900      -333.08047
   -0.20300      -334.17394
   -0.19700      -335.28692
   -0.19100      -336.42050
   -0.18500      -337.57563
   -0.17900      -338.75399
   -0.17300      -339.95595
   -0.16700      -341.18458
   -0.16100      -342.44032
   -0.15500      -343.72525
   -0.14900      -345.04041
   -0.14300      -346.38835
   -0.13700      -347.77026
   -0.13100      -349.18975
   -0.12500      -350.64870
   -0.11900      -352.15226
   -0.11300      -353.70295
   -0.10700      -355.30532
   -0.10100      -356.96547
   -0.95000E-01  -358.69156
   -0.89000E-01  -360.49011
   -0.83000E-01  -362.37037
   -0.77000E-01  -364.34609
   -0.71000E-01  -366.43319
   -0.65000E-01  -368.65188
   -0.59000E-01  -371.03101
   -0.53000E-01  -373.61096
   -0.47000E-01  -376.44464
   -0.41000E-01  -379.59926
   -0.35000E-01  -383.17496
   -0.29000E-01  -387.31050
   -0.23000E-01  -392.26020
   -0.19700E-01  -392.81029
   -0.19100E-01  -393.37394
   -0.18500E-01  -393.95198
   -0.17900E-01  -394.54606
   -0.17300E-01  -395.15669
   -0.16700E-01  -395.78494
   -0.16100E-01  -396.43164
   -0.15500E-01  -397.09790
   -0.14900E-01  -397.78482
   -0.14300E-01  -398.49317
   -0.13700E-01  -399.22405
   -0.13100E-01  -399.97831
   -0.12500E-01  -400.75663
   -0.11900E-01  -401.55865
   -0.11300E-01  -402.38407
   -0.10700E-01  -403.23225
   -0.10100E-01  -404.10181
   -0.95000E-02  -404.99086
   -0.89000E-02  -405.89824
   -0.83000E-02  -406.82165
   -0.77000E-02  -407.75592
   -0.71000E-02  -408.69474
   -0.65000E-02  -409.63040
   -0.59000E-02  -410.55396
   -0.53000E-02  -411.45452
   -0.47000E-02  -412.32029
   -0.41000E-02  -413.13959
   -0.35000E-02  -413.89369
   -0.29000E-02  -414.55471
   -0.23000E-02  -415.10256
   -0.17000E-02  -415.52113
   -0.11000E-02  -415.79809
   -0.50000E-03  -415.92550
    0.10000E-03  -415.89995
    0.70000E-03  -415.72212
    0.13000E-02  -415.39694
    0.19000E-02  -414.93395
    0.25000E-02  -414.34686
    0.31000E-02  -413.65278
    0.37000E-02  -412.87416
    0.43000E-02  -412.03878
    0.49000E-02  -411.16089
    0.55000E-02  -410.25233
    0.61000E-02  -409.32481
    0.67000E-02  -408.38858
    0.73000E-02  -407.45197
    0.79000E-02  -406.52230
    0.85000E-02  -405.60576
    0.91000E-02  -404.70629
    0.97000E-02  -403.82557
    0.10300E-01  -402.96518
    0.10900E-01  -402.12677
    0.11500E-01  -401.31143
    0.12100E-01  -400.52009
    0.12700E-01  -399.75274
    0.13300E-01  -399.00908
    0.13900E-01  -398.28857
    0.14500E-01  -397.59020
    0.15100E-01  -396.91293
    0.15700E-01  -396.25604
    0.16300E-01  -395.61806
    0.16900E-01  -394.99853
    0.17500E-01  -394.39621
    0.18100E-01  -393.81067
    0.18700E-01  -393.24048
    0.19300E-01  -392.68455
    0.20200E-01  -390.64334
    0.25000E-01  -386.04334
    0.31000E-01  -382.15859
    0.37000E-01  -378.78760
    0.43000E-01  -375.81255
    0.49000E-01  -373.14698
    0.55000E-01  -370.72902
    0.61000E-01  -368.50742
    0.67000E-01  -366.44778
    0.73000E-01  -364.52364
    0.79000E-01  -362.71609
    0.85000E-01  -361.01086
    0.91000E-01  -359.39677
    0.97000E-01  -357.86341
    0.10300      -356.40372
    0.10900      -355.01149
    0.11500      -353.68122
    0.12100      -352.40826
    0.12700      -351.18792
    0.13300      -350.01673
    0.13900      -348.89028
    0.14500      -347.80621
    0.15100      -346.76119
    0.15700      -345.75230
    0.16300      -344.77803
    0.16900      -343.83566
    0.17500      -342.92282
    0.18100      -342.03913
    0.18700      -341.18220
    0.19300      -340.34931
    0.19900      -339.54123
    0.20500      -338.75515
    0.21100      -337.99098
    0.21700      -337.24770
    0.29500      -322.71907
    0.44500      -313.93315
    0.59500      -307.78976
    0.74500      -303.12720
    0.89500      -299.31909
     1.0450      -296.02422
     1.1950      -293.08065
     1.3450      -290.40213
     1.4950      -287.94436
     1.6450      -285.67629
     1.7950      -283.58493
     1.9450      -281.66459
     2.0950      -279.90370
     2.2450      -278.29110
     2.3950      -276.82540
     2.5450      -275.48940
     2.6950      -274.27898
     2.8450      -273.16817
     2.9950      -272.15058
     3.1450      -271.22104
     3.2950      -270.36222
     3.4450      -269.56616
     3.5950      -268.82158
     3.7450      -268.12074
     3.8950      -267.46700
     4.0450      -266.84541
     4.1950      -266.25878
     4.3450      -265.70125
     4.4950      -265.16779
     4.6450      -264.65603
     4.7950      -264.16469
     4.9450      -263.68997
     5.0950      -263.23231
     5.2450      -262.78839
     5.3950      -262.35969
     5.5450      -261.94322
     5.6950      -261.54039
     5.8450      -261.14599
     5.9950      -260.76238
     6.1450      -260.38884
     6.2950      -260.02387
     6.4450      -259.66686
     6.5950      -259.32104
     6.7450      -258.98132
     6.8950      -258.64968
     7.0450      -258.32658
     7.1950      -258.01010
     7.3450      -257.69613
     7.4950      -257.39081
     7.6450      -257.09319
     7.7950      -256.79836
     7.9450      -256.51070
     8.0950      -256.22656
     8.2450      -255.94955
     8.3950      -255.67748
     8.5450      -255.40944
     8.6950      -255.14688
     8.8450      -254.88755
     8.9950      -254.63216
     9.1450      -254.38207
     9.2950      -254.13566
     9.4450      -253.89309
     9.5950      -253.65495
     9.7450      -253.41991
     9.8950      -253.18723
     10.045      -252.95914
     10.195      -252.73419
     10.345      -252.51158
     10.495      -252.29330
     10.645      -252.07689
     10.795      -251.86317
     10.945      -251.65295
     11.095      -251.44565
     11.245      -251.24177
     11.395      -251.04078
     11.545      -250.84181
     11.695      -250.64455
     11.845      -250.44920
     11.995      -250.25822
     12.145      -250.06907
     12.295      -249.88240
     12.445      -249.69866
     12.595      -249.51629
     12.745      -249.33553
     12.895      -249.15689
     13.045      -248.98096
     13.195      -248.80568
     13.345      -248.63275
     13.495      -248.46301
     13.645      -248.29473
     13.795      -248.12761
     13.945      -247.96222
     14.095      -247.79780
     14.245      -247.63542
     14.395      -247.47595
     14.545      -247.31694
     14.695      -247.16016
     14.845      -247.00548
     14.995      -246.85259
     15.145      -246.70008
     15.295      -246.54868
     15.445      -246.39872
     15.595      -246.24955
     15.745      -246.10304
     15.895      -245.95805
     16.045      -245.81454
     16.195      -245.67204
     16.345      -245.53012
     16.495      -245.39049
     16.645      -245.25191
     16.795      -245.11362
     16.945      -244.97736
     17.095      -244.84227
     17.245      -244.70865
     17.395      -244.57605
     17.545      -244.44453
     17.695      -244.31355
     17.845      -244.18382
     17.995      -244.05394
     18.145      -243.92627
     18.295      -243.79979
     18.445      -243.67421
     18.595      -243.54920
     18.745      -243.42586
     18.895      -243.30357
     19.045      -243.18109
     19.195      -243.06010
     19.345      -242.93996
     19.495      -242.82079
     19.645      -242.70355
     19.795      -242.58618
     19.945      -242.46970
     20.095      -242.35473
     20.245      -242.24062
     20.395      -242.12839
     20.545      -242.01601
     20.695      -241.90394
     20.845      -241.79276
     20.995      -241.68221
     21.145      -241.57274
     21.295      -241.46335
     21.445      -241.35509
     21.595      -241.24818
     21.745      -241.14232
     21.895      -241.03647
     22.045      -240.93188
     22.195      -240.82709
     22.345      -240.72405
     22.495      -240.62157
     22.645      -240.51850
     22.795      -240.41720
     22.945      -240.31672
     23.095      -240.21673
     23.245      -240.11649
     23.395      -240.01694
     23.545      -239.91910
     23.695      -239.82121
     23.845      -239.72401
     23.995      -239.62773
     24.145      -239.53168
     24.295      -239.43572
     24.445      -239.34081
     24.595      -239.24608
     24.745      -239.15272
     24.895      -239.05985
     25.045      -238.96709
     25.195      -238.87523
     25.345      -238.78346
     25.495      -238.69285
     25.645      -238.60324
     25.795      -238.51383
     25.945      -238.42463
     26.095      -238.33612
     26.245      -238.24780
     26.395      -238.16040
     26.545      -238.07399
     26.695      -237.98740
     26.845      -237.90087
     26.995      -237.81576
     27.145      -237.73069
     27.295      -237.64612
     27.445      -237.56147
     27.595      -237.47705
     27.745      -237.39334
     27.895      -237.31091
     28.045      -237.22827
     28.195      -237.14563
     28.345      -237.06482
     28.495      -236.98356
     28.645      -236.90277
     28.795      -236.82185
     28.945      -236.74139
     29.095      -236.66173
     29.245      -236.58289
     29.395      -236.50529
     29.545      -236.42609
     29.695      -236.34799
     29.845      -236.27059
     29.995      -236.19360
     30.145      -236.11737
     30.295      -236.04117
     30.445      -235.96479
     30.595      -235.88923
     30.745      -235.81335
     30.895      -235.73841
     31.045      -235.66314
     31.195      -235.58921
     31.345      -235.51537
     31.495      -235.44192
     31.645      -235.36938
     31.795      -235.29658
     31.945      -235.22388
     32.095      -235.15215
     32.245      -235.08106
     32.395      -235.00947
     32.545      -234.93791
     32.695      -234.86693
     32.845      -234.79701
     32.995      -234.72692
     33.145      -234.65741
     33.295      -234.58804
     33.445      -234.51879
     33.595      -234.45017
     33.745      -234.38106
     33.895      -234.31229
     34.045      -234.24432
     34.195      -234.17700
     34.345      -234.10982
     34.495      -234.04280
     34.645      -233.97618
     34.795      -233.90993
     34.945      -233.84339
     35.095      -233.77702
     35.245      -233.71113
     35.395      -233.64530
     35.545      -233.58028
     35.695      -233.51541
     35.845      -233.45104
     35.995      -233.38701
     36.145      -233.32299
     36.295      -233.25922
     36.445      -233.19631
     36.595      -233.13319
     36.745      -233.07000
     36.895      -233.00753
     37.045      -232.94556
     37.195      -232.88364
     37.345      -232.82217
     37.495      -232.76076
     37.645      -232.69857
     37.795      -232.63791
     37.945      -232.57644
     38.095      -232.51621
     38.245      -232.45565
     38.395      -232.39593
     38.545      -232.33667
     38.695      -232.27711
     38.845      -232.21731
     38.995      -232.15838
     39.145      -232.09951
     39.295      -232.04050
     39.445      -231.98172
     39.595      -231.92394
     39.745      -231.86652
     39.895      -231.80841
     40.045      -231.75086
     40.195      -231.69378
     40.345      -231.63675
     40.495      -231.58014
     40.645      -231.52340
     40.795      -231.46742
     40.945      -231.41077
     41.095      -231.35417
     41.245      -231.29840
     41.395      -231.24307
     41.545      -231.18766
     41.695      -231.13255
     41.845      -231.07753
     41.995      -231.02262
     42.145      -230.96746
     42.295      -230.91327
     42.445      -230.85893
     42.595      -230.80439
     42.745      -230.75122
     42.895      -230.69765
     43.045      -230.64377
     43.195      -230.59029
     43.345      -230.53721
     43.495      -230.48440
     43.645      -230.43171
     43.795      -230.37882
     43.945      -230.32666
     44.095      -230.27460
     44.245      -230.22275
     44.395      -230.17147
     44.545      -230.11941
     44.695      -230.06818
     44.845      -230.01701
     44.995      -229.96679
     45.145      -229.91582
     45.295      -229.86549
     45.445      -229.81437
     45.595      -229.76435
     45.745      -229.71432
     45.895      -229.66426
     46.045      -229.61390
     46.195      -229.56447
     46.345      -229.51496
     46.495      -229.46544
     46.645      -229.41610
     46.795      -229.36692
     46.945      -229.31819
     47.095      -229.26960
     47.245      -229.22122
     47.395      -229.17289
     47.545      -229.12483
     47.695      -229.07688
     47.845      -229.02892
     47.995      -228.98096
     48.145      -228.93346
     48.295      -228.88619
     48.445      -228.83878
     48.595      -228.79154
     48.745      -228.74490
     48.895      -228.69822
     49.045      -228.65173
     49.195      -228.60519
     49.345      -228.55836
     49.495      -228.51214
     49.645      -228.46606
     49.795      -228.41962
     49.945      -228.37352
     50.095      -228.32696
     50.245      -228.28149
     50.395      -228.23603
     50.545      -228.19057
     50.695      -228.14525
     50.845      -228.09999
     50.995      -228.05469
     51.145      -228.01011
     51.295      -227.96591
     51.445      -227.92159
     51.595      -227.87747
     51.745      -227.83313
     51.895      -227.78903
     52.045      -227.74443
     52.195      -227.70051
     52.345      -227.65708
     52.495      -227.61334
     52.645      -227.56992
     52.795      -227.52653
     52.945      -227.48366
     53.095      -227.44021
     53.245      -227.39726
     53.395      -227.35429
     53.545      -227.31209
     53.695      -227.26994
     53.845      -227.22761
     53.995      -227.18523
     54.145      -227.14305
     54.295      -227.10097
     54.445      -227.05885
     54.595      -227.01720
     54.745      -226.97591
     54.895      -226.93398
     55.045      -226.89262
     55.195      -226.85109
     55.345      -226.81008
     55.495      -226.76880
     55.645      -226.72806
     55.795      -226.68741
     55.945      -226.64674
     56.095      -226.60626
     56.245      -226.56568
     56.395      -226.52535
     56.545      -226.48498
     56.695      -226.44460
     56.845      -226.40460
     56.995      -226.36483
     57.145      -226.32482
     57.295      -226.28492
     57.445      -226.24517
     57.595      -226.20571
     57.745      -226.16601
     57.895      -226.12646
     58.045      -226.08672
     58.195      -226.04736
     58.345      -226.00833
     58.495      -225.96941
     58.645      -225.93116
     58.795      -225.89285
     58.945      -225.85387
     59.095      -225.81538
     59.245      -225.77717
     59.395      -225.73828
     59.545      -225.70035
     59.695      -225.66219
     59.845      -225.62474
     59.995      -225.58641
     60.145      -225.54888
     70.939      -220.70716
     97.698      -215.92932
     134.55      -211.22485
     185.30      -206.61503
     255.20      -202.09939
     351.46      -197.67648
     484.04      -193.34332
     666.62      -189.10417
     918.07      -184.95743
     1264.4      -180.91434
     1741.3      -176.96894
     2398.1      -173.12271
     3302.7      -169.36869
     4548.5      -165.71005
     6264.3      -162.14193
     8627.2      -158.65938
     11881.      -155.26544
     16363.      -151.95780
     22535.      -148.74896
     31036.      -145.65017
     42743.      -142.65857
     58866.      -139.78140
     81070.      -137.02062
    0.11165E+06  -134.37561
    0.15377E+06  -131.84636
    0.21177E+06  -129.43139
    0.29165E+06  -127.12547
    0.40166E+06  -124.92460
    0.55317E+06  -122.82354
    0.76182E+06  -120.81875
    0.10492E+07  -118.90690
    0.14449E+07  -117.08412
    0.19900E+07  -115.34489
    0.27406E+07  -113.68859
    0.37744E+07  -112.10799
    0.51981E+07  -110.60200
    0.71589E+07  -109.16788
    0.98593E+07  -107.80099
    0.13578E+08  -106.49888
    0.18700E+08  -105.25789
    0.25754E+08  -104.07592
    0.35468E+08  -102.95517
    0.48847E+08  -101.90040
    0.67273E+08  -100.91977
    0.92648E+08  -100.00796
    0.12760E+09   -99.15593
    0.17573E+09   -98.35905
    0.24201E+09   -97.61321
    0.33330E+09   -96.91300
    0.45902E+09   -96.25706
    0.63217E+09   -95.65646
    0.87062E+09   -95.10980
    0.11990E+10   -94.60724
    0.16513E+10   -94.14438
    0.22742E+10   -93.71792
    0.31320E+10   -93.32352
    0.43134E+10   -92.95929
    0.59405E+10   -92.62434
    0.81813E+10   -92.31459
    0.11267E+11   -92.02893
    0.15517E+11   -91.76500
    0.21371E+11   -91.52101
    0.29432E+11   -91.29580
    0.40534E+11   -91.08857
    0.55823E+11   -90.89655
    0.10000E+12   -88.59197
