4.260	-1.000	41.960
3.690	-0.800	43.250
2.490	-0.010	43.270
4.530	-0.070	41.420
3.550	-1.450	41.230
5.130	-1.670	42.140
2.650	0.800	42.520
1.700	-0.680	42.860
2.230	0.630	44.650
3.290	1.500	45.120
3.080	1.930	46.450
1.230	1.120	44.720
2.230	-0.190	45.400
2.060	2.370	46.580
3.310	1.120	47.180
3.970	3.140	46.700
3.470	4.420	46.250
4.320	5.580	46.640
3.960	3.330	47.790
4.960	2.820	46.310
4.310	5.590	47.750
5.380	5.330	46.440
3.850	6.940	46.110
3.580	6.840	44.700
4.770	6.740	43.910
2.900	7.100	46.650
4.640	7.690	46.340
5.460	7.600	44.000
5.390	5.860	44.230
4.520	6.490	42.410
3.960	5.180	42.250
3.750	4.890	40.920
3.750	7.230	42.120
5.510	6.550	41.900
3.100	3.990	40.900
3.130	5.630	40.370
5.010	4.400	40.190
4.710	3.650	39.030
4.330	4.500	37.930
5.650	5.290	40.030
5.580	3.770	40.900
4.970	5.410	37.930
4.600	3.990	36.990
3.270	4.830	37.870
		
		
		
		
		
		
		
		
		
		
		
		
		
		
		
		
		
		
		
		
		
		
		
		
		
		
		
		
		
		
		
		
		
		
		
		
		
		
		
		
		
		
		
		
		
		
		
