    -159.95         0.00000
    -159.79         0.00000
    -159.65         0.00000
    -159.49         0.00000
    -159.34         0.00000
    -159.20         0.00000
    -159.04         0.00000
    -158.90         0.00000
    -158.74         0.00000
    -158.59         0.00000
    -158.45         0.00000
    -158.29         0.00000
    -158.15         0.00000
    -157.99         0.00000
    -157.84         0.00000
    -157.70         0.00000
    -157.54         0.00000
    -157.40         0.00000
    -157.24         0.00000
    -157.09         0.00000
    -156.95         0.00000
    -156.79         0.00000
    -156.65         0.00000
    -156.49         0.00000
    -156.34         0.00000
    -156.20         0.00000
    -156.04         0.00000
    -155.90         0.00000
    -155.74         0.00000
    -155.59         0.00000
    -155.45         0.00000
    -155.29         0.00000
    -155.15         0.00000
    -154.99         0.00000
    -154.84         0.00000
    -154.70         0.00000
    -154.54         0.00000
    -154.40         0.00000
    -154.24         0.00000
    -154.09         0.00000
    -153.95         0.00000
    -153.79         0.00000
    -153.65         0.00000
    -153.49         0.00000
    -153.34         0.00000
    -153.20         0.00000
    -153.04         0.00000
    -152.90         0.00000
    -152.74         0.00000
    -152.59         0.00000
    -152.45         0.00000
    -152.29         0.00000
    -152.15         0.00000
    -151.99         0.00000
    -151.84         0.00000
    -151.70         0.00000
    -151.54         0.00000
    -151.40         0.00000
    -151.24         0.00000
    -151.09         0.00000
    -150.95         0.00000
    -150.79         0.00000
    -150.65         0.00000
    -150.49         0.00000
    -150.34         0.00000
    -150.20         0.00000
    -150.04         0.00000
    -149.90         0.00000
    -149.74         0.00000
    -149.59         0.00000
    -149.45         0.00000
    -149.29         0.00000
    -149.15         0.00000
    -148.99         0.00000
    -148.84         0.00000
    -148.70         0.00000
    -148.54         0.00000
    -148.40         0.00000
    -148.24         0.00000
    -148.09         0.00000
    -147.95         0.00000
    -147.79         0.00000
    -147.65         0.00000
    -147.49         0.00000
    -147.34         0.00000
    -147.20         0.00000
    -147.04         0.00000
    -146.90         0.00000
    -146.74         0.00000
    -146.59         0.00000
    -146.45         0.00000
    -146.29         0.00000
    -146.15         0.00000
    -145.99         0.00000
    -145.84         0.00000
    -145.70         0.00000
    -145.54         0.00000
    -145.40         0.00000
    -145.24         0.00000
    -145.09         0.00000
    -144.95         0.00000
    -144.79         0.00000
    -144.65         0.00000
    -144.49         0.00000
    -144.34         0.00000
    -144.20         0.00000
    -144.04         0.00000
    -143.90         0.00000
    -143.74         0.00000
    -143.59         0.00000
    -143.45         0.00000
    -143.29         0.00000
    -143.15         0.00000
    -142.99         0.00000
    -142.84         0.00000
    -142.70         0.00000
    -142.54         0.00000
    -142.40         0.00000
    -142.24         0.00000
    -142.09         0.00000
    -141.95         0.00000
    -141.79         0.00000
    -141.65         0.00000
    -141.49         0.00000
    -141.34         0.00000
    -141.20         0.00000
    -141.04         0.00000
    -140.90         0.00000
    -140.74         0.00000
    -140.59         0.00000
    -140.45         0.00000
    -140.29         0.00000
    -140.15         0.00000
    -139.99         0.00000
    -139.84         0.00000
    -139.70         0.00000
    -139.54         0.00000
    -139.40         0.00000
    -139.24         0.00000
    -139.09         0.00000
    -138.95         0.00000
    -138.79         0.00000
    -138.65         0.00000
    -138.49         0.00000
    -138.34         0.00000
    -138.20         0.00000
    -138.04         0.00000
    -137.90         0.00000
    -137.74         0.00000
    -137.59         0.00000
    -137.45         0.00000
    -137.29         0.00000
    -137.15         0.00000
    -136.99         0.00000
    -136.84         0.00000
    -136.70         0.00000
    -136.54         0.00000
    -136.40         0.00000
    -136.24         0.00000
    -136.09         0.00000
    -135.95         0.00000
    -135.79         0.00000
    -135.65         0.00000
    -135.49         0.00000
    -135.34         0.00000
    -135.20         0.00000
    -135.04         0.00000
    -134.90         0.00000
    -134.74         0.00000
    -134.59         0.00000
    -134.45         0.00000
    -134.29         0.00000
    -134.15         0.00000
    -133.99         0.00000
    -133.84         0.00000
    -133.70         0.00000
    -133.54         0.00000
    -133.40         0.00000
    -133.24         0.00000
    -133.09         0.00000
    -132.95         0.00000
    -132.79         0.00000
    -132.65         0.00000
    -132.49         0.00000
    -132.34         0.00000
    -132.20         0.00000
    -132.04         0.00000
    -131.90         0.00000
    -131.74         0.00000
    -131.59         0.00000
    -131.45         0.00000
    -131.29         0.00000
    -131.15         0.00000
    -130.99         0.00000
    -130.84         0.00000
    -130.70         0.00000
    -130.54         0.00000
    -130.40         0.00000
    -130.24         0.00000
    -130.09         0.00000
    -129.95         0.00000
    -129.79         0.00000
    -129.65         0.00000
    -129.49         0.00000
    -129.34         0.00000
    -129.20         0.00000
    -129.04         0.00000
    -128.90         0.00000
    -128.74         0.00000
    -128.59         0.00000
    -128.45         0.00000
    -128.29         0.00000
    -128.15         0.00000
    -127.99         0.00000
    -127.85         0.00000
    -127.69         0.00000
    -127.55         0.00000
    -127.39         0.00000
    -127.25         0.00000
    -127.10         0.00000
    -126.94         0.00000
    -126.80         0.00000
    -126.64         0.00000
    -126.50         0.00000
    -126.35         0.00000
    -126.19         0.00000
    -126.05         0.00000
    -125.89         0.00000
    -125.75         0.00000
    -125.60         0.00000
    -125.44         0.00000
    -125.30         0.00000
    -125.14         0.00000
    -125.00         0.00000
    -124.85         0.00000
    -124.69         0.00000
    -124.55         0.00000
    -124.39         0.00000
    -124.25         0.00000
    -124.10         0.00000
    -123.94         0.00000
    -123.80         0.00000
    -123.64         0.00000
    -123.50         0.00000
    -123.35         0.00000
    -123.19         0.00000
    -123.05         0.00000
    -122.89         0.00000
    -122.75         0.00000
    -122.60         0.00000
    -122.44         0.00000
    -122.30         0.00000
    -122.14         0.00000
    -122.00         0.00000
    -121.85         0.00000
    -121.69         0.00000
    -121.55         0.00000
    -121.39         0.00000
    -121.25         0.00000
    -121.10         0.00000
    -120.94         0.00000
    -120.80         0.00000
    -120.64         0.00000
    -120.50         0.00000
    -120.35         0.00000
    -120.19         0.00000
    -120.05         0.00000
    -119.89         0.00000
    -119.75         0.00000
    -119.60         0.00000
    -119.44         0.00000
    -119.30         0.00000
    -119.14         0.00000
    -119.00         0.00000
    -118.85         0.00000
    -118.69         0.00000
    -118.55         0.00000
    -118.39         0.00000
    -118.25         0.00000
    -118.10         0.00000
    -117.94         0.00000
    -117.80         0.00000
    -117.64         0.00000
    -117.50         0.00000
    -117.35         0.00000
    -117.19         0.00000
    -117.05         0.00000
    -116.89         0.00000
    -116.75         0.00000
    -116.60         0.00000
    -116.44         0.00000
    -116.30         0.00000
    -116.14         0.00000
    -116.00         0.00000
    -115.85         0.00000
    -115.69         0.00000
    -115.55         0.00000
    -115.39         0.00000
    -115.25         0.00000
    -115.10         0.00000
    -114.94         0.00000
    -114.80         0.00000
    -114.64         0.00000
    -114.50         0.00000
    -114.35         0.00000
    -114.19         0.00000
    -114.05         0.00000
    -113.89         0.00000
    -113.75         0.00000
    -113.60         0.00000
    -113.44         0.00000
    -113.30         0.00000
    -113.14         0.00000
    -113.00         0.00000
    -112.85         0.00000
    -112.69         0.00000
    -112.55         0.00000
    -112.39         0.00000
    -112.25         0.00000
    -112.10         0.00000
    -111.94         0.00000
    -111.80         0.00000
    -111.64         0.00000
    -111.50         0.00000
    -111.35         0.00000
    -111.19         0.00000
    -111.05         0.00000
    -110.89         0.00000
    -110.75         0.00000
    -110.60         0.00000
    -110.44         0.00000
    -110.30         0.00000
    -110.14         0.00000
    -110.00         0.00000
    -109.85         0.00000
    -109.69         0.00000
    -109.55         0.00000
    -109.39         0.00000
    -109.25         0.00000
    -109.10         0.00000
    -108.94         0.00000
    -108.80         0.00000
    -108.64         0.00000
    -108.50         0.00000
    -108.35         0.00000
    -108.19         0.00000
    -108.05         0.00000
    -107.89         0.00000
    -107.75         0.00000
    -107.60         0.00000
    -107.44         0.00000
    -107.30         0.00000
    -107.14         0.00000
    -107.00         0.00000
    -106.85         0.00000
    -106.69         0.00000
    -106.55         0.00000
    -106.39         0.00000
    -106.25         0.00000
    -106.10         0.00000
    -105.94         0.00000
    -105.80         0.00000
    -105.64         0.00000
    -105.50         0.00000
    -105.35         0.00000
    -105.19         0.00000
    -105.05         0.00000
    -104.89         0.00000
    -104.75         0.00000
    -104.60         0.00000
    -104.44         0.00000
    -104.30         0.00000
    -104.14         0.00000
    -104.00         0.00000
    -103.85         0.00000
    -103.69         0.00000
    -103.55         0.00000
    -103.39         0.00000
    -103.25         0.00000
    -103.10         0.00000
    -102.94         0.00000
    -102.80         0.00000
    -102.64         0.00000
    -102.50         0.00000
    -102.35         0.00000
    -102.19         0.00000
    -102.05         0.00000
    -101.89         0.00000
    -101.75         0.00000
    -101.60         0.00000
    -101.44         0.00000
    -101.30         0.00000
    -101.14         0.00000
    -101.00         0.00000
    -100.85         0.00000
    -100.69         0.00000
    -100.55         0.00000
    -100.39         0.00000
    -100.25         0.00000
    -100.10         0.00000
    -99.945         0.00000
    -99.795         0.00000
    -99.645         0.00000
    -99.495         0.00000
    -99.345         0.00000
    -99.195         0.00000
    -99.045         0.00000
    -98.895         0.00000
    -98.745         0.00000
    -98.595         0.00000
    -98.445         0.00000
    -98.295         0.00000
    -98.145         0.00000
    -97.995         0.00000
    -97.845         0.00000
    -97.695         0.00000
    -97.545         0.00000
    -97.395         0.00000
    -97.245         0.00000
    -97.095         0.00000
    -96.945         0.00000
    -96.795         0.00000
    -96.645         0.00000
    -96.495         0.00000
    -96.345         0.00000
    -96.195         0.00000
    -96.045         0.00000
    -95.895         0.00000
    -95.745         0.00000
    -95.595         0.00000
    -95.445         0.00000
    -95.295         0.00000
    -95.145         0.00000
    -94.995         0.00000
    -94.845         0.00000
    -94.695         0.00000
    -94.545         0.00000
    -94.395         0.00000
    -94.245         0.00000
    -94.095         0.00000
    -93.945         0.00000
    -93.795         0.00000
    -93.645         0.00000
    -93.495         0.00000
    -93.345         0.00000
    -93.195         0.00000
    -93.045         0.00000
    -92.895         0.00000
    -92.745         0.00000
    -92.595         0.00000
    -92.445         0.00000
    -92.295         0.00000
    -92.145         0.00000
    -91.995         0.00000
    -91.845         0.00000
    -91.695         0.00000
    -91.545         0.00000
    -91.395         0.00000
    -91.245         0.00000
    -91.095         0.00000
    -90.945         0.00000
    -90.795         0.00000
    -90.645         0.00000
    -90.495         0.00000
    -90.345         0.00000
    -90.195         0.00000
    -90.045         0.00000
    -89.895         0.00000
    -89.745         0.00000
    -89.595         0.00000
    -89.445         0.00000
    -89.295         0.00000
    -89.145         0.00000
    -88.995         0.00000
    -88.845         0.00000
    -88.695         0.00000
    -88.545         0.00000
    -88.395         0.00000
    -88.245         0.00000
    -88.095         0.00000
    -87.945         0.00000
    -87.795         0.00000
    -87.645         0.00000
    -87.495         0.00000
    -87.345         0.00000
    -87.195         0.00000
    -87.045         0.00000
    -86.895         0.00000
    -86.745         0.00000
    -86.595         0.00000
    -86.445         0.00000
    -86.295         0.00000
    -86.145         0.00000
    -85.995         0.00000
    -85.845         0.00000
    -85.695         0.00000
    -85.545         0.00000
    -85.395         0.00000
    -85.245         0.00000
    -85.095         0.00000
    -84.945         0.00000
    -84.795         0.00000
    -84.645         0.00000
    -84.495         0.00000
    -84.345         0.00000
    -84.195         0.00000
    -84.045         0.00000
    -83.895         0.00000
    -83.745         0.00000
    -83.595         0.00000
    -83.445         0.00000
    -83.295         0.00000
    -83.145         0.00000
    -82.995         0.00000
    -82.845         0.00000
    -82.695         0.00000
    -82.545         0.00000
    -82.395         0.00000
    -82.245         0.00000
    -82.095         0.00000
    -81.945         0.00000
    -81.795         0.00000
    -81.645         0.00000
    -81.495         0.00000
    -81.345         0.00000
    -81.195         0.00000
    -81.045         0.00000
    -80.895         0.00000
    -80.745         0.00000
    -80.595         0.00000
    -80.445         0.00000
    -80.295         0.00000
    -80.145         0.00000
    -79.995         0.00000
    -79.845         0.00000
    -79.695         0.00000
    -79.545         0.00000
    -79.395         0.00000
    -79.245         0.00000
    -79.095         0.00000
    -78.945         0.00000
    -78.795         0.00000
    -78.645         0.00000
    -78.495         0.00000
    -78.345         0.00000
    -78.195         0.00000
    -78.045         0.00000
    -77.895         0.00000
    -77.745         0.00000
    -77.595         0.00000
    -77.445         0.00000
    -77.295         0.00000
    -77.145         0.00000
    -76.995         0.00000
    -76.845         0.00000
    -76.695         0.00000
    -76.545         0.00000
    -76.395         0.00000
    -76.245         0.00000
    -76.095         0.00000
    -75.945         0.00000
    -75.795         0.00000
    -75.645         0.00000
    -75.495         0.00000
    -75.345         0.00000
    -75.195         0.00000
    -75.045         0.00000
    -74.895         0.00000
    -74.745         0.00000
    -74.595         0.00000
    -74.445         0.00000
    -74.295         0.00000
    -74.145         0.00000
    -73.995         0.00000
    -73.845         0.00000
    -73.695         0.00000
    -73.545         0.00000
    -73.395         0.00000
    -73.245         0.00000
    -73.095         0.00000
    -72.945         0.00000
    -72.795         0.00000
    -72.645         0.00000
    -72.495         0.00000
    -72.345         0.00000
    -72.195         0.00000
    -72.045         0.00000
    -71.895         0.00000
    -71.745         0.00000
    -71.595         0.00000
    -71.445         0.00000
    -71.295         0.00000
    -71.145         0.00000
    -70.995         0.00000
    -70.845         0.00000
    -70.695         0.00000
    -70.545         0.00000
    -70.395         0.00000
    -70.245         0.00000
    -70.095         0.00000
    -69.945         0.00000
    -69.795         0.00000
    -69.645         0.00000
    -69.495         0.00000
    -69.345         0.00000
    -69.195         0.00000
    -69.045         0.00000
    -68.895         0.00000
    -68.745         0.00000
    -68.595         0.00000
    -68.445         0.00000
    -68.295         0.00000
    -68.145         0.00000
    -67.995         0.00000
    -67.845         0.00000
    -67.695         0.00000
    -67.545         0.00000
    -67.395         0.00000
    -67.245         0.00000
    -67.095         0.00000
    -66.945         0.00000
    -66.795         0.00000
    -66.645         0.00000
    -66.495         0.00000
    -66.345         0.00000
    -66.195         0.00000
    -66.045         0.00000
    -65.895         0.00000
    -65.745         0.00000
    -65.595         0.00000
    -65.445         0.00000
    -65.295         0.00000
    -65.145         0.00000
    -64.995         0.00000
    -64.845         0.00000
    -64.695         0.00000
    -64.545         0.00000
    -64.395         0.00000
    -64.245         0.00000
    -64.095         0.00000
    -63.945         0.00000
    -63.795         0.00000
    -63.645         0.00000
    -63.495         0.00000
    -63.345         0.00000
    -63.195         0.00000
    -63.045         0.00000
    -62.895         0.00000
    -62.745         0.00000
    -62.595         0.00000
    -62.445         0.00000
    -62.295         0.00000
    -62.145         0.00000
    -61.995         0.00000
    -61.845         0.00000
    -61.695         0.00000
    -61.545         0.00000
    -61.395         0.00000
    -61.245         0.00000
    -61.095         0.00000
    -60.945         0.00000
    -60.795         0.00000
    -60.645         0.00000
    -60.495         0.00000
    -60.345         0.00000
    -60.195         0.00000
    -60.045         0.00000
    -59.895         0.00000
    -59.745         0.00000
    -59.595         0.00000
    -59.445         0.00000
    -59.295         0.00000
    -59.145         0.00000
    -58.995         0.00000
    -58.845         0.00000
    -58.695         0.00000
    -58.545         0.00000
    -58.395         0.00000
    -58.245         0.00000
    -58.095         0.00000
    -57.945         0.00000
    -57.795         0.00000
    -57.645         0.00000
    -57.495         0.00000
    -57.345         0.00000
    -57.195         0.00000
    -57.045         0.00000
    -56.895         0.00000
    -56.745         0.00000
    -56.595         0.00000
    -56.445         0.00000
    -56.295         0.00000
    -56.145         0.00000
    -55.995         0.00000
    -55.845         0.00000
    -55.695         0.00000
    -55.545         0.00000
    -55.395         0.00000
    -55.245         0.00000
    -55.095         0.00000
    -54.945         0.00000
    -54.795         0.00000
    -54.645         0.00000
    -54.495         0.00000
    -54.345         0.00000
    -54.195         0.00000
    -54.045         0.00000
    -53.895         0.00000
    -53.745         0.00000
    -53.595         0.00000
    -53.445         0.00000
    -53.295         0.00000
    -53.145         0.00000
    -52.995         0.00000
    -52.845         0.00000
    -52.695         0.00000
    -52.545         0.00000
    -52.395         0.00000
    -52.245         0.00000
    -52.095         0.00000
    -51.945         0.00000
    -51.795         0.00000
    -51.645         0.00000
    -51.495         0.00000
    -51.345         0.00000
    -51.195         0.00000
    -51.045         0.00000
    -50.895         0.00000
    -50.745         0.00000
    -50.595         0.00000
    -50.445         0.00000
    -50.295         0.00000
    -50.145         0.00000
    -49.995         0.00000
    -49.845         0.00000
    -49.695         0.00000
    -49.545         0.00000
    -49.395         0.00000
    -49.245         0.00000
    -49.095         0.00000
    -48.945         0.00000
    -48.795         0.00000
    -48.645         0.00000
    -48.495         0.00000
    -48.345         0.00000
    -48.195         0.00000
    -48.045         0.00000
    -47.895         0.00000
    -47.745         0.00000
    -47.595         0.00000
    -47.445         0.00000
    -47.295         0.00000
    -47.145         0.00000
    -46.995         0.00000
    -46.845         0.00000
    -46.695         0.00000
    -46.545         0.00000
    -46.395         0.00000
    -46.245         0.00000
    -46.095         0.00000
    -45.945         0.00000
    -45.795         0.00000
    -45.645         0.00000
    -45.495         0.00000
    -45.345         0.00000
    -45.195         0.00000
    -45.045         0.00000
    -44.895         0.00000
    -44.745         0.00000
    -44.595         0.00000
    -44.445         0.00000
    -44.295         0.00000
    -44.145         0.00000
    -43.995         0.00000
    -43.845         0.00000
    -43.695         0.00000
    -43.545         0.00000
    -43.395         0.00000
    -43.245         0.00000
    -43.095         0.00000
    -42.945         0.00000
    -42.795         0.00000
    -42.645         0.00000
    -42.495         0.00000
    -42.345         0.00000
    -42.195         0.00000
    -42.045         0.00000
    -41.895         0.00000
    -41.745         0.00000
    -41.595         0.00000
    -41.445         0.00000
    -41.295         0.00000
    -41.145         0.00000
    -40.995         0.00000
    -40.845         0.00000
    -40.695         0.00000
    -40.545         0.00000
    -40.395         0.00000
    -40.245         0.00000
    -40.095         0.00000
    -39.945         0.00000
    -39.795         0.00000
    -39.645         0.00000
    -39.495         0.00000
    -39.345         0.00000
    -39.195         0.00000
    -39.045         0.00000
    -38.895         0.00000
    -38.745         0.00000
    -38.595         0.00000
    -38.445         0.00000
    -38.295         0.00000
    -38.145         0.00000
    -37.995         0.00000
    -37.845         0.00000
    -37.695         0.00000
    -37.545         0.00000
    -37.395         0.00000
    -37.245         0.00000
    -37.095         0.00000
    -36.945         0.00000
    -36.795         0.00000
    -36.645         0.00000
    -36.495         0.00000
    -36.345         0.00000
    -36.195         0.00000
    -36.045         0.00000
    -35.895         0.00000
    -35.745         0.00000
    -35.595         0.00000
    -35.445         0.00000
    -35.295         0.00000
    -35.145         0.00000
    -34.995         0.00000
    -34.845         0.00000
    -34.695         0.00000
    -34.545         0.00000
    -34.395         0.00000
    -34.245         0.00000
    -34.095         0.00000
    -33.945         0.00000
    -33.795         0.00000
    -33.645         0.00000
    -33.495         0.00000
    -33.345         0.00000
    -33.195         0.00000
    -33.045         0.00000
    -32.895         0.00000
    -32.745         0.00000
    -32.595         0.00000
    -32.445         0.00000
    -32.295         0.00000
    -32.145         0.00000
    -31.995         0.00000
    -31.845         0.00000
    -31.695         0.00000
    -31.545         0.00000
    -31.395         0.00000
    -31.245         0.00000
    -31.095         0.00000
    -30.945         0.00000
    -30.795         0.00000
    -30.645         0.00000
    -30.495         0.00000
    -30.345         0.00000
    -30.195         0.00000
    -30.045         0.00000
    -29.895         0.00000
    -29.745         0.00000
    -29.595         0.00000
    -29.445         0.00000
    -29.295         0.00000
    -29.145         0.00000
    -28.995         0.00000
    -28.845         0.00000
    -28.695         0.00000
    -28.545         0.00000
    -28.395         0.00000
    -28.245         0.00000
    -28.095         0.00000
    -27.945         0.00000
    -27.795         0.00000
    -27.645         0.00000
    -27.495         0.00000
    -27.345         0.00000
    -27.195         0.00000
    -27.045         0.00000
    -26.895         0.00000
    -26.745         0.00000
    -26.595         0.00000
    -26.445         0.00000
    -26.295         0.00000
    -26.145         0.00000
    -25.995         0.00000
    -25.845         0.00000
    -25.695         0.00000
    -25.545         0.00000
    -25.395         0.00000
    -25.245         0.00000
    -25.095         0.00000
    -24.945         0.00000
    -24.795         0.00000
    -24.645         0.00000
    -24.495         0.00000
    -24.345         0.00000
    -24.195         0.00000
    -24.045         0.00000
    -23.895         0.00000
    -23.745         0.00000
    -23.595         0.00000
    -23.445         0.00000
    -23.295         0.00000
    -23.145         0.00000
    -22.995         0.00000
    -22.845         0.00000
    -22.695         0.00000
    -22.545         0.00000
    -22.395         0.00000
    -22.245         0.00000
    -22.095         0.00000
    -21.945         0.00000
    -21.795         0.00000
    -21.645         0.00000
    -21.495         0.00000
    -21.345         0.00000
    -21.195         0.00000
    -21.045         0.00000
    -20.895         0.00000
    -20.745         0.00000
    -20.595         0.00000
    -20.445         0.00000
    -20.295         0.00000
    -20.145         0.00000
    -19.995         0.00000
    -19.845         0.00000
    -19.695         0.00000
    -19.545         0.00000
    -19.395         0.00000
    -19.245         0.00000
    -19.095         0.00000
    -18.945         0.00000
    -18.795         0.00000
    -18.645         0.00000
    -18.495         0.00000
    -18.345         0.00000
    -18.195         0.00000
    -18.045         0.00000
    -17.895         0.00000
    -17.745         0.00000
    -17.595         0.00000
    -17.445         0.00000
    -17.295         0.00000
    -17.145         0.00000
    -16.995         0.00000
    -16.845         0.00000
    -16.695         0.00000
    -16.545         0.00000
    -16.395         0.00000
    -16.245         0.00000
    -16.095         0.00000
    -15.945         0.00000
    -15.795         0.00000
    -15.645         0.00000
    -15.495         0.00000
    -15.345         0.00000
    -15.195         0.00000
    -15.045         0.00000
    -14.895         0.00000
    -14.745         0.00000
    -14.595         0.00000
    -14.445         0.00000
    -14.295         0.00000
    -14.145         0.00000
    -13.995         0.00000
    -13.845         0.00000
    -13.695         0.00000
    -13.545         0.00000
    -13.395         0.00000
    -13.245         0.00000
    -13.095         0.00000
    -12.945         0.00000
    -12.795         0.00000
    -12.645         0.00000
    -12.495         0.00000
    -12.345         0.00000
    -12.195         0.00000
    -12.045         0.00000
    -11.895         0.00000
    -11.745         0.00000
    -11.595         0.00000
    -11.445         0.00000
    -11.295         0.00000
    -11.145         0.00000
    -10.995         0.00000
    -10.845         0.00000
    -10.695         0.00000
    -10.545         0.00000
    -10.395         0.00000
    -10.245         0.00000
    -10.095         0.00000
    -9.9450         0.00000
    -9.7950         0.00000
    -9.6450         0.00000
    -9.4950         0.00000
    -9.3450         0.00000
    -9.1950        -0.00000
    -9.0450        -0.00076
    -8.8950        -0.00150
    -8.7450        -0.00524
    -8.5950        -0.00755
    -8.4450        -0.01203
    -8.2950        -0.01665
    -8.1450        -0.02544
    -7.9950        -0.03748
    -7.8450        -0.05028
    -7.6950        -0.07578
    -7.5450        -0.11011
    -7.3950        -0.15088
    -7.2450        -0.21225
    -7.0950        -0.28310
    -6.9450        -0.37093
    -6.7950        -0.47731
    -6.6450        -0.61023
    -6.4950        -0.74619
    -6.3450        -0.92291
    -6.1950        -1.11581
    -6.0450        -1.34071
    -5.8950        -1.58353
    -5.7450        -1.85097
    -5.5950        -2.12557
    -5.4450        -2.39791
    -5.2950        -2.66726
    -5.1450        -2.94404
    -4.9950        -3.20983
    -4.8450        -3.45311
    -4.6950        -3.71497
    -4.5450        -3.94456
    -4.3950        -4.18295
    -4.2450        -4.39433
    -4.0950        -4.59669
    -3.9450        -4.78532
    -3.7950        -4.96649
    -3.6450        -5.14247
    -3.4950        -5.31226
    -3.3450        -5.49234
    -3.1950        -5.67702
    -3.0450        -5.85671
    -2.8950        -6.04764
    -2.7450        -6.25118
    -2.5950        -6.48301
    -2.4450        -6.73079
    -2.2950        -7.01496
    -2.1450        -7.35130
    -1.9950        -7.74930
    -1.8450        -8.24869
    -1.6950        -8.84581
    -1.5450        -9.58430
    -1.3950       -10.44720
    -1.2450       -11.49012
    -1.0950       -12.74287
   -0.94500       -14.19535
   -0.79500       -15.80576
   -0.64500       -17.59133
   -0.49500       -19.66525
   -0.34500       -22.36911
   -0.22700       -23.53784
   -0.21300       -23.69084
   -0.20700       -23.84671
   -0.20100       -24.00765
   -0.19500       -24.17291
   -0.18900       -24.34074
   -0.18300       -24.51513
   -0.17700       -24.69560
   -0.17100       -24.87940
   -0.16500       -25.06795
   -0.15900       -25.26182
   -0.15300       -25.46363
   -0.14700       -25.67204
   -0.14100       -25.88533
   -0.13500       -26.10754
   -0.12900       -26.33840
   -0.12300       -26.58027
   -0.11700       -26.82988
   -0.11100       -27.09133
   -0.10500       -27.36685
   -0.99000E-01   -27.65493
   -0.93000E-01   -27.96002
   -0.87000E-01   -28.28415
   -0.81000E-01   -28.63001
   -0.75000E-01   -29.00146
   -0.69000E-01   -29.39800
   -0.63000E-01   -29.82908
   -0.57000E-01   -30.30508
   -0.51000E-01   -30.83070
   -0.45000E-01   -31.42379
   -0.39000E-01   -32.10600
   -0.33000E-01   -32.90943
   -0.27000E-01   -33.88820
   -0.21300E-01   -34.70691
   -0.19500E-01   -34.84097
   -0.18900E-01   -34.97847
   -0.18300E-01   -35.12160
   -0.17700E-01   -35.26929
   -0.17100E-01   -35.42177
   -0.16500E-01   -35.57937
   -0.15900E-01   -35.74378
   -0.15300E-01   -35.91362
   -0.14700E-01   -36.09045
   -0.14100E-01   -36.27478
   -0.13500E-01   -36.46862
   -0.12900E-01   -36.67129
   -0.12300E-01   -36.88329
   -0.11700E-01   -37.10717
   -0.11100E-01   -37.34320
   -0.10500E-01   -37.59362
   -0.99000E-02   -37.86044
   -0.93000E-02   -38.14639
   -0.87000E-02   -38.45446
   -0.81000E-02   -38.78883
   -0.75000E-02   -39.15439
   -0.69000E-02   -39.55946
   -0.63000E-02   -40.00902
   -0.57000E-02   -40.50734
   -0.51000E-02   -41.06165
   -0.45000E-02   -41.67708
   -0.39000E-02   -42.35726
   -0.33000E-02   -43.10916
   -0.27000E-02   -43.94120
   -0.21000E-02   -44.88755
   -0.15000E-02   -45.92421
   -0.90000E-03   -46.80117
   -0.30000E-03   -47.16652
    0.30000E-03   -46.87318
    0.90000E-03   -45.99841
    0.15000E-02   -44.96230
    0.21000E-02   -44.01716
    0.27000E-02   -43.18512
    0.33000E-02   -42.43473
    0.39000E-02   -41.75615
    0.45000E-02   -41.14183
    0.51000E-02   -40.58834
    0.57000E-02   -40.09041
    0.63000E-02   -39.64228
    0.69000E-02   -39.23864
    0.75000E-02   -38.87435
    0.81000E-02   -38.54053
    0.87000E-02   -38.23363
    0.93000E-02   -37.94882
    0.99000E-02   -37.68212
    0.10500E-01   -37.43240
    0.11100E-01   -37.19629
    0.11700E-01   -36.97336
    0.12300E-01   -36.76092
    0.12900E-01   -36.55940
    0.13500E-01   -36.36715
    0.14100E-01   -36.18241
    0.14700E-01   -36.00541
    0.15300E-01   -35.83602
    0.15900E-01   -35.67242
    0.16500E-01   -35.51497
    0.17100E-01   -35.36416
    0.17700E-01   -35.21720
    0.18300E-01   -35.07586
    0.18900E-01   -34.93870
    0.19500E-01   -34.80562
    0.21300E-01   -33.99199
    0.27000E-01   -33.01614
    0.33000E-01   -32.21874
    0.39000E-01   -31.54608
    0.45000E-01   -30.96385
    0.51000E-01   -30.45116
    0.57000E-01   -29.99813
    0.63000E-01   -29.58581
    0.69000E-01   -29.21180
    0.75000E-01   -28.86852
    0.81000E-01   -28.55115
    0.87000E-01   -28.25985
    0.93000E-01   -27.98643
    0.99000E-01   -27.73100
    0.10500       -27.49162
    0.11100       -27.26528
    0.11700       -27.05360
    0.12300       -26.85221
    0.12900       -26.66139
    0.13500       -26.47961
    0.14100       -26.30715
    0.14700       -26.14090
    0.15300       -25.98157
    0.15900       -25.82989
    0.16500       -25.68419
    0.17100       -25.54518
    0.17700       -25.41086
    0.18300       -25.28100
    0.18900       -25.15582
    0.19500       -25.03565
    0.20100       -24.91726
    0.20700       -24.80440
    0.21300       -24.69530
    0.22700       -23.91632
    0.34500       -22.40744
    0.49500       -21.51453
    0.64500       -20.89278
    0.79500       -20.40806
    0.94500       -19.99593
     1.0950       -19.63974
     1.2450       -19.32778
     1.3950       -19.04119
     1.5450       -18.78731
     1.6950       -18.55860
     1.8450       -18.34773
     1.9950       -18.16211
     2.1450       -18.00635
     2.2950       -17.85854
     2.4450       -17.72918
     2.5950       -17.61440
     2.7450       -17.50565
     2.8950       -17.40894
     3.0450       -17.31524
     3.1950       -17.23533
     3.3450       -17.16304
     3.4950       -17.09520
     3.6450       -17.03446
     3.7950       -16.97535
     3.9450       -16.91893
     4.0950       -16.86652
     4.2450       -16.81273
     4.3950       -16.76686
     4.5450       -16.72318
     4.6950       -16.67854
     4.8450       -16.63474
     4.9950       -16.59469
     5.1450       -16.55605
     5.2950       -16.51845
     5.4450       -16.47979
     5.5950       -16.44420
     5.7450       -16.41029
     5.8950       -16.37634
     6.0450       -16.34339
     6.1950       -16.31158
     6.3450       -16.28070
     6.4950       -16.24980
     6.6450       -16.21978
     6.7950       -16.19033
     6.9450       -16.16208
     7.0950       -16.13435
     7.2450       -16.10757
     7.3950       -16.07703
     7.5450       -16.05093
     7.6950       -16.02557
     7.8450       -16.00086
     7.9950       -15.97620
     8.1450       -15.95226
     8.2950       -15.92871
     8.4450       -15.90532
     8.5950       -15.88233
     8.7450       -15.86024
     8.8950       -15.83823
     9.0450       -15.81689
     9.1950       -15.79585
     9.3450       -15.77487
     9.4950       -15.75414
     9.6450       -15.73382
     9.7950       -15.71363
     9.9450       -15.69432
     10.095       -15.67469
     10.245       -15.65548
     10.395       -15.63695
     10.545       -15.61847
     10.695       -15.60029
     10.845       -15.58220
     10.995       -15.56486
     11.145       -15.54705
     11.295       -15.52962
     11.445       -15.51291
     11.595       -15.49613
     11.745       -15.47967
     11.895       -15.46348
     12.045       -15.44767
     12.195       -15.43169
     12.345       -15.41605
     12.495       -15.40062
     12.645       -15.38537
     12.795       -15.37002
     12.945       -15.35502
     13.095       -15.34028
     13.245       -15.32588
     13.395       -15.31164
     13.545       -15.29758
     13.695       -15.28349
     13.845       -15.26987
     13.995       -15.25636
     14.145       -15.24276
     14.295       -15.22932
     14.445       -15.21622
     14.595       -15.20330
     14.745       -15.19023
     14.895       -15.17768
     15.045       -15.16501
     15.195       -15.15242
     15.345       -15.14021
     15.495       -15.12750
     15.645       -15.11520
     15.795       -15.10315
     15.945       -15.09097
     16.095       -15.07923
     16.245       -15.06751
     16.395       -15.05585
     16.545       -15.04421
     16.695       -15.03267
     16.845       -15.02116
     16.995       -15.01003
     17.145       -14.99879
     17.295       -14.98754
     17.445       -14.97646
     17.595       -14.96579
     17.745       -14.95524
     17.895       -14.94445
     18.045       -14.93376
     18.195       -14.92310
     18.345       -14.91305
     18.495       -14.90249
     18.645       -14.89233
     18.795       -14.88219
     18.945       -14.87189
     19.095       -14.86211
     19.245       -14.85215
     19.395       -14.84217
     19.545       -14.83231
     19.695       -14.82240
     19.845       -14.81297
     19.995       -14.80340
     20.145       -14.79410
     20.295       -14.78504
     20.445       -14.77586
     20.595       -14.76692
     20.745       -14.75780
     20.895       -14.74861
     21.045       -14.73962
     21.195       -14.73072
     21.345       -14.72172
     21.495       -14.71291
     21.645       -14.70418
     21.795       -14.69536
     21.945       -14.68683
     22.095       -14.67846
     22.245       -14.66974
     22.395       -14.66148
     22.545       -14.65334
     22.695       -14.64481
     22.845       -14.63650
     22.995       -14.62850
     23.145       -14.62047
     23.295       -14.61220
     23.445       -14.60431
     23.595       -14.59628
     23.745       -14.58834
     23.895       -14.58040
     24.045       -14.57277
     24.195       -14.56480
     24.345       -14.55691
     24.495       -14.54923
     24.645       -14.54148
     24.795       -14.53409
     24.945       -14.52654
     25.095       -14.51913
     25.245       -14.51151
     25.395       -14.50434
     25.545       -14.49698
     25.695       -14.48962
     25.845       -14.48252
     25.995       -14.47543
     26.145       -14.46837
     26.295       -14.46128
     26.445       -14.45430
     26.595       -14.44736
     26.745       -14.44056
     26.895       -14.43354
     27.045       -14.42660
     27.195       -14.41959
     27.345       -14.41265
     27.495       -14.40583
     27.645       -14.39922
     27.795       -14.39272
     27.945       -14.38617
     28.095       -14.37944
     28.245       -14.37264
     28.395       -14.36610
     28.545       -14.35922
     28.695       -14.35266
     28.845       -14.34625
     28.995       -14.33988
     29.145       -14.33333
     29.295       -14.32704
     29.445       -14.32076
     29.595       -14.31452
     29.745       -14.30821
     29.895       -14.30200
     30.045       -14.29571
     30.195       -14.28921
     30.345       -14.28296
     30.495       -14.27687
     30.645       -14.27063
     30.795       -14.26437
     30.945       -14.25835
     31.095       -14.25246
     31.245       -14.24673
     31.395       -14.24090
     31.545       -14.23494
     31.695       -14.22909
     31.845       -14.22308
     31.995       -14.21734
     32.145       -14.21159
     32.295       -14.20568
     32.445       -14.19997
     32.595       -14.19414
     32.745       -14.18846
     32.895       -14.18266
     33.045       -14.17704
     33.195       -14.17151
     33.345       -14.16602
     33.495       -14.16057
     33.645       -14.15520
     33.795       -14.14954
     33.945       -14.14396
     34.095       -14.13839
     34.245       -14.13288
     34.395       -14.12736
     34.545       -14.12197
     34.695       -14.11672
     34.845       -14.11147
     34.995       -14.10636
     35.145       -14.10101
     35.295       -14.09596
     35.445       -14.09088
     35.595       -14.08575
     35.745       -14.08046
     35.895       -14.07518
     36.045       -14.07018
     36.195       -14.06519
     36.345       -14.06003
     36.495       -14.05517
     36.645       -14.05016
     36.795       -14.04515
     36.945       -14.04014
     37.095       -14.03519
     37.245       -14.03018
     37.395       -14.02525
     37.545       -14.02036
     37.695       -14.01555
     37.845       -14.01066
     37.995       -14.00583
     38.145       -14.00095
     38.295       -13.99607
     38.445       -13.99129
     38.595       -13.98658
     38.745       -13.98175
     38.895       -13.97714
     39.045       -13.97264
     39.195       -13.96794
     39.345       -13.96327
     39.495       -13.95855
     39.645       -13.95401
     39.795       -13.94945
     39.945       -13.94473
     40.095       -13.94008
     40.245       -13.93565
     40.395       -13.93137
     40.545       -13.92690
     40.695       -13.92236
     40.845       -13.91784
     40.995       -13.91336
     41.145       -13.90914
     41.295       -13.90481
     41.445       -13.90048
     41.595       -13.89604
     41.745       -13.89166
     41.895       -13.88746
     42.045       -13.88320
     42.195       -13.87899
     42.345       -13.87461
     42.495       -13.87026
     42.645       -13.86603
     42.795       -13.86171
     42.945       -13.85745
     43.095       -13.85348
     43.245       -13.84922
     43.395       -13.84501
     43.545       -13.84092
     43.695       -13.83694
     43.845       -13.83288
     43.995       -13.82861
     44.145       -13.82425
     44.295       -13.82025
     44.445       -13.81619
     44.595       -13.81210
     44.745       -13.80807
     44.895       -13.80403
     45.045       -13.80003
     45.195       -13.79629
     45.345       -13.79245
     45.495       -13.78844
     45.645       -13.78455
     45.795       -13.78068
     45.945       -13.77666
     46.095       -13.77276
     46.245       -13.76898
     46.395       -13.76500
     46.545       -13.76110
     46.695       -13.75708
     46.845       -13.75317
     46.995       -13.74944
     47.145       -13.74553
     47.295       -13.74174
     47.445       -13.73807
     47.595       -13.73441
     47.745       -13.73080
     47.895       -13.72699
     48.045       -13.72315
     48.195       -13.71929
     48.345       -13.71561
     48.495       -13.71187
     48.645       -13.70795
     48.795       -13.70436
     48.945       -13.70060
     49.095       -13.69689
     49.245       -13.69334
     49.395       -13.68973
     49.545       -13.68606
     49.695       -13.68236
     49.845       -13.67871
     49.995       -13.67510
     50.145       -13.67138
     50.295       -13.66771
     50.445       -13.66421
     50.595       -13.66064
     50.745       -13.65713
     50.895       -13.65348
     51.045       -13.64999
     51.195       -13.64654
     51.345       -13.64293
     51.495       -13.63944
     51.645       -13.63617
     51.795       -13.63270
     51.945       -13.62923
     52.095       -13.62565
     52.245       -13.62214
     52.395       -13.61876
     52.545       -13.61544
     52.695       -13.61202
     52.845       -13.60859
     52.995       -13.60533
     53.145       -13.60202
     53.295       -13.59867
     53.445       -13.59539
     53.595       -13.59215
     53.745       -13.58886
     53.895       -13.58560
     54.045       -13.58234
     54.195       -13.57889
     54.345       -13.57573
     54.495       -13.57238
     54.645       -13.56893
     54.795       -13.56568
     54.945       -13.56234
     55.095       -13.55906
     59.433       -13.30536
     80.646       -12.93338
     111.21       -12.57042
     153.36       -12.21899
     211.49       -11.87925
     291.64       -11.55136
     402.18       -11.23333
     554.60       -10.92601
     764.80       -10.62935
     1054.7       -10.34347
     1454.4       -10.06892
     2005.6        -9.80342
     2765.8        -9.54793
     3814.0        -9.30009
     5259.5        -9.06007
     7252.9        -8.83000
     10002.        -8.60895
     13793.        -8.39592
     19020.        -8.19074
     26229.        -7.99224
     36170.        -7.80313
     49878.        -7.62181
     68782.        -7.44823
     94851.        -7.28250
    0.13080E+06    -7.12373
    0.18038E+06    -6.97405
    0.24874E+06    -6.83029
    0.34301E+06    -6.69322
    0.47302E+06    -6.56218
    0.65229E+06    -6.43747
    0.89952E+06    -6.31882
    0.12404E+07    -6.20543
    0.17106E+07    -6.09898
    0.23589E+07    -5.99682
    0.32529E+07    -5.90021
    0.44858E+07    -5.80823
    0.61860E+07    -5.72007
    0.85305E+07    -5.63629
    0.11764E+08    -5.55697
    0.16222E+08    -5.48115
    0.22370E+08    -5.40926
    0.30849E+08    -5.34114
    0.42541E+08    -5.27658
    0.58664E+08    -5.21579
    0.80898E+08    -5.15867
    0.11156E+09    -5.10569
    0.15384E+09    -5.05550
    0.21215E+09    -5.00844
    0.29255E+09    -4.96512
    0.40343E+09    -4.92413
    0.55633E+09    -4.88559
    0.76719E+09    -4.85058
    0.10580E+10    -4.81872
    0.14589E+10    -4.78954
    0.20119E+10    -4.76283
    0.27744E+10    -4.73818
    0.38259E+10    -4.71502
    0.52760E+10    -4.69390
    0.72756E+10    -4.67411
    0.10033E+11    -4.65609
    0.13836E+11    -4.63956
    0.19079E+11    -4.62419
    0.26311E+11    -4.60991
    0.36283E+11    -4.59670
    0.50034E+11    -4.58460
    0.68997E+11    -4.57374
    0.10000E+12    -4.44099
