      1   C   -0.10000    1 0	10.800	61.620	13.340
      2   O   -0.34000    2 0	11.160	62.390	14.520
      3   C   -0.01000    3 0	11.350	63.790	14.220
      4   H    0.09000    4 0	10.530	60.560	13.560
      5   H    0.09000    4 0	11.670	61.620	12.650
      6   H    0.09000    4 0	9.910	62.130	12.920
      7   H    0.09000    5 0	12.210	63.910	13.530
      8   H    0.09000    5 0	10.390	64.200	13.840
      9   C   -0.01000    3 0	12.000	64.540	15.340
     10   O   -0.34000    2 0	13.000	63.800	16.190
     11   C   -0.01000    3 0	13.130	64.510	17.350
     12   H    0.09000    5 0	12.520	65.420	14.910
     13   H    0.09000    5 0	11.160	64.930	15.970
     14   H    0.09000    5 0	13.300	65.580	17.100
     15   H    0.09000    5 0	12.150	64.440	17.870
     16   C   -0.01000    3 0	14.240	64.080	18.270
     17   O   -0.34000    2 0	15.550	64.400	17.860
     18   C   -0.01000    3 0	16.610	63.900	18.630
     19   H    0.09000    5 0	14.050	64.580	19.240
     20   H    0.09000    5 0	14.080	62.990	18.430
     21   H    0.09000    5 0	17.300	64.730	18.910
     22   H    0.09000    5 0	16.210	63.430	19.550
     23   C   -0.01000    3 0	17.500	62.860	17.950
     24   O   -0.34000    2 0	18.480	63.470	17.150
     25   C   -0.01000    3 0	17.960	63.870	15.860
     26   H    0.09000    5 0	17.990	62.300	18.770
     27   H    0.09000    5 0	16.890	62.100	17.420
     28   H    0.09000    5 0	18.460	63.260	15.070
     29   H    0.09000    5 0	16.850	63.890	15.900
     30   C   -0.01000    3 0	18.500	65.340	15.690
     31   O   -0.34000    2 0	19.930	65.350	15.700
     32   C   -0.01000    3 0	20.590	66.600	15.790
     33   H    0.09000    5 0	18.150	65.720	14.710
     34   H    0.09000    5 0	18.000	65.940	16.480
     35   H    0.09000    5 0	20.110	67.300	15.080
     36   H    0.09000    5 0	20.430	66.970	16.830
     37   C   -0.01000    3 0	22.000	66.470	15.320
     38   O   -0.34000    2 0	22.700	65.630	16.240
     39   C   -0.01000    3 0	24.120	65.710	16.150
     40   H    0.09000    5 0	22.070	66.060	14.290
     41   H    0.09000    5 0	22.510	67.450	15.360
     42   H    0.09000    5 0	24.450	65.530	15.100
     43   H    0.09000    5 0	24.470	66.710	16.470
     44   C   -0.01000    3 0	24.670	64.520	17.050
     45   O   -0.34000    2 0	24.460	63.170	16.550
     46   C   -0.01000    3 0	24.960	62.170	17.470
     47   H    0.09000    5 0	25.760	64.670	17.170
     48   H    0.09000    5 0	24.080	64.510	17.990
     49   H    0.09000    5 0	26.060	62.230	17.490
     50   H    0.09000    5 0	24.560	62.350	18.490
     51   C   -0.01000    3 0	24.610	60.770	17.100
     52   O   -0.34000    2 0	25.180	60.360	15.820
     53   C   -0.01000    3 0	24.610	59.200	15.320
     54   H    0.09000    5 0	24.900	60.040	17.880
     55   H    0.09000    5 0	23.500	60.720	17.060
     56   H    0.09000    5 0	24.380	58.460	16.110
     57   H    0.09000    5 0	23.670	59.490	14.810
     58   C   -0.01000    3 0	25.400	58.630	14.100
     59   O   -0.34000    2 0	26.670	58.030	14.280
     60   C   -0.01000    3 0	27.360	57.560	13.130
     61   H    0.09000    5 0	24.770	57.890	13.570
     62   H    0.09000    5 0	25.490	59.460	13.360
     63   H    0.09000    5 0	27.120	56.490	12.960
     64   H    0.09000    5 0	26.930	58.140	12.290
     65   C   -0.01000    3 0	28.830	57.880	13.410
     66   O   -0.34000    2 0	29.440	57.320	14.580
     67   C   -0.01000    3 0	30.880	57.170	14.640
     68   H    0.09000    5 0	29.330	57.380	12.550
     69   H    0.09000    5 0	29.010	58.950	13.210
     70   H    0.09000    5 0	31.130	56.780	15.650
     71   H    0.09000    5 0	31.150	56.450	13.850
     72   C   -0.01000    3 0	31.790	58.380	14.300
     73   O   -0.34000    2 0	31.970	59.350	15.310
     74   C   -0.01000    3 0	30.730	60.030	15.470
     75   H    0.09000    5 0	32.790	58.010	13.990
     76   H    0.09000    5 0	31.410	58.940	13.410
     77   H    0.09000    5 0	30.280	60.430	14.540
     78   H    0.09000    5 0	29.980	59.350	15.930
     79   C   -0.01000    3 0	31.060	61.200	16.370
     80   O   -0.34000    2 0	31.260	60.750	17.680
     81   C   -0.01000    3 0	31.540	61.790	18.640
     82   H    0.09000    5 0	31.980	61.640	15.930
     83   H    0.09000    5 0	30.180	61.870	16.360
     84   H    0.09000    5 0	32.060	61.440	19.560
     85   H    0.09000    5 0	32.230	62.560	18.250
     86   C   -0.01000    3 0	30.270	62.480	19.090
     87   O   -0.34000    2 0	29.310	61.450	19.490
     88   C   -0.01000    3 0	27.980	61.880	19.880
     89   H    0.09000    5 0	30.490	63.210	19.910
     90   H    0.09000    5 0	29.800	63.050	18.260
     91   H    0.09000    5 0	28.130	62.680	20.640
     92   H    0.09000    5 0	27.520	62.410	19.020
     93   C   -0.01000    3 0	27.010	60.820	20.430
     94   O   -0.34000    2 0	27.340	60.520	21.750
     95   C   -0.01000    3 0	26.790	59.220	22.210
     96   H    0.09000    5 0	25.970	61.190	20.340
     97   H    0.09000    5 0	27.150	59.940	19.770
     98   H    0.09000    5 0	25.690	59.360	22.270
     99   H    0.09000    5 0	27.030	58.360	21.550
    100   C   -0.01000    3 0	27.400	58.930	23.540
    101   O   -0.34000    2 0	28.800	58.600	23.390
    102   C   -0.10000    1 0	29.370	58.150	24.600
    103   H    0.09000    5 0	27.340	59.710	24.330
    104   H    0.09000    5 0	26.860	58.060	23.970
    105   H    0.09000    4 0	28.670	57.480	25.130
    106   H    0.09000    4 0	30.340	57.600	24.580
    107   H    0.09000    4 0	29.560	59.030	25.250
			
			
			
			
			
			
			
			
			
			
			
			
			
			
			
			
			
			
			
			
			
			
			
			
			
			
			
			
			
			
			
			
			
			
			
			
			
			
			
			
			
			
			
			
			
			
			
			
			
			
			
			
			
			
			
			
			
			
			
			
			
			
			
			
			
			
			
			
			
			
			
			
			
			
			
			
			
			
			
			
			
			
			
			
			
			
			
			
			
			
			
			
			
			
			
			
			
			
			
			
			
			
			
			
			
			
			
			
			
			
