    -29.945        1     0.00000
    -29.795        1     0.00000
    -29.645        1     0.00000
    -29.495        1     0.00000
    -29.345        1     0.00000
    -29.195        1     0.00000
    -29.045        1     0.00000
    -28.895        1     0.00000
    -28.745        1     0.00000
    -28.595        1     0.00000
    -28.445        1     0.00000
    -28.295        1     0.00000
    -28.145        1     0.00000
    -27.995        1     0.00000
    -27.845        1     0.00000
    -27.695        1     0.00000
    -27.545        1     0.00000
    -27.395        1     0.00000
    -27.245        1     0.00000
    -27.095        1     0.00000
    -26.945        1     0.00000
    -26.795        1     0.00000
    -26.645        1     0.00000
    -26.495        1     0.00000
    -26.345        1     0.00000
    -26.195        1     0.00000
    -26.045        1     0.00000
    -25.895        1     0.00000
    -25.745        1     0.00000
    -25.595        1     0.00000
    -25.445        1     0.00000
    -25.295        1     0.00000
    -25.145        1     0.00000
    -24.995        1     0.00000
    -24.845        1     0.00000
    -24.695        1     0.00000
    -24.545        1     0.00000
    -24.395        1     0.00000
    -24.245        1     0.00000
    -24.095        1     0.00000
    -23.945        1     0.00000
    -23.795        1     0.00000
    -23.645        1     0.00000
    -23.495        1     0.00000
    -23.345        1     0.00000
    -23.195        1     0.00000
    -23.045        1     0.00000
    -22.895        1     0.00000
    -22.745        1     0.00000
    -22.595        1     0.00000
    -22.445        1     0.00000
    -22.295        1     0.00000
    -22.145        1     0.00000
    -21.995        1     0.00000
    -21.845        1     0.00000
    -21.695        1     0.00000
    -21.545        1     0.00000
    -21.395        1     0.00000
    -21.245        1     0.00000
    -21.095        1     0.00000
    -20.945        1     0.00000
    -20.795        1     0.00000
    -20.645        1     0.00000
    -20.495        1     0.00000
    -20.345        1     0.00000
    -20.195        1     0.00000
    -20.045        1     0.00000
    -19.895        1     0.00000
    -19.745        1     0.00000
    -19.595        1     0.00000
    -19.445        1     0.00000
    -19.295        1     0.00000
    -19.145        1     0.00000
    -18.995        1     0.00000
    -18.845        1     0.00000
    -18.695        1     0.00000
    -18.545        1     0.00000
    -18.395        1     0.00000
    -18.245        1     0.00000
    -18.095        1     0.00000
    -17.945        1     0.00000
    -17.795        1     0.00000
    -17.645        1     0.00000
    -17.495        1     0.00000
    -17.345        1     0.00000
    -17.195        1     0.00000
    -17.045        1     0.00000
    -16.895        1     0.00000
    -16.745        1     0.00000
    -16.595        1     0.00000
    -16.445        1     0.00000
    -16.295        1     0.00000
    -16.145        1     0.00000
    -15.995        1     0.00000
    -15.845        1     0.00000
    -15.695        1     0.00000
    -15.545        1     0.00000
    -15.395        1     0.00000
    -15.245        1     0.00000
    -15.095        1     0.00000
    -14.945        1     0.00000
    -14.795        1     0.00000
    -14.645        1     0.00000
    -14.495        1     0.00000
    -14.345        1     0.00000
    -14.195        1     0.00000
    -14.045        1     0.00000
    -13.895        1     0.00000
    -13.745        1     0.00000
    -13.595        1     0.00000
    -13.445        1     0.00000
    -13.295        1     0.00000
    -13.145        1     0.00000
    -12.995        1     0.00000
    -12.845        1     0.00000
    -12.695        1     0.00000
    -12.545        1     0.00000
    -12.395        1     0.00000
    -12.245        1     0.00000
    -12.095        1     0.00000
    -11.945        1     0.00000
    -11.795        1     0.00000
    -11.645        1     0.00000
    -11.495        1     0.00000
    -11.345        1     0.00000
    -11.195        1     0.00000
    -11.045        1     0.00000
    -10.895        1     0.00000
    -10.745        1    -0.00234
    -10.595        1    -0.01112
    -10.445        1    -0.02408
    -10.295        1    -0.04073
    -10.145        1    -0.06222
    -9.9950        1    -0.08963
    -9.8450        1    -0.12445
    -9.6950        1    -0.17108
    -9.5450        1    -0.22720
    -9.3950        1    -0.28908
    -9.2450        1    -0.35712
    -9.0950        1    -0.43159
    -8.9450        1    -0.51036
    -8.7950        1    -0.59629
    -8.6450        1    -0.68939
    -8.4950        1    -0.78639
    -8.3450        1    -0.88693
    -8.1950        1    -0.99390
    -8.0450        1    -1.11166
    -7.8950        1    -1.23103
    -7.7450        1    -1.35665
    -7.5950        1    -1.48854
    -7.4450        1    -1.62774
    -7.2950        1    -1.77391
    -7.1450        1    -1.92535
    -6.9950        1    -2.08465
    -6.8450        1    -2.26239
    -6.6950        1    -2.46018
    -6.5450        1    -2.67238
    -6.3950        1    -2.90890
    -6.2450        1    -3.17084
    -6.0950        1    -3.45268
    -5.9450        1    -3.76817
    -5.7950        1    -4.12096
    -5.6450        1    -4.49752
    -5.4950        1    -4.89665
    -5.3450        1    -5.32078
    -5.1950        1    -5.76477
    -5.0450        1    -6.23483
    -4.8950        1    -6.72150
    -4.7450        1    -7.23277
    -4.5950        1    -7.76565
    -4.4450        1    -8.32928
    -4.2950        1    -8.93692
    -4.1450        1    -9.57574
    -3.9950        1   -10.25656
    -3.8450        1   -10.99302
    -3.6950        1   -11.78731
    -3.5450        1   -12.64376
    -3.3950        1   -13.54498
    -3.2450        1   -14.49424
    -3.0950        1   -15.51310
    -2.9450        1   -16.59430
    -2.7950        1   -17.74244
    -2.6450        1   -18.96068
    -2.4950        1   -20.25056
    -2.3450        1   -21.62718
    -2.1950        1   -23.10795
    -2.0450        1   -24.73136
    -1.8950        1   -26.50477
    -1.7450        1   -28.46659
    -1.5950        1   -30.67498
    -1.4450        1   -33.21429
    -1.2950        1   -36.22151
    -1.1450        1   -39.92108
   -0.99500        1   -44.75832
   -0.84500        1   -51.62281
   -0.69500        1   -62.39023
   -0.54500        1   -81.85391
   -0.39500        1  -130.11662
   -0.25300        1  -193.29555
   -0.21500        1  -197.12958
   -0.20900        1  -200.89023
   -0.20300        1  -204.54435
   -0.19700        1  -207.64826
   -0.19100        1  -210.34465
   -0.18500        1  -212.73525
   -0.17900        1  -214.85535
   -0.17300        1  -216.72982
   -0.16700        1  -218.40179
   -0.16100        1  -219.89788
   -0.15500        1  -221.24042
   -0.14900        1  -222.44706
   -0.14300        1  -223.53224
   -0.13700        1  -224.50963
   -0.13100        1  -225.38903
   -0.12500        1  -226.18042
   -0.11900        1  -226.89086
   -0.11300        1  -227.52774
   -0.10700        1  -228.09772
   -0.10100        1  -228.60636
   -0.95000E-01    1  -229.05861
   -0.89000E-01    1  -229.45878
   -0.83000E-01    1  -229.81250
   -0.77000E-01    1  -230.12437
   -0.71000E-01    1  -230.39772
   -0.65000E-01    1  -230.63605
   -0.59000E-01    1  -230.84252
   -0.53000E-01    1  -231.01954
   -0.47000E-01    1  -231.16940
   -0.41000E-01    1  -231.29416
   -0.35000E-01    1  -231.39603
   -0.29000E-01    1  -231.47666
   -0.23000E-01    1  -231.53783
   -0.19700E-01    1  -231.54293
   -0.19100E-01    1  -231.54787
   -0.18500E-01    1  -231.55263
   -0.17900E-01    1  -231.55720
   -0.17300E-01    1  -231.56159
   -0.16700E-01    1  -231.56581
   -0.16100E-01    1  -231.56986
   -0.15500E-01    1  -231.57375
   -0.14900E-01    1  -231.57746
   -0.14300E-01    1  -231.58101
   -0.13700E-01    1  -231.58440
   -0.13100E-01    1  -231.58762
   -0.12500E-01    1  -231.59069
   -0.11900E-01    1  -231.59359
   -0.11300E-01    1  -231.59634
   -0.10700E-01    1  -231.59892
   -0.10100E-01    1  -231.60136
   -0.95000E-02    1  -231.60364
   -0.89000E-02    1  -231.60577
   -0.83000E-02    1  -231.60774
   -0.77000E-02    1  -231.60956
   -0.71000E-02    1  -231.61124
   -0.65000E-02    1  -231.61277
   -0.59000E-02    1  -231.61415
   -0.53000E-02    1  -231.61538
   -0.47000E-02    1  -231.61647
   -0.41000E-02    1  -231.61741
   -0.35000E-02    1  -231.61822
   -0.29000E-02    1  -231.61888
   -0.23000E-02    1  -231.61941
   -0.17000E-02    1  -231.61979
   -0.11000E-02    1  -231.62004
   -0.50000E-03    1  -231.62015
    0.10000E-03    1  -231.62013
    0.70000E-03    1  -231.61997
    0.13000E-02    1  -231.61968
    0.19000E-02    1  -231.61927
    0.25000E-02    1  -231.61871
    0.31000E-02    1  -231.61804
    0.37000E-02    1  -231.61723
    0.43000E-02    1  -231.61630
    0.49000E-02    1  -231.61524
    0.55000E-02    1  -231.61406
    0.61000E-02    1  -231.61275
    0.67000E-02    1  -231.61132
    0.73000E-02    1  -231.60977
    0.79000E-02    1  -231.60810
    0.85000E-02    1  -231.60632
    0.91000E-02    1  -231.60441
    0.97000E-02    1  -231.60238
    0.10300E-01    1  -231.60024
    0.10900E-01    1  -231.59798
    0.11500E-01    1  -231.59561
    0.12100E-01    1  -231.59312
    0.12700E-01    1  -231.59052
    0.13300E-01    1  -231.58782
    0.13900E-01    1  -231.58501
    0.14500E-01    1  -231.58209
    0.15100E-01    1  -231.57904
    0.15700E-01    1  -231.57589
    0.16300E-01    1  -231.57264
    0.16900E-01    1  -231.56928
    0.17500E-01    1  -231.56581
    0.18100E-01    1  -231.56225
    0.18700E-01    1  -231.55860
    0.19300E-01    1  -231.55489
    0.20200E-01    1  -231.53976
    0.25000E-01    1  -231.49532
    0.31000E-01    1  -231.44362
    0.37000E-01    1  -231.38551
    0.43000E-01    1  -231.32157
    0.49000E-01    1  -231.25239
    0.55000E-01    1  -231.17836
    0.61000E-01    1  -231.10012
    0.67000E-01    1  -231.01809
    0.73000E-01    1  -230.93234
    0.79000E-01    1  -230.84344
    0.85000E-01    1  -230.75171
    0.91000E-01    1  -230.65729
    0.97000E-01    1  -230.56051
    0.10300        1  -230.46170
    0.10900        1  -230.36091
    0.11500        1  -230.25850
    0.12100        1  -230.15456
    0.12700        1  -230.04927
    0.13300        1  -229.94266
    0.13900        1  -229.83516
    0.14500        1  -229.72689
    0.15100        1  -229.61790
    0.15700        1  -229.50811
    0.16300        1  -229.39783
    0.16900        1  -229.28694
    0.17500        1  -229.17550
    0.18100        1  -229.06428
    0.18700        1  -228.95282
    0.19300        1  -228.84125
    0.19900        1  -228.72946
    0.20500        1  -228.61768
    0.21100        1  -228.50629
    0.21700        1  -228.39481
    0.29500        1  -225.63928
    0.44500        1  -223.21193
    0.59500        1  -221.10819
    0.74500        1  -219.31017
    0.89500        1  -217.72624
     1.0450        1  -216.31060
     1.1950        1  -215.02968
     1.3450        1  -213.86166
     1.4950        1  -212.78607
     1.6450        1  -211.78669
     1.7950        1  -210.85297
     1.9450        1  -209.97558
     2.0950        1  -209.14822
     2.2450        1  -208.36378
     2.3950        1  -207.61676
     2.5450        1  -206.90245
     2.6950        1  -206.21971
     2.8450        1  -205.56294
     2.9950        1  -204.93098
     3.1450        1  -204.32246
     3.2950        1  -203.73395
     3.4450        1  -203.16501
     3.5950        1  -202.61378
     3.7450        1  -202.07910
     3.8950        1  -201.55910
     4.0450        1  -201.05315
     4.1950        1  -200.56116
     4.3450        1  -200.08412
     4.4950        1  -199.62952
     4.6450        1  -199.19306
     4.7950        1  -198.77073
     4.9450        1  -198.35998
     5.0950        1  -197.96116
     5.2450        1  -197.57230
     5.3950        1  -197.19199
     5.5450        1  -196.82186
     5.6950        1  -196.45965
     5.8450        1  -196.10787
     5.9950        1  -195.76219
     6.1450        1  -195.42509
     6.2950        1  -195.09448
     6.4450        1  -194.77155
     6.5950        1  -194.45351
     6.7450        1  -194.14309
     6.8950        1  -193.83702
     7.0450        1  -193.53751
     7.1950        1  -193.24443
     7.3450        1  -192.95605
     7.4950        1  -192.67189
     7.6450        1  -192.39239
     7.7950        1  -192.11640
     7.9450        1  -191.84629
     8.0950        1  -191.58179
     8.2450        1  -191.32029
     8.3950        1  -191.06303
     8.5450        1  -190.80794
     8.6950        1  -190.55937
     8.8450        1  -190.31293
     8.9950        1  -190.06934
     9.1450        1  -189.82973
     9.2950        1  -189.59434
     9.4450        1  -189.36053
     9.5950        1  -189.12988
     9.7450        1  -188.90459
     9.8950        1  -188.68359
     10.045        1  -188.46207
     10.195        1  -188.24514
     10.345        1  -188.02811
     10.495        1  -187.81673
     10.645        1  -187.60598
     10.795        1  -187.39956
     10.945        1  -187.19597
     11.095        1  -186.99342
     11.245        1  -186.79066
     11.395        1  -186.59777
     11.545        1  -186.40641
     11.695        1  -186.21491
     11.845        1  -186.02511
     11.995        1  -185.83728
     12.145        1  -185.65426
     12.295        1  -185.47289
     12.445        1  -185.29529
     12.595        1  -185.11607
     12.745        1  -184.94023
     12.895        1  -184.76891
     13.045        1  -184.60342
     13.195        1  -184.43412
     13.345        1  -184.26950
     13.495        1  -184.10397
     13.645        1  -183.94308
     13.795        1  -183.78319
     13.945        1  -183.62655
     14.095        1  -183.47033
     14.245        1  -183.31535
     14.395        1  -183.16661
     14.545        1  -183.01361
     14.695        1  -182.86871
     14.845        1  -182.72722
     14.995        1  -182.58909
     15.145        1  -182.45475
     15.295        1  -182.31917
     15.445        1  -182.18674
     15.595        1  -182.05756
     15.745        1  -181.93349
     15.895        1  -181.80739
     16.045        1  -181.68292
     16.195        1  -181.56148
     16.345        1  -181.44392
     16.495        1  -181.32827
     16.645        1  -181.21640
     16.795        1  -181.10184
     16.945        1  -180.98957
     17.095        1  -180.88317
     17.245        1  -180.77746
     17.395        1  -180.67583
     17.545        1  -180.57092
     17.695        1  -180.47131
     17.845        1  -180.36708
     17.995        1  -180.27284
     18.145        1  -180.17588
     18.295        1  -180.08009
     18.445        1  -179.98925
     18.595        1  -179.90349
     18.745        1  -179.80749
     18.895        1  -179.71850
     19.045        1  -179.62647
     19.195        1  -179.53843
     19.345        1  -179.45281
     19.495        1  -179.36625
     19.645        1  -179.28682
     19.795        1  -179.20341
     19.945        1  -179.12196
     20.095        1  -179.04051
     20.245        1  -178.96289
     20.395        1  -178.88770
     20.545        1  -178.81122
     20.695        1  -178.73411
     20.845        1  -178.66249
     20.995        1  -178.58673
     21.145        1  -178.51010
     21.295        1  -178.44386
     21.445        1  -178.37449
     21.595        1  -178.30552
     21.745        1  -178.23598
     21.895        1  -178.16744
     22.045        1  -178.10427
     22.195        1  -178.03560
     22.345        1  -177.97038
     22.495        1  -177.90379
     22.645        1  -177.83687
     22.795        1  -177.77187
     22.945        1  -177.70970
     23.095        1  -177.64734
     23.245        1  -177.57844
     23.395        1  -177.51033
     23.545        1  -177.44420
     23.695        1  -177.38451
     23.845        1  -177.31990
     23.995        1  -177.25755
     24.145        1  -177.19012
     24.295        1  -177.13243
     24.445        1  -177.07287
     24.595        1  -177.00972
     24.745        1  -176.94714
     24.895        1  -176.88968
     25.045        1  -176.82881
     25.195        1  -176.77350
     25.345        1  -176.71508
     25.495        1  -176.65703
     25.645        1  -176.60180
     25.795        1  -176.54856
     25.945        1  -176.49347
     26.095        1  -176.44575
     26.245        1  -176.39207
     26.395        1  -176.33983
     26.545        1  -176.29011
     26.695        1  -176.24447
     26.845        1  -176.19559
     26.995        1  -176.15035
     27.145        1  -176.10105
     27.295        1  -176.05560
     27.445        1  -176.01054
     27.595        1  -175.96595
     27.745        1  -175.92022
     27.895        1  -175.87875
     28.045        1  -175.83653
     28.195        1  -175.79462
     28.345        1  -175.75752
     28.495        1  -175.71913
     28.645        1  -175.68309
     28.795        1  -175.64607
     28.945        1  -175.61314
     29.095        1  -175.58221
     29.245        1  -175.54727
     29.395        1  -175.51478
     29.545        1  -175.48331
     29.695        1  -175.45291
     29.845        1  -175.42537
     29.995        1  -175.39672
     30.145        1  -175.36834
     30.295        1  -175.34332
     30.445        1  -175.32059
     30.595        1  -175.29609
     30.745        1  -175.27129
     30.895        1  -175.24666
     31.045        1  -175.22787
     31.195        1  -175.20557
     31.345        1  -175.18436
     31.495        1  -175.16414
     31.645        1  -175.14221
     31.795        1  -175.12382
     31.945        1  -175.10749
     32.095        1  -175.08936
     32.245        1  -175.07060
     32.395        1  -175.05651
     32.545        1  -175.04208
     32.695        1  -175.02871
     32.845        1  -175.01516
     32.995        1  -175.00051
     33.145        1  -174.98793
     33.295        1  -174.97474
     33.445        1  -174.96265
     33.595        1  -174.95165
     33.745        1  -174.94225
     33.895        1  -174.93301
     34.045        1  -174.92185
     34.195        1  -174.91059
     34.345        1  -174.90039
     34.495        1  -174.89079
     34.645        1  -174.88272
     34.795        1  -174.87353
     34.945        1  -174.86401
     35.095        1  -174.85601
     35.245        1  -174.84866
     35.395        1  -174.84131
     35.545        1  -174.83403
     35.695        1  -174.82566
     35.845        1  -174.81848
     35.995        1  -174.81072
     36.145        1  -174.80307
     36.295        1  -174.79604
     36.445        1  -174.78775
     36.595        1  -174.78076
     36.745        1  -174.77367
     36.895        1  -174.76673
     37.045        1  -174.75926
     37.195        1  -174.75238
     37.345        1  -174.74544
     37.495        1  -174.73864
     37.645        1  -174.73184
     37.795        1  -174.72509
     37.945        1  -174.71834
     38.095        1  -174.71163
     38.245        1  -174.70495
     38.395        1  -174.69832
     38.545        1  -174.69167
     38.695        1  -174.68501
     38.845        1  -174.67845
     38.995        1  -174.67195
     39.145        1  -174.66540
     39.295        1  -174.65892
     39.445        1  -174.65247
     39.595        1  -174.64604
     39.745        1  -174.63964
     39.895        1  -174.63319
     40.045        1  -174.62687
     40.195        1  -174.62049
     40.345        1  -174.61418
     40.495        1  -174.60791
     40.645        1  -174.60162
     40.795        1  -174.59542
     40.945        1  -174.58919
     41.095        1  -174.58305
     41.245        1  -174.57687
     41.395        1  -174.57070
     41.545        1  -174.56465
     41.695        1  -174.55852
     41.845        1  -174.55242
     41.995        1  -174.54641
     42.145        1  -174.54041
     42.295        1  -174.53445
     42.445        1  -174.52844
     42.595        1  -174.52247
     42.745        1  -174.51657
     42.895        1  -174.51062
     43.045        1  -174.50474
     43.195        1  -174.49887
     43.345        1  -174.49311
     43.495        1  -174.48730
     43.645        1  -174.48155
     43.795        1  -174.47579
     43.945        1  -174.47002
     44.095        1  -174.46435
     44.245        1  -174.45867
     44.395        1  -174.45294
     44.545        1  -174.44728
     44.695        1  -174.44165
     44.845        1  -174.43601
     44.995        1  -174.43040
     45.145        1  -174.42485
     45.295        1  -174.41931
     45.445        1  -174.41378
     45.595        1  -174.40831
     45.745        1  -174.40277
     45.895        1  -174.39726
     46.045        1  -174.39186
     46.195        1  -174.38642
     46.345        1  -174.38094
     46.495        1  -174.37553
     46.645        1  -174.37013
     46.795        1  -174.36479
     46.945        1  -174.35951
     47.095        1  -174.35417
     47.245        1  -174.34888
     47.395        1  -174.34355
     47.545        1  -174.33829
     47.695        1  -174.33302
     47.845        1  -174.32786
     47.995        1  -174.32263
     48.145        1  -174.31743
     48.295        1  -174.31227
     48.445        1  -174.30715
     48.595        1  -174.30202
     48.745        1  -174.29694
     48.895        1  -174.29191
     49.045        1  -174.28680
     49.195        1  -174.28172
     49.345        1  -174.27662
     49.495        1  -174.27163
     49.645        1  -174.26658
     49.795        1  -174.26160
     49.945        1  -174.25663
     50.095        1  -174.25167
     50.245        1  -174.24674
     50.395        1  -174.24182
     50.545        1  -174.23691
     50.695        1  -174.23199
     50.845        1  -174.22711
     50.995        1  -174.22223
     51.145        1  -174.21731
     51.295        1  -174.21247
     51.445        1  -174.20763
     51.595        1  -174.20278
     51.745        1  -174.19797
     51.895        1  -174.19317
     52.045        1  -174.18836
     52.195        1  -174.18356
     52.345        1  -174.17881
     52.495        1  -174.17406
     52.645        1  -174.16936
     52.795        1  -174.16465
     52.945        1  -174.15995
     53.095        1  -174.15529
     53.245        1  -174.15061
     53.395        1  -174.14596
     53.545        1  -174.14135
     53.695        1  -174.13672
     53.845        1  -174.13213
     53.995        1  -174.12754
     54.145        1  -174.12297
     54.295        1  -174.11839
     54.445        1  -174.11386
     54.595        1  -174.10925
     54.745        1  -174.10473
     54.895        1  -174.10021
     55.045        1  -174.09570
     55.195        1  -174.09120
     55.345        1  -174.08676
     55.495        1  -174.08227
     55.645        1  -174.07786
     55.795        1  -174.07342
     55.945        1  -174.06896
     56.095        1  -174.06449
     56.245        1  -174.06004
     56.395        1  -174.05560
     56.545        1  -174.05127
     56.695        1  -174.04688
     56.845        1  -174.04246
     56.995        1  -174.03808
     57.145        1  -174.03374
     57.295        1  -174.02937
     57.445        1  -174.02509
     57.595        1  -174.02073
     57.745        1  -174.01641
     57.895        1  -174.01213
     58.045        1  -174.00789
     58.195        1  -174.00358
     58.345        1  -173.99927
     58.495        1  -173.99499
     58.645        1  -173.99073
     58.795        1  -173.98650
     58.945        1  -173.98224
     59.095        1  -173.97806
     59.245        1  -173.97387
     59.395        1  -173.96973
     59.545        1  -173.96554
     59.695        1  -173.96140
     59.845        1  -173.95718
     59.995        1  -173.95310
     60.145        1  -173.94898
     60.295        1  -173.94487
     60.445        1  -173.94078
     60.595        1  -173.93663
     60.745        1  -173.93248
     60.895        1  -173.92843
     61.045        1  -173.92434
     61.195        1  -173.92029
     61.345        1  -173.91622
     61.495        1  -173.91211
     61.645        1  -173.90809
     61.795        1  -173.90405
     61.945        1  -173.90003
     62.095        1  -173.89602
     62.245        1  -173.89200
     62.395        1  -173.88801
     62.545        1  -173.88399
     62.695        1  -173.87999
     62.845        1  -173.87606
     62.995        1  -173.87211
     63.145        1  -173.86816
     63.295        1  -173.86422
     63.445        1  -173.86032
     63.595        1  -173.85639
     63.745        1  -173.85245
     63.895        1  -173.84856
     64.045        1  -173.84460
     64.195        1  -173.84075
     64.345        1  -173.83693
     64.495        1  -173.83304
     64.645        1  -173.82919
     64.795        1  -173.82530
     64.945        1  -173.82145
     65.095        1  -173.81761
     70.156        1  -173.46209
     94.967        1  -172.94233
     130.63        1  -172.44667
     179.69        1  -171.96581
     247.17        1  -171.49945
     340.00        1  -171.04719
     467.69        1  -170.60707
     643.33        1  -170.17756
     884.93        1  -169.75797
     1217.3        1  -169.34809
     1674.4        1  -168.94622
     2303.2        1  -168.55212
     3168.2        1  -168.16391
     4358.0        1  -167.78116
     5994.7        1  -167.40367
     8246.0        1  -167.03389
     11343.        1  -166.67229
     15603.        1  -166.31831
     21462.        1  -165.97178
     29522.        1  -165.63241
     40609.        1  -165.30066
     55860.        1  -164.97664
     76839.        1  -164.66069
    0.10570E+06    1  -164.35402
    0.14539E+06    1  -164.05620
    0.19999E+06    1  -163.76801
    0.27510E+06    1  -163.49030
    0.37841E+06    1  -163.22335
    0.52052E+06    1  -162.96788
    0.71601E+06    1  -162.72395
    0.98490E+06    1  -162.49116
    0.13548E+07    1  -162.26916
    0.18636E+07    1  -162.05729
    0.25634E+07    1  -161.85550
    0.35262E+07    1  -161.66295
    0.48504E+07    1  -161.47952
    0.66720E+07    1  -161.30478
    0.91776E+07    1  -161.13825
    0.12624E+08    1  -160.97946
    0.17365E+08    1  -160.82830
    0.23887E+08    1  -160.68418
    0.32858E+08    1  -160.54716
    0.45197E+08    1  -160.41633
    0.62171E+08    1  -160.29200
    0.85520E+08    1  -160.17352
    0.11764E+09    1  -160.06073
    0.16182E+09    1  -159.95329
    0.22259E+09    1  -159.85139
    0.30618E+09    1  -159.75538
    0.42116E+09    1  -159.66589
    0.57933E+09    1  -159.58273
    0.79690E+09    1  -159.50515
    0.10962E+10    1  -159.43270
    0.15078E+10    1  -159.36474
    0.20741E+10    1  -159.30090
    0.28531E+10    1  -159.24101
    0.39245E+10    1  -159.18539
    0.53984E+10    1  -159.13493
    0.74258E+10    1  -159.08869
    0.10215E+11    1  -159.04613
    0.14051E+11    1  -159.00683
    0.19327E+11    1  -158.97063
    0.26586E+11    1  -158.93720
    0.36570E+11    1  -158.90635
    0.50304E+11    1  -158.87791
    0.69195E+11    1  -158.85161
    0.10000E+12    1  -158.53474
    -149.95        2     0.00000
    -149.79        2     0.00000
    -149.65        2     0.00000
    -149.49        2     0.00000
    -149.34        2     0.00000
    -149.20        2     0.00000
    -149.04        2     0.00000
    -148.90        2     0.00000
    -148.74        2     0.00000
    -148.59        2     0.00000
    -148.45        2     0.00000
    -148.29        2     0.00000
    -148.15        2     0.00000
    -147.99        2     0.00000
    -147.84        2     0.00000
    -147.70        2     0.00000
    -147.54        2     0.00000
    -147.40        2     0.00000
    -147.24        2     0.00000
    -147.09        2     0.00000
    -146.95        2     0.00000
    -146.79        2     0.00000
    -146.65        2     0.00000
    -146.49        2     0.00000
    -146.34        2     0.00000
    -146.20        2     0.00000
    -146.04        2     0.00000
    -145.90        2     0.00000
    -145.74        2     0.00000
    -145.59        2     0.00000
    -145.45        2     0.00000
    -145.29        2     0.00000
    -145.15        2     0.00000
    -144.99        2     0.00000
    -144.84        2     0.00000
    -144.70        2     0.00000
    -144.54        2     0.00000
    -144.40        2     0.00000
    -144.24        2     0.00000
    -144.09        2     0.00000
    -143.95        2     0.00000
    -143.79        2     0.00000
    -143.65        2     0.00000
    -143.49        2     0.00000
    -143.34        2     0.00000
    -143.20        2     0.00000
    -143.04        2     0.00000
    -142.90        2     0.00000
    -142.74        2     0.00000
    -142.59        2     0.00000
    -142.45        2     0.00000
    -142.29        2     0.00000
    -142.15        2     0.00000
    -141.99        2     0.00000
    -141.84        2     0.00000
    -141.70        2     0.00000
    -141.54        2     0.00000
    -141.40        2     0.00000
    -141.24        2     0.00000
    -141.09        2     0.00000
    -140.95        2     0.00000
    -140.79        2     0.00000
    -140.65        2     0.00000
    -140.49        2     0.00000
    -140.34        2     0.00000
    -140.20        2     0.00000
    -140.04        2     0.00000
    -139.90        2     0.00000
    -139.74        2     0.00000
    -139.59        2     0.00000
    -139.45        2     0.00000
    -139.29        2     0.00000
    -139.15        2     0.00000
    -138.99        2     0.00000
    -138.84        2     0.00000
    -138.70        2     0.00000
    -138.54        2     0.00000
    -138.40        2     0.00000
    -138.24        2     0.00000
    -138.09        2     0.00000
    -137.95        2     0.00000
    -137.79        2     0.00000
    -137.65        2     0.00000
    -137.49        2     0.00000
    -137.34        2     0.00000
    -137.20        2     0.00000
    -137.04        2     0.00000
    -136.90        2     0.00000
    -136.74        2     0.00000
    -136.59        2     0.00000
    -136.45        2     0.00000
    -136.29        2     0.00000
    -136.15        2     0.00000
    -135.99        2     0.00000
    -135.84        2     0.00000
    -135.70        2     0.00000
    -135.54        2     0.00000
    -135.40        2     0.00000
    -135.24        2     0.00000
    -135.09        2     0.00000
    -134.95        2     0.00000
    -134.79        2     0.00000
    -134.65        2     0.00000
    -134.49        2     0.00000
    -134.34        2     0.00000
    -134.20        2     0.00000
    -134.04        2     0.00000
    -133.90        2     0.00000
    -133.74        2     0.00000
    -133.59        2     0.00000
    -133.45        2     0.00000
    -133.29        2     0.00000
    -133.15        2     0.00000
    -132.99        2     0.00000
    -132.84        2     0.00000
    -132.70        2     0.00000
    -132.54        2     0.00000
    -132.40        2     0.00000
    -132.24        2     0.00000
    -132.09        2     0.00000
    -131.95        2     0.00000
    -131.79        2     0.00000
    -131.65        2     0.00000
    -131.49        2     0.00000
    -131.34        2     0.00000
    -131.20        2     0.00000
    -131.04        2     0.00000
    -130.90        2     0.00000
    -130.74        2     0.00000
    -130.59        2     0.00000
    -130.45        2     0.00000
    -130.29        2     0.00000
    -130.15        2     0.00000
    -129.99        2     0.00000
    -129.84        2     0.00000
    -129.70        2     0.00000
    -129.54        2     0.00000
    -129.40        2     0.00000
    -129.24        2     0.00000
    -129.09        2     0.00000
    -128.95        2     0.00000
    -128.79        2     0.00000
    -128.65        2     0.00000
    -128.49        2     0.00000
    -128.34        2     0.00000
    -128.20        2     0.00000
    -128.04        2     0.00000
    -127.89        2     0.00000
    -127.75        2     0.00000
    -127.60        2     0.00000
    -127.44        2     0.00000
    -127.30        2     0.00000
    -127.14        2     0.00000
    -127.00        2     0.00000
    -126.85        2     0.00000
    -126.69        2     0.00000
    -126.55        2     0.00000
    -126.39        2     0.00000
    -126.25        2     0.00000
    -126.10        2     0.00000
    -125.94        2     0.00000
    -125.80        2     0.00000
    -125.64        2     0.00000
    -125.50        2     0.00000
    -125.35        2     0.00000
    -125.19        2     0.00000
    -125.05        2     0.00000
    -124.89        2     0.00000
    -124.75        2     0.00000
    -124.60        2     0.00000
    -124.44        2     0.00000
    -124.30        2     0.00000
    -124.14        2     0.00000
    -124.00        2     0.00000
    -123.85        2     0.00000
    -123.69        2     0.00000
    -123.55        2     0.00000
    -123.39        2     0.00000
    -123.25        2     0.00000
    -123.10        2     0.00000
    -122.94        2     0.00000
    -122.80        2     0.00000
    -122.64        2     0.00000
    -122.50        2     0.00000
    -122.35        2     0.00000
    -122.19        2     0.00000
    -122.05        2     0.00000
    -121.89        2     0.00000
    -121.75        2     0.00000
    -121.60        2     0.00000
    -121.44        2     0.00000
    -121.30        2     0.00000
    -121.14        2     0.00000
    -121.00        2     0.00000
    -120.85        2     0.00000
    -120.69        2     0.00000
    -120.55        2     0.00000
    -120.39        2     0.00000
    -120.25        2     0.00000
    -120.10        2     0.00000
    -119.94        2     0.00000
    -119.80        2     0.00000
    -119.64        2     0.00000
    -119.50        2     0.00000
    -119.35        2     0.00000
    -119.19        2     0.00000
    -119.05        2     0.00000
    -118.89        2     0.00000
    -118.75        2     0.00000
    -118.60        2     0.00000
    -118.44        2     0.00000
    -118.30        2     0.00000
    -118.14        2     0.00000
    -118.00        2     0.00000
    -117.85        2     0.00000
    -117.69        2     0.00000
    -117.55        2     0.00000
    -117.39        2     0.00000
    -117.25        2     0.00000
    -117.10        2     0.00000
    -116.94        2     0.00000
    -116.80        2     0.00000
    -116.64        2     0.00000
    -116.50        2     0.00000
    -116.35        2     0.00000
    -116.19        2     0.00000
    -116.05        2     0.00000
    -115.89        2     0.00000
    -115.75        2     0.00000
    -115.60        2     0.00000
    -115.44        2     0.00000
    -115.30        2     0.00000
    -115.14        2     0.00000
    -115.00        2     0.00000
    -114.85        2     0.00000
    -114.69        2     0.00000
    -114.55        2     0.00000
    -114.39        2     0.00000
    -114.25        2     0.00000
    -114.10        2     0.00000
    -113.94        2     0.00000
    -113.80        2     0.00000
    -113.64        2     0.00000
    -113.50        2     0.00000
    -113.35        2     0.00000
    -113.19        2     0.00000
    -113.05        2     0.00000
    -112.89        2     0.00000
    -112.75        2     0.00000
    -112.60        2     0.00000
    -112.44        2     0.00000
    -112.30        2     0.00000
    -112.14        2     0.00000
    -112.00        2     0.00000
    -111.85        2     0.00000
    -111.69        2     0.00000
    -111.55        2     0.00000
    -111.39        2     0.00000
    -111.25        2     0.00000
    -111.10        2     0.00000
    -110.94        2     0.00000
    -110.80        2     0.00000
    -110.64        2     0.00000
    -110.50        2     0.00000
    -110.35        2     0.00000
    -110.19        2     0.00000
    -110.05        2     0.00000
    -109.89        2     0.00000
    -109.75        2     0.00000
    -109.60        2     0.00000
    -109.44        2     0.00000
    -109.30        2     0.00000
    -109.14        2     0.00000
    -109.00        2     0.00000
    -108.85        2     0.00000
    -108.69        2     0.00000
    -108.55        2     0.00000
    -108.39        2     0.00000
    -108.25        2     0.00000
    -108.10        2     0.00000
    -107.94        2     0.00000
    -107.80        2     0.00000
    -107.64        2     0.00000
    -107.50        2     0.00000
    -107.35        2     0.00000
    -107.19        2     0.00000
    -107.05        2     0.00000
    -106.89        2     0.00000
    -106.75        2     0.00000
    -106.60        2     0.00000
    -106.44        2     0.00000
    -106.30        2     0.00000
    -106.14        2     0.00000
    -106.00        2     0.00000
    -105.85        2     0.00000
    -105.69        2     0.00000
    -105.55        2     0.00000
    -105.39        2     0.00000
    -105.25        2     0.00000
    -105.10        2     0.00000
    -104.94        2     0.00000
    -104.80        2     0.00000
    -104.64        2     0.00000
    -104.50        2     0.00000
    -104.35        2     0.00000
    -104.19        2     0.00000
    -104.05        2     0.00000
    -103.89        2     0.00000
    -103.75        2     0.00000
    -103.60        2     0.00000
    -103.44        2     0.00000
    -103.30        2     0.00000
    -103.14        2     0.00000
    -103.00        2     0.00000
    -102.85        2     0.00000
    -102.69        2     0.00000
    -102.55        2     0.00000
    -102.39        2     0.00000
    -102.25        2     0.00000
    -102.10        2     0.00000
    -101.94        2     0.00000
    -101.80        2     0.00000
    -101.64        2     0.00000
    -101.50        2     0.00000
    -101.35        2     0.00000
    -101.19        2     0.00000
    -101.05        2     0.00000
    -100.89        2     0.00000
    -100.75        2     0.00000
    -100.60        2     0.00000
    -100.44        2     0.00000
    -100.30        2     0.00000
    -100.14        2     0.00000
    -99.995        2     0.00000
    -99.845        2     0.00000
    -99.695        2     0.00000
    -99.545        2     0.00000
    -99.395        2     0.00000
    -99.245        2     0.00000
    -99.095        2     0.00000
    -98.945        2     0.00000
    -98.795        2     0.00000
    -98.645        2     0.00000
    -98.495        2     0.00000
    -98.345        2     0.00000
    -98.195        2     0.00000
    -98.045        2     0.00000
    -97.895        2     0.00000
    -97.745        2     0.00000
    -97.595        2     0.00000
    -97.445        2     0.00000
    -97.295        2     0.00000
    -97.145        2     0.00000
    -96.995        2     0.00000
    -96.845        2     0.00000
    -96.695        2     0.00000
    -96.545        2     0.00000
    -96.395        2     0.00000
    -96.245        2     0.00000
    -96.095        2     0.00000
    -95.945        2     0.00000
    -95.795        2     0.00000
    -95.645        2     0.00000
    -95.495        2     0.00000
    -95.345        2     0.00000
    -95.195        2     0.00000
    -95.045        2     0.00000
    -94.895        2     0.00000
    -94.745        2     0.00000
    -94.595        2     0.00000
    -94.445        2     0.00000
    -94.295        2     0.00000
    -94.145        2    -0.00019
    -93.995        2    -0.00285
    -93.845        2    -0.00573
    -93.695        2    -0.01074
    -93.545        2    -0.01551
    -93.395        2    -0.02091
    -93.245        2    -0.02723
    -93.095        2    -0.03202
    -92.945        2    -0.04133
    -92.795        2    -0.04843
    -92.645        2    -0.05523
    -92.495        2    -0.06262
    -92.345        2    -0.07165
    -92.195        2    -0.08204
    -92.045        2    -0.09130
    -91.895        2    -0.10371
    -91.745        2    -0.11772
    -91.595        2    -0.13558
    -91.445        2    -0.15681
    -91.295        2    -0.17642
    -91.145        2    -0.19740
    -90.995        2    -0.22486
    -90.845        2    -0.25395
    -90.695        2    -0.28803
    -90.545        2    -0.31760
    -90.395        2    -0.35617
    -90.245        2    -0.39955
    -90.095        2    -0.43875
    -89.945        2    -0.48324
    -89.795        2    -0.53603
    -89.645        2    -0.58720
    -89.495        2    -0.64305
    -89.345        2    -0.70468
    -89.195        2    -0.76719
    -89.045        2    -0.83135
    -88.895        2    -0.90118
    -88.745        2    -0.96973
    -88.595        2    -1.04332
    -88.445        2    -1.12393
    -88.295        2    -1.19932
    -88.145        2    -1.27820
    -87.995        2    -1.35756
    -87.845        2    -1.43926
    -87.695        2    -1.52162
    -87.545        2    -1.61187
    -87.395        2    -1.70073
    -87.245        2    -1.79417
    -87.095        2    -1.88929
    -86.945        2    -1.98055
    -86.795        2    -2.07123
    -86.645        2    -2.16569
    -86.495        2    -2.26318
    -86.345        2    -2.36259
    -86.195        2    -2.46734
    -86.045        2    -2.56819
    -85.895        2    -2.66824
    -85.745        2    -2.77045
    -85.595        2    -2.88167
    -85.445        2    -2.98933
    -85.295        2    -3.10210
    -85.145        2    -3.21298
    -84.995        2    -3.32681
    -84.845        2    -3.45452
    -84.695        2    -3.57215
    -84.545        2    -3.69722
    -84.395        2    -3.82928
    -84.245        2    -3.97218
    -84.095        2    -4.11436
    -83.945        2    -4.27334
    -83.795        2    -4.43068
    -83.645        2    -4.61100
    -83.495        2    -4.80312
    -83.345        2    -4.99921
    -83.195        2    -5.20530
    -83.045        2    -5.42149
    -82.895        2    -5.66276
    -82.745        2    -5.92572
    -82.595        2    -6.19632
    -82.445        2    -6.49580
    -82.295        2    -6.79859
    -82.145        2    -7.13462
    -81.995        2    -7.50157
    -81.845        2    -7.86825
    -81.695        2    -8.28354
    -81.545        2    -8.69268
    -81.395        2    -9.13410
    -81.245        2    -9.61013
    -81.095        2   -10.10986
    -80.945        2   -10.62498
    -80.795        2   -11.16638
    -80.645        2   -11.72889
    -80.495        2   -12.32825
    -80.345        2   -12.93807
    -80.195        2   -13.58216
    -80.045        2   -14.24036
    -79.895        2   -14.90568
    -79.745        2   -15.58358
    -79.595        2   -16.29224
    -79.445        2   -17.01147
    -79.295        2   -17.73415
    -79.145        2   -18.48177
    -78.995        2   -19.21765
    -78.845        2   -19.95618
    -78.695        2   -20.68325
    -78.545        2   -21.42062
    -78.395        2   -22.15656
    -78.245        2   -22.90905
    -78.095        2   -23.66716
    -77.945        2   -24.40681
    -77.795        2   -25.12433
    -77.645        2   -25.82980
    -77.495        2   -26.54584
    -77.345        2   -27.25659
    -77.195        2   -27.95170
    -77.045        2   -28.63003
    -76.895        2   -29.26694
    -76.745        2   -29.87990
    -76.595        2   -30.49181
    -76.445        2   -31.07279
    -76.295        2   -31.63734
    -76.145        2   -32.18816
    -75.995        2   -32.70451
    -75.845        2   -33.20721
    -75.695        2   -33.69078
    -75.545        2   -34.14481
    -75.395        2   -34.58864
    -75.245        2   -35.01141
    -75.095        2   -35.39873
    -74.945        2   -35.78003
    -74.795        2   -36.14500
    -74.645        2   -36.48870
    -74.495        2   -36.80500
    -74.345        2   -37.11211
    -74.195        2   -37.40992
    -74.045        2   -37.68175
    -73.895        2   -37.93555
    -73.745        2   -38.17838
    -73.595        2   -38.40555
    -73.445        2   -38.62589
    -73.295        2   -38.81811
    -73.145        2   -39.01569
    -72.995        2   -39.19985
    -72.845        2   -39.36914
    -72.695        2   -39.52564
    -72.545        2   -39.68628
    -72.395        2   -39.82694
    -72.245        2   -39.95732
    -72.095        2   -40.08253
    -71.945        2   -40.19963
    -71.795        2   -40.31520
    -71.645        2   -40.41313
    -71.495        2   -40.50826
    -71.345        2   -40.59325
    -71.195        2   -40.68384
    -71.045        2   -40.76805
    -70.895        2   -40.84964
    -70.745        2   -40.92197
    -70.595        2   -40.99450
    -70.445        2   -41.06388
    -70.295        2   -41.13248
    -70.145        2   -41.19769
    -69.995        2   -41.26264
    -69.845        2   -41.32024
    -69.695        2   -41.37734
    -69.545        2   -41.43246
    -69.395        2   -41.49009
    -69.245        2   -41.54915
    -69.095        2   -41.61015
    -68.945        2   -41.67109
    -68.795        2   -41.73417
    -68.645        2   -41.79606
    -68.495        2   -41.86004
    -68.345        2   -41.92922
    -68.195        2   -42.00022
    -68.045        2   -42.07579
    -67.895        2   -42.14689
    -67.745        2   -42.22358
    -67.595        2   -42.30733
    -67.445        2   -42.39423
    -67.295        2   -42.48460
    -67.145        2   -42.58046
    -66.995        2   -42.67848
    -66.845        2   -42.78617
    -66.695        2   -42.89818
    -66.545        2   -43.01472
    -66.395        2   -43.14008
    -66.245        2   -43.27382
    -66.095        2   -43.41566
    -65.945        2   -43.57474
    -65.795        2   -43.74455
    -65.645        2   -43.91203
    -65.495        2   -44.10156
    -65.345        2   -44.29734
    -65.195        2   -44.51682
    -65.045        2   -44.74984
    -64.895        2   -44.98975
    -64.745        2   -45.25843
    -64.595        2   -45.52259
    -64.445        2   -45.80520
    -64.295        2   -46.11229
    -64.145        2   -46.41704
    -63.995        2   -46.75205
    -63.845        2   -47.10071
    -63.695        2   -47.45416
    -63.545        2   -47.83084
    -63.395        2   -48.23670
    -63.245        2   -48.64407
    -63.095        2   -49.07345
    -62.945        2   -49.52388
    -62.795        2   -49.99404
    -62.645        2   -50.45036
    -62.495        2   -50.91766
    -62.345        2   -51.41018
    -62.195        2   -52.11749
    -62.045        2   -53.52379
    -61.895        2   -55.19290
    -61.745        2   -56.97697
    -61.595        2   -58.79108
    -61.445        2   -60.54349
    -61.295        2   -62.22815
    -61.145        2   -63.84656
    -60.995        2   -65.41534
    -60.845        2   -66.89598
    -60.695        2   -68.28801
    -60.545        2   -69.59718
    -60.395        2   -70.83392
    -60.245        2   -72.00990
    -60.095        2   -73.10984
    -59.945        2   -74.15864
    -59.795        2   -75.13624
    -59.645        2   -76.04462
    -59.495        2   -76.91082
    -59.345        2   -77.72694
    -59.195        2   -78.48833
    -59.045        2   -79.21239
    -58.895        2   -79.87594
    -58.745        2   -80.51799
    -58.595        2   -81.12149
    -58.445        2   -81.70512
    -58.295        2   -82.26708
    -58.145        2   -82.77248
    -57.995        2   -83.26033
    -57.845        2   -83.72284
    -57.695        2   -84.15847
    -57.545        2   -84.58234
    -57.395        2   -84.97735
    -57.245        2   -85.35927
    -57.095        2   -85.71134
    -56.945        2   -86.04960
    -56.795        2   -86.37234
    -56.645        2   -86.67658
    -56.495        2   -86.96082
    -56.345        2   -87.23642
    -56.195        2   -87.49380
    -56.045        2   -87.74170
    -55.895        2   -87.97137
    -55.745        2   -88.19419
    -55.595        2   -88.40852
    -55.445        2   -88.62434
    -55.295        2   -88.85130
    -55.145        2   -89.09068
    -54.995        2   -89.35065
    -54.845        2   -89.64698
    -54.695        2   -89.97680
    -54.545        2   -90.34679
    -54.395        2   -90.75414
    -54.245        2   -91.21041
    -54.095        2   -91.73345
    -53.945        2   -92.31432
    -53.795        2   -92.96154
    -53.645        2   -93.64084
    -53.495        2   -94.35459
    -53.345        2   -95.10004
    -53.195        2   -95.86400
    -53.045        2   -96.64924
    -52.895        2   -97.44515
    -52.745        2   -98.25919
    -52.595        2   -99.07123
    -52.445        2   -99.85411
    -52.295        2  -100.64745
    -52.145        2  -101.43603
    -51.995        2  -102.18422
    -51.845        2  -102.92892
    -51.695        2  -103.63703
    -51.545        2  -104.35335
    -51.395        2  -105.02621
    -51.245        2  -105.67026
    -51.095        2  -106.30121
    -50.945        2  -106.91118
    -50.795        2  -107.49715
    -50.645        2  -108.05786
    -50.495        2  -108.60484
    -50.345        2  -109.12824
    -50.195        2  -109.64436
    -50.045        2  -110.13911
    -49.895        2  -110.62048
    -49.745        2  -111.06689
    -49.595        2  -111.50448
    -49.445        2  -111.91761
    -49.295        2  -112.30629
    -49.145        2  -112.69026
    -48.995        2  -113.09891
    -48.845        2  -113.51948
    -48.695        2  -113.93048
    -48.545        2  -114.35697
    -48.395        2  -114.75811
    -48.245        2  -115.15098
    -48.095        2  -115.53228
    -47.945        2  -115.91093
    -47.795        2  -116.27783
    -47.645        2  -116.64311
    -47.495        2  -117.00237
    -47.345        2  -117.34640
    -47.195        2  -117.67327
    -47.045        2  -117.99410
    -46.895        2  -118.30333
    -46.745        2  -118.60076
    -46.595        2  -118.89957
    -46.445        2  -119.17162
    -46.295        2  -119.44116
    -46.145        2  -119.69562
    -45.995        2  -119.93482
    -45.845        2  -120.17117
    -45.695        2  -120.38686
    -45.545        2  -120.59733
    -45.395        2  -120.79203
    -45.245        2  -120.98584
    -45.095        2  -121.17148
    -44.945        2  -121.34509
    -44.795        2  -121.50310
    -44.645        2  -121.65898
    -44.495        2  -121.80780
    -44.345        2  -121.95505
    -44.195        2  -122.09381
    -44.045        2  -122.21632
    -43.895        2  -122.33122
    -43.745        2  -122.44646
    -43.595        2  -122.55786
    -43.445        2  -122.66704
    -43.295        2  -122.76802
    -43.145        2  -122.86360
    -42.995        2  -122.95570
    -42.845        2  -123.04210
    -42.695        2  -123.13248
    -42.545        2  -123.21334
    -42.395        2  -123.29631
    -42.245        2  -123.37555
    -42.095        2  -123.44197
    -41.945        2  -123.51251
    -41.795        2  -123.58245
    -41.645        2  -123.64723
    -41.495        2  -123.71151
    -41.345        2  -123.77633
    -41.195        2  -123.83415
    -41.045        2  -123.89570
    -40.895        2  -123.95615
    -40.745        2  -124.01522
    -40.595        2  -124.07557
    -40.445        2  -124.13578
    -40.295        2  -124.19357
    -40.145        2  -124.25265
    -39.995        2  -124.31587
    -39.845        2  -124.38041
    -39.695        2  -124.44663
    -39.545        2  -124.51447
    -39.395        2  -124.57511
    -39.245        2  -124.64432
    -39.095        2  -124.71341
    -38.945        2  -124.77932
    -38.795        2  -124.84624
    -38.645        2  -124.92441
    -38.495        2  -124.99642
    -38.345        2  -125.07221
    -38.195        2  -125.15015
    -38.045        2  -125.22494
    -37.895        2  -125.30036
    -37.745        2  -125.37869
    -37.595        2  -125.46034
    -37.445        2  -125.54485
    -37.295        2  -125.63476
    -37.145        2  -125.72810
    -36.995        2  -125.82022
    -36.845        2  -125.91916
    -36.695        2  -126.01808
    -36.545        2  -126.11556
    -36.395        2  -126.21976
    -36.245        2  -126.32664
    -36.095        2  -126.43568
    -35.945        2  -126.54205
    -35.795        2  -126.65283
    -35.645        2  -126.76437
    -35.495        2  -126.87179
    -35.345        2  -126.98352
    -35.195        2  -127.08961
    -35.045        2  -127.19886
    -34.895        2  -127.30661
    -34.745        2  -127.41160
    -34.595        2  -127.51719
    -34.445        2  -127.61944
    -34.295        2  -127.71683
    -34.145        2  -127.81768
    -33.995        2  -127.91434
    -33.845        2  -128.01293
    -33.695        2  -128.11156
    -33.545        2  -128.22539
    -33.395        2  -128.34685
    -33.245        2  -128.48156
    -33.095        2  -128.61920
    -32.945        2  -128.76213
    -32.795        2  -128.91098
    -32.645        2  -129.06172
    -32.495        2  -129.21588
    -32.345        2  -129.37128
    -32.195        2  -129.52584
    -32.045        2  -129.68798
    -31.895        2  -129.85046
    -31.745        2  -130.00717
    -31.595        2  -130.16802
    -31.445        2  -130.32664
    -31.295        2  -130.48469
    -31.145        2  -130.64308
    -30.995        2  -130.79646
    -30.845        2  -130.94832
    -30.695        2  -131.10163
    -30.545        2  -131.25224
    -30.395        2  -131.39840
    -30.245        2  -131.54387
    -30.095        2  -131.68517
    -29.945        2  -131.82952
    -29.795        2  -131.96466
    -29.645        2  -132.09643
    -29.495        2  -132.22905
    -29.345        2  -132.35893
    -29.195        2  -132.48269
    -29.045        2  -132.60897
    -28.895        2  -132.73063
    -28.745        2  -132.85117
    -28.595        2  -132.96688
    -28.445        2  -133.07963
    -28.295        2  -133.19280
    -28.145        2  -133.30440
    -27.995        2  -133.41177
    -27.845        2  -133.51450
    -27.695        2  -133.61438
    -27.545        2  -133.71464
    -27.395        2  -133.81021
    -27.245        2  -133.90723
    -27.095        2  -134.00045
    -26.945        2  -134.09728
    -26.795        2  -134.18509
    -26.645        2  -134.27304
    -26.495        2  -134.36277
    -26.345        2  -134.45182
    -26.195        2  -134.53433
    -26.045        2  -134.61784
    -25.895        2  -134.69860
    -25.745        2  -134.78344
    -25.595        2  -134.86102
    -25.445        2  -134.93557
    -25.295        2  -135.01446
    -25.145        2  -135.09147
    -24.995        2  -135.16802
    -24.845        2  -135.24263
    -24.695        2  -135.31450
    -24.545        2  -135.38396
    -24.395        2  -135.45707
    -24.245        2  -135.53090
    -24.095        2  -135.60085
    -23.945        2  -135.67788
    -23.795        2  -135.75018
    -23.645        2  -135.82251
    -23.495        2  -135.89972
    -23.345        2  -135.97258
    -23.195        2  -136.05067
    -23.045        2  -136.12667
    -22.895        2  -136.20361
    -22.745        2  -136.27986
    -22.595        2  -136.35500
    -22.445        2  -136.43296
    -22.295        2  -136.51478
    -22.145        2  -136.59396
    -21.995        2  -136.67727
    -21.845        2  -136.76028
    -21.695        2  -136.84276
    -21.545        2  -136.92672
    -21.395        2  -137.01971
    -21.245        2  -137.10690
    -21.095        2  -137.19545
    -20.945        2  -137.28933
    -20.795        2  -137.37755
    -20.645        2  -137.47235
    -20.495        2  -137.56588
    -20.345        2  -137.66314
    -20.195        2  -137.75966
    -20.045        2  -137.85597
    -19.895        2  -137.95399
    -19.745        2  -138.05148
    -19.595        2  -138.15343
    -19.445        2  -138.25841
    -19.295        2  -138.36040
    -19.145        2  -138.46643
    -18.995        2  -138.57055
    -18.845        2  -138.67487
    -18.695        2  -138.78042
    -18.545        2  -138.88740
    -18.395        2  -138.99617
    -18.245        2  -139.10394
    -18.095        2  -139.21383
    -17.945        2  -139.32304
    -17.795        2  -139.43206
    -17.645        2  -139.54360
    -17.495        2  -139.65140
    -17.345        2  -139.76118
    -17.195        2  -139.87491
    -17.045        2  -139.98413
    -16.895        2  -140.09399
    -16.745        2  -140.20363
    -16.595        2  -140.31367
    -16.445        2  -140.42643
    -16.295        2  -140.53495
    -16.145        2  -140.65097
    -15.995        2  -140.76151
    -15.845        2  -140.87163
    -15.695        2  -140.98044
    -15.545        2  -141.09052
    -15.395        2  -141.20163
    -15.245        2  -141.31132
    -15.095        2  -141.42543
    -14.945        2  -141.53854
    -14.795        2  -141.65028
    -14.645        2  -141.75720
    -14.495        2  -141.86897
    -14.345        2  -141.97625
    -14.195        2  -142.08581
    -14.045        2  -142.19856
    -13.895        2  -142.31140
    -13.745        2  -142.42310
    -13.595        2  -142.53292
    -13.445        2  -142.64654
    -13.295        2  -142.75869
    -13.145        2  -142.87220
    -12.995        2  -142.98872
    -12.845        2  -143.10257
    -12.695        2  -143.21902
    -12.545        2  -143.33774
    -12.395        2  -143.45999
    -12.245        2  -143.58693
    -12.095        2  -143.71020
    -11.945        2  -143.83802
    -11.795        2  -143.96277
    -11.645        2  -144.09613
    -11.495        2  -144.23311
    -11.345        2  -144.37062
    -11.195        2  -144.51457
    -11.045        2  -144.66024
    -10.895        2  -144.80793
    -10.745        2  -144.95670
    -10.595        2  -145.11129
    -10.445        2  -145.26721
    -10.295        2  -145.42844
    -10.145        2  -145.59199
    -9.9950        2  -145.76393
    -9.8450        2  -145.93939
    -9.6950        2  -146.11694
    -9.5450        2  -146.30233
    -9.3950        2  -146.49085
    -9.2450        2  -146.68603
    -9.0950        2  -146.88419
    -8.9450        2  -147.09123
    -8.7950        2  -147.30351
    -8.6450        2  -147.52567
    -8.4950        2  -147.75252
    -8.3450        2  -147.98514
    -8.1950        2  -148.22483
    -8.0450        2  -148.47187
    -7.8950        2  -148.72492
    -7.7450        2  -148.98622
    -7.5950        2  -149.25695
    -7.4450        2  -149.53203
    -7.2950        2  -149.81429
    -7.1450        2  -150.10251
    -6.9950        2  -150.39902
    -6.8450        2  -150.70100
    -6.6950        2  -151.00676
    -6.5450        2  -151.31991
    -6.3950        2  -151.63965
    -6.2450        2  -151.96561
    -6.0950        2  -152.29832
    -5.9450        2  -152.63550
    -5.7950        2  -152.97882
    -5.6450        2  -153.33275
    -5.4950        2  -153.69896
    -5.3450        2  -154.07116
    -5.1950        2  -154.45702
    -5.0450        2  -154.85784
    -4.8950        2  -155.27826
    -4.7450        2  -155.71571
    -4.5950        2  -156.16751
    -4.4450        2  -156.63379
    -4.2950        2  -157.11396
    -4.1450        2  -157.60866
    -3.9950        2  -158.12112
    -3.8450        2  -158.65277
    -3.6950        2  -159.19906
    -3.5450        2  -159.76776
    -3.3950        2  -160.35548
    -3.2450        2  -160.96512
    -3.0950        2  -161.60089
    -2.9450        2  -162.25784
    -2.7950        2  -162.94454
    -2.6450        2  -163.66067
    -2.4950        2  -164.41340
    -2.3450        2  -165.20376
    -2.1950        2  -166.03534
    -2.0450        2  -166.91498
    -1.8950        2  -167.84829
    -1.7450        2  -168.84649
    -1.5950        2  -169.91339
    -1.4450        2  -171.06271
    -1.2950        2  -172.31125
    -1.1450        2  -173.68318
   -0.99500        2  -175.20136
   -0.84500        2  -176.90075
   -0.69500        2  -178.85040
   -0.54500        2  -181.09319
   -0.39500        2  -183.66093
   -0.25300        2  -185.46199
   -0.21500        2  -185.57532
   -0.20900        2  -185.68908
   -0.20300        2  -185.80249
   -0.19700        2  -185.91571
   -0.19100        2  -186.02868
   -0.18500        2  -186.14117
   -0.17900        2  -186.25367
   -0.17300        2  -186.36555
   -0.16700        2  -186.47701
   -0.16100        2  -186.58808
   -0.15500        2  -186.69808
   -0.14900        2  -186.80749
   -0.14300        2  -186.91620
   -0.13700        2  -187.02365
   -0.13100        2  -187.13025
   -0.12500        2  -187.23569
   -0.11900        2  -187.33975
   -0.11300        2  -187.44217
   -0.10700        2  -187.54267
   -0.10100        2  -187.64138
   -0.95000E-01    2  -187.73773
   -0.89000E-01    2  -187.83175
   -0.83000E-01    2  -187.92288
   -0.77000E-01    2  -188.01116
   -0.71000E-01    2  -188.09611
   -0.65000E-01    2  -188.17742
   -0.59000E-01    2  -188.25475
   -0.53000E-01    2  -188.32766
   -0.47000E-01    2  -188.39545
   -0.41000E-01    2  -188.45789
   -0.35000E-01    2  -188.51413
   -0.29000E-01    2  -188.56362
   -0.23000E-01    2  -188.60571
   -0.19700E-01    2  -188.60947
   -0.19100E-01    2  -188.61318
   -0.18500E-01    2  -188.61680
   -0.17900E-01    2  -188.62033
   -0.17300E-01    2  -188.62377
   -0.16700E-01    2  -188.62710
   -0.16100E-01    2  -188.63033
   -0.15500E-01    2  -188.63345
   -0.14900E-01    2  -188.63646
   -0.14300E-01    2  -188.63935
   -0.13700E-01    2  -188.64214
   -0.13100E-01    2  -188.64482
   -0.12500E-01    2  -188.64738
   -0.11900E-01    2  -188.64984
   -0.11300E-01    2  -188.65217
   -0.10700E-01    2  -188.65440
   -0.10100E-01    2  -188.65651
   -0.95000E-02    2  -188.65850
   -0.89000E-02    2  -188.66038
   -0.83000E-02    2  -188.66213
   -0.77000E-02    2  -188.66377
   -0.71000E-02    2  -188.66528
   -0.65000E-02    2  -188.66668
   -0.59000E-02    2  -188.66795
   -0.53000E-02    2  -188.66909
   -0.47000E-02    2  -188.67011
   -0.41000E-02    2  -188.67100
   -0.35000E-02    2  -188.67177
   -0.29000E-02    2  -188.67240
   -0.23000E-02    2  -188.67291
   -0.17000E-02    2  -188.67329
   -0.11000E-02    2  -188.67353
   -0.50000E-03    2  -188.67364
    0.10000E-03    2  -188.67362
    0.70000E-03    2  -188.67346
    0.13000E-02    2  -188.67317
    0.19000E-02    2  -188.67274
    0.25000E-02    2  -188.67216
    0.31000E-02    2  -188.67146
    0.37000E-02    2  -188.67061
    0.43000E-02    2  -188.66961
    0.49000E-02    2  -188.66847
    0.55000E-02    2  -188.66718
    0.61000E-02    2  -188.66575
    0.67000E-02    2  -188.66418
    0.73000E-02    2  -188.66246
    0.79000E-02    2  -188.66058
    0.85000E-02    2  -188.65855
    0.91000E-02    2  -188.65637
    0.97000E-02    2  -188.65404
    0.10300E-01    2  -188.65155
    0.10900E-01    2  -188.64890
    0.11500E-01    2  -188.64610
    0.12100E-01    2  -188.64314
    0.12700E-01    2  -188.64002
    0.13300E-01    2  -188.63673
    0.13900E-01    2  -188.63327
    0.14500E-01    2  -188.62966
    0.15100E-01    2  -188.62588
    0.15700E-01    2  -188.62193
    0.16300E-01    2  -188.61782
    0.16900E-01    2  -188.61352
    0.17500E-01    2  -188.60905
    0.18100E-01    2  -188.60441
    0.18700E-01    2  -188.59960
    0.19300E-01    2  -188.59460
    0.20200E-01    2  -188.57345
    0.25000E-01    2  -188.50590
    0.31000E-01    2  -188.41829
    0.37000E-01    2  -188.30911
    0.43000E-01    2  -188.17622
    0.49000E-01    2  -188.01768
    0.55000E-01    2  -187.83093
    0.61000E-01    2  -187.61388
    0.67000E-01    2  -187.36354
    0.73000E-01    2  -187.07692
    0.79000E-01    2  -186.75047
    0.85000E-01    2  -186.38046
    0.91000E-01    2  -185.96281
    0.97000E-01    2  -185.49200
    0.10300        2  -184.96273
    0.10900        2  -184.37052
    0.11500        2  -183.71037
    0.12100        2  -182.97511
    0.12700        2  -182.15699
    0.13300        2  -181.24612
    0.13900        2  -180.23349
    0.14500        2  -179.10924
    0.15100        2  -177.85895
    0.15700        2  -176.46613
    0.16300        2  -174.91315
    0.16900        2  -173.17650
    0.17500        2  -171.22356
    0.18100        2  -169.01228
    0.18700        2  -166.52820
    0.19300        2  -163.71975
    0.19900        2  -160.43702
    0.20500        2  -156.76411
    0.21100        2  -153.00654
    0.21700        2  -149.15036
    0.29500        2   -59.73789
    0.44500        2   -24.72578
    0.59500        2    -9.31760
    0.74500        2    -0.08535
    0.89500        2     5.93969
     1.0450        2    10.28430
     1.1950        2    13.65874
     1.3450        2    16.41864
     1.4950        2    18.74944
     1.6450        2    20.76763
     1.7950        2    22.54642
     1.9450        2    24.13658
     2.0950        2    25.57875
     2.2450        2    26.88997
     2.3950        2    28.09417
     2.5450        2    29.20413
     2.6950        2    30.23607
     2.8450        2    31.18329
     2.9950        2    32.05556
     3.1450        2    32.86449
     3.2950        2    33.61627
     3.4450        2    34.31759
     3.5950        2    34.97087
     3.7450        2    35.58197
     3.8950        2    36.15588
     4.0450        2    36.69095
     4.1950        2    37.19272
     4.3450        2    37.65975
     4.4950        2    38.10017
     4.6450        2    38.50940
     4.7950        2    38.88922
     4.9450        2    39.24123
     5.0950        2    39.57136
     5.2450        2    39.87944
     5.3950        2    40.16819
     5.5450        2    40.43751
     5.6950        2    40.69167
     5.8450        2    40.92746
     5.9950        2    41.15207
     6.1450        2    41.36798
     6.2950        2    41.56528
     6.4450        2    41.75623
     6.5950        2    41.93322
     6.7450        2    42.10046
     6.8950        2    42.25781
     7.0450        2    42.40246
     7.1950        2    42.53558
     7.3450        2    42.65450
     7.4950        2    42.76715
     7.6450        2    42.86536
     7.7950        2    42.95329
     7.9450        2    43.02711
     8.0950        2    43.09683
     8.2450        2    43.15290
     8.3950        2    43.20050
     8.5450        2    43.24423
     8.6950        2    43.28251
     8.8450        2    43.31268
     8.9950        2    43.34126
     9.1450        2    43.36777
     9.2950        2    43.38674
     9.4450        2    43.40567
     9.5950        2    43.42265
     9.7450        2    43.43707
     9.8950        2    43.45202
     10.045        2    43.46580
     10.195        2    43.47928
     10.345        2    43.49128
     10.495        2    43.50238
     10.645        2    43.51309
     10.795        2    43.52328
     10.945        2    43.53373
     11.095        2    43.54335
     11.245        2    43.55309
     11.395        2    43.56183
     11.545        2    43.57074
     11.695        2    43.57893
     11.845        2    43.58739
     11.995        2    43.59495
     12.145        2    43.60221
     12.295        2    43.60960
     12.445        2    43.61704
     12.595        2    43.62398
     12.745        2    43.63065
     12.895        2    43.63762
     13.045        2    43.64426
     13.195        2    43.65055
     13.345        2    43.65718
     13.495        2    43.66316
     13.645        2    43.66919
     13.795        2    43.67528
     13.945        2    43.68121
     14.095        2    43.68710
     14.245        2    43.69259
     14.395        2    43.69830
     14.545        2    43.70401
     14.695        2    43.70943
     14.845        2    43.71463
     14.995        2    43.71979
     15.145        2    43.72494
     15.295        2    43.73009
     15.445        2    43.73512
     15.595        2    43.73984
     15.745        2    43.74470
     15.895        2    43.74924
     16.045        2    43.75366
     16.195        2    43.75786
     16.345        2    43.76224
     16.495        2    43.76672
     16.645        2    43.77090
     16.795        2    43.77491
     16.945        2    43.77947
     17.095        2    43.78390
     17.245        2    43.78782
     17.395        2    43.79182
     17.545        2    43.79612
     17.695        2    43.80003
     17.845        2    43.80372
     17.995        2    43.80735
     18.145        2    43.81133
     18.295        2    43.81509
     18.445        2    43.81878
     18.595        2    43.82255
     18.745        2    43.82627
     18.895        2    43.82995
     19.045        2    43.83371
     19.195        2    43.83702
     19.345        2    43.84055
     19.495        2    43.84411
     19.645        2    43.84777
     19.795        2    43.85125
     19.945        2    43.85462
     20.095        2    43.85802
     21.836        2    43.95639
     30.068        2    44.09115
     42.097        2    44.21716
     58.937        2    44.33880
     82.515        2    44.45325
     115.53        2    44.56296
     161.74        2    44.66744
     226.45        2    44.76957
     317.04        2    44.86788
     443.87        2    44.96302
     621.44        2    45.05559
     870.05        2    45.14498
     1218.1        2    45.23362
     1705.4        2    45.32056
     2387.7        2    45.40399
     3342.9        2    45.48282
     4680.2        2    45.55977
     6552.5        2    45.63375
     9173.8        2    45.70596
     12844.        2    45.77447
     17982.        2    45.83809
     25176.        2    45.89924
     35247.        2    45.95523
     49348.        2    46.00764
     69090.        2    46.05623
     96729.        2    46.10043
    0.13543E+06    2    46.14285
    0.18960E+06    2    46.18274
    0.26545E+06    2    46.21898
    0.37165E+06    2    46.25209
    0.52033E+06    2    46.28447
    0.72849E+06    2    46.31259
    0.10199E+07    2    46.33822
    0.14279E+07    2    46.36342
    0.19992E+07    2    46.38629
    0.27990E+07    2    46.40793
    0.39187E+07    2    46.42714
    0.54864E+07    2    46.44368
    0.76812E+07    2    46.45956
    0.10754E+08    2    46.47549
    0.15056E+08    2    46.48896
    0.21080E+08    2    46.50156
    0.29513E+08    2    46.51325
    0.41319E+08    2    46.52389
    0.57849E+08    2    46.53392
    0.80991E+08    2    46.54287
    0.11339E+09    2    46.55102
    0.15875E+09    2    46.55913
    0.22226E+09    2    46.56583
    0.31118E+09    2    46.57221
    0.43567E+09    2    46.57715
    0.60996E+09    2    46.58191
    0.85398E+09    2    46.58684
    0.11956E+10    2    46.59103
    0.16739E+10    2    46.59509
    0.23436E+10    2    46.59870
    0.32811E+10    2    46.60209
    0.45937E+10    2    46.60534
    0.64315E+10    2    46.60792
    0.90044E+10    2    46.61011
    0.12607E+11    2    46.61229
    0.17650E+11    2    46.61459
    0.24711E+11    2    46.61639
    0.34596E+11    2    46.61847
    0.48437E+11    2    46.62027
    0.67814E+11    2    46.62195
    0.10000E+12    2    46.63750
    -29.945        3     0.00000
    -29.795        3     0.00000
    -29.645        3     0.00000
    -29.495        3     0.00000
    -29.345        3     0.00000
    -29.195        3     0.00000
    -29.045        3     0.00000
    -28.895        3     0.00000
    -28.745        3     0.00000
    -28.595        3     0.00000
    -28.445        3     0.00000
    -28.295        3     0.00000
    -28.145        3     0.00000
    -27.995        3     0.00000
    -27.845        3     0.00000
    -27.695        3     0.00000
    -27.545        3     0.00000
    -27.395        3     0.00000
    -27.245        3     0.00000
    -27.095        3     0.00000
    -26.945        3     0.00000
    -26.795        3     0.00000
    -26.645        3     0.00000
    -26.495        3     0.00000
    -26.345        3     0.00000
    -26.195        3     0.00000
    -26.045        3     0.00000
    -25.895        3     0.00000
    -25.745        3     0.00000
    -25.595        3     0.00000
    -25.445        3     0.00000
    -25.295        3     0.00000
    -25.145        3     0.00000
    -24.995        3     0.00000
    -24.845        3     0.00000
    -24.695        3     0.00000
    -24.545        3     0.00000
    -24.395        3     0.00000
    -24.245        3     0.00000
    -24.095        3     0.00000
    -23.945        3     0.00000
    -23.795        3     0.00000
    -23.645        3     0.00000
    -23.495        3     0.00000
    -23.345        3     0.00000
    -23.195        3     0.00000
    -23.045        3     0.00000
    -22.895        3     0.00000
    -22.745        3     0.00000
    -22.595        3     0.00000
    -22.445        3     0.00000
    -22.295        3     0.00000
    -22.145        3     0.00000
    -21.995        3     0.00000
    -21.845        3     0.00000
    -21.695        3     0.00000
    -21.545        3     0.00000
    -21.395        3     0.00000
    -21.245        3     0.00000
    -21.095        3     0.00000
    -20.945        3     0.00000
    -20.795        3     0.00000
    -20.645        3     0.00000
    -20.495        3     0.00000
    -20.345        3     0.00000
    -20.195        3     0.00000
    -20.045        3     0.00000
    -19.895        3     0.00000
    -19.745        3     0.00000
    -19.595        3     0.00000
    -19.445        3     0.00000
    -19.295        3     0.00000
    -19.145        3     0.00000
    -18.995        3     0.00000
    -18.845        3     0.00000
    -18.695        3     0.00000
    -18.545        3     0.00000
    -18.395        3     0.00000
    -18.245        3     0.00000
    -18.095        3     0.00000
    -17.945        3     0.00000
    -17.795        3     0.00000
    -17.645        3     0.00000
    -17.495        3    -0.00014
    -17.345        3    -0.00073
    -17.195        3    -0.00200
    -17.045        3    -0.00416
    -16.895        3    -0.00779
    -16.745        3    -0.01147
    -16.595        3    -0.01649
    -16.445        3    -0.02253
    -16.295        3    -0.02880
    -16.145        3    -0.03545
    -15.995        3    -0.04258
    -15.845        3    -0.05020
    -15.695        3    -0.05865
    -15.545        3    -0.06895
    -15.395        3    -0.08113
    -15.245        3    -0.09998
    -15.095        3    -0.13197
    -14.945        3    -0.18188
    -14.795        3    -0.25398
    -14.645        3    -0.34781
    -14.495        3    -0.46219
    -14.345        3    -0.59485
    -14.195        3    -0.75055
    -14.045        3    -0.91949
    -13.895        3    -1.09570
    -13.745        3    -1.28711
    -13.595        3    -1.49066
    -13.445        3    -1.71089
    -13.295        3    -1.95558
    -13.145        3    -2.24848
    -12.995        3    -2.59289
    -12.845        3    -2.99710
    -12.695        3    -3.46847
    -12.545        3    -4.00684
    -12.395        3    -4.60946
    -12.245        3    -5.27863
    -12.095        3    -5.98171
    -11.945        3    -6.72596
    -11.795        3    -7.49510
    -11.645        3    -8.27941
    -11.495        3    -9.08572
    -11.345        3    -9.89597
    -11.195        3   -10.71010
    -11.045        3   -11.53980
    -10.895        3   -12.37785
    -10.745        3   -13.22419
    -10.595        3   -14.07551
    -10.445        3   -14.93406
    -10.295        3   -15.80240
    -10.145        3   -16.68217
    -9.9950        3   -17.58117
    -9.8450        3   -18.50653
    -9.6950        3   -19.44337
    -9.5450        3   -20.40636
    -9.3950        3   -21.37811
    -9.2450        3   -22.37789
    -9.0950        3   -23.37784
    -8.9450        3   -24.40700
    -8.7950        3   -25.44403
    -8.6450        3   -26.48331
    -8.4950        3   -27.54011
    -8.3450        3   -28.61371
    -8.1950        3   -29.70872
    -8.0450        3   -30.81665
    -7.8950        3   -31.95414
    -7.7450        3   -33.11080
    -7.5950        3   -34.29164
    -7.4450        3   -35.50245
    -7.2950        3   -36.73744
    -7.1450        3   -38.00283
    -6.9950        3   -39.30289
    -6.8450        3   -40.62822
    -6.6950        3   -41.98661
    -6.5450        3   -43.38700
    -6.3950        3   -44.82685
    -6.2450        3   -46.29203
    -6.0950        3   -47.79903
    -5.9450        3   -49.35153
    -5.7950        3   -50.95508
    -5.6450        3   -52.60617
    -5.4950        3   -54.30376
    -5.3450        3   -56.02865
    -5.1950        3   -57.77505
    -5.0450        3   -59.54660
    -4.8950        3   -61.33559
    -4.7450        3   -63.13721
    -4.5950        3   -64.96745
    -4.4450        3   -66.81999
    -4.2950        3   -68.71143
    -4.1450        3   -70.63869
    -3.9950        3   -72.61072
    -3.8450        3   -74.62539
    -3.6950        3   -76.69686
    -3.5450        3   -78.82007
    -3.3950        3   -80.99458
    -3.2450        3   -83.23624
    -3.0950        3   -85.55469
    -2.9450        3   -87.96553
    -2.7950        3   -90.48953
    -2.6450        3   -93.16952
    -2.4950        3   -96.05439
    -2.3450        3   -99.20487
    -2.1950        3  -102.68159
    -2.0450        3  -106.56746
    -1.8950        3  -110.94999
    -1.7450        3  -115.89837
    -1.5950        3  -121.49184
    -1.4450        3  -127.78160
    -1.2950        3  -134.81940
    -1.1450        3  -142.57379
   -0.99500        3  -150.94496
   -0.84500        3  -159.77669
   -0.69500        3  -168.99376
   -0.54500        3  -178.75193
   -0.39500        3  -189.56074
   -0.25300        3  -197.58995
   -0.21500        3  -198.13401
   -0.20900        3  -198.68576
   -0.20300        3  -199.24470
   -0.19700        3  -199.81080
   -0.19100        3  -200.38539
   -0.18500        3  -200.96880
   -0.17900        3  -201.56129
   -0.17300        3  -202.16361
   -0.16700        3  -202.77610
   -0.16100        3  -203.39947
   -0.15500        3  -204.03393
   -0.14900        3  -204.68251
   -0.14300        3  -205.34384
   -0.13700        3  -206.01932
   -0.13100        3  -206.71098
   -0.12500        3  -207.41854
   -0.11900        3  -208.14517
   -0.11300        3  -208.89128
   -0.10700        3  -209.65878
   -0.10100        3  -210.44995
   -0.95000E-01    3  -211.26747
   -0.89000E-01    3  -212.11520
   -0.83000E-01    3  -212.99667
   -0.77000E-01    3  -213.91723
   -0.71000E-01    3  -214.88202
   -0.65000E-01    3  -215.89901
   -0.59000E-01    3  -216.97809
   -0.53000E-01    3  -218.13227
   -0.47000E-01    3  -219.38111
   -0.41000E-01    3  -220.75148
   -0.35000E-01    3  -222.28532
   -0.29000E-01    3  -224.05603
   -0.23000E-01    3  -226.20264
   -0.19700E-01    3  -226.44402
   -0.19100E-01    3  -226.69178
   -0.18500E-01    3  -226.94664
   -0.17900E-01    3  -227.20901
   -0.17300E-01    3  -227.47974
   -0.16700E-01    3  -227.75941
   -0.16100E-01    3  -228.04892
   -0.15500E-01    3  -228.34911
   -0.14900E-01    3  -228.66107
   -0.14300E-01    3  -228.98635
   -0.13700E-01    3  -229.32599
   -0.13100E-01    3  -229.68195
   -0.12500E-01    3  -230.05614
   -0.11900E-01    3  -230.45197
   -0.11300E-01    3  -230.87208
   -0.10700E-01    3  -231.31870
   -0.10100E-01    3  -231.79401
   -0.95000E-02    3  -232.30055
   -0.89000E-02    3  -232.84170
   -0.83000E-02    3  -233.42073
   -0.77000E-02    3  -234.03926
   -0.71000E-02    3  -234.69961
   -0.65000E-02    3  -235.40466
   -0.59000E-02    3  -236.15823
   -0.53000E-02    3  -236.96567
   -0.47000E-02    3  -237.83059
   -0.41000E-02    3  -238.74885
   -0.35000E-02    3  -239.70867
   -0.29000E-02    3  -240.68358
   -0.23000E-02    3  -241.63035
   -0.17000E-02    3  -242.46479
   -0.11000E-02    3  -243.07704
   -0.50000E-03    3  -243.37688
    0.10000E-03    3  -243.31646
    0.70000E-03    3  -242.90768
    0.13000E-02    3  -242.21172
    0.19000E-02    3  -241.32744
    0.25000E-02    3  -240.36497
    0.31000E-02    3  -239.39128
    0.37000E-02    3  -238.44267
    0.43000E-02    3  -237.54120
    0.49000E-02    3  -236.69513
    0.55000E-02    3  -235.90625
    0.61000E-02    3  -235.16925
    0.67000E-02    3  -234.47940
    0.73000E-02    3  -233.83324
    0.79000E-02    3  -233.22804
    0.85000E-02    3  -232.66173
    0.91000E-02    3  -232.13278
    0.97000E-02    3  -231.63735
    0.10300E-01    3  -231.17240
    0.10900E-01    3  -230.73540
    0.11500E-01    3  -230.32432
    0.12100E-01    3  -229.93680
    0.12700E-01    3  -229.56984
    0.13300E-01    3  -229.22057
    0.13900E-01    3  -228.88708
    0.14500E-01    3  -228.56781
    0.15100E-01    3  -228.26138
    0.15700E-01    3  -227.96646
    0.16300E-01    3  -227.68194
    0.16900E-01    3  -227.40712
    0.17500E-01    3  -227.14104
    0.18100E-01    3  -226.88318
    0.18700E-01    3  -226.63295
    0.19300E-01    3  -226.38973
    0.20200E-01    3  -225.50323
    0.25000E-01    3  -223.54164
    0.31000E-01    3  -221.91361
    0.37000E-01    3  -220.50915
    0.43000E-01    3  -219.26866
    0.49000E-01    3  -218.15336
    0.55000E-01    3  -217.13769
    0.61000E-01    3  -216.20553
    0.67000E-01    3  -215.34198
    0.73000E-01    3  -214.53771
    0.79000E-01    3  -213.78285
    0.85000E-01    3  -213.07134
    0.91000E-01    3  -212.39715
    0.97000E-01    3  -211.75684
    0.10300        3  -211.14732
    0.10900        3  -210.56528
    0.11500        3  -210.00825
    0.12100        3  -209.47439
    0.12700        3  -208.96212
    0.13300        3  -208.46938
    0.13900        3  -207.99533
    0.14500        3  -207.53791
    0.15100        3  -207.09586
    0.15700        3  -206.66806
    0.16300        3  -206.25373
    0.16900        3  -205.85239
    0.17500        3  -205.46306
    0.18100        3  -205.08487
    0.18700        3  -204.71687
    0.19300        3  -204.35950
    0.19900        3  -204.01143
    0.20500        3  -203.67209
    0.21100        3  -203.34189
    0.21700        3  -203.01931
    0.29500        3  -196.55391
    0.44500        3  -192.36398
    0.59500        3  -189.15837
    0.74500        3  -186.47796
    0.89500        3  -184.11993
     1.0450        3  -181.96659
     1.1950        3  -179.94800
     1.3450        3  -178.03196
     1.4950        3  -176.19396
     1.6450        3  -174.41868
     1.7950        3  -172.70072
     1.9450        3  -171.02607
     2.0950        3  -169.38981
     2.2450        3  -167.78175
     2.3950        3  -166.19676
     2.5450        3  -164.62631
     2.6950        3  -163.06449
     2.8450        3  -161.51260
     2.9950        3  -159.96308
     3.1450        3  -158.41564
     3.2950        3  -156.87604
     3.4450        3  -155.34348
     3.5950        3  -153.81577
     3.7450        3  -152.29118
     3.8950        3  -150.77179
     4.0450        3  -149.25600
     4.1950        3  -147.74540
     4.3450        3  -146.23308
     4.4950        3  -144.72436
     4.6450        3  -143.22171
     4.7950        3  -141.71938
     4.9450        3  -140.21697
     5.0950        3  -138.71950
     5.2450        3  -137.22458
     5.3950        3  -135.73886
     5.5450        3  -134.26132
     5.6950        3  -132.79232
     5.8450        3  -131.34055
     5.9950        3  -129.90156
     6.1450        3  -128.48432
     6.2950        3  -127.09067
     6.4450        3  -125.72653
     6.5950        3  -124.41201
     6.7450        3  -123.14549
     6.8950        3  -121.93700
     7.0450        3  -120.79705
     7.1950        3  -119.72479
     7.3450        3  -118.73685
     7.4950        3  -117.83903
     7.6450        3  -117.01374
     7.7950        3  -116.28082
     7.9450        3  -115.62047
     8.0950        3  -115.02800
     8.2450        3  -114.50797
     8.3950        3  -114.03444
     8.5450        3  -113.60148
     8.6950        3  -113.20592
     8.8450        3  -112.83556
     8.9950        3  -112.49703
     9.1450        3  -112.17670
     9.2950        3  -111.87284
     9.4450        3  -111.58450
     9.5950        3  -111.30439
     9.7450        3  -111.03696
     9.8950        3  -110.78203
     10.045        3  -110.54046
     10.195        3  -110.30588
     10.345        3  -110.07705
     10.495        3  -109.85846
     10.645        3  -109.64307
     10.795        3  -109.43498
     10.945        3  -109.23315
     11.095        3  -109.03758
     11.245        3  -108.84301
     11.395        3  -108.65408
     11.545        3  -108.47351
     11.695        3  -108.29437
     11.845        3  -108.11972
     11.995        3  -107.95073
     12.145        3  -107.78447
     12.295        3  -107.62006
     12.445        3  -107.45844
     12.595        3  -107.29835
     12.745        3  -107.14092
     12.895        3  -106.98575
     13.045        3  -106.83321
     13.195        3  -106.68270
     13.345        3  -106.53429
     13.495        3  -106.38676
     13.645        3  -106.24229
     13.795        3  -106.09971
     13.945        3  -105.95832
     14.095        3  -105.81956
     14.245        3  -105.68078
     14.395        3  -105.54464
     14.545        3  -105.40932
     14.695        3  -105.27558
     14.845        3  -105.14296
     14.995        3  -105.01208
     15.145        3  -104.88218
     15.295        3  -104.75428
     15.445        3  -104.62705
     15.595        3  -104.50106
     15.745        3  -104.37645
     15.895        3  -104.25312
     16.045        3  -104.13065
     16.195        3  -104.00915
     16.345        3  -103.88902
     16.495        3  -103.76951
     16.645        3  -103.65122
     16.795        3  -103.53457
     16.945        3  -103.41809
     17.095        3  -103.30275
     17.245        3  -103.18861
     17.395        3  -103.07513
     17.545        3  -102.96238
     17.695        3  -102.85058
     17.845        3  -102.73992
     17.995        3  -102.63022
     18.145        3  -102.52155
     18.295        3  -102.41379
     18.445        3  -102.30640
     18.595        3  -102.20033
     18.745        3  -102.09477
     18.895        3  -101.99036
     19.045        3  -101.88644
     19.195        3  -101.78315
     19.345        3  -101.68111
     19.495        3  -101.57966
     19.645        3  -101.47915
     19.795        3  -101.37908
     19.945        3  -101.28023
     20.095        3  -101.18214
     21.836        3   -98.18376
     30.068        3   -93.72309
     42.097        3   -89.25811
     58.937        3   -84.80860
     82.515        3   -80.38458
     115.53        3   -75.99631
     161.74        3   -71.65055
     226.45        3   -67.34834
     317.04        3   -63.09304
     443.87        3   -58.87728
     621.44        3   -54.69920
     870.05        3   -50.57646
     1218.1        3   -46.53840
     1705.4        3   -42.57714
     2387.7        3   -38.69652
     3342.9        3   -34.89599
     4680.2        3   -31.18024
     6552.5        3   -27.55143
     9173.8        3   -24.01641
     12844.        3   -20.58190
     17982.        3   -17.25671
     25176.        3   -14.03856
     35247.        3   -10.93973
     49348.        3    -7.96581
     69090.        3    -5.12293
     96729.        3    -2.41026
    0.13543E+06    3     0.17560
    0.18960E+06    3     2.64177
    0.26545E+06    3     4.99140
    0.37165E+06    3     7.22638
    0.52033E+06    3     9.35317
    0.72849E+06    3    11.37631
    0.10199E+07    3    13.30007
    0.14279E+07    3    15.12933
    0.19992E+07    3    16.86908
    0.27990E+07    3    18.52220
    0.39187E+07    3    20.09427
    0.54864E+07    3    21.58916
    0.76812E+07    3    23.01045
    0.10754E+08    3    24.36048
    0.15056E+08    3    25.64339
    0.21080E+08    3    26.86378
    0.29513E+08    3    28.02109
    0.41319E+08    3    29.11369
    0.57849E+08    3    30.13156
    0.80991E+08    3    31.07422
    0.11339E+09    3    31.94927
    0.15875E+09    3    32.76410
    0.22226E+09    3    33.52524
    0.31118E+09    3    34.23576
    0.43567E+09    3    34.90044
    0.60996E+09    3    35.50910
    0.85398E+09    3    36.05942
    0.11956E+10    3    36.56302
    0.16739E+10    3    37.02512
    0.23436E+10    3    37.44981
    0.32811E+10    3    37.83960
    0.45937E+10    3    38.19728
    0.64315E+10    3    38.52641
    0.90044E+10    3    38.82931
    0.12607E+11    3    39.10747
    0.17650E+11    3    39.36364
    0.24711E+11    3    39.59874
    0.34596E+11    3    39.81468
    0.48437E+11    3    40.01354
    0.67814E+11    3    40.19628
    0.10000E+12    3    42.27945
