    -29.945        1     0.00000
    -29.795        1     0.00000
    -29.645        1     0.00000
    -29.495        1     0.00000
    -29.345        1     0.00000
    -29.195        1     0.00000
    -29.045        1     0.00000
    -28.895        1     0.00000
    -28.745        1     0.00000
    -28.595        1     0.00000
    -28.445        1     0.00000
    -28.295        1     0.00000
    -28.145        1     0.00000
    -27.995        1     0.00000
    -27.845        1     0.00000
    -27.695        1     0.00000
    -27.545        1     0.00000
    -27.395        1     0.00000
    -27.245        1     0.00000
    -27.095        1     0.00000
    -26.945        1     0.00000
    -26.795        1     0.00000
    -26.645        1     0.00000
    -26.495        1     0.00000
    -26.345        1     0.00000
    -26.195        1     0.00000
    -26.045        1     0.00000
    -25.895        1     0.00000
    -25.745        1     0.00000
    -25.595        1     0.00000
    -25.445        1     0.00000
    -25.295        1     0.00000
    -25.145        1     0.00000
    -24.995        1     0.00000
    -24.845        1     0.00000
    -24.695        1     0.00000
    -24.545        1     0.00000
    -24.395        1     0.00000
    -24.245        1     0.00000
    -24.095        1     0.00000
    -23.945        1     0.00000
    -23.795        1     0.00000
    -23.645        1     0.00000
    -23.495        1     0.00000
    -23.345        1     0.00000
    -23.195        1     0.00000
    -23.045        1     0.00000
    -22.895        1     0.00000
    -22.745        1     0.00000
    -22.595        1     0.00000
    -22.445        1     0.00000
    -22.295        1     0.00000
    -22.145        1     0.00000
    -21.995        1     0.00000
    -21.845        1     0.00000
    -21.695        1     0.00000
    -21.545        1     0.00000
    -21.395        1     0.00000
    -21.245        1     0.00000
    -21.095        1     0.00000
    -20.945        1     0.00000
    -20.795        1     0.00000
    -20.645        1     0.00000
    -20.495        1     0.00000
    -20.345        1     0.00000
    -20.195        1     0.00000
    -20.045        1     0.00000
    -19.895        1     0.00000
    -19.745        1     0.00000
    -19.595        1     0.00000
    -19.445        1     0.00000
    -19.295        1     0.00000
    -19.145        1     0.00000
    -18.995        1     0.00000
    -18.845        1     0.00000
    -18.695        1     0.00000
    -18.545        1     0.00000
    -18.395        1     0.00000
    -18.245        1     0.00000
    -18.095        1     0.00000
    -17.945        1     0.00000
    -17.795        1     0.00000
    -17.645        1     0.00000
    -17.495        1     0.00000
    -17.345        1     0.00000
    -17.195        1     0.00000
    -17.045        1     0.00000
    -16.895        1     0.00000
    -16.745        1     0.00000
    -16.595        1     0.00000
    -16.445        1     0.00000
    -16.295        1     0.00000
    -16.145        1     0.00000
    -15.995        1     0.00000
    -15.845        1     0.00000
    -15.695        1     0.00000
    -15.545        1     0.00000
    -15.395        1     0.00000
    -15.245        1     0.00000
    -15.095        1     0.00000
    -14.945        1     0.00000
    -14.795        1     0.00000
    -14.645        1     0.00000
    -14.495        1     0.00000
    -14.345        1     0.00000
    -14.195        1     0.00000
    -14.045        1     0.00000
    -13.895        1     0.00000
    -13.745        1     0.00000
    -13.595        1     0.00000
    -13.445        1     0.00000
    -13.295        1     0.00000
    -13.145        1     0.00000
    -12.995        1     0.00000
    -12.845        1     0.00000
    -12.695        1     0.00000
    -12.545        1     0.00000
    -12.395        1     0.00000
    -12.245        1     0.00000
    -12.095        1     0.00000
    -11.945        1     0.00000
    -11.795        1     0.00000
    -11.645        1     0.00000
    -11.495        1     0.00000
    -11.345        1     0.00000
    -11.195        1     0.00000
    -11.045        1     0.00000
    -10.895        1     0.00000
    -10.745        1     0.00000
    -10.595        1     0.00000
    -10.445        1     0.00000
    -10.295        1     0.00000
    -10.145        1     0.00000
    -9.9950        1     0.00000
    -9.8450        1     0.00000
    -9.6950        1    -0.00028
    -9.5450        1    -0.00589
    -9.3950        1    -0.01513
    -9.2450        1    -0.02725
    -9.0950        1    -0.04235
    -8.9450        1    -0.06374
    -8.7950        1    -0.09019
    -8.6450        1    -0.12228
    -8.4950        1    -0.16322
    -8.3450        1    -0.21096
    -8.1950        1    -0.26687
    -8.0450        1    -0.32993
    -7.8950        1    -0.40627
    -7.7450        1    -0.50562
    -7.5950        1    -0.61757
    -7.4450        1    -0.73791
    -7.2950        1    -0.86600
    -7.1450        1    -1.00253
    -6.9950        1    -1.14229
    -6.8450        1    -1.29010
    -6.6950        1    -1.44547
    -6.5450        1    -1.60754
    -6.3950        1    -1.77879
    -6.2450        1    -1.96628
    -6.0950        1    -2.16797
    -5.9450        1    -2.38307
    -5.7950        1    -2.61707
    -5.6450        1    -2.86644
    -5.4950        1    -3.13419
    -5.3450        1    -3.41421
    -5.1950        1    -3.71777
    -5.0450        1    -4.04300
    -4.8950        1    -4.39674
    -4.7450        1    -4.77746
    -4.5950        1    -5.18655
    -4.4450        1    -5.62258
    -4.2950        1    -6.08999
    -4.1450        1    -6.57976
    -3.9950        1    -7.09992
    -3.8450        1    -7.64494
    -3.6950        1    -8.22359
    -3.5450        1    -8.83506
    -3.3950        1    -9.49416
    -3.2450        1   -10.20703
    -3.0950        1   -10.97720
    -2.9450        1   -11.81357
    -2.7950        1   -12.72294
    -2.6450        1   -13.72458
    -2.4950        1   -14.83366
    -2.3450        1   -16.06273
    -2.1950        1   -17.44614
    -2.0450        1   -19.01342
    -1.8950        1   -20.81831
    -1.7450        1   -22.92857
    -1.5950        1   -25.45337
    -1.4450        1   -28.55623
    -1.2950        1   -32.59836
    -1.1450        1   -37.36803
   -0.99500        1   -42.96470
   -0.84500        1   -49.77122
   -0.69500        1   -58.55080
   -0.54500        1   -71.24501
   -0.39500        1   -93.63771
   -0.25300        1  -109.79032
   -0.21500        1  -110.68214
   -0.20900        1  -111.56129
   -0.20300        1  -112.43027
   -0.19700        1  -113.29186
   -0.19100        1  -114.15002
   -0.18500        1  -115.02030
   -0.17900        1  -115.88452
   -0.17300        1  -116.72816
   -0.16700        1  -117.53513
   -0.16100        1  -118.27087
   -0.15500        1  -118.95387
   -0.14900        1  -119.58371
   -0.14300        1  -120.14835
   -0.13700        1  -120.66267
   -0.13100        1  -121.13475
   -0.12500        1  -121.56929
   -0.11900        1  -121.96903
   -0.11300        1  -122.33641
   -0.10700        1  -122.67211
   -0.10100        1  -122.97721
   -0.95000E-01    1  -123.25323
   -0.89000E-01    1  -123.49982
   -0.83000E-01    1  -123.71885
   -0.77000E-01    1  -123.91401
   -0.71000E-01    1  -124.08719
   -0.65000E-01    1  -124.24063
   -0.59000E-01    1  -124.37541
   -0.53000E-01    1  -124.49217
   -0.47000E-01    1  -124.58812
   -0.41000E-01    1  -124.66694
   -0.35000E-01    1  -124.73062
   -0.29000E-01    1  -124.78079
   -0.23000E-01    1  -124.81878
   -0.19700E-01    1  -124.82195
   -0.19100E-01    1  -124.82501
   -0.18500E-01    1  -124.82796
   -0.17900E-01    1  -124.83081
   -0.17300E-01    1  -124.83352
   -0.16700E-01    1  -124.83612
   -0.16100E-01    1  -124.83860
   -0.15500E-01    1  -124.84097
   -0.14900E-01    1  -124.84324
   -0.14300E-01    1  -124.84540
   -0.13700E-01    1  -124.84746
   -0.13100E-01    1  -124.84941
   -0.12500E-01    1  -124.85127
   -0.11900E-01    1  -124.85303
   -0.11300E-01    1  -124.85469
   -0.10700E-01    1  -124.85625
   -0.10100E-01    1  -124.85771
   -0.95000E-02    1  -124.85908
   -0.89000E-02    1  -124.86035
   -0.83000E-02    1  -124.86153
   -0.77000E-02    1  -124.86262
   -0.71000E-02    1  -124.86362
   -0.65000E-02    1  -124.86454
   -0.59000E-02    1  -124.86537
   -0.53000E-02    1  -124.86610
   -0.47000E-02    1  -124.86675
   -0.41000E-02    1  -124.86731
   -0.35000E-02    1  -124.86779
   -0.29000E-02    1  -124.86818
   -0.23000E-02    1  -124.86849
   -0.17000E-02    1  -124.86872
   -0.11000E-02    1  -124.86887
   -0.50000E-03    1  -124.86894
    0.10000E-03    1  -124.86892
    0.70000E-03    1  -124.86883
    0.13000E-02    1  -124.86866
    0.19000E-02    1  -124.86841
    0.25000E-02    1  -124.86809
    0.31000E-02    1  -124.86769
    0.37000E-02    1  -124.86721
    0.43000E-02    1  -124.86666
    0.49000E-02    1  -124.86604
    0.55000E-02    1  -124.86534
    0.61000E-02    1  -124.86457
    0.67000E-02    1  -124.86373
    0.73000E-02    1  -124.86281
    0.79000E-02    1  -124.86183
    0.85000E-02    1  -124.86078
    0.91000E-02    1  -124.85965
    0.97000E-02    1  -124.85845
    0.10300E-01    1  -124.85720
    0.10900E-01    1  -124.85587
    0.11500E-01    1  -124.85448
    0.12100E-01    1  -124.85301
    0.12700E-01    1  -124.85149
    0.13300E-01    1  -124.84989
    0.13900E-01    1  -124.84823
    0.14500E-01    1  -124.84651
    0.15100E-01    1  -124.84473
    0.15700E-01    1  -124.84288
    0.16300E-01    1  -124.84097
    0.16900E-01    1  -124.83901
    0.17500E-01    1  -124.83699
    0.18100E-01    1  -124.83489
    0.18700E-01    1  -124.83274
    0.19300E-01    1  -124.83052
    0.20200E-01    1  -124.82139
    0.25000E-01    1  -124.79395
    0.31000E-01    1  -124.76131
    0.37000E-01    1  -124.72384
    0.43000E-01    1  -124.68198
    0.49000E-01    1  -124.63598
    0.55000E-01    1  -124.58620
    0.61000E-01    1  -124.53292
    0.67000E-01    1  -124.47641
    0.73000E-01    1  -124.41701
    0.79000E-01    1  -124.35479
    0.85000E-01    1  -124.28999
    0.91000E-01    1  -124.22255
    0.97000E-01    1  -124.15295
    0.10300        1  -124.08123
    0.10900        1  -124.00752
    0.11500        1  -123.93197
    0.12100        1  -123.85449
    0.12700        1  -123.77548
    0.13300        1  -123.69484
    0.13900        1  -123.61293
    0.14500        1  -123.52958
    0.15100        1  -123.44497
    0.15700        1  -123.35922
    0.16300        1  -123.27254
    0.16900        1  -123.18488
    0.17500        1  -123.09644
    0.18100        1  -123.00714
    0.18700        1  -122.91745
    0.19300        1  -122.82707
    0.19900        1  -122.73602
    0.20500        1  -122.64454
    0.21100        1  -122.55279
    0.21700        1  -122.46069
    0.29500        1  -120.09702
    0.44500        1  -117.90006
    0.59500        1  -115.94536
    0.74500        1  -114.23608
    0.89500        1  -112.71128
     1.0450        1  -111.33065
     1.1950        1  -110.07004
     1.3450        1  -108.92140
     1.4950        1  -107.86440
     1.6450        1  -106.88288
     1.7950        1  -105.96542
     1.9450        1  -105.10373
     2.0950        1  -104.28856
     2.2450        1  -103.51488
     2.3950        1  -102.77769
     2.5450        1  -102.07451
     2.6950        1  -101.40007
     2.8450        1  -100.75138
     2.9950        1  -100.12847
     3.1450        1   -99.52853
     3.2950        1   -98.94967
     3.4450        1   -98.39112
     3.5950        1   -97.85571
     3.7450        1   -97.33952
     3.8950        1   -96.84031
     4.0450        1   -96.35730
     4.1950        1   -95.89018
     4.3450        1   -95.43699
     4.4950        1   -94.99513
     4.6450        1   -94.56648
     4.7950        1   -94.15009
     4.9450        1   -93.74415
     5.0950        1   -93.34534
     5.2450        1   -92.95820
     5.3950        1   -92.58135
     5.5450        1   -92.21275
     5.6950        1   -91.85424
     5.8450        1   -91.50589
     5.9950        1   -91.16688
     6.1450        1   -90.84030
     6.2950        1   -90.52158
     6.4450        1   -90.20867
     6.5950        1   -89.90453
     6.7450        1   -89.60685
     6.8950        1   -89.31475
     7.0450        1   -89.03053
     7.1950        1   -88.75099
     7.3450        1   -88.47559
     7.4950        1   -88.20796
     7.6450        1   -87.94583
     7.7950        1   -87.68648
     7.9450        1   -87.43488
     8.0950        1   -87.18466
     8.2450        1   -86.94281
     8.3950        1   -86.70584
     8.5450        1   -86.47124
     8.6950        1   -86.24276
     8.8450        1   -86.01682
     8.9950        1   -85.79562
     9.1450        1   -85.57673
     9.2950        1   -85.36393
     9.4450        1   -85.15260
     9.5950        1   -84.94500
     9.7450        1   -84.73981
     9.8950        1   -84.53622
     10.045        1   -84.33658
     10.195        1   -84.14138
     10.345        1   -83.95145
     10.495        1   -83.76721
     10.645        1   -83.58008
     10.795        1   -83.39834
     10.945        1   -83.21867
     11.095        1   -83.04366
     11.245        1   -82.87141
     11.395        1   -82.70299
     11.545        1   -82.53957
     11.695        1   -82.37732
     11.845        1   -82.22201
     11.995        1   -82.06663
     12.145        1   -81.91091
     12.295        1   -81.76320
     12.445        1   -81.62261
     12.595        1   -81.48166
     12.745        1   -81.34591
     12.895        1   -81.21350
     13.045        1   -81.08181
     13.195        1   -80.95555
     13.345        1   -80.82823
     13.495        1   -80.71182
     13.645        1   -80.59068
     13.795        1   -80.47320
     13.945        1   -80.36060
     14.095        1   -80.25404
     14.245        1   -80.14466
     14.395        1   -80.04153
     14.545        1   -79.94240
     14.695        1   -79.84306
     14.845        1   -79.74919
     14.995        1   -79.65707
     15.145        1   -79.56801
     15.295        1   -79.48461
     15.445        1   -79.40384
     15.595        1   -79.32271
     15.745        1   -79.24247
     15.895        1   -79.16828
     16.045        1   -79.09742
     16.195        1   -79.02849
     16.345        1   -78.96131
     16.495        1   -78.89842
     16.645        1   -78.83856
     16.795        1   -78.77538
     16.945        1   -78.71726
     17.095        1   -78.66075
     17.245        1   -78.60919
     17.395        1   -78.55422
     17.545        1   -78.50769
     17.695        1   -78.45771
     17.845        1   -78.41638
     17.995        1   -78.37074
     18.145        1   -78.32246
     18.295        1   -78.28197
     18.445        1   -78.24192
     18.595        1   -78.19903
     18.745        1   -78.15802
     18.895        1   -78.11551
     19.045        1   -78.07670
     19.195        1   -78.03907
     19.345        1   -78.00358
     19.495        1   -77.97105
     19.645        1   -77.93801
     19.795        1   -77.90191
     19.945        1   -77.86624
     20.095        1   -77.82970
     20.245        1   -77.79627
     20.395        1   -77.76237
     20.545        1   -77.73051
     20.695        1   -77.69632
     20.845        1   -77.66256
     20.995        1   -77.63093
     21.145        1   -77.59576
     21.295        1   -77.56184
     21.445        1   -77.52533
     21.595        1   -77.49020
     21.745        1   -77.45803
     21.895        1   -77.42414
     22.045        1   -77.38839
     22.195        1   -77.35906
     22.345        1   -77.32552
     22.495        1   -77.28922
     22.645        1   -77.25522
     22.795        1   -77.22146
     22.945        1   -77.18888
     23.095        1   -77.15356
     23.245        1   -77.12051
     23.395        1   -77.08734
     23.545        1   -77.05187
     23.695        1   -77.02247
     23.845        1   -76.98836
     23.995        1   -76.95459
     24.145        1   -76.92339
     24.295        1   -76.89155
     24.445        1   -76.86335
     24.595        1   -76.83279
     24.745        1   -76.80396
     24.895        1   -76.77220
     25.045        1   -76.74377
     25.195        1   -76.71629
     25.345        1   -76.68962
     25.495        1   -76.66644
     25.645        1   -76.64106
     25.795        1   -76.61755
     25.945        1   -76.59103
     26.095        1   -76.56632
     26.245        1   -76.54513
     26.395        1   -76.52175
     26.545        1   -76.49794
     26.695        1   -76.47774
     26.845        1   -76.45883
     26.995        1   -76.44019
     27.145        1   -76.42264
     27.295        1   -76.40700
     27.445        1   -76.38928
     27.595        1   -76.37206
     27.745        1   -76.35483
     27.895        1   -76.33825
     28.045        1   -76.32234
     28.195        1   -76.30821
     28.345        1   -76.29258
     28.495        1   -76.27707
     28.645        1   -76.26318
     28.795        1   -76.24925
     28.945        1   -76.23590
     29.095        1   -76.22103
     29.245        1   -76.20749
     29.395        1   -76.19615
     29.545        1   -76.18433
     29.695        1   -76.17354
     29.845        1   -76.16251
     29.995        1   -76.15276
     30.145        1   -76.14235
     30.295        1   -76.13103
     30.445        1   -76.11876
     30.595        1   -76.10714
     30.745        1   -76.09702
     30.895        1   -76.08785
     31.045        1   -76.07688
     31.195        1   -76.06718
     31.345        1   -76.05838
     31.495        1   -76.05049
     31.645        1   -76.04136
     31.795        1   -76.03393
     31.945        1   -76.02600
     32.095        1   -76.01934
     32.245        1   -76.01172
     32.395        1   -76.00354
     32.545        1   -75.99632
     32.695        1   -75.98926
     32.845        1   -75.98275
     32.995        1   -75.97630
     33.145        1   -75.97002
     33.295        1   -75.96453
     33.445        1   -75.95865
     33.595        1   -75.95278
     33.745        1   -75.94616
     33.895        1   -75.94006
     34.045        1   -75.93338
     34.195        1   -75.92801
     34.345        1   -75.92323
     34.495        1   -75.91858
     34.645        1   -75.91394
     34.795        1   -75.90886
     34.945        1   -75.90424
     35.095        1   -75.89961
     35.245        1   -75.89496
     35.395        1   -75.89046
     35.545        1   -75.88538
     35.695        1   -75.88085
     35.845        1   -75.87502
     35.995        1   -75.87048
     36.145        1   -75.86608
     36.295        1   -75.86109
     36.445        1   -75.85673
     36.595        1   -75.85248
     36.745        1   -75.84814
     36.895        1   -75.84379
     37.045        1   -75.83949
     37.195        1   -75.83519
     37.345        1   -75.83085
     37.495        1   -75.82672
     37.645        1   -75.82253
     37.795        1   -75.81836
     37.945        1   -75.81420
     38.095        1   -75.81020
     38.245        1   -75.80601
     38.395        1   -75.80192
     38.545        1   -75.79782
     38.695        1   -75.79374
     38.845        1   -75.78967
     38.995        1   -75.78565
     39.145        1   -75.78159
     39.295        1   -75.77759
     39.445        1   -75.77351
     39.595        1   -75.76955
     39.745        1   -75.76550
     39.895        1   -75.76152
     40.045        1   -75.75771
     40.195        1   -75.75392
     40.345        1   -75.75002
     40.495        1   -75.74630
     40.645        1   -75.74245
     40.795        1   -75.73867
     40.945        1   -75.73487
     41.095        1   -75.73116
     41.245        1   -75.72748
     41.395        1   -75.72372
     41.545        1   -75.72006
     41.695        1   -75.71649
     41.845        1   -75.71271
     41.995        1   -75.70895
     42.145        1   -75.70527
     42.295        1   -75.70161
     42.445        1   -75.69802
     42.595        1   -75.69443
     42.745        1   -75.69096
     42.895        1   -75.68745
     43.045        1   -75.68383
     43.195        1   -75.68035
     43.345        1   -75.67681
     43.495        1   -75.67323
     43.645        1   -75.66978
     43.795        1   -75.66634
     43.945        1   -75.66284
     44.095        1   -75.65943
     44.245        1   -75.65593
     44.395        1   -75.65257
     44.545        1   -75.64924
     44.695        1   -75.64571
     44.845        1   -75.64233
     44.995        1   -75.63897
     45.145        1   -75.63566
     45.295        1   -75.63232
     45.445        1   -75.62909
     45.595        1   -75.62587
     45.745        1   -75.62261
     45.895        1   -75.61922
     46.045        1   -75.61586
     46.195        1   -75.61257
     46.345        1   -75.60935
     46.495        1   -75.60622
     46.645        1   -75.60297
     46.795        1   -75.59978
     46.945        1   -75.59661
     47.095        1   -75.59338
     47.245        1   -75.59025
     47.395        1   -75.58702
     47.545        1   -75.58394
     47.695        1   -75.58071
     47.845        1   -75.57754
     47.995        1   -75.57437
     48.145        1   -75.57136
     48.295        1   -75.56822
     48.445        1   -75.56520
     48.595        1   -75.56214
     48.745        1   -75.55904
     48.895        1   -75.55596
     49.045        1   -75.55296
     49.195        1   -75.54992
     49.345        1   -75.54699
     49.495        1   -75.54396
     49.645        1   -75.54099
     49.795        1   -75.53805
     49.945        1   -75.53510
     50.095        1   -75.53215
     50.245        1   -75.52919
     50.395        1   -75.52620
     50.545        1   -75.52331
     50.695        1   -75.52040
     50.845        1   -75.51751
     50.995        1   -75.51468
     51.145        1   -75.51178
     51.295        1   -75.50899
     51.445        1   -75.50617
     51.595        1   -75.50340
     51.745        1   -75.50061
     51.895        1   -75.49782
     52.045        1   -75.49504
     52.195        1   -75.49236
     52.345        1   -75.48956
     52.495        1   -75.48679
     52.645        1   -75.48408
     52.795        1   -75.48139
     52.945        1   -75.47863
     53.095        1   -75.47593
     53.245        1   -75.47313
     53.395        1   -75.47051
     53.545        1   -75.46779
     53.695        1   -75.46505
     53.845        1   -75.46238
     53.995        1   -75.45967
     54.145        1   -75.45700
     54.295        1   -75.45438
     54.445        1   -75.45168
     54.595        1   -75.44902
     54.745        1   -75.44637
     54.895        1   -75.44372
     55.045        1   -75.44110
     55.195        1   -75.43851
     55.345        1   -75.43596
     55.495        1   -75.43341
     55.645        1   -75.43086
     55.795        1   -75.42828
     55.945        1   -75.42568
     56.095        1   -75.42308
     56.245        1   -75.42055
     56.395        1   -75.41810
     56.545        1   -75.41556
     56.695        1   -75.41308
     56.845        1   -75.41058
     56.995        1   -75.40807
     57.145        1   -75.40552
     57.295        1   -75.40305
     57.445        1   -75.40052
     57.595        1   -75.39803
     57.745        1   -75.39558
     57.895        1   -75.39313
     58.045        1   -75.39073
     58.195        1   -75.38831
     58.345        1   -75.38586
     58.495        1   -75.38339
     58.645        1   -75.38096
     58.795        1   -75.37852
     58.945        1   -75.37622
     59.095        1   -75.37386
     59.245        1   -75.37143
     59.395        1   -75.36899
     59.545        1   -75.36657
     59.695        1   -75.36420
     59.845        1   -75.36184
     59.995        1   -75.35940
     60.145        1   -75.35707
     70.939        1   -75.06143
     97.698        1   -74.78025
     134.55        1   -74.50987
     185.30        1   -74.24868
     255.20        1   -73.99525
     351.46        1   -73.74980
     484.04        1   -73.51248
     666.62        1   -73.28137
     918.07        1   -73.05622
     1264.4        1   -72.83862
     1741.3        1   -72.62744
     2398.1        1   -72.42230
     3302.7        1   -72.22277
     4548.5        1   -72.02895
     6264.3        1   -71.84056
     8627.2        1   -71.65766
     11881.        1   -71.48016
     16363.        1   -71.30739
     22535.        1   -71.13952
     31036.        1   -70.97529
     42743.        1   -70.81579
     58866.        1   -70.66108
     81070.        1   -70.51034
    0.11165E+06    1   -70.36367
    0.15377E+06    1   -70.22159
    0.21177E+06    1   -70.08433
    0.29165E+06    1   -69.95215
    0.40166E+06    1   -69.82512
    0.55317E+06    1   -69.70322
    0.76182E+06    1   -69.58660
    0.10492E+07    1   -69.47510
    0.14449E+07    1   -69.36906
    0.19900E+07    1   -69.26762
    0.27406E+07    1   -69.17090
    0.37744E+07    1   -69.07874
    0.51981E+07    1   -68.99082
    0.71589E+07    1   -68.90686
    0.98593E+07    1   -68.82692
    0.13578E+08    1   -68.75072
    0.18700E+08    1   -68.67805
    0.25754E+08    1   -68.60884
    0.35468E+08    1   -68.54308
    0.48847E+08    1   -68.48021
    0.67273E+08    1   -68.42002
    0.92648E+08    1   -68.36296
    0.12760E+09    1   -68.30847
    0.17573E+09    1   -68.25673
    0.24201E+09    1   -68.20777
    0.33330E+09    1   -68.16177
    0.45902E+09    1   -68.11906
    0.63217E+09    1   -68.07923
    0.87062E+09    1   -68.04202
    0.11990E+10    1   -68.00723
    0.16513E+10    1   -67.97467
    0.22742E+10    1   -67.94403
    0.31320E+10    1   -67.91544
    0.43134E+10    1   -67.88911
    0.59405E+10    1   -67.86523
    0.81813E+10    1   -67.84327
    0.11267E+11    1   -67.82314
    0.15517E+11    1   -67.80450
    0.21371E+11    1   -67.78719
    0.29432E+11    1   -67.77129
    0.40534E+11    1   -67.75664
    0.55823E+11    1   -67.74307
    0.10000E+12    1   -67.58067
    -149.95        2     0.00000
    -149.79        2     0.00000
    -149.65        2     0.00000
    -149.49        2     0.00000
    -149.34        2     0.00000
    -149.20        2     0.00000
    -149.04        2     0.00000
    -148.90        2     0.00000
    -148.74        2     0.00000
    -148.59        2     0.00000
    -148.45        2     0.00000
    -148.29        2     0.00000
    -148.15        2     0.00000
    -147.99        2     0.00000
    -147.84        2     0.00000
    -147.70        2     0.00000
    -147.54        2     0.00000
    -147.40        2     0.00000
    -147.24        2     0.00000
    -147.09        2     0.00000
    -146.95        2     0.00000
    -146.79        2     0.00000
    -146.65        2     0.00000
    -146.49        2     0.00000
    -146.34        2     0.00000
    -146.20        2     0.00000
    -146.04        2     0.00000
    -145.90        2     0.00000
    -145.74        2     0.00000
    -145.59        2     0.00000
    -145.45        2     0.00000
    -145.29        2     0.00000
    -145.15        2     0.00000
    -144.99        2     0.00000
    -144.84        2     0.00000
    -144.70        2     0.00000
    -144.54        2     0.00000
    -144.40        2     0.00000
    -144.24        2     0.00000
    -144.09        2     0.00000
    -143.95        2     0.00000
    -143.79        2     0.00000
    -143.65        2     0.00000
    -143.49        2     0.00000
    -143.34        2     0.00000
    -143.20        2     0.00000
    -143.04        2     0.00000
    -142.90        2     0.00000
    -142.74        2     0.00000
    -142.59        2     0.00000
    -142.45        2     0.00000
    -142.29        2     0.00000
    -142.15        2     0.00000
    -141.99        2     0.00000
    -141.84        2     0.00000
    -141.70        2     0.00000
    -141.54        2     0.00000
    -141.40        2     0.00000
    -141.24        2     0.00000
    -141.09        2     0.00000
    -140.95        2     0.00000
    -140.79        2     0.00000
    -140.65        2     0.00000
    -140.49        2     0.00000
    -140.34        2     0.00000
    -140.20        2     0.00000
    -140.04        2     0.00000
    -139.90        2     0.00000
    -139.74        2     0.00000
    -139.59        2     0.00000
    -139.45        2     0.00000
    -139.29        2     0.00000
    -139.15        2     0.00000
    -138.99        2     0.00000
    -138.84        2     0.00000
    -138.70        2     0.00000
    -138.54        2     0.00000
    -138.40        2     0.00000
    -138.24        2     0.00000
    -138.09        2     0.00000
    -137.95        2     0.00000
    -137.79        2     0.00000
    -137.65        2     0.00000
    -137.49        2     0.00000
    -137.34        2     0.00000
    -137.20        2     0.00000
    -137.04        2     0.00000
    -136.90        2     0.00000
    -136.74        2     0.00000
    -136.59        2     0.00000
    -136.45        2     0.00000
    -136.29        2     0.00000
    -136.15        2     0.00000
    -135.99        2     0.00000
    -135.84        2     0.00000
    -135.70        2     0.00000
    -135.54        2     0.00000
    -135.40        2     0.00000
    -135.24        2     0.00000
    -135.09        2     0.00000
    -134.95        2     0.00000
    -134.79        2     0.00000
    -134.65        2     0.00000
    -134.49        2     0.00000
    -134.34        2     0.00000
    -134.20        2     0.00000
    -134.04        2     0.00000
    -133.90        2     0.00000
    -133.74        2     0.00000
    -133.59        2     0.00000
    -133.45        2     0.00000
    -133.29        2     0.00000
    -133.15        2     0.00000
    -132.99        2     0.00000
    -132.84        2     0.00000
    -132.70        2     0.00000
    -132.54        2     0.00000
    -132.40        2     0.00000
    -132.24        2     0.00000
    -132.09        2     0.00000
    -131.95        2     0.00000
    -131.79        2     0.00000
    -131.65        2     0.00000
    -131.49        2     0.00000
    -131.34        2     0.00000
    -131.20        2     0.00000
    -131.04        2     0.00000
    -130.90        2     0.00000
    -130.74        2     0.00000
    -130.59        2     0.00000
    -130.45        2     0.00000
    -130.29        2     0.00000
    -130.15        2     0.00000
    -129.99        2     0.00000
    -129.84        2     0.00000
    -129.70        2     0.00000
    -129.54        2     0.00000
    -129.40        2     0.00000
    -129.24        2     0.00000
    -129.09        2     0.00000
    -128.95        2     0.00000
    -128.79        2     0.00000
    -128.65        2     0.00000
    -128.49        2     0.00000
    -128.34        2     0.00000
    -128.20        2     0.00000
    -128.04        2     0.00000
    -127.89        2     0.00000
    -127.75        2     0.00000
    -127.60        2     0.00000
    -127.44        2     0.00000
    -127.30        2     0.00000
    -127.14        2     0.00000
    -127.00        2     0.00000
    -126.85        2     0.00000
    -126.69        2     0.00000
    -126.55        2     0.00000
    -126.39        2     0.00000
    -126.25        2     0.00000
    -126.10        2     0.00000
    -125.94        2     0.00000
    -125.80        2     0.00000
    -125.64        2     0.00000
    -125.50        2     0.00000
    -125.35        2     0.00000
    -125.19        2     0.00000
    -125.05        2     0.00000
    -124.89        2     0.00000
    -124.75        2     0.00000
    -124.60        2     0.00000
    -124.44        2     0.00000
    -124.30        2     0.00000
    -124.14        2     0.00000
    -124.00        2     0.00000
    -123.85        2     0.00000
    -123.69        2     0.00000
    -123.55        2     0.00000
    -123.39        2     0.00000
    -123.25        2     0.00000
    -123.10        2     0.00000
    -122.94        2     0.00000
    -122.80        2     0.00000
    -122.64        2     0.00000
    -122.50        2     0.00000
    -122.35        2     0.00000
    -122.19        2     0.00000
    -122.05        2     0.00000
    -121.89        2     0.00000
    -121.75        2     0.00000
    -121.60        2     0.00000
    -121.44        2     0.00000
    -121.30        2     0.00000
    -121.14        2     0.00000
    -121.00        2     0.00000
    -120.85        2     0.00000
    -120.69        2     0.00000
    -120.55        2     0.00000
    -120.39        2     0.00000
    -120.25        2     0.00000
    -120.10        2     0.00000
    -119.94        2     0.00000
    -119.80        2     0.00000
    -119.64        2     0.00000
    -119.50        2     0.00000
    -119.35        2     0.00000
    -119.19        2     0.00000
    -119.05        2     0.00000
    -118.89        2     0.00000
    -118.75        2     0.00000
    -118.60        2     0.00000
    -118.44        2     0.00000
    -118.30        2     0.00000
    -118.14        2     0.00000
    -118.00        2     0.00000
    -117.85        2     0.00000
    -117.69        2     0.00000
    -117.55        2     0.00000
    -117.39        2     0.00000
    -117.25        2     0.00000
    -117.10        2     0.00000
    -116.94        2     0.00000
    -116.80        2     0.00000
    -116.64        2     0.00000
    -116.50        2     0.00000
    -116.35        2     0.00000
    -116.19        2     0.00000
    -116.05        2     0.00000
    -115.89        2     0.00000
    -115.75        2     0.00000
    -115.60        2     0.00000
    -115.44        2     0.00000
    -115.30        2     0.00000
    -115.14        2     0.00000
    -115.00        2     0.00000
    -114.85        2     0.00000
    -114.69        2     0.00000
    -114.55        2     0.00000
    -114.39        2     0.00000
    -114.25        2     0.00000
    -114.10        2     0.00000
    -113.94        2     0.00000
    -113.80        2     0.00000
    -113.64        2     0.00000
    -113.50        2     0.00000
    -113.35        2     0.00000
    -113.19        2     0.00000
    -113.05        2     0.00000
    -112.89        2     0.00000
    -112.75        2     0.00000
    -112.60        2     0.00000
    -112.44        2     0.00000
    -112.30        2     0.00000
    -112.14        2     0.00000
    -112.00        2     0.00000
    -111.85        2     0.00000
    -111.69        2     0.00000
    -111.55        2     0.00000
    -111.39        2     0.00000
    -111.25        2     0.00000
    -111.10        2     0.00000
    -110.94        2     0.00000
    -110.80        2     0.00000
    -110.64        2     0.00000
    -110.50        2     0.00000
    -110.35        2     0.00000
    -110.19        2     0.00000
    -110.05        2     0.00000
    -109.89        2     0.00000
    -109.75        2     0.00000
    -109.60        2     0.00000
    -109.44        2     0.00000
    -109.30        2     0.00000
    -109.14        2     0.00000
    -109.00        2     0.00000
    -108.85        2     0.00000
    -108.69        2     0.00000
    -108.55        2     0.00000
    -108.39        2     0.00000
    -108.25        2     0.00000
    -108.10        2     0.00000
    -107.94        2     0.00000
    -107.80        2     0.00000
    -107.64        2     0.00000
    -107.50        2     0.00000
    -107.35        2     0.00000
    -107.19        2     0.00000
    -107.05        2     0.00000
    -106.89        2     0.00000
    -106.75        2     0.00000
    -106.60        2     0.00000
    -106.44        2     0.00000
    -106.30        2     0.00000
    -106.14        2     0.00000
    -106.00        2     0.00000
    -105.85        2     0.00000
    -105.69        2     0.00000
    -105.55        2     0.00000
    -105.39        2     0.00000
    -105.25        2     0.00000
    -105.10        2     0.00000
    -104.94        2     0.00000
    -104.80        2     0.00000
    -104.64        2     0.00000
    -104.50        2     0.00000
    -104.35        2     0.00000
    -104.19        2     0.00000
    -104.05        2     0.00000
    -103.89        2     0.00000
    -103.75        2     0.00000
    -103.60        2     0.00000
    -103.44        2     0.00000
    -103.30        2     0.00000
    -103.14        2     0.00000
    -103.00        2     0.00000
    -102.85        2     0.00000
    -102.69        2     0.00000
    -102.55        2     0.00000
    -102.39        2     0.00000
    -102.25        2     0.00000
    -102.10        2     0.00000
    -101.94        2     0.00000
    -101.80        2     0.00000
    -101.64        2     0.00000
    -101.50        2     0.00000
    -101.35        2     0.00000
    -101.19        2     0.00000
    -101.05        2     0.00000
    -100.89        2     0.00000
    -100.75        2     0.00000
    -100.60        2     0.00000
    -100.44        2     0.00000
    -100.30        2     0.00000
    -100.14        2     0.00000
    -99.995        2     0.00000
    -99.845        2     0.00000
    -99.695        2     0.00000
    -99.545        2     0.00000
    -99.395        2     0.00000
    -99.245        2     0.00000
    -99.095        2     0.00000
    -98.945        2     0.00000
    -98.795        2     0.00000
    -98.645        2     0.00000
    -98.495        2     0.00000
    -98.345        2     0.00000
    -98.195        2     0.00000
    -98.045        2     0.00000
    -97.895        2     0.00000
    -97.745        2     0.00000
    -97.595        2     0.00000
    -97.445        2     0.00000
    -97.295        2     0.00000
    -97.145        2     0.00000
    -96.995        2     0.00000
    -96.845        2     0.00000
    -96.695        2     0.00000
    -96.545        2     0.00000
    -96.395        2     0.00000
    -96.245        2     0.00000
    -96.095        2     0.00000
    -95.945        2     0.00000
    -95.795        2     0.00000
    -95.645        2     0.00000
    -95.495        2     0.00000
    -95.345        2     0.00000
    -95.195        2     0.00000
    -95.045        2     0.00000
    -94.895        2     0.00000
    -94.745        2     0.00000
    -94.595        2     0.00000
    -94.445        2     0.00000
    -94.295        2     0.00000
    -94.145        2     0.00000
    -93.995        2     0.00000
    -93.845        2     0.00000
    -93.695        2     0.00000
    -93.545        2     0.00000
    -93.395        2     0.00000
    -93.245        2     0.00000
    -93.095        2     0.00000
    -92.945        2     0.00000
    -92.795        2     0.00000
    -92.645        2     0.00000
    -92.495        2     0.00000
    -92.345        2     0.00000
    -92.195        2     0.00000
    -92.045        2     0.00000
    -91.895        2     0.00000
    -91.745        2     0.00000
    -91.595        2     0.00000
    -91.445        2     0.00000
    -91.295        2     0.00000
    -91.145        2     0.00000
    -90.995        2     0.00000
    -90.845        2     0.00000
    -90.695        2     0.00000
    -90.545        2     0.00000
    -90.395        2     0.00000
    -90.245        2     0.00000
    -90.095        2     0.00000
    -89.945        2     0.00000
    -89.795        2     0.00000
    -89.645        2     0.00000
    -89.495        2     0.00000
    -89.345        2     0.00000
    -89.195        2     0.00000
    -89.045        2     0.00000
    -88.895        2     0.00000
    -88.745        2     0.00000
    -88.595        2     0.00000
    -88.445        2     0.00000
    -88.295        2     0.00000
    -88.145        2     0.00000
    -87.995        2     0.00000
    -87.845        2     0.00000
    -87.695        2     0.00000
    -87.545        2     0.00000
    -87.395        2     0.00000
    -87.245        2     0.00000
    -87.095        2     0.00000
    -86.945        2     0.00000
    -86.795        2     0.00000
    -86.645        2     0.00000
    -86.495        2     0.00000
    -86.345        2     0.00000
    -86.195        2     0.00000
    -86.045        2     0.00000
    -85.895        2     0.00000
    -85.745        2     0.00000
    -85.595        2     0.00000
    -85.445        2     0.00000
    -85.295        2     0.00000
    -85.145        2     0.00000
    -84.995        2     0.00000
    -84.845        2     0.00000
    -84.695        2     0.00000
    -84.545        2     0.00000
    -84.395        2     0.00000
    -84.245        2     0.00000
    -84.095        2     0.00000
    -83.945        2     0.00000
    -83.795        2     0.00000
    -83.645        2     0.00000
    -83.495        2     0.00000
    -83.345        2     0.00000
    -83.195        2     0.00000
    -83.045        2     0.00000
    -82.895        2     0.00000
    -82.745        2     0.00000
    -82.595        2     0.00000
    -82.445        2     0.00000
    -82.295        2     0.00000
    -82.145        2     0.00000
    -81.995        2     0.00000
    -81.845        2     0.00000
    -81.695        2     0.00000
    -81.545        2     0.00000
    -81.395        2     0.00000
    -81.245        2     0.00000
    -81.095        2     0.00000
    -80.945        2     0.00000
    -80.795        2     0.00000
    -80.645        2     0.00000
    -80.495        2     0.00000
    -80.345        2     0.00000
    -80.195        2     0.00000
    -80.045        2     0.00000
    -79.895        2     0.00000
    -79.745        2     0.00000
    -79.595        2     0.00000
    -79.445        2     0.00000
    -79.295        2     0.00000
    -79.145        2     0.00000
    -78.995        2     0.00000
    -78.845        2     0.00000
    -78.695        2     0.00000
    -78.545        2     0.00000
    -78.395        2     0.00000
    -78.245        2     0.00000
    -78.095        2     0.00000
    -77.945        2     0.00000
    -77.795        2     0.00000
    -77.645        2     0.00000
    -77.495        2     0.00000
    -77.345        2     0.00000
    -77.195        2     0.00000
    -77.045        2     0.00000
    -76.895        2     0.00000
    -76.745        2     0.00000
    -76.595        2     0.00000
    -76.445        2     0.00000
    -76.295        2     0.00000
    -76.145        2     0.00000
    -75.995        2     0.00000
    -75.845        2     0.00000
    -75.695        2     0.00000
    -75.545        2     0.00000
    -75.395        2     0.00000
    -75.245        2     0.00000
    -75.095        2     0.00000
    -74.945        2     0.00000
    -74.795        2     0.00000
    -74.645        2     0.00000
    -74.495        2     0.00000
    -74.345        2     0.00000
    -74.195        2     0.00000
    -74.045        2     0.00000
    -73.895        2     0.00000
    -73.745        2     0.00000
    -73.595        2     0.00000
    -73.445        2     0.00000
    -73.295        2     0.00000
    -73.145        2     0.00000
    -72.995        2     0.00000
    -72.845        2     0.00000
    -72.695        2     0.00000
    -72.545        2     0.00000
    -72.395        2     0.00000
    -72.245        2     0.00000
    -72.095        2     0.00000
    -71.945        2     0.00000
    -71.795        2     0.00000
    -71.645        2     0.00000
    -71.495        2     0.00000
    -71.345        2     0.00000
    -71.195        2     0.00000
    -71.045        2     0.00000
    -70.895        2     0.00000
    -70.745        2     0.00000
    -70.595        2     0.00000
    -70.445        2     0.00000
    -70.295        2     0.00000
    -70.145        2     0.00000
    -69.995        2     0.00000
    -69.845        2     0.00000
    -69.695        2     0.00000
    -69.545        2     0.00000
    -69.395        2     0.00000
    -69.245        2     0.00000
    -69.095        2     0.00000
    -68.945        2     0.00000
    -68.795        2     0.00000
    -68.645        2     0.00000
    -68.495        2     0.00000
    -68.345        2     0.00000
    -68.195        2     0.00000
    -68.045        2     0.00000
    -67.895        2     0.00000
    -67.745        2     0.00000
    -67.595        2     0.00000
    -67.445        2     0.00000
    -67.295        2     0.00000
    -67.145        2     0.00000
    -66.995        2     0.00000
    -66.845        2     0.00000
    -66.695        2     0.00000
    -66.545        2     0.00000
    -66.395        2     0.00000
    -66.245        2     0.00000
    -66.095        2     0.00000
    -65.945        2     0.00000
    -65.795        2     0.00000
    -65.645        2     0.00000
    -65.495        2     0.00000
    -65.345        2     0.00000
    -65.195        2     0.00000
    -65.045        2     0.00000
    -64.895        2     0.00000
    -64.745        2     0.00000
    -64.595        2     0.00000
    -64.445        2     0.00000
    -64.295        2     0.00000
    -64.145        2     0.00000
    -63.995        2     0.00000
    -63.845        2     0.00000
    -63.695        2     0.00000
    -63.545        2     0.00000
    -63.395        2     0.00000
    -63.245        2     0.00000
    -63.095        2     0.00000
    -62.945        2     0.00000
    -62.795        2     0.00000
    -62.645        2     0.00000
    -62.495        2     0.00000
    -62.345        2     0.00000
    -62.195        2     0.00000
    -62.045        2     0.00000
    -61.895        2     0.00000
    -61.745        2     0.00000
    -61.595        2     0.00000
    -61.445        2     0.00000
    -61.295        2     0.00000
    -61.145        2     0.00000
    -60.995        2     0.00000
    -60.845        2     0.00000
    -60.695        2     0.00000
    -60.545        2     0.00000
    -60.395        2     0.00000
    -60.245        2     0.00000
    -60.095        2     0.00000
    -59.945        2     0.00000
    -59.795        2     0.00000
    -59.645        2     0.00000
    -59.495        2     0.00000
    -59.345        2     0.00000
    -59.195        2     0.00000
    -59.045        2     0.00000
    -58.895        2    -0.00000
    -58.745        2    -0.00001
    -58.595        2    -0.00001
    -58.445        2    -0.00002
    -58.295        2    -0.00002
    -58.145        2    -0.00003
    -57.995        2    -0.00004
    -57.845        2    -0.00004
    -57.695        2    -0.00005
    -57.545        2    -0.00004
    -57.395        2    -0.00008
    -57.245        2    -0.00006
    -57.095        2    -0.00011
    -56.945        2    -0.00016
    -56.795        2    -0.00020
    -56.645        2    -0.00022
    -56.495        2    -0.00028
    -56.345        2    -0.00034
    -56.195        2    -0.00039
    -56.045        2    -0.01402
    -55.895        2    -0.37910
    -55.745        2    -0.91023
    -55.595        2    -1.50028
    -55.445        2    -2.11815
    -55.295        2    -2.73945
    -55.145        2    -3.37055
    -54.995        2    -3.98890
    -54.845        2    -4.58045
    -54.695        2    -5.14606
    -54.545        2    -5.67286
    -54.395        2    -6.18953
    -54.245        2    -6.72510
    -54.095        2    -7.36334
    -53.945        2    -8.04551
    -53.795        2    -8.74187
    -53.645        2    -9.47541
    -53.495        2   -10.20460
    -53.345        2   -10.95469
    -53.195        2   -11.68894
    -53.045        2   -12.40676
    -52.895        2   -13.13106
    -52.745        2   -13.82429
    -52.595        2   -14.51605
    -52.445        2   -15.18747
    -52.295        2   -15.84332
    -52.145        2   -16.46833
    -51.995        2   -17.06942
    -51.845        2   -17.64868
    -51.695        2   -18.21228
    -51.545        2   -18.74378
    -51.395        2   -19.25367
    -51.245        2   -19.76227
    -51.095        2   -20.25050
    -50.945        2   -20.74824
    -50.795        2   -21.22692
    -50.645        2   -21.69165
    -50.495        2   -22.14631
    -50.345        2   -22.58927
    -50.195        2   -23.01442
    -50.045        2   -23.41661
    -49.895        2   -23.80578
    -49.745        2   -24.17550
    -49.595        2   -24.54243
    -49.445        2   -24.89016
    -49.295        2   -25.24580
    -49.145        2   -25.57158
    -48.995        2   -25.88607
    -48.845        2   -26.18957
    -48.695        2   -26.50232
    -48.545        2   -26.85488
    -48.395        2   -27.20841
    -48.245        2   -27.55336
    -48.095        2   -27.89930
    -47.945        2   -28.24251
    -47.795        2   -28.57520
    -47.645        2   -28.89673
    -47.495        2   -29.21123
    -47.345        2   -29.51175
    -47.195        2   -29.80438
    -47.045        2   -30.08812
    -46.895        2   -30.36571
    -46.745        2   -30.62650
    -46.595        2   -30.88079
    -46.445        2   -31.13138
    -46.295        2   -31.38182
    -46.145        2   -31.62429
    -45.995        2   -31.86413
    -45.845        2   -32.08886
    -45.695        2   -32.31396
    -45.545        2   -32.53666
    -45.395        2   -32.76501
    -45.245        2   -32.99068
    -45.095        2   -33.20609
    -44.945        2   -33.43061
    -44.795        2   -33.63780
    -44.645        2   -33.84402
    -44.495        2   -34.03848
    -44.345        2   -34.23156
    -44.195        2   -34.41421
    -44.045        2   -34.59654
    -43.895        2   -34.77130
    -43.745        2   -34.94474
    -43.595        2   -35.10562
    -43.445        2   -35.28236
    -43.295        2   -35.46947
    -43.145        2   -35.66089
    -42.995        2   -35.84924
    -42.845        2   -36.03652
    -42.695        2   -36.21834
    -42.545        2   -36.39531
    -42.395        2   -36.57139
    -42.245        2   -36.74859
    -42.095        2   -36.91918
    -41.945        2   -37.09232
    -41.795        2   -37.25473
    -41.645        2   -37.42739
    -41.495        2   -37.59254
    -41.345        2   -37.75182
    -41.195        2   -37.90650
    -41.045        2   -38.06056
    -40.895        2   -38.20879
    -40.745        2   -38.35857
    -40.595        2   -38.51387
    -40.445        2   -38.66055
    -40.295        2   -38.80042
    -40.145        2   -38.94345
    -39.995        2   -39.08671
    -39.845        2   -39.22256
    -39.695        2   -39.36352
    -39.545        2   -39.49792
    -39.395        2   -39.63076
    -39.245        2   -39.76463
    -39.095        2   -39.88969
    -38.945        2   -40.01318
    -38.795        2   -40.13153
    -38.645        2   -40.25146
    -38.495        2   -40.37530
    -38.345        2   -40.49545
    -38.195        2   -40.61517
    -38.045        2   -40.73266
    -37.895        2   -40.85650
    -37.745        2   -40.97902
    -37.595        2   -41.10277
    -37.445        2   -41.22440
    -37.295        2   -41.35275
    -37.145        2   -41.48053
    -36.995        2   -41.60850
    -36.845        2   -41.73549
    -36.695        2   -41.85891
    -36.545        2   -41.98523
    -36.395        2   -42.11356
    -36.245        2   -42.23415
    -36.095        2   -42.35188
    -35.945        2   -42.47320
    -35.795        2   -42.58779
    -35.645        2   -42.69900
    -35.495        2   -42.80906
    -35.345        2   -42.91772
    -35.195        2   -43.02465
    -35.045        2   -43.12965
    -34.895        2   -43.23590
    -34.745        2   -43.34288
    -34.595        2   -43.45738
    -34.445        2   -43.58023
    -34.295        2   -43.70450
    -34.145        2   -43.83273
    -33.995        2   -43.96501
    -33.845        2   -44.09624
    -33.695        2   -44.22110
    -33.545        2   -44.35424
    -33.395        2   -44.48424
    -33.245        2   -44.61688
    -33.095        2   -44.74886
    -32.945        2   -44.87568
    -32.795        2   -45.00024
    -32.645        2   -45.13109
    -32.495        2   -45.25113
    -32.345        2   -45.37267
    -32.195        2   -45.49260
    -32.045        2   -45.60998
    -31.895        2   -45.72627
    -31.745        2   -45.83856
    -31.595        2   -45.94852
    -31.445        2   -46.05243
    -31.295        2   -46.16273
    -31.145        2   -46.26438
    -30.995        2   -46.36468
    -30.845        2   -46.46395
    -30.695        2   -46.55504
    -30.545        2   -46.64667
    -30.395        2   -46.73597
    -30.245        2   -46.82250
    -30.095        2   -46.91068
    -29.945        2   -46.99637
    -29.795        2   -47.07856
    -29.645        2   -47.16177
    -29.495        2   -47.24445
    -29.345        2   -47.32701
    -29.195        2   -47.40628
    -29.045        2   -47.48553
    -28.895        2   -47.56299
    -28.745        2   -47.63682
    -28.595        2   -47.70670
    -28.445        2   -47.77681
    -28.295        2   -47.84821
    -28.145        2   -47.92198
    -27.995        2   -47.99127
    -27.845        2   -48.06211
    -27.695        2   -48.12825
    -27.545        2   -48.19493
    -27.395        2   -48.26108
    -27.245        2   -48.32620
    -27.095        2   -48.38680
    -26.945        2   -48.44798
    -26.795        2   -48.50740
    -26.645        2   -48.56892
    -26.495        2   -48.63262
    -26.345        2   -48.69287
    -26.195        2   -48.75529
    -26.045        2   -48.81584
    -25.895        2   -48.87426
    -25.745        2   -48.93554
    -25.595        2   -48.99443
    -25.445        2   -49.05653
    -25.295        2   -49.11876
    -25.145        2   -49.18178
    -24.995        2   -49.24452
    -24.845        2   -49.31110
    -24.695        2   -49.37574
    -24.545        2   -49.44223
    -24.395        2   -49.51225
    -24.245        2   -49.58442
    -24.095        2   -49.65575
    -23.945        2   -49.72654
    -23.795        2   -49.79878
    -23.645        2   -49.87091
    -23.495        2   -49.94653
    -23.345        2   -50.02086
    -23.195        2   -50.09947
    -23.045        2   -50.17880
    -22.895        2   -50.26017
    -22.745        2   -50.34049
    -22.595        2   -50.41651
    -22.445        2   -50.50013
    -22.295        2   -50.58618
    -22.145        2   -50.67049
    -21.995        2   -50.75428
    -21.845        2   -50.84262
    -21.695        2   -50.92584
    -21.545        2   -51.01434
    -21.395        2   -51.09934
    -21.245        2   -51.18486
    -21.095        2   -51.27035
    -20.945        2   -51.35700
    -20.795        2   -51.44380
    -20.645        2   -51.53230
    -20.495        2   -51.61815
    -20.345        2   -51.70330
    -20.195        2   -51.79263
    -20.045        2   -51.87979
    -19.895        2   -51.96909
    -19.745        2   -52.05790
    -19.595        2   -52.14781
    -19.445        2   -52.23389
    -19.295        2   -52.32674
    -19.145        2   -52.41318
    -18.995        2   -52.50634
    -18.845        2   -52.59847
    -18.695        2   -52.69301
    -18.545        2   -52.78354
    -18.395        2   -52.87565
    -18.245        2   -52.96728
    -18.095        2   -53.06073
    -17.945        2   -53.15253
    -17.795        2   -53.24579
    -17.645        2   -53.33828
    -17.495        2   -53.43553
    -17.345        2   -53.53240
    -17.195        2   -53.63307
    -17.045        2   -53.73186
    -16.895        2   -53.83081
    -16.745        2   -53.93380
    -16.595        2   -54.03376
    -16.445        2   -54.13948
    -16.295        2   -54.24621
    -16.145        2   -54.35265
    -15.995        2   -54.45872
    -15.845        2   -54.56742
    -15.695        2   -54.67325
    -15.545        2   -54.78333
    -15.395        2   -54.89757
    -15.245        2   -55.01088
    -15.095        2   -55.12678
    -14.945        2   -55.24477
    -14.795        2   -55.36967
    -14.645        2   -55.49068
    -14.495        2   -55.61703
    -14.345        2   -55.74718
    -14.195        2   -55.87354
    -14.045        2   -56.00361
    -13.895        2   -56.13729
    -13.745        2   -56.27154
    -13.595        2   -56.41080
    -13.445        2   -56.55179
    -13.295        2   -56.69696
    -13.145        2   -56.84232
    -12.995        2   -56.98981
    -12.845        2   -57.14417
    -12.695        2   -57.29975
    -12.545        2   -57.45837
    -12.395        2   -57.61894
    -12.245        2   -57.78020
    -12.095        2   -57.94486
    -11.945        2   -58.11278
    -11.795        2   -58.28238
    -11.645        2   -58.45456
    -11.495        2   -58.63231
    -11.345        2   -58.81196
    -11.195        2   -58.99112
    -11.045        2   -59.17110
    -10.895        2   -59.35553
    -10.745        2   -59.53895
    -10.595        2   -59.72722
    -10.445        2   -59.91749
    -10.295        2   -60.10986
    -10.145        2   -60.30623
    -9.9950        2   -60.50535
    -9.8450        2   -60.71148
    -9.6950        2   -60.91721
    -9.5450        2   -61.12721
    -9.3950        2   -61.33932
    -9.2450        2   -61.55650
    -9.0950        2   -61.77723
    -8.9450        2   -62.00515
    -8.7950        2   -62.23670
    -8.6450        2   -62.46933
    -8.4950        2   -62.70877
    -8.3450        2   -62.94894
    -8.1950        2   -63.19364
    -8.0450        2   -63.44434
    -7.8950        2   -63.70222
    -7.7450        2   -63.96698
    -7.5950        2   -64.23468
    -7.4450        2   -64.50711
    -7.2950        2   -64.78727
    -7.1450        2   -65.07289
    -6.9950        2   -65.36516
    -6.8450        2   -65.66510
    -6.6950        2   -65.97429
    -6.5450        2   -66.29392
    -6.3950        2   -66.61789
    -6.2450        2   -66.95101
    -6.0950        2   -67.29325
    -5.9450        2   -67.64477
    -5.7950        2   -68.00181
    -5.6450        2   -68.36786
    -5.4950        2   -68.74498
    -5.3450        2   -69.13141
    -5.1950        2   -69.52850
    -5.0450        2   -69.93596
    -4.8950        2   -70.35588
    -4.7450        2   -70.78777
    -4.5950        2   -71.23433
    -4.4450        2   -71.69508
    -4.2950        2   -72.17223
    -4.1450        2   -72.66666
    -3.9950        2   -73.17355
    -3.8450        2   -73.69752
    -3.6950        2   -74.23490
    -3.5450        2   -74.79158
    -3.3950        2   -75.36654
    -3.2450        2   -75.96092
    -3.0950        2   -76.57908
    -2.9450        2   -77.21973
    -2.7950        2   -77.88627
    -2.6450        2   -78.58545
    -2.4950        2   -79.31571
    -2.3450        2   -80.08241
    -2.1950        2   -80.88973
    -2.0450        2   -81.74360
    -1.8950        2   -82.64987
    -1.7450        2   -83.61825
    -1.5950        2   -84.65777
    -1.4450        2   -85.78271
    -1.2950        2   -86.99758
    -1.1450        2   -88.31815
   -0.99500        2   -89.76615
   -0.84500        2   -91.37240
   -0.69500        2   -93.18840
   -0.54500        2   -95.24134
   -0.39500        2   -97.50581
   -0.25300        2   -99.01328
   -0.21500        2   -99.10509
   -0.20900        2   -99.19665
   -0.20300        2   -99.28758
   -0.19700        2   -99.37812
   -0.19100        2   -99.46827
   -0.18500        2   -99.55767
   -0.17900        2   -99.64645
   -0.17300        2   -99.73441
   -0.16700        2   -99.82170
   -0.16100        2   -99.90774
   -0.15500        2   -99.99271
   -0.14900        2  -100.07653
   -0.14300        2  -100.15896
   -0.13700        2  -100.24012
   -0.13100        2  -100.31982
   -0.12500        2  -100.39786
   -0.11900        2  -100.47444
   -0.11300        2  -100.54925
   -0.10700        2  -100.62211
   -0.10100        2  -100.69294
   -0.95000E-01    2  -100.76168
   -0.89000E-01    2  -100.82811
   -0.83000E-01    2  -100.89193
   -0.77000E-01    2  -100.95325
   -0.71000E-01    2  -101.01167
   -0.65000E-01    2  -101.06695
   -0.59000E-01    2  -101.11904
   -0.53000E-01    2  -101.16755
   -0.47000E-01    2  -101.21221
   -0.41000E-01    2  -101.25268
   -0.35000E-01    2  -101.28856
   -0.29000E-01    2  -101.31958
   -0.23000E-01    2  -101.34524
   -0.19700E-01    2  -101.34748
   -0.19100E-01    2  -101.34967
   -0.18500E-01    2  -101.35181
   -0.17900E-01    2  -101.35388
   -0.17300E-01    2  -101.35589
   -0.16700E-01    2  -101.35784
   -0.16100E-01    2  -101.35972
   -0.15500E-01    2  -101.36154
   -0.14900E-01    2  -101.36331
   -0.14300E-01    2  -101.36501
   -0.13700E-01    2  -101.36663
   -0.13100E-01    2  -101.36819
   -0.12500E-01    2  -101.36969
   -0.11900E-01    2  -101.37113
   -0.11300E-01    2  -101.37251
   -0.10700E-01    2  -101.37382
   -0.10100E-01    2  -101.37505
   -0.95000E-02    2  -101.37622
   -0.89000E-02    2  -101.37732
   -0.83000E-02    2  -101.37835
   -0.77000E-02    2  -101.37931
   -0.71000E-02    2  -101.38020
   -0.65000E-02    2  -101.38102
   -0.59000E-02    2  -101.38177
   -0.53000E-02    2  -101.38244
   -0.47000E-02    2  -101.38304
   -0.41000E-02    2  -101.38357
   -0.35000E-02    2  -101.38402
   -0.29000E-02    2  -101.38439
   -0.23000E-02    2  -101.38469
   -0.17000E-02    2  -101.38491
   -0.11000E-02    2  -101.38505
   -0.50000E-03    2  -101.38512
    0.10000E-03    2  -101.38511
    0.70000E-03    2  -101.38501
    0.13000E-02    2  -101.38484
    0.19000E-02    2  -101.38458
    0.25000E-02    2  -101.38424
    0.31000E-02    2  -101.38382
    0.37000E-02    2  -101.38332
    0.43000E-02    2  -101.38272
    0.49000E-02    2  -101.38205
    0.55000E-02    2  -101.38129
    0.61000E-02    2  -101.38044
    0.67000E-02    2  -101.37950
    0.73000E-02    2  -101.37847
    0.79000E-02    2  -101.37735
    0.85000E-02    2  -101.37614
    0.91000E-02    2  -101.37484
    0.97000E-02    2  -101.37344
    0.10300E-01    2  -101.37195
    0.10900E-01    2  -101.37035
    0.11500E-01    2  -101.36866
    0.12100E-01    2  -101.36687
    0.12700E-01    2  -101.36498
    0.13300E-01    2  -101.36300
    0.13900E-01    2  -101.36091
    0.14500E-01    2  -101.35871
    0.15100E-01    2  -101.35641
    0.15700E-01    2  -101.35400
    0.16300E-01    2  -101.35148
    0.16900E-01    2  -101.34886
    0.17500E-01    2  -101.34609
    0.18100E-01    2  -101.34323
    0.18700E-01    2  -101.34025
    0.19300E-01    2  -101.33717
    0.20200E-01    2  -101.32407
    0.25000E-01    2  -101.28220
    0.31000E-01    2  -101.22774
    0.37000E-01    2  -101.15947
    0.43000E-01    2  -101.07546
    0.49000E-01    2  -100.97343
    0.55000E-01    2  -100.85138
    0.61000E-01    2  -100.71186
    0.67000E-01    2  -100.55342
    0.73000E-01    2  -100.37434
    0.79000E-01    2  -100.17280
    0.85000E-01    2   -99.94682
    0.91000E-01    2   -99.69265
    0.97000E-01    2   -99.41040
    0.10300        2   -99.09984
    0.10900        2   -98.75923
    0.11500        2   -98.38766
    0.12100        2   -97.98288
    0.12700        2   -97.54368
    0.13300        2   -97.06572
    0.13900        2   -96.54552
    0.14500        2   -95.97429
    0.15100        2   -95.34166
    0.15700        2   -94.66008
    0.16300        2   -93.92301
    0.16900        2   -93.11741
    0.17500        2   -92.29273
    0.18100        2   -91.43776
    0.18700        2   -90.59144
    0.19300        2   -89.74376
    0.19900        2   -88.88700
    0.20500        2   -88.01751
    0.21100        2   -87.13404
    0.21700        2   -86.23567
    0.29500        2   -60.76214
    0.44500        2   -42.10341
    0.59500        2   -31.03828
    0.74500        2   -23.10111
    0.89500        2   -16.94201
     1.0450        2   -11.93514
     1.1950        2    -7.76397
     1.3450        2    -4.36963
     1.4950        2    -1.67625
     1.6450        2     0.52865
     1.7950        2     2.38018
     1.9450        2     3.97167
     2.0950        2     5.36196
     2.2450        2     6.58884
     2.3950        2     7.68242
     2.5450        2     8.66700
     2.6950        2     9.55769
     2.8450        2    10.37063
     2.9950        2    11.11302
     3.1450        2    11.79460
     3.2950        2    12.42107
     3.4450        2    12.99938
     3.5950        2    13.53502
     3.7450        2    14.03186
     3.8950        2    14.49524
     4.0450        2    14.92301
     4.1950        2    15.32097
     4.3450        2    15.68875
     4.4950        2    16.03034
     4.6450        2    16.34340
     4.7950        2    16.63412
     4.9450        2    16.90254
     5.0950        2    17.14882
     5.2450        2    17.37891
     5.3950        2    17.59041
     5.5450        2    17.78250
     5.6950        2    17.96634
     5.8450        2    18.13106
     5.9950        2    18.28741
     6.1450        2    18.42940
     6.2950        2    18.55770
     6.4450        2    18.67169
     6.5950        2    18.77505
     6.7450        2    18.86572
     6.8950        2    18.94089
     7.0450        2    19.00448
     7.1950        2    19.05540
     7.3450        2    19.10153
     7.4950        2    19.13938
     7.6450        2    19.17253
     7.7950        2    19.20134
     7.9450        2    19.22171
     8.0950        2    19.23781
     8.2450        2    19.25159
     8.3950        2    19.26310
     8.5450        2    19.27238
     8.6950        2    19.27984
     8.8450        2    19.28725
     8.9950        2    19.29263
     9.1450        2    19.29813
     9.2950        2    19.30288
     9.4450        2    19.30786
     9.5950        2    19.31197
     9.7450        2    19.31538
     9.8950        2    19.31987
     10.045        2    19.32256
     10.195        2    19.32567
     10.345        2    19.32882
     10.495        2    19.33127
     10.645        2    19.33344
     10.795        2    19.33591
     10.945        2    19.33952
     11.095        2    19.34167
     11.245        2    19.34468
     11.395        2    19.34667
     11.545        2    19.34920
     11.695        2    19.35102
     11.845        2    19.35287
     11.995        2    19.35491
     12.145        2    19.35735
     12.295        2    19.35896
     12.445        2    19.36062
     12.595        2    19.36310
     12.745        2    19.36542
     12.895        2    19.36713
     13.045        2    19.36868
     13.195        2    19.37091
     13.345        2    19.37289
     13.495        2    19.37477
     13.645        2    19.37589
     13.795        2    19.37702
     13.945        2    19.37822
     14.095        2    19.38003
     14.245        2    19.38154
     14.395        2    19.38306
     14.545        2    19.38438
     14.695        2    19.38563
     14.845        2    19.38645
     14.995        2    19.38749
     15.145        2    19.38910
     15.295        2    19.38957
     15.445        2    19.39097
     15.595        2    19.39195
     15.745        2    19.39320
     15.895        2    19.39400
     16.045        2    19.39471
     16.195        2    19.39603
     16.345        2    19.39760
     16.495        2    19.39867
     16.645        2    19.39971
     16.795        2    19.40083
     16.945        2    19.40163
     17.095        2    19.40241
     17.245        2    19.40316
     17.395        2    19.40361
     17.545        2    19.40445
     17.695        2    19.40518
     17.845        2    19.40591
     17.995        2    19.40697
     18.145        2    19.40787
     18.295        2    19.40881
     18.445        2    19.40974
     18.595        2    19.41055
     18.745        2    19.41098
     18.895        2    19.41161
     19.045        2    19.41285
     19.195        2    19.41350
     19.345        2    19.41418
     19.495        2    19.41540
     19.645        2    19.41626
     19.795        2    19.41699
     19.945        2    19.41774
     20.095        2    19.41828
     21.836        2    19.43612
     30.068        2    19.46192
     42.097        2    19.47834
     58.937        2    19.49203
     82.515        2    19.50037
     115.53        2    19.50127
     161.74        2    19.50053
     226.45        2    19.49824
     317.04        2    19.49097
     443.87        2    19.48605
     621.44        2    19.47901
     870.05        2    19.47154
     1218.1        2    19.46293
     1705.4        2    19.46006
     2387.7        2    19.45439
     3342.9        2    19.44742
     4680.2        2    19.43934
     6552.5        2    19.43290
     9173.8        2    19.42667
     12844.        2    19.41846
     17982.        2    19.41025
     25176.        2    19.40277
     35247.        2    19.39569
     49348.        2    19.38593
     69090.        2    19.37888
     96729.        2    19.37036
    0.13543E+06    2    19.36208
    0.18960E+06    2    19.35518
    0.26545E+06    2    19.34483
    0.37165E+06    2    19.33542
    0.52033E+06    2    19.32746
    0.72849E+06    2    19.31782
    0.10199E+07    2    19.30840
    0.14279E+07    2    19.29937
    0.19992E+07    2    19.29183
    0.27990E+07    2    19.28238
    0.39187E+07    2    19.27276
    0.54864E+07    2    19.26373
    0.76812E+07    2    19.25426
    0.10754E+08    2    19.24500
    0.15056E+08    2    19.23756
    0.21080E+08    2    19.22933
    0.29513E+08    2    19.22131
    0.41319E+08    2    19.21438
    0.57849E+08    2    19.20918
    0.80991E+08    2    19.20388
    0.11339E+09    2    19.19885
    0.15875E+09    2    19.19400
    0.22226E+09    2    19.19005
    0.31118E+09    2    19.18584
    0.43567E+09    2    19.18167
    0.60996E+09    2    19.17786
    0.85398E+09    2    19.17414
    0.11956E+10    2    19.17067
    0.16739E+10    2    19.16812
    0.23436E+10    2    19.16541
    0.32811E+10    2    19.16318
    0.45937E+10    2    19.16148
    0.64315E+10    2    19.15911
    0.90044E+10    2    19.15679
    0.12607E+11    2    19.15481
    0.17650E+11    2    19.15350
    0.24711E+11    2    19.15183
    0.34596E+11    2    19.15076
    0.48437E+11    2    19.14887
    0.67814E+11    2    19.14715
    0.10000E+12    2    19.13448
    -29.945        3     0.00000
    -29.795        3     0.00000
    -29.645        3     0.00000
    -29.495        3     0.00000
    -29.345        3     0.00000
    -29.195        3     0.00000
    -29.045        3     0.00000
    -28.895        3     0.00000
    -28.745        3     0.00000
    -28.595        3     0.00000
    -28.445        3     0.00000
    -28.295        3     0.00000
    -28.145        3     0.00000
    -27.995        3     0.00000
    -27.845        3     0.00000
    -27.695        3     0.00000
    -27.545        3     0.00000
    -27.395        3     0.00000
    -27.245        3     0.00000
    -27.095        3     0.00000
    -26.945        3     0.00000
    -26.795        3     0.00000
    -26.645        3     0.00000
    -26.495        3     0.00000
    -26.345        3     0.00000
    -26.195        3     0.00000
    -26.045        3     0.00000
    -25.895        3     0.00000
    -25.745        3     0.00000
    -25.595        3     0.00000
    -25.445        3     0.00000
    -25.295        3     0.00000
    -25.145        3     0.00000
    -24.995        3     0.00000
    -24.845        3     0.00000
    -24.695        3     0.00000
    -24.545        3     0.00000
    -24.395        3     0.00000
    -24.245        3     0.00000
    -24.095        3     0.00000
    -23.945        3     0.00000
    -23.795        3     0.00000
    -23.645        3     0.00000
    -23.495        3     0.00000
    -23.345        3     0.00000
    -23.195        3     0.00000
    -23.045        3     0.00000
    -22.895        3     0.00000
    -22.745        3     0.00000
    -22.595        3     0.00000
    -22.445        3     0.00000
    -22.295        3     0.00000
    -22.145        3     0.00000
    -21.995        3     0.00000
    -21.845        3     0.00000
    -21.695        3     0.00000
    -21.545        3     0.00000
    -21.395        3     0.00000
    -21.245        3     0.00000
    -21.095        3     0.00000
    -20.945        3     0.00000
    -20.795        3     0.00000
    -20.645        3     0.00000
    -20.495        3     0.00000
    -20.345        3     0.00000
    -20.195        3     0.00000
    -20.045        3     0.00000
    -19.895        3     0.00000
    -19.745        3     0.00000
    -19.595        3     0.00000
    -19.445        3     0.00000
    -19.295        3     0.00000
    -19.145        3     0.00000
    -18.995        3     0.00000
    -18.845        3     0.00000
    -18.695        3     0.00000
    -18.545        3     0.00000
    -18.395        3     0.00000
    -18.245        3     0.00000
    -18.095        3     0.00000
    -17.945        3     0.00000
    -17.795        3     0.00000
    -17.645        3     0.00000
    -17.495        3     0.00000
    -17.345        3     0.00000
    -17.195        3     0.00000
    -17.045        3     0.00000
    -16.895        3     0.00000
    -16.745        3     0.00000
    -16.595        3     0.00000
    -16.445        3     0.00000
    -16.295        3     0.00000
    -16.145        3     0.00000
    -15.995        3     0.00000
    -15.845        3     0.00000
    -15.695        3     0.00000
    -15.545        3     0.00000
    -15.395        3     0.00000
    -15.245        3    -0.00021
    -15.095        3    -0.00214
    -14.945        3    -0.01016
    -14.795        3    -0.02970
    -14.645        3    -0.06772
    -14.495        3    -0.13701
    -14.345        3    -0.24513
    -14.195        3    -0.41178
    -14.045        3    -0.64959
    -13.895        3    -0.96149
    -13.745        3    -1.35362
    -13.595        3    -1.81922
    -13.445        3    -2.33822
    -13.295        3    -2.90822
    -13.145        3    -3.52938
    -12.995        3    -4.19026
    -12.845        3    -4.91497
    -12.695        3    -5.69520
    -12.545        3    -6.53758
    -12.395        3    -7.44129
    -12.245        3    -8.39799
    -12.095        3    -9.38578
    -11.945        3   -10.39056
    -11.795        3   -11.40389
    -11.645        3   -12.39771
    -11.495        3   -13.37709
    -11.345        3   -14.32164
    -11.195        3   -15.22220
    -11.045        3   -16.08692
    -10.895        3   -16.92378
    -10.745        3   -17.73586
    -10.595        3   -18.52862
    -10.445        3   -19.28929
    -10.295        3   -20.04058
    -10.145        3   -20.79853
    -9.9950        3   -21.55867
    -9.8450        3   -22.33539
    -9.6950        3   -23.13670
    -9.5450        3   -23.97671
    -9.3950        3   -24.85837
    -9.2450        3   -25.78309
    -9.0950        3   -26.76371
    -8.9450        3   -27.81169
    -8.7950        3   -28.92305
    -8.6450        3   -30.12911
    -8.4950        3   -31.44032
    -8.3450        3   -32.87117
    -8.1950        3   -34.43025
    -8.0450        3   -36.11651
    -7.8950        3   -37.95637
    -7.7450        3   -39.93908
    -7.5950        3   -42.06634
    -7.4450        3   -44.34262
    -7.2950        3   -46.76674
    -7.1450        3   -49.31231
    -6.9950        3   -51.94586
    -6.8450        3   -54.68109
    -6.6950        3   -57.47449
    -6.5450        3   -60.32767
    -6.3950        3   -63.21294
    -6.2450        3   -66.10624
    -6.0950        3   -68.99049
    -5.9450        3   -71.85239
    -5.7950        3   -74.66352
    -5.6450        3   -77.42695
    -5.4950        3   -80.11039
    -5.3450        3   -82.73864
    -5.1950        3   -85.29474
    -5.0450        3   -87.80694
    -4.8950        3   -90.27827
    -4.7450        3   -92.71986
    -4.5950        3   -95.13637
    -4.4450        3   -97.54924
    -4.2950        3   -99.96499
    -4.1450        3  -102.42099
    -3.9950        3  -104.92038
    -3.8450        3  -107.48324
    -3.6950        3  -110.13507
    -3.5450        3  -112.89769
    -3.3950        3  -115.78583
    -3.2450        3  -118.83218
    -3.0950        3  -122.05822
    -2.9450        3  -125.47625
    -2.7950        3  -129.13067
    -2.6450        3  -133.05439
    -2.4950        3  -137.30528
    -2.3450        3  -141.98344
    -2.1950        3  -147.16576
    -2.0450        3  -152.95131
    -1.8950        3  -159.44762
    -1.7450        3  -166.81035
    -1.5950        3  -175.22649
    -1.4450        3  -184.82473
    -1.2950        3  -195.62531
    -1.1450        3  -207.51747
   -0.99500        3  -220.35296
   -0.84500        3  -233.94739
   -0.69500        3  -248.29818
   -0.54500        3  -263.71069
   -0.39500        3  -281.20193
   -0.25300        3  -294.54017
   -0.21500        3  -295.45310
   -0.20900        3  -296.37929
   -0.20300        3  -297.32000
   -0.19700        3  -298.27474
   -0.19100        3  -299.24487
   -0.18500        3  -300.23163
   -0.17900        3  -301.23668
   -0.17300        3  -302.25891
   -0.16700        3  -303.30245
   -0.16100        3  -304.36598
   -0.15500        3  -305.45148
   -0.14900        3  -306.56212
   -0.14300        3  -307.69798
   -0.13700        3  -308.86129
   -0.13100        3  -310.05478
   -0.12500        3  -311.27945
   -0.11900        3  -312.53950
   -0.11300        3  -313.83753
   -0.10700        3  -315.17792
   -0.10100        3  -316.56633
   -0.95000E-01    3  -318.00769
   -0.89000E-01    3  -319.50872
   -0.83000E-01    3  -321.07834
   -0.77000E-01    3  -322.72776
   -0.71000E-01    3  -324.47096
   -0.65000E-01    3  -326.32517
   -0.59000E-01    3  -328.31716
   -0.53000E-01    3  -330.48080
   -0.47000E-01    3  -332.86750
   -0.41000E-01    3  -335.55779
   -0.35000E-01    3  -338.70297
   -0.29000E-01    3  -342.45796
   -0.23000E-01    3  -346.97945
   -0.19700E-01    3  -347.47640
   -0.19100E-01    3  -347.98327
   -0.18500E-01    3  -348.50037
   -0.17900E-01    3  -349.02847
   -0.17300E-01    3  -349.56761
   -0.16700E-01    3  -350.11852
   -0.16100E-01    3  -350.68139
   -0.15500E-01    3  -351.25711
   -0.14900E-01    3  -351.84593
   -0.14300E-01    3  -352.44910
   -0.13700E-01    3  -353.06723
   -0.13100E-01    3  -353.70151
   -0.12500E-01    3  -354.35304
   -0.11900E-01    3  -355.02301
   -0.11300E-01    3  -355.71256
   -0.10700E-01    3  -356.42358
   -0.10100E-01    3  -357.15755
   -0.95000E-02    3  -357.91564
   -0.89000E-02    3  -358.69911
   -0.83000E-02    3  -359.50758
   -0.77000E-02    3  -360.34017
   -0.71000E-02    3  -361.19486
   -0.65000E-02    3  -362.06894
   -0.59000E-02    3  -362.95827
   -0.53000E-02    3  -363.85904
   -0.47000E-02    3  -364.75583
   -0.41000E-02    3  -365.62716
   -0.35000E-02    3  -366.45310
   -0.29000E-02    3  -367.21269
   -0.23000E-02    3  -367.87538
   -0.17000E-02    3  -368.40205
   -0.11000E-02    3  -368.76030
   -0.50000E-03    3  -368.92787
    0.10000E-03    3  -368.89411
    0.70000E-03    3  -368.66123
    0.13000E-02    3  -368.24395
    0.19000E-02    3  -367.66805
    0.25000E-02    3  -366.96897
    0.31000E-02    3  -366.18542
    0.37000E-02    3  -365.34282
    0.43000E-02    3  -364.46163
    0.49000E-02    3  -363.56188
    0.55000E-02    3  -362.66596
    0.61000E-02    3  -361.78495
    0.67000E-02    3  -360.92282
    0.73000E-02    3  -360.08251
    0.79000E-02    3  -359.26627
    0.85000E-02    3  -358.47567
    0.91000E-02    3  -357.71083
    0.97000E-02    3  -356.97154
    0.10300E-01    3  -356.25542
    0.10900E-01    3  -355.56076
    0.11500E-01    3  -354.88538
    0.12100E-01    3  -354.22775
    0.12700E-01    3  -353.58690
    0.13300E-01    3  -352.96207
    0.13900E-01    3  -352.35227
    0.14500E-01    3  -351.75719
    0.15100E-01    3  -351.17585
    0.15700E-01    3  -350.60759
    0.16300E-01    3  -350.05220
    0.16900E-01    3  -349.50868
    0.17500E-01    3  -348.97691
    0.18100E-01    3  -348.45639
    0.18700E-01    3  -347.94659
    0.19300E-01    3  -347.44766
    0.20200E-01    3  -345.60153
    0.25000E-01    3  -341.42443
    0.31000E-01    3  -337.97862
    0.37000E-01    3  -335.11264
    0.43000E-01    3  -332.65693
    0.49000E-01    3  -330.48753
    0.55000E-01    3  -328.53419
    0.61000E-01    3  -326.75063
    0.67000E-01    3  -325.10334
    0.73000E-01    3  -323.57208
    0.79000E-01    3  -322.13921
    0.85000E-01    3  -320.79228
    0.91000E-01    3  -319.51953
    0.97000E-01    3  -318.31363
    0.10300        3  -317.16774
    0.10900        3  -316.07588
    0.11500        3  -315.03426
    0.12100        3  -314.03883
    0.12700        3  -313.08411
    0.13300        3  -312.16867
    0.13900        3  -311.28776
    0.14500        3  -310.43883
    0.15100        3  -309.62023
    0.15700        3  -308.82856
    0.16300        3  -308.06336
    0.16900        3  -307.32276
    0.17500        3  -306.60451
    0.18100        3  -305.90823
    0.18700        3  -305.23197
    0.19300        3  -304.57443
    0.19900        3  -303.93494
    0.20500        3  -303.31302
    0.21100        3  -302.70642
    0.21700        3  -302.11600
    0.29500        3  -290.37958
    0.44500        3  -282.96391
    0.59500        3  -277.50287
    0.74500        3  -273.08096
    0.89500        3  -269.27282
     1.0450        3  -265.86788
     1.1950        3  -262.75697
     1.3450        3  -259.87709
     1.4950        3  -257.18474
     1.6450        3  -254.65661
     1.7950        3  -252.26179
     1.9450        3  -249.98951
     2.0950        3  -247.81596
     2.2450        3  -245.73553
     2.3950        3  -243.72403
     2.5450        3  -241.77717
     2.6950        3  -239.87921
     2.8450        3  -238.01088
     2.9950        3  -236.17816
     3.1450        3  -234.37082
     3.2950        3  -232.59774
     3.4450        3  -230.86006
     3.5950        3  -229.15692
     3.7450        3  -227.49174
     3.8950        3  -225.87679
     4.0450        3  -224.30355
     4.1950        3  -222.78061
     4.3450        3  -221.31860
     4.4950        3  -219.90782
     4.6450        3  -218.55638
     4.7950        3  -217.26450
     4.9450        3  -216.03862
     5.0950        3  -214.87224
     5.2450        3  -213.78004
     5.3950        3  -212.76340
     5.5450        3  -211.81146
     5.6950        3  -210.91943
     5.8450        3  -210.10571
     5.9950        3  -209.35474
     6.1450        3  -208.66534
     6.2950        3  -208.02555
     6.4450        3  -207.43871
     6.5950        3  -206.89190
     6.7450        3  -206.38647
     6.8950        3  -205.91873
     7.0450        3  -205.47291
     7.1950        3  -205.06248
     7.3450        3  -204.67004
     7.4950        3  -204.29789
     7.6450        3  -203.93980
     7.7950        3  -203.60113
     7.9450        3  -203.27587
     8.0950        3  -202.95985
     8.2450        3  -202.65741
     8.3950        3  -202.36167
     8.5450        3  -202.07481
     8.6950        3  -201.79473
     8.8450        3  -201.52221
     8.9950        3  -201.25604
     9.1450        3  -200.99562
     9.2950        3  -200.73944
     9.4450        3  -200.48753
     9.5950        3  -200.24027
     9.7450        3  -199.99756
     9.8950        3  -199.75762
     10.045        3  -199.52291
     10.195        3  -199.29217
     10.345        3  -199.06380
     10.495        3  -198.83912
     10.645        3  -198.61679
     10.795        3  -198.39866
     10.945        3  -198.18351
     11.095        3  -197.97134
     11.245        3  -197.76133
     11.395        3  -197.55538
     11.545        3  -197.35180
     11.695        3  -197.14985
     11.845        3  -196.95144
     11.995        3  -196.75438
     12.145        3  -196.56126
     12.295        3  -196.36997
     12.445        3  -196.18220
     12.595        3  -195.99388
     12.745        3  -195.80838
     12.895        3  -195.62516
     13.045        3  -195.44469
     13.195        3  -195.26669
     13.345        3  -195.08986
     13.495        3  -194.91584
     13.645        3  -194.74376
     13.795        3  -194.57154
     13.945        3  -194.40404
     14.095        3  -194.23695
     14.245        3  -194.07176
     14.395        3  -193.90887
     14.545        3  -193.74694
     14.695        3  -193.58695
     14.845        3  -193.42860
     14.995        3  -193.27138
     15.145        3  -193.11631
     15.295        3  -192.96196
     15.445        3  -192.80932
     15.595        3  -192.65817
     15.745        3  -192.50757
     15.895        3  -192.35993
     16.045        3  -192.21347
     16.195        3  -192.06828
     16.345        3  -191.92381
     16.495        3  -191.78149
     16.645        3  -191.64101
     16.795        3  -191.50176
     16.945        3  -191.36317
     17.095        3  -191.22532
     17.245        3  -191.08925
     17.395        3  -190.95445
     17.545        3  -190.81994
     17.695        3  -190.68655
     17.845        3  -190.55500
     17.995        3  -190.42260
     18.145        3  -190.29292
     18.295        3  -190.16373
     18.445        3  -190.03609
     18.595        3  -189.90995
     18.745        3  -189.78490
     18.895        3  -189.66078
     19.045        3  -189.53685
     19.195        3  -189.41438
     19.345        3  -189.29270
     19.495        3  -189.17107
     19.645        3  -189.05151
     19.795        3  -188.93236
     19.945        3  -188.81402
     20.095        3  -188.69616
     21.836        3  -185.14203
     30.068        3  -179.88290
     42.097        3  -174.65449
     58.937        3  -169.48412
     82.515        3  -164.38591
     115.53        3  -159.37597
     161.74        3  -154.46831
     226.45        3  -149.66768
     317.04        3  -144.97490
     443.87        3  -140.39921
     621.44        3  -135.93557
     870.05        3  -131.58304
     1218.1        3  -127.34453
     1705.4        3  -123.21544
     2387.7        3  -119.19637
     3342.9        3  -115.28448
     4680.2        3  -111.47692
     6552.5        3  -107.77143
     9173.8        3  -104.17076
     12844.        3  -100.67487
     17982.        3   -97.28283
     25176.        3   -94.00425
     35247.        3   -90.84098
     49348.        3   -87.80371
     69090.        3   -84.89631
     96729.        3   -82.11614
    0.13543E+06    3   -79.46138
    0.18960E+06    3   -76.93123
    0.26545E+06    3   -74.51843
    0.37165E+06    3   -72.22155
    0.52033E+06    3   -70.03428
    0.72849E+06    3   -67.95012
    0.10199E+07    3   -65.96651
    0.14279E+07    3   -64.08103
    0.19992E+07    3   -62.28663
    0.27990E+07    3   -60.58112
    0.39187E+07    3   -58.95967
    0.54864E+07    3   -57.41931
    0.76812E+07    3   -55.95440
    0.10754E+08    3   -54.56120
    0.15056E+08    3   -53.23755
    0.21080E+08    3   -51.98088
    0.29513E+08    3   -50.78682
    0.41319E+08    3   -49.65796
    0.57849E+08    3   -48.60746
    0.80991E+08    3   -47.63709
    0.11339E+09    3   -46.73496
    0.15875E+09    3   -45.89510
    0.22226E+09    3   -45.11022
    0.31118E+09    3   -44.37631
    0.43567E+09    3   -43.69156
    0.60996E+09    3   -43.06446
    0.85398E+09    3   -42.49700
    0.11956E+10    3   -41.97814
    0.16739E+10    3   -41.50222
    0.23436E+10    3   -41.06508
    0.32811E+10    3   -40.66340
    0.45937E+10    3   -40.29363
    0.64315E+10    3   -39.95394
    0.90044E+10    3   -39.64168
    0.12607E+11    3   -39.35467
    0.17650E+11    3   -39.09066
    0.24711E+11    3   -38.84781
    0.34596E+11    3   -38.62489
    0.48437E+11    3   -38.41944
    0.67814E+11    3   -38.23056
    0.10000E+12    3   -36.07773
