      1   C   -0.10000    1 0	52.770	9.770	48.080
      2   O   -0.34000    2 0	53.050	10.740	49.080
      3   C   -0.01000    3 0	54.280	11.420	48.950
      4   H    0.09000    4 0	53.120	8.740	48.270
      5   H    0.09000    4 0	53.140	10.040	47.070
      6   H    0.09000    4 0	51.670	9.680	47.970
      7   H    0.09000    5 0	55.130	10.710	48.940
      8   H    0.09000    5 0	54.320	11.940	47.970
      9   C   -0.01000    3 0	54.390	12.480	50.060
     10   O   -0.34000    2 0	54.320	11.990	51.380
     11   C   -0.10000    1 0	55.380	11.310	51.920
     12   H    0.09000    5 0	55.300	13.090	49.890
     13   H    0.09000    5 0	53.530	13.160	49.900
     14   H    0.09000    4 0	55.240	11.210	53.020
     15   H    0.09000    4 0	55.460	10.300	51.480
     16   H    0.09000    4 0	56.270	11.890	51.610
			
			
			
			
			
			
			
			
			
			
			
			
			
			
			
			
			
			
			
