    -29.945         0.00000
    -29.795         0.00000
    -29.645         0.00000
    -29.495         0.00000
    -29.345         0.00000
    -29.195         0.00000
    -29.045         0.00000
    -28.895         0.00000
    -28.745         0.00000
    -28.595         0.00000
    -28.445         0.00000
    -28.295         0.00000
    -28.145         0.00000
    -27.995         0.00000
    -27.845         0.00000
    -27.695         0.00000
    -27.545         0.00000
    -27.395         0.00000
    -27.245         0.00000
    -27.095         0.00000
    -26.945         0.00000
    -26.795         0.00000
    -26.645         0.00000
    -26.495         0.00000
    -26.345         0.00000
    -26.195         0.00000
    -26.045         0.00000
    -25.895         0.00000
    -25.745         0.00000
    -25.595         0.00000
    -25.445         0.00000
    -25.295         0.00000
    -25.145         0.00000
    -24.995         0.00000
    -24.845         0.00000
    -24.695         0.00000
    -24.545         0.00000
    -24.395         0.00000
    -24.245         0.00000
    -24.095         0.00000
    -23.945         0.00000
    -23.795         0.00000
    -23.645         0.00000
    -23.495         0.00000
    -23.345         0.00000
    -23.195         0.00000
    -23.045         0.00000
    -22.895         0.00000
    -22.745         0.00000
    -22.595         0.00000
    -22.445         0.00000
    -22.295         0.00000
    -22.145         0.00000
    -21.995         0.00000
    -21.845         0.00000
    -21.695         0.00000
    -21.545         0.00000
    -21.395         0.00000
    -21.245         0.00000
    -21.095         0.00000
    -20.945         0.00000
    -20.795         0.00000
    -20.645         0.00000
    -20.495         0.00000
    -20.345         0.00000
    -20.195         0.00000
    -20.045         0.00000
    -19.895         0.00000
    -19.745         0.00000
    -19.595         0.00000
    -19.445         0.00000
    -19.295         0.00000
    -19.145         0.00000
    -18.995         0.00000
    -18.845         0.00000
    -18.695         0.00000
    -18.545         0.00000
    -18.395         0.00000
    -18.245         0.00000
    -18.095         0.00000
    -17.945         0.00000
    -17.795         0.00000
    -17.645         0.00000
    -17.495         0.00000
    -17.345         0.00000
    -17.195         0.00000
    -17.045         0.00000
    -16.895         0.00000
    -16.745         0.00000
    -16.595         0.00000
    -16.445         0.00000
    -16.295         0.00000
    -16.145         0.00000
    -15.995         0.00000
    -15.845         0.00000
    -15.695         0.00000
    -15.545         0.00000
    -15.395         0.00000
    -15.245        -0.00006
    -15.095        -0.00151
    -14.945        -0.01301
    -14.795        -0.07347
    -14.645        -0.26876
    -14.495        -0.68549
    -14.345        -1.32386
    -14.195        -2.16621
    -14.045        -3.18447
    -13.895        -4.35070
    -13.745        -5.62111
    -13.595        -6.97639
    -13.445        -8.37985
    -13.295        -9.80190
    -13.145       -11.23569
    -12.995       -12.63889
    -12.845       -14.01572
    -12.695       -15.34788
    -12.545       -16.61000
    -12.395       -17.80647
    -12.245       -18.95907
    -12.095       -20.04542
    -11.945       -21.08645
    -11.795       -22.10440
    -11.645       -23.12803
    -11.495       -24.16273
    -11.345       -25.22231
    -11.195       -26.30020
    -11.045       -27.40072
    -10.895       -28.51641
    -10.745       -29.64272
    -10.595       -30.77753
    -10.445       -31.91393
    -10.295       -33.05111
    -10.145       -34.18008
    -9.9950       -35.30653
    -9.8450       -36.44711
    -9.6950       -37.59771
    -9.5450       -38.77326
    -9.3950       -39.99291
    -9.2450       -41.26632
    -9.0950       -42.61291
    -8.9450       -44.03426
    -8.7950       -45.53705
    -8.6450       -47.11073
    -8.4950       -48.74957
    -8.3450       -50.44546
    -8.1950       -52.19525
    -8.0450       -53.99937
    -7.8950       -55.85394
    -7.7450       -57.77110
    -7.5950       -59.75293
    -7.4450       -61.81630
    -7.2950       -63.96323
    -7.1450       -66.21159
    -6.9950       -68.56476
    -6.8450       -71.00947
    -6.6950       -73.54441
    -6.5450       -76.12775
    -6.3950       -78.75129
    -6.2450       -81.40136
    -6.0950       -84.05669
    -5.9450       -86.71340
    -5.7950       -89.36032
    -5.6450       -91.99362
    -5.4950       -94.62332
    -5.3450       -97.24957
    -5.1950       -99.88591
    -5.0450      -102.54655
    -4.8950      -105.22651
    -4.7450      -107.95276
    -4.5950      -110.71744
    -4.4450      -113.53794
    -4.2950      -116.41512
    -4.1450      -119.34754
    -3.9950      -122.35594
    -3.8450      -125.44407
    -3.6950      -128.64566
    -3.5450      -131.97792
    -3.3950      -135.46947
    -3.2450      -139.14480
    -3.0950      -143.01998
    -2.9450      -147.09121
    -2.7950      -151.39753
    -2.6450      -155.93683
    -2.4950      -160.76041
    -2.3450      -165.90888
    -2.1950      -171.45351
    -2.0450      -177.47150
    -1.8950      -184.09106
    -1.7450      -191.45019
    -1.5950      -199.68663
    -1.4450      -208.86267
    -1.2950      -218.94840
    -1.1450      -229.81586
   -0.99500      -241.32150
   -0.84500      -253.31975
   -0.69500      -265.81028
   -0.54500      -279.03741
   -0.39500      -293.79662
   -0.25300      -304.86423
   -0.21500      -305.61413
   -0.20900      -306.37405
   -0.20300      -307.14490
   -0.19700      -307.92684
   -0.19100      -308.71973
   -0.18500      -309.52480
   -0.17900      -310.34277
   -0.17300      -311.17575
   -0.16700      -312.02293
   -0.16100      -312.88647
   -0.15500      -313.76731
   -0.14900      -314.66666
   -0.14300      -315.58484
   -0.13700      -316.52460
   -0.13100      -317.48731
   -0.12500      -318.47461
   -0.11900      -319.48934
   -0.11300      -320.53368
   -0.10700      -321.61085
   -0.10100      -322.72440
   -0.95000E-01  -323.87884
   -0.89000E-01  -325.07914
   -0.83000E-01  -326.33136
   -0.77000E-01  -327.64220
   -0.71000E-01  -329.02291
   -0.65000E-01  -330.48293
   -0.59000E-01  -332.03688
   -0.53000E-01  -333.70172
   -0.47000E-01  -335.50047
   -0.41000E-01  -337.46391
   -0.35000E-01  -339.64273
   -0.29000E-01  -342.12194
   -0.23000E-01  -345.06089
   -0.19700E-01  -345.38625
   -0.19100E-01  -345.71921
   -0.18500E-01  -346.06012
   -0.17900E-01  -346.40950
   -0.17300E-01  -346.76798
   -0.16700E-01  -347.13633
   -0.16100E-01  -347.51507
   -0.15500E-01  -347.90487
   -0.14900E-01  -348.30685
   -0.14300E-01  -348.72203
   -0.13700E-01  -349.15167
   -0.13100E-01  -349.59749
   -0.12500E-01  -350.06017
   -0.11900E-01  -350.54108
   -0.11300E-01  -351.04200
   -0.10700E-01  -351.56466
   -0.10100E-01  -352.11085
   -0.95000E-02  -352.68257
   -0.89000E-02  -353.28180
   -0.83000E-02  -353.91215
   -0.77000E-02  -354.57790
   -0.71000E-02  -355.28436
   -0.65000E-02  -356.03845
   -0.59000E-02  -356.84127
   -0.53000E-02  -357.69100
   -0.47000E-02  -358.58518
   -0.41000E-02  -359.51784
   -0.35000E-02  -360.47260
   -0.29000E-02  -361.41835
   -0.23000E-02  -362.28830
   -0.17000E-02  -363.00311
   -0.11000E-02  -363.51800
   -0.50000E-03  -363.83443
    0.10000E-03  -363.89642
    0.70000E-03  -363.63343
    0.13000E-02  -363.06779
    0.19000E-02  -362.29286
    0.25000E-02  -361.38922
    0.31000E-02  -360.43544
    0.37000E-02  -359.48634
    0.43000E-02  -358.56578
    0.49000E-02  -357.68696
    0.55000E-02  -356.85359
    0.61000E-02  -356.06777
    0.67000E-02  -355.33109
    0.73000E-02  -354.63991
    0.79000E-02  -353.98752
    0.85000E-02  -353.36918
    0.91000E-02  -352.78052
    0.97000E-02  -352.21893
    0.10300E-01  -351.68201
    0.10900E-01  -351.16819
    0.11500E-01  -350.67587
    0.12100E-01  -350.20315
    0.12700E-01  -349.74831
    0.13300E-01  -349.31030
    0.13900E-01  -348.88789
    0.14500E-01  -348.47967
    0.15100E-01  -348.08454
    0.15700E-01  -347.70112
    0.16300E-01  -347.32886
    0.16900E-01  -346.96679
    0.17500E-01  -346.61436
    0.18100E-01  -346.27102
    0.18700E-01  -345.93598
    0.19300E-01  -345.60914
    0.20200E-01  -344.40709
    0.25000E-01  -341.68979
    0.31000E-01  -339.37495
    0.37000E-01  -337.33945
    0.43000E-01  -335.51545
    0.49000E-01  -333.86254
    0.55000E-01  -332.35382
    0.61000E-01  -330.96944
    0.67000E-01  -329.69030
    0.73000E-01  -328.50044
    0.79000E-01  -327.38804
    0.85000E-01  -326.34178
    0.91000E-01  -325.35416
    0.97000E-01  -324.41815
    0.10300      -323.52827
    0.10900      -322.68024
    0.11500      -321.86960
    0.12100      -321.09176
    0.12700      -320.34360
    0.13300      -319.62395
    0.13900      -318.92974
    0.14500      -318.25888
    0.15100      -317.61056
    0.15700      -316.98292
    0.16300      -316.37356
    0.16900      -315.78243
    0.17500      -315.20817
    0.18100      -314.65069
    0.18700      -314.10732
    0.19300      -313.57926
    0.19900      -313.06489
    0.20500      -312.56349
    0.21100      -312.07510
    0.21700      -311.59903
    0.29500      -302.05690
    0.44500      -295.88887
    0.59500      -291.33471
    0.74500      -287.60703
    0.89500      -284.38625
     1.0450      -281.51774
     1.1950      -278.91690
     1.3450      -276.53545
     1.4950      -274.33864
     1.6450      -272.30668
     1.7950      -270.43219
     1.9450      -268.69558
     2.0950      -267.09585
     2.2450      -265.61262
     2.3950      -264.25061
     2.5450      -262.99162
     2.6950      -261.83503
     2.8450      -260.77256
     2.9950      -259.80368
     3.1450      -258.90974
     3.2950      -258.08289
     3.4450      -257.32296
     3.5950      -256.62305
     3.7450      -255.97307
     3.8950      -255.36433
     4.0450      -254.79357
     4.1950      -254.25480
     4.3450      -253.74145
     4.4950      -253.25514
     4.6450      -252.78516
     4.7950      -252.33464
     4.9450      -251.90179
     5.0950      -251.48366
     5.2450      -251.08398
     5.3950      -250.69180
     5.5450      -250.31259
     5.6950      -249.94026
     5.8450      -249.58763
     5.9950      -249.23543
     6.1450      -248.89555
     6.2950      -248.56536
     6.4450      -248.24365
     6.5950      -247.92785
     6.7450      -247.62176
     6.8950      -247.32093
     7.0450      -247.02331
     7.1950      -246.73051
     7.3450      -246.45005
     7.4950      -246.17372
     7.6450      -245.89966
     7.7950      -245.63695
     7.9450      -245.37654
     8.0950      -245.12192
     8.2450      -244.86772
     8.3950      -244.62041
     8.5450      -244.37665
     8.6950      -244.13672
     8.8450      -243.90391
     8.9950      -243.66844
     9.1450      -243.44151
     9.2950      -243.21656
     9.4450      -242.99446
     9.5950      -242.77670
     9.7450      -242.56298
     9.8950      -242.35079
     10.045      -242.14292
     10.195      -241.93858
     10.345      -241.73447
     10.495      -241.53470
     10.645      -241.33814
     10.795      -241.14489
     10.945      -240.95163
     11.095      -240.76539
     11.245      -240.57718
     11.395      -240.39363
     11.545      -240.21095
     11.695      -240.03132
     11.845      -239.85716
     11.995      -239.68329
     12.145      -239.50826
     12.295      -239.33856
     12.445      -239.16953
     12.595      -239.00182
     12.745      -238.83614
     12.895      -238.67274
     13.045      -238.51117
     13.195      -238.34926
     13.345      -238.19084
     13.495      -238.03208
     13.645      -237.87746
     13.795      -237.72539
     13.945      -237.57675
     14.095      -237.42366
     14.245      -237.27625
     14.395      -237.12903
     14.545      -236.98303
     14.695      -236.84132
     14.845      -236.69889
     14.995      -236.55614
     15.145      -236.41539
     15.295      -236.27744
     15.445      -236.14286
     15.595      -236.00905
     15.745      -235.87427
     15.895      -235.74101
     16.045      -235.60919
     16.195      -235.47819
     16.345      -235.34962
     16.495      -235.22046
     16.645      -235.09354
     16.795      -234.96624
     16.945      -234.84267
     17.095      -234.71774
     17.245      -234.59456
     17.395      -234.47111
     17.545      -234.35020
     17.695      -234.23128
     17.845      -234.11276
     17.995      -233.99326
     18.145      -233.87532
     18.295      -233.75690
     18.445      -233.64131
     18.595      -233.52503
     18.745      -233.41016
     18.895      -233.29669
     19.045      -233.18502
     19.195      -233.07293
     19.345      -232.96153
     19.495      -232.85285
     19.645      -232.74282
     19.795      -232.63602
     19.945      -232.52956
     20.095      -232.42299
     20.245      -232.31690
     20.395      -232.21123
     20.545      -232.10752
     20.695      -232.00340
     20.845      -231.89947
     20.995      -231.79812
     21.145      -231.69791
     21.295      -231.59658
     21.445      -231.49748
     21.595      -231.39797
     21.745      -231.30086
     21.895      -231.20319
     22.045      -231.10522
     22.195      -231.00904
     22.345      -230.91390
     22.495      -230.81767
     22.645      -230.72230
     22.795      -230.62886
     22.945      -230.53586
     23.095      -230.44360
     23.245      -230.35222
     23.395      -230.26026
     23.545      -230.16914
     23.695      -230.07919
     23.845      -229.98958
     23.995      -229.90144
     24.145      -229.81263
     24.295      -229.72389
     24.445      -229.63629
     24.595      -229.54891
     24.745      -229.46338
     24.895      -229.37830
     25.045      -229.29343
     25.195      -229.20808
     25.345      -229.12394
     25.495      -229.04162
     25.645      -228.95802
     25.795      -228.87565
     25.945      -228.79233
     26.095      -228.71118
     26.245      -228.62935
     26.395      -228.54711
     26.545      -228.46583
     26.695      -228.38604
     26.845      -228.30610
     26.995      -228.22619
     27.145      -228.14654
     27.295      -228.06700
     27.445      -227.98831
     27.595      -227.91080
     27.745      -227.83306
     27.895      -227.75704
     28.045      -227.68050
     28.195      -227.60637
     28.345      -227.52984
     28.495      -227.45421
     28.645      -227.37824
     28.795      -227.30520
     28.945      -227.23129
     29.095      -227.15659
     29.245      -227.08321
     29.395      -227.01038
     29.545      -226.93874
     29.695      -226.86543
     29.845      -226.79342
     29.995      -226.72313
     30.145      -226.65205
     30.295      -226.58253
     30.445      -226.51200
     30.595      -226.44139
     30.745      -226.37100
     30.895      -226.30150
     31.045      -226.23150
     31.195      -226.16182
     31.345      -226.09189
     31.495      -226.02222
     31.645      -225.95409
     31.795      -225.88706
     31.945      -225.81864
     32.095      -225.75201
     32.245      -225.68447
     32.395      -225.61843
     32.545      -225.55184
     32.695      -225.48612
     32.845      -225.42124
     32.995      -225.35463
     33.145      -225.29005
     33.295      -225.22494
     33.445      -225.16145
     33.595      -225.09805
     33.745      -225.03368
     33.895      -224.96926
     34.045      -224.90621
     34.195      -224.84461
     34.345      -224.78409
     34.495      -224.72173
     34.645      -224.65990
     34.795      -224.59943
     34.945      -224.53816
     35.095      -224.47660
     35.245      -224.41566
     35.395      -224.35592
     35.545      -224.29579
     35.695      -224.23578
     35.845      -224.17711
     35.995      -224.11674
     36.145      -224.05549
     36.295      -223.99651
     36.445      -223.93749
     36.595      -223.87796
     36.745      -223.82003
     36.895      -223.76098
     37.045      -223.70358
     37.195      -223.64579
     37.345      -223.58878
     37.495      -223.53174
     37.645      -223.47472
     37.795      -223.41686
     37.945      -223.36019
     38.095      -223.30425
     38.245      -223.24791
     38.395      -223.19267
     38.545      -223.13740
     38.695      -223.08214
     38.845      -223.02697
     38.995      -222.97325
     39.145      -222.91963
     39.295      -222.86516
     39.445      -222.81033
     39.595      -222.75609
     39.745      -222.70135
     39.895      -222.64762
     40.045      -222.59383
     40.195      -222.54038
     40.345      -222.48758
     40.495      -222.43371
     40.645      -222.38115
     40.795      -222.32811
     40.945      -222.27624
     41.095      -222.22431
     41.245      -222.17225
     41.395      -222.12099
     41.545      -222.07012
     41.695      -222.01887
     41.845      -221.96800
     41.995      -221.91699
     42.145      -221.86534
     42.295      -221.81520
     42.445      -221.76530
     42.595      -221.71475
     42.745      -221.66433
     42.895      -221.61517
     43.045      -221.56575
     43.195      -221.51570
     43.345      -221.46564
     43.495      -221.41629
     43.645      -221.36749
     43.795      -221.31873
     43.945      -221.27080
     44.095      -221.22181
     44.245      -221.17387
     44.395      -221.12528
     44.545      -221.07762
     44.695      -221.03051
     44.845      -220.98198
     44.995      -220.93451
     45.145      -220.88652
     45.295      -220.83977
     45.445      -220.79275
     45.595      -220.74528
     45.745      -220.69863
     45.895      -220.65115
     46.045      -220.60568
     46.195      -220.55922
     46.345      -220.51326
     46.495      -220.46777
     46.645      -220.42085
     46.795      -220.37536
     46.945      -220.32973
     47.095      -220.28423
     47.245      -220.23896
     47.395      -220.19458
     47.545      -220.14911
     47.695      -220.10287
     47.845      -220.05879
     47.995      -220.01433
     48.145      -219.97023
     48.295      -219.92607
     48.445      -219.88205
     48.595      -219.83826
     48.745      -219.79450
     48.895      -219.75045
     49.045      -219.70710
     49.195      -219.66339
     49.345      -219.61939
     49.495      -219.57574
     49.645      -219.53297
     49.795      -219.48990
     49.945      -219.44657
     50.095      -219.40459
     50.245      -219.36243
     50.395      -219.31950
     50.545      -219.27695
     50.695      -219.23367
     50.845      -219.19126
     50.995      -219.14932
     51.145      -219.10842
     51.295      -219.06607
     51.445      -219.02534
     51.595      -218.98446
     51.745      -218.94417
     51.895      -218.90235
     52.045      -218.86138
     52.195      -218.82061
     52.345      -218.78019
     52.495      -218.73931
     52.645      -218.69841
     52.795      -218.65739
     52.945      -218.61768
     53.095      -218.57749
     53.245      -218.53745
     53.395      -218.49714
     53.545      -218.45791
     53.695      -218.41861
     53.845      -218.37826
     53.995      -218.33810
     54.145      -218.29869
     54.295      -218.26019
     54.445      -218.22032
     54.595      -218.18096
     54.745      -218.14266
     54.895      -218.10359
     55.045      -218.06466
     55.195      -218.02533
     55.345      -217.98743
     55.495      -217.94896
     55.645      -217.91022
     55.795      -217.87172
     55.945      -217.83397
     56.095      -217.79535
     56.245      -217.75677
     56.395      -217.71867
     56.545      -217.68067
     56.695      -217.64286
     56.845      -217.60503
     56.995      -217.56776
     57.145      -217.53044
     57.295      -217.49320
     57.445      -217.45515
     57.595      -217.41761
     57.745      -217.38077
     57.895      -217.34286
     58.045      -217.30696
     58.195      -217.27005
     58.345      -217.23331
     58.495      -217.19682
     58.645      -217.16071
     58.795      -217.12434
     58.945      -217.08800
     59.095      -217.05255
     59.245      -217.01591
     59.395      -216.97940
     59.545      -216.94332
     59.695      -216.90794
     59.845      -216.87223
     59.995      -216.83601
     60.145      -216.80082
     70.939      -212.24928
     97.698      -207.74313
     134.55      -203.27626
     185.30      -198.85388
     255.20      -194.49117
     351.46      -190.18788
     484.04      -185.95936
     666.62      -181.81296
     918.07      -177.75206
     1264.4      -173.75372
     1741.3      -169.82689
     2398.1      -165.97409
     3302.7      -162.17644
     4548.5      -158.45273
     6264.3      -154.82245
     8627.2      -151.28906
     11881.      -147.85068
     16363.      -144.51892
     22535.      -141.29509
     31036.      -138.17726
     42743.      -135.16907
     58866.      -132.27206
     81070.      -129.49852
    0.11165E+06  -126.84349
    0.15377E+06  -124.30306
    0.21177E+06  -121.87781
    0.29165E+06  -119.56214
    0.40166E+06  -117.35372
    0.55317E+06  -115.24172
    0.76182E+06  -113.23078
    0.10492E+07  -111.30914
    0.14449E+07  -109.47946
    0.19900E+07  -107.73755
    0.27406E+07  -106.07521
    0.37744E+07  -104.48897
    0.51981E+07  -102.97530
    0.71589E+07  -101.53493
    0.98593E+07  -100.16158
    0.13578E+08   -98.85477
    0.18700E+08   -97.61000
    0.25754E+08   -96.42485
    0.35468E+08   -95.29871
    0.48847E+08   -94.24183
    0.67273E+08   -93.25886
    0.92648E+08   -92.33999
    0.12760E+09   -91.48462
    0.17573E+09   -90.68330
    0.24201E+09   -89.93389
    0.33330E+09   -89.23249
    0.45902E+09   -88.57413
    0.63217E+09   -87.97054
    0.87062E+09   -87.42059
    0.11990E+10   -86.91575
    0.16513E+10   -86.44991
    0.22742E+10   -86.01888
    0.31320E+10   -85.62411
    0.43134E+10   -85.25775
    0.59405E+10   -84.92073
    0.81813E+10   -84.60907
    0.11267E+11   -84.32203
    0.15517E+11   -84.05584
    0.21371E+11   -83.81054
    0.29432E+11   -83.58393
    0.40534E+11   -83.37488
    0.55823E+11   -83.18233
    0.10000E+12   -80.85922
