8.660	25.930	19.810
8.380	26.610	21.050
8.810	26.070	22.270
9.760	26.060	19.720
8.220	26.480	18.960
8.310	24.870	19.860
8.090	25.270	22.550
9.850	25.690	22.160
8.770	27.160	23.380
9.610	28.340	23.160
9.510	29.340	24.160
7.710	27.480	23.350
8.950	26.720	24.390
8.430	29.600	24.290
9.890	28.990	25.140
10.200	30.660	23.820
11.640	30.580	23.770
12.290	31.620	23.060
9.800	31.010	22.850
9.930	31.450	24.550
11.700	31.890	22.160
12.430	32.490	23.730
13.640	31.150	22.610
13.340	29.970	21.790
14.550	29.330	21.260
14.090	31.950	21.980
14.350	30.910	23.430
15.150	28.880	22.080
14.320	28.390	20.720
15.400	30.250	20.380
14.610	30.990	19.440
15.460	31.630	18.470
16.020	30.930	20.990
16.120	29.640	19.780
15.910	32.490	19.020
16.340	30.990	18.260
14.820	32.080	17.180
14.740	30.900	16.350
13.860	31.110	15.260
13.840	32.580	17.370
15.480	32.770	16.610
12.810	31.190	15.610
14.120	32.020	14.680
14.000	29.870	14.360
15.130	29.980	13.470
15.120	28.900	12.500
14.100	28.950	14.980
13.100	29.720	13.730
14.870	27.980	13.060
14.300	29.060	11.760
16.440	28.780	11.800
17.390	28.320	12.750
18.690	28.310	12.140
16.300	28.060	10.960
16.770	29.740	11.340
18.850	27.410	11.510
18.860	29.180	11.470
19.670	28.170	13.290
19.650	26.820	13.740
18.610	26.460	14.660
20.680	28.400	12.910
19.420	28.950	14.030
18.680	27.030	15.610
17.620	26.590	14.190
18.790	24.990	15.040
18.580	24.220	13.870
18.780	22.830	14.050
19.840	24.800	15.370
18.060	24.670	15.810
19.600	22.570	14.740
17.850	22.400	14.480
18.890	22.170	12.690
20.160	22.430	12.070
20.500	21.700	10.840
18.860	21.060	12.830
18.090	22.530	12.010
21.560	21.990	10.650
20.440	20.600	11.020
19.640	22.090	9.630
20.300	21.770	8.420
19.750	22.250	7.230
18.630	21.630	9.670
19.360	23.150	9.810
18.770	21.750	7.100
19.550	23.330	7.430
20.620	21.930	6.000
20.860	20.520	5.890
21.810	20.200	4.850
20.120	22.250	5.060
21.570	22.510	6.030
21.510	20.650	3.880
22.780	20.590	5.220
21.910	18.640	4.820
22.600	18.320	6.030
23.110	16.990	6.230
20.910	18.140	4.860
22.390	18.210	3.910
23.610	16.590	5.320
23.730	16.910	7.150
21.910	16.010	6.480
20.960	15.940	5.410
19.820	15.240	5.810
22.340	15.000	6.670
21.380	16.350	7.390
19.050	15.470	5.040
19.950	14.140	5.830
19.410	15.580	6.780
		
		
		
		
		
		
		
		
		
		
		
		
		
		
		
		
		
		
		
		
		
		
		
		
		
		
		
		
		
		
		
		
		
		
		
		
		
		
		
		
		
		
		
		
		
		
		
		
		
		
		
		
		
		
		
		
		
		
		
		
		
		
		
		
		
		
		
		
		
		
		
		
		
		
		
		
		
		
		
		
		
		
		
		
		
		
		
		
		
		
		
		
		
		
		
		
		
		
		
		
		
		
		
		
		
		
		
		
		
		
