    -159.95         0.00000
    -159.79         0.00000
    -159.65         0.00000
    -159.49         0.00000
    -159.34         0.00000
    -159.20         0.00000
    -159.04         0.00000
    -158.90         0.00000
    -158.74         0.00000
    -158.59         0.00000
    -158.45         0.00000
    -158.29         0.00000
    -158.15         0.00000
    -157.99         0.00000
    -157.84         0.00000
    -157.70         0.00000
    -157.54         0.00000
    -157.40         0.00000
    -157.24         0.00000
    -157.09         0.00000
    -156.95         0.00000
    -156.79         0.00000
    -156.65         0.00000
    -156.49         0.00000
    -156.34         0.00000
    -156.20         0.00000
    -156.04         0.00000
    -155.90         0.00000
    -155.74         0.00000
    -155.59         0.00000
    -155.45         0.00000
    -155.29         0.00000
    -155.15         0.00000
    -154.99         0.00000
    -154.84         0.00000
    -154.70         0.00000
    -154.54         0.00000
    -154.40         0.00000
    -154.24         0.00000
    -154.09         0.00000
    -153.95         0.00000
    -153.79         0.00000
    -153.65         0.00000
    -153.49         0.00000
    -153.34         0.00000
    -153.20         0.00000
    -153.04         0.00000
    -152.90         0.00000
    -152.74         0.00000
    -152.59         0.00000
    -152.45         0.00000
    -152.29         0.00000
    -152.15         0.00000
    -151.99         0.00000
    -151.84         0.00000
    -151.70         0.00000
    -151.54         0.00000
    -151.40         0.00000
    -151.24         0.00000
    -151.09         0.00000
    -150.95         0.00000
    -150.79         0.00000
    -150.65         0.00000
    -150.49         0.00000
    -150.34         0.00000
    -150.20         0.00000
    -150.04         0.00000
    -149.90         0.00000
    -149.74         0.00000
    -149.59         0.00000
    -149.45         0.00000
    -149.29         0.00000
    -149.15         0.00000
    -148.99         0.00000
    -148.84         0.00000
    -148.70         0.00000
    -148.54         0.00000
    -148.40         0.00000
    -148.24         0.00000
    -148.09         0.00000
    -147.95         0.00000
    -147.79         0.00000
    -147.65         0.00000
    -147.49         0.00000
    -147.34         0.00000
    -147.20         0.00000
    -147.04         0.00000
    -146.90         0.00000
    -146.74         0.00000
    -146.59         0.00000
    -146.45         0.00000
    -146.29         0.00000
    -146.15         0.00000
    -145.99         0.00000
    -145.84         0.00000
    -145.70         0.00000
    -145.54         0.00000
    -145.40         0.00000
    -145.24         0.00000
    -145.09         0.00000
    -144.95         0.00000
    -144.79         0.00000
    -144.65         0.00000
    -144.49         0.00000
    -144.34         0.00000
    -144.20         0.00000
    -144.04         0.00000
    -143.90         0.00000
    -143.74         0.00000
    -143.59         0.00000
    -143.45         0.00000
    -143.29         0.00000
    -143.15         0.00000
    -142.99         0.00000
    -142.84         0.00000
    -142.70         0.00000
    -142.54         0.00000
    -142.40         0.00000
    -142.24         0.00000
    -142.09         0.00000
    -141.95         0.00000
    -141.79         0.00000
    -141.65         0.00000
    -141.49         0.00000
    -141.34         0.00000
    -141.20         0.00000
    -141.04         0.00000
    -140.90         0.00000
    -140.74         0.00000
    -140.59         0.00000
    -140.45         0.00000
    -140.29         0.00000
    -140.15         0.00000
    -139.99         0.00000
    -139.84         0.00000
    -139.70         0.00000
    -139.54         0.00000
    -139.40         0.00000
    -139.24         0.00000
    -139.09         0.00000
    -138.95         0.00000
    -138.79         0.00000
    -138.65         0.00000
    -138.49         0.00000
    -138.34         0.00000
    -138.20         0.00000
    -138.04         0.00000
    -137.90         0.00000
    -137.74         0.00000
    -137.59         0.00000
    -137.45         0.00000
    -137.29         0.00000
    -137.15         0.00000
    -136.99         0.00000
    -136.84         0.00000
    -136.70         0.00000
    -136.54         0.00000
    -136.40         0.00000
    -136.24         0.00000
    -136.09         0.00000
    -135.95         0.00000
    -135.79         0.00000
    -135.65         0.00000
    -135.49         0.00000
    -135.34         0.00000
    -135.20         0.00000
    -135.04         0.00000
    -134.90         0.00000
    -134.74         0.00000
    -134.59         0.00000
    -134.45         0.00000
    -134.29         0.00000
    -134.15         0.00000
    -133.99         0.00000
    -133.84         0.00000
    -133.70         0.00000
    -133.54         0.00000
    -133.40         0.00000
    -133.24         0.00000
    -133.09         0.00000
    -132.95         0.00000
    -132.79         0.00000
    -132.65         0.00000
    -132.49         0.00000
    -132.34         0.00000
    -132.20         0.00000
    -132.04         0.00000
    -131.90         0.00000
    -131.74         0.00000
    -131.59         0.00000
    -131.45         0.00000
    -131.29         0.00000
    -131.15         0.00000
    -130.99         0.00000
    -130.84         0.00000
    -130.70         0.00000
    -130.54         0.00000
    -130.40         0.00000
    -130.24         0.00000
    -130.09         0.00000
    -129.95         0.00000
    -129.79         0.00000
    -129.65         0.00000
    -129.49         0.00000
    -129.34         0.00000
    -129.20         0.00000
    -129.04         0.00000
    -128.90         0.00000
    -128.74         0.00000
    -128.59         0.00000
    -128.45         0.00000
    -128.29         0.00000
    -128.15         0.00000
    -127.99         0.00000
    -127.85         0.00000
    -127.69         0.00000
    -127.55         0.00000
    -127.39         0.00000
    -127.25         0.00000
    -127.10         0.00000
    -126.94         0.00000
    -126.80         0.00000
    -126.64         0.00000
    -126.50         0.00000
    -126.35         0.00000
    -126.19         0.00000
    -126.05         0.00000
    -125.89         0.00000
    -125.75         0.00000
    -125.60         0.00000
    -125.44         0.00000
    -125.30         0.00000
    -125.14         0.00000
    -125.00         0.00000
    -124.85         0.00000
    -124.69         0.00000
    -124.55         0.00000
    -124.39         0.00000
    -124.25         0.00000
    -124.10         0.00000
    -123.94         0.00000
    -123.80         0.00000
    -123.64         0.00000
    -123.50         0.00000
    -123.35         0.00000
    -123.19         0.00000
    -123.05         0.00000
    -122.89         0.00000
    -122.75         0.00000
    -122.60         0.00000
    -122.44         0.00000
    -122.30         0.00000
    -122.14         0.00000
    -122.00         0.00000
    -121.85         0.00000
    -121.69         0.00000
    -121.55         0.00000
    -121.39         0.00000
    -121.25         0.00000
    -121.10         0.00000
    -120.94         0.00000
    -120.80         0.00000
    -120.64         0.00000
    -120.50         0.00000
    -120.35         0.00000
    -120.19         0.00000
    -120.05         0.00000
    -119.89         0.00000
    -119.75         0.00000
    -119.60         0.00000
    -119.44         0.00000
    -119.30         0.00000
    -119.14         0.00000
    -119.00         0.00000
    -118.85         0.00000
    -118.69         0.00000
    -118.55         0.00000
    -118.39         0.00000
    -118.25         0.00000
    -118.10         0.00000
    -117.94         0.00000
    -117.80         0.00000
    -117.64         0.00000
    -117.50         0.00000
    -117.35         0.00000
    -117.19         0.00000
    -117.05         0.00000
    -116.89         0.00000
    -116.75         0.00000
    -116.60         0.00000
    -116.44         0.00000
    -116.30         0.00000
    -116.14         0.00000
    -116.00         0.00000
    -115.85         0.00000
    -115.69         0.00000
    -115.55         0.00000
    -115.39         0.00000
    -115.25         0.00000
    -115.10         0.00000
    -114.94         0.00000
    -114.80         0.00000
    -114.64         0.00000
    -114.50         0.00000
    -114.35         0.00000
    -114.19         0.00000
    -114.05         0.00000
    -113.89         0.00000
    -113.75         0.00000
    -113.60         0.00000
    -113.44         0.00000
    -113.30         0.00000
    -113.14         0.00000
    -113.00         0.00000
    -112.85         0.00000
    -112.69         0.00000
    -112.55         0.00000
    -112.39         0.00000
    -112.25         0.00000
    -112.10         0.00000
    -111.94         0.00000
    -111.80         0.00000
    -111.64         0.00000
    -111.50         0.00000
    -111.35         0.00000
    -111.19         0.00000
    -111.05         0.00000
    -110.89         0.00000
    -110.75         0.00000
    -110.60         0.00000
    -110.44         0.00000
    -110.30         0.00000
    -110.14         0.00000
    -110.00         0.00000
    -109.85         0.00000
    -109.69         0.00000
    -109.55         0.00000
    -109.39         0.00000
    -109.25         0.00000
    -109.10         0.00000
    -108.94         0.00000
    -108.80         0.00000
    -108.64         0.00000
    -108.50         0.00000
    -108.35         0.00000
    -108.19         0.00000
    -108.05         0.00000
    -107.89         0.00000
    -107.75         0.00000
    -107.60         0.00000
    -107.44         0.00000
    -107.30         0.00000
    -107.14         0.00000
    -107.00         0.00000
    -106.85         0.00000
    -106.69         0.00000
    -106.55         0.00000
    -106.39         0.00000
    -106.25         0.00000
    -106.10         0.00000
    -105.94         0.00000
    -105.80         0.00000
    -105.64         0.00000
    -105.50         0.00000
    -105.35         0.00000
    -105.19         0.00000
    -105.05         0.00000
    -104.89         0.00000
    -104.75         0.00000
    -104.60         0.00000
    -104.44         0.00000
    -104.30         0.00000
    -104.14         0.00000
    -104.00         0.00000
    -103.85         0.00000
    -103.69         0.00000
    -103.55         0.00000
    -103.39         0.00000
    -103.25         0.00000
    -103.10         0.00000
    -102.94         0.00000
    -102.80         0.00000
    -102.64         0.00000
    -102.50         0.00000
    -102.35         0.00000
    -102.19         0.00000
    -102.05         0.00000
    -101.89         0.00000
    -101.75         0.00000
    -101.60         0.00000
    -101.44         0.00000
    -101.30         0.00000
    -101.14         0.00000
    -101.00         0.00000
    -100.85         0.00000
    -100.69         0.00000
    -100.55         0.00000
    -100.39         0.00000
    -100.25         0.00000
    -100.10         0.00000
    -99.945         0.00000
    -99.795         0.00000
    -99.645         0.00000
    -99.495         0.00000
    -99.345         0.00000
    -99.195         0.00000
    -99.045         0.00000
    -98.895         0.00000
    -98.745         0.00000
    -98.595         0.00000
    -98.445         0.00000
    -98.295         0.00000
    -98.145         0.00000
    -97.995         0.00000
    -97.845         0.00000
    -97.695         0.00000
    -97.545         0.00000
    -97.395         0.00000
    -97.245         0.00000
    -97.095         0.00000
    -96.945         0.00000
    -96.795         0.00000
    -96.645         0.00000
    -96.495         0.00000
    -96.345         0.00000
    -96.195         0.00000
    -96.045         0.00000
    -95.895         0.00000
    -95.745         0.00000
    -95.595         0.00000
    -95.445         0.00000
    -95.295         0.00000
    -95.145         0.00000
    -94.995         0.00000
    -94.845         0.00000
    -94.695         0.00000
    -94.545         0.00000
    -94.395         0.00000
    -94.245         0.00000
    -94.095         0.00000
    -93.945         0.00000
    -93.795         0.00000
    -93.645         0.00000
    -93.495         0.00000
    -93.345         0.00000
    -93.195         0.00000
    -93.045         0.00000
    -92.895         0.00000
    -92.745         0.00000
    -92.595         0.00000
    -92.445         0.00000
    -92.295         0.00000
    -92.145         0.00000
    -91.995         0.00000
    -91.845         0.00000
    -91.695         0.00000
    -91.545         0.00000
    -91.395         0.00000
    -91.245         0.00000
    -91.095         0.00000
    -90.945         0.00000
    -90.795         0.00000
    -90.645         0.00000
    -90.495         0.00000
    -90.345         0.00000
    -90.195         0.00000
    -90.045         0.00000
    -89.895         0.00000
    -89.745         0.00000
    -89.595         0.00000
    -89.445         0.00000
    -89.295         0.00000
    -89.145         0.00000
    -88.995         0.00000
    -88.845         0.00000
    -88.695         0.00000
    -88.545         0.00000
    -88.395         0.00000
    -88.245         0.00000
    -88.095         0.00000
    -87.945         0.00000
    -87.795         0.00000
    -87.645         0.00000
    -87.495         0.00000
    -87.345         0.00000
    -87.195         0.00000
    -87.045         0.00000
    -86.895         0.00000
    -86.745         0.00000
    -86.595         0.00000
    -86.445         0.00000
    -86.295         0.00000
    -86.145         0.00000
    -85.995         0.00000
    -85.845         0.00000
    -85.695         0.00000
    -85.545         0.00000
    -85.395         0.00000
    -85.245         0.00000
    -85.095         0.00000
    -84.945         0.00000
    -84.795         0.00000
    -84.645         0.00000
    -84.495         0.00000
    -84.345         0.00000
    -84.195         0.00000
    -84.045         0.00000
    -83.895         0.00000
    -83.745         0.00000
    -83.595         0.00000
    -83.445         0.00000
    -83.295         0.00000
    -83.145         0.00000
    -82.995         0.00000
    -82.845         0.00000
    -82.695         0.00000
    -82.545         0.00000
    -82.395         0.00000
    -82.245         0.00000
    -82.095         0.00000
    -81.945         0.00000
    -81.795         0.00000
    -81.645         0.00000
    -81.495         0.00000
    -81.345         0.00000
    -81.195         0.00000
    -81.045         0.00000
    -80.895         0.00000
    -80.745         0.00000
    -80.595         0.00000
    -80.445         0.00000
    -80.295         0.00000
    -80.145         0.00000
    -79.995         0.00000
    -79.845         0.00000
    -79.695         0.00000
    -79.545         0.00000
    -79.395         0.00000
    -79.245         0.00000
    -79.095         0.00000
    -78.945         0.00000
    -78.795         0.00000
    -78.645         0.00000
    -78.495         0.00000
    -78.345         0.00000
    -78.195         0.00000
    -78.045         0.00000
    -77.895         0.00000
    -77.745         0.00000
    -77.595         0.00000
    -77.445         0.00000
    -77.295         0.00000
    -77.145         0.00000
    -76.995         0.00000
    -76.845         0.00000
    -76.695         0.00000
    -76.545         0.00000
    -76.395         0.00000
    -76.245         0.00000
    -76.095         0.00000
    -75.945         0.00000
    -75.795         0.00000
    -75.645         0.00000
    -75.495         0.00000
    -75.345         0.00000
    -75.195         0.00000
    -75.045         0.00000
    -74.895         0.00000
    -74.745         0.00000
    -74.595         0.00000
    -74.445         0.00000
    -74.295         0.00000
    -74.145         0.00000
    -73.995         0.00000
    -73.845         0.00000
    -73.695         0.00000
    -73.545         0.00000
    -73.395         0.00000
    -73.245         0.00000
    -73.095         0.00000
    -72.945         0.00000
    -72.795         0.00000
    -72.645         0.00000
    -72.495         0.00000
    -72.345         0.00000
    -72.195         0.00000
    -72.045         0.00000
    -71.895         0.00000
    -71.745         0.00000
    -71.595         0.00000
    -71.445         0.00000
    -71.295         0.00000
    -71.145         0.00000
    -70.995         0.00000
    -70.845         0.00000
    -70.695         0.00000
    -70.545         0.00000
    -70.395         0.00000
    -70.245         0.00000
    -70.095         0.00000
    -69.945         0.00000
    -69.795         0.00000
    -69.645         0.00000
    -69.495         0.00000
    -69.345         0.00000
    -69.195         0.00000
    -69.045         0.00000
    -68.895         0.00000
    -68.745         0.00000
    -68.595         0.00000
    -68.445         0.00000
    -68.295         0.00000
    -68.145         0.00000
    -67.995         0.00000
    -67.845         0.00000
    -67.695         0.00000
    -67.545         0.00000
    -67.395         0.00000
    -67.245         0.00000
    -67.095         0.00000
    -66.945         0.00000
    -66.795         0.00000
    -66.645         0.00000
    -66.495         0.00000
    -66.345         0.00000
    -66.195         0.00000
    -66.045         0.00000
    -65.895         0.00000
    -65.745         0.00000
    -65.595         0.00000
    -65.445         0.00000
    -65.295         0.00000
    -65.145         0.00000
    -64.995         0.00000
    -64.845         0.00000
    -64.695         0.00000
    -64.545         0.00000
    -64.395         0.00000
    -64.245         0.00000
    -64.095         0.00000
    -63.945         0.00000
    -63.795         0.00000
    -63.645         0.00000
    -63.495         0.00000
    -63.345         0.00000
    -63.195         0.00000
    -63.045         0.00000
    -62.895         0.00000
    -62.745         0.00000
    -62.595         0.00000
    -62.445         0.00000
    -62.295         0.00000
    -62.145         0.00000
    -61.995         0.00000
    -61.845         0.00000
    -61.695         0.00000
    -61.545         0.00000
    -61.395         0.00000
    -61.245         0.00000
    -61.095         0.00000
    -60.945         0.00000
    -60.795         0.00000
    -60.645         0.00000
    -60.495         0.00000
    -60.345         0.00000
    -60.195         0.00000
    -60.045         0.00000
    -59.895         0.00000
    -59.745         0.00000
    -59.595         0.00000
    -59.445         0.00000
    -59.295         0.00000
    -59.145         0.00000
    -58.995         0.00000
    -58.845         0.00000
    -58.695         0.00000
    -58.545         0.00000
    -58.395         0.00000
    -58.245         0.00000
    -58.095         0.00000
    -57.945         0.00000
    -57.795         0.00000
    -57.645         0.00000
    -57.495         0.00000
    -57.345         0.00000
    -57.195         0.00000
    -57.045         0.00000
    -56.895         0.00000
    -56.745         0.00000
    -56.595         0.00000
    -56.445         0.00000
    -56.295         0.00000
    -56.145         0.00000
    -55.995         0.00000
    -55.845         0.00000
    -55.695         0.00000
    -55.545         0.00000
    -55.395         0.00000
    -55.245         0.00000
    -55.095         0.00000
    -54.945         0.00000
    -54.795         0.00000
    -54.645         0.00000
    -54.495         0.00000
    -54.345         0.00000
    -54.195         0.00000
    -54.045         0.00000
    -53.895         0.00000
    -53.745         0.00000
    -53.595         0.00000
    -53.445         0.00000
    -53.295         0.00000
    -53.145         0.00000
    -52.995         0.00000
    -52.845         0.00000
    -52.695         0.00000
    -52.545         0.00000
    -52.395         0.00000
    -52.245         0.00000
    -52.095         0.00000
    -51.945         0.00000
    -51.795         0.00000
    -51.645         0.00000
    -51.495         0.00000
    -51.345         0.00000
    -51.195         0.00000
    -51.045         0.00000
    -50.895         0.00000
    -50.745         0.00000
    -50.595         0.00000
    -50.445         0.00000
    -50.295         0.00000
    -50.145         0.00000
    -49.995         0.00000
    -49.845         0.00000
    -49.695         0.00000
    -49.545         0.00000
    -49.395         0.00000
    -49.245         0.00000
    -49.095         0.00000
    -48.945         0.00000
    -48.795         0.00000
    -48.645         0.00000
    -48.495         0.00000
    -48.345         0.00000
    -48.195         0.00000
    -48.045         0.00000
    -47.895         0.00000
    -47.745         0.00000
    -47.595         0.00000
    -47.445         0.00000
    -47.295         0.00000
    -47.145         0.00000
    -46.995         0.00000
    -46.845         0.00000
    -46.695         0.00000
    -46.545         0.00000
    -46.395         0.00000
    -46.245         0.00000
    -46.095         0.00000
    -45.945         0.00000
    -45.795         0.00000
    -45.645         0.00000
    -45.495         0.00000
    -45.345         0.00000
    -45.195         0.00000
    -45.045         0.00000
    -44.895         0.00000
    -44.745         0.00000
    -44.595         0.00000
    -44.445         0.00000
    -44.295         0.00000
    -44.145         0.00000
    -43.995         0.00000
    -43.845         0.00000
    -43.695         0.00000
    -43.545         0.00000
    -43.395         0.00000
    -43.245         0.00000
    -43.095         0.00000
    -42.945         0.00000
    -42.795         0.00000
    -42.645         0.00000
    -42.495         0.00000
    -42.345         0.00000
    -42.195         0.00000
    -42.045         0.00000
    -41.895         0.00000
    -41.745         0.00000
    -41.595         0.00000
    -41.445         0.00000
    -41.295         0.00000
    -41.145         0.00000
    -40.995         0.00000
    -40.845         0.00000
    -40.695         0.00000
    -40.545         0.00000
    -40.395         0.00000
    -40.245         0.00000
    -40.095         0.00000
    -39.945         0.00000
    -39.795         0.00000
    -39.645         0.00000
    -39.495         0.00000
    -39.345         0.00000
    -39.195         0.00000
    -39.045         0.00000
    -38.895         0.00000
    -38.745         0.00000
    -38.595         0.00000
    -38.445         0.00000
    -38.295         0.00000
    -38.145         0.00000
    -37.995         0.00000
    -37.845         0.00000
    -37.695         0.00000
    -37.545         0.00000
    -37.395         0.00000
    -37.245         0.00000
    -37.095         0.00000
    -36.945         0.00000
    -36.795         0.00000
    -36.645         0.00000
    -36.495         0.00000
    -36.345         0.00000
    -36.195         0.00000
    -36.045         0.00000
    -35.895         0.00000
    -35.745         0.00000
    -35.595         0.00000
    -35.445         0.00000
    -35.295         0.00000
    -35.145         0.00000
    -34.995         0.00000
    -34.845         0.00000
    -34.695         0.00000
    -34.545         0.00000
    -34.395         0.00000
    -34.245         0.00000
    -34.095         0.00000
    -33.945         0.00000
    -33.795         0.00000
    -33.645         0.00000
    -33.495         0.00000
    -33.345         0.00000
    -33.195         0.00000
    -33.045         0.00000
    -32.895         0.00000
    -32.745         0.00000
    -32.595         0.00000
    -32.445         0.00000
    -32.295         0.00000
    -32.145         0.00000
    -31.995         0.00000
    -31.845         0.00000
    -31.695         0.00000
    -31.545         0.00000
    -31.395         0.00000
    -31.245         0.00000
    -31.095         0.00000
    -30.945         0.00000
    -30.795         0.00000
    -30.645         0.00000
    -30.495         0.00000
    -30.345         0.00000
    -30.195         0.00000
    -30.045         0.00000
    -29.895         0.00000
    -29.745         0.00000
    -29.595         0.00000
    -29.445         0.00000
    -29.295         0.00000
    -29.145         0.00000
    -28.995         0.00000
    -28.845         0.00000
    -28.695         0.00000
    -28.545         0.00000
    -28.395         0.00000
    -28.245         0.00000
    -28.095         0.00000
    -27.945         0.00000
    -27.795         0.00000
    -27.645         0.00000
    -27.495         0.00000
    -27.345         0.00000
    -27.195         0.00000
    -27.045         0.00000
    -26.895         0.00000
    -26.745         0.00000
    -26.595         0.00000
    -26.445         0.00000
    -26.295         0.00000
    -26.145         0.00000
    -25.995         0.00000
    -25.845         0.00000
    -25.695         0.00000
    -25.545         0.00000
    -25.395         0.00000
    -25.245         0.00000
    -25.095         0.00000
    -24.945         0.00000
    -24.795         0.00000
    -24.645         0.00000
    -24.495         0.00000
    -24.345         0.00000
    -24.195         0.00000
    -24.045         0.00000
    -23.895         0.00000
    -23.745         0.00000
    -23.595         0.00000
    -23.445         0.00000
    -23.295         0.00000
    -23.145         0.00000
    -22.995         0.00000
    -22.845         0.00000
    -22.695         0.00000
    -22.545         0.00000
    -22.395         0.00000
    -22.245         0.00000
    -22.095         0.00000
    -21.945         0.00000
    -21.795         0.00000
    -21.645         0.00000
    -21.495         0.00000
    -21.345         0.00000
    -21.195         0.00000
    -21.045         0.00000
    -20.895         0.00000
    -20.745         0.00000
    -20.595         0.00000
    -20.445         0.00000
    -20.295         0.00000
    -20.145         0.00000
    -19.995         0.00000
    -19.845         0.00000
    -19.695         0.00000
    -19.545         0.00000
    -19.395         0.00000
    -19.245         0.00000
    -19.095         0.00000
    -18.945         0.00000
    -18.795         0.00000
    -18.645         0.00000
    -18.495         0.00000
    -18.345         0.00000
    -18.195         0.00000
    -18.045         0.00000
    -17.895         0.00000
    -17.745         0.00000
    -17.595         0.00000
    -17.445         0.00000
    -17.295         0.00000
    -17.145         0.00000
    -16.995         0.00000
    -16.845         0.00000
    -16.695         0.00000
    -16.545         0.00000
    -16.395         0.00000
    -16.245         0.00000
    -16.095         0.00000
    -15.945         0.00000
    -15.795         0.00000
    -15.645         0.00000
    -15.495         0.00000
    -15.345         0.00000
    -15.195         0.00000
    -15.045         0.00000
    -14.895         0.00000
    -14.745         0.00000
    -14.595         0.00000
    -14.445         0.00000
    -14.295         0.00000
    -14.145         0.00000
    -13.995         0.00000
    -13.845         0.00000
    -13.695         0.00000
    -13.545         0.00000
    -13.395         0.00000
    -13.245         0.00000
    -13.095         0.00000
    -12.945         0.00000
    -12.795         0.00000
    -12.645         0.00000
    -12.495         0.00000
    -12.345         0.00000
    -12.195         0.00000
    -12.045         0.00000
    -11.895         0.00000
    -11.745         0.00000
    -11.595         0.00000
    -11.445         0.00000
    -11.295         0.00000
    -11.145         0.00000
    -10.995         0.00000
    -10.845         0.00000
    -10.695         0.00000
    -10.545         0.00000
    -10.395         0.00000
    -10.245         0.00000
    -10.095         0.00000
    -9.9450         0.00000
    -9.7950         0.00000
    -9.6450         0.00000
    -9.4950         0.00000
    -9.3450        -0.00074
    -9.1950        -0.00150
    -9.0450        -0.00150
    -8.8950        -0.00451
    -8.7450        -0.00542
    -8.5950        -0.00935
    -8.4450        -0.01669
    -8.2950        -0.02752
    -8.1450        -0.04030
    -7.9950        -0.05719
    -7.8450        -0.07817
    -7.6950        -0.10851
    -7.5450        -0.14955
    -7.3950        -0.20680
    -7.2450        -0.26879
    -7.0950        -0.35977
    -6.9450        -0.47354
    -6.7950        -0.60665
    -6.6450        -0.77737
    -6.4950        -0.96967
    -6.3450        -1.17825
    -6.1950        -1.42482
    -6.0450        -1.69364
    -5.8950        -1.97055
    -5.7450        -2.22413
    -5.5950        -2.49758
    -5.4450        -2.77888
    -5.2950        -3.05809
    -5.1450        -3.32076
    -4.9950        -3.56530
    -4.8450        -3.80767
    -4.6950        -4.05901
    -4.5450        -4.28196
    -4.3950        -4.47885
    -4.2450        -4.69501
    -4.0950        -4.88271
    -3.9450        -5.07907
    -3.7950        -5.25881
    -3.6450        -5.42312
    -3.4950        -5.60355
    -3.3450        -5.78206
    -3.1950        -5.95543
    -3.0450        -6.15167
    -2.8950        -6.34111
    -2.7450        -6.56678
    -2.5950        -6.80615
    -2.4450        -7.07685
    -2.2950        -7.38736
    -2.1450        -7.73354
    -1.9950        -8.15016
    -1.8450        -8.63721
    -1.6950        -9.24110
    -1.5450        -9.97471
    -1.3950       -10.89729
    -1.2450       -12.02462
    -1.0950       -13.36476
   -0.94500       -14.85190
   -0.79500       -16.48388
   -0.64500       -18.27890
   -0.49500       -20.34014
   -0.34500       -23.06761
   -0.22700       -24.24497
   -0.21300       -24.39946
   -0.20700       -24.55577
   -0.20100       -24.71938
   -0.19500       -24.88510
   -0.18900       -25.05482
   -0.18300       -25.22885
   -0.17700       -25.40829
   -0.17100       -25.59183
   -0.16500       -25.78178
   -0.15900       -25.97716
   -0.15300       -26.17752
   -0.14700       -26.38415
   -0.14100       -26.59802
   -0.13500       -26.82126
   -0.12900       -27.05093
   -0.12300       -27.29100
   -0.11700       -27.54081
   -0.11100       -27.80305
   -0.10500       -28.07565
   -0.99000E-01   -28.36355
   -0.93000E-01   -28.66861
   -0.87000E-01   -28.99249
   -0.81000E-01   -29.33476
   -0.75000E-01   -29.70231
   -0.69000E-01   -30.09578
   -0.63000E-01   -30.52506
   -0.57000E-01   -30.99432
   -0.51000E-01   -31.51400
   -0.45000E-01   -32.10274
   -0.39000E-01   -32.77632
   -0.33000E-01   -33.56904
   -0.27000E-01   -34.53526
   -0.21300E-01   -35.34270
   -0.19500E-01   -35.47413
   -0.18900E-01   -35.60992
   -0.18300E-01   -35.74988
   -0.17700E-01   -35.89472
   -0.17100E-01   -36.04400
   -0.16500E-01   -36.19944
   -0.15900E-01   -36.36021
   -0.15300E-01   -36.52840
   -0.14700E-01   -36.70204
   -0.14100E-01   -36.88428
   -0.13500E-01   -37.07406
   -0.12900E-01   -37.27269
   -0.12300E-01   -37.48219
   -0.11700E-01   -37.70225
   -0.11100E-01   -37.93474
   -0.10500E-01   -38.18194
   -0.99000E-02   -38.44399
   -0.93000E-02   -38.72526
   -0.87000E-02   -39.02800
   -0.81000E-02   -39.35960
   -0.75000E-02   -39.72206
   -0.69000E-02   -40.11851
   -0.63000E-02   -40.55465
   -0.57000E-02   -41.03551
   -0.51000E-02   -41.56862
   -0.45000E-02   -42.16353
   -0.39000E-02   -42.82767
   -0.33000E-02   -43.56586
   -0.27000E-02   -44.39029
   -0.21000E-02   -45.33354
   -0.15000E-02   -46.36603
   -0.90000E-03   -47.24975
   -0.30000E-03   -47.60423
    0.30000E-03   -47.28155
    0.90000E-03   -46.40223
    0.15000E-02   -45.36972
    0.21000E-02   -44.42897
    0.27000E-02   -43.60544
    0.33000E-02   -42.86662
    0.39000E-02   -42.20369
    0.45000E-02   -41.60884
    0.51000E-02   -41.07666
    0.57000E-02   -40.59638
    0.63000E-02   -40.15983
    0.69000E-02   -39.76299
    0.75000E-02   -39.40058
    0.81000E-02   -39.06944
    0.87000E-02   -38.76625
    0.93000E-02   -38.48570
    0.99000E-02   -38.22373
    0.10500E-01   -37.97838
    0.11100E-01   -37.74663
    0.11700E-01   -37.52692
    0.12300E-01   -37.31844
    0.12900E-01   -37.11942
    0.13500E-01   -36.92978
    0.14100E-01   -36.74833
    0.14700E-01   -36.57472
    0.15300E-01   -36.40795
    0.15900E-01   -36.24765
    0.16500E-01   -36.09313
    0.17100E-01   -35.94392
    0.17700E-01   -35.79931
    0.18300E-01   -35.65977
    0.18900E-01   -35.52455
    0.19500E-01   -35.39367
    0.21300E-01   -34.59304
    0.27000E-01   -33.63206
    0.33000E-01   -32.84641
    0.39000E-01   -32.17917
    0.45000E-01   -31.60241
    0.51000E-01   -31.09394
    0.57000E-01   -30.63991
    0.63000E-01   -30.22928
    0.69000E-01   -29.85718
    0.75000E-01   -29.51426
    0.81000E-01   -29.19849
    0.87000E-01   -28.90797
    0.93000E-01   -28.63511
    0.99000E-01   -28.38174
    0.10500       -28.14357
    0.11100       -27.91669
    0.11700       -27.70360
    0.12300       -27.50277
    0.12900       -27.31032
    0.13500       -27.12897
    0.14100       -26.95505
    0.14700       -26.78830
    0.15300       -26.63007
    0.15900       -26.47548
    0.16500       -26.32822
    0.17100       -26.18811
    0.17700       -26.05005
    0.18300       -25.91939
    0.18900       -25.79300
    0.19500       -25.66821
    0.20100       -25.54967
    0.20700       -25.43616
    0.21300       -25.32799
    0.22700       -24.52446
    0.34500       -22.96562
    0.49500       -22.03839
    0.64500       -21.39634
    0.79500       -20.89690
    0.94500       -20.47152
     1.0950       -20.09688
     1.2450       -19.76883
     1.3950       -19.47503
     1.5450       -19.20385
     1.6950       -18.95912
     1.8450       -18.73605
     1.9950       -18.53042
     2.1450       -18.35887
     2.2950       -18.20992
     2.4450       -18.07175
     2.5950       -17.94332
     2.7450       -17.83768
     2.8950       -17.73515
     3.0450       -17.63604
     3.1950       -17.56157
     3.3450       -17.48950
     3.4950       -17.42384
     3.6450       -17.36157
     3.7950       -17.30260
     3.9450       -17.24748
     4.0950       -17.19809
     4.2450       -17.14364
     4.3950       -17.09745
     4.5450       -17.05029
     4.6950       -17.00790
     4.8450       -16.96543
     4.9950       -16.92428
     5.1450       -16.88605
     5.2950       -16.84710
     5.4450       -16.80911
     5.5950       -16.77383
     5.7450       -16.73991
     5.8950       -16.70677
     6.0450       -16.67388
     6.1950       -16.64196
     6.3450       -16.61099
     6.4950       -16.58041
     6.6450       -16.55036
     6.7950       -16.52107
     6.9450       -16.49281
     7.0950       -16.46546
     7.2450       -16.43828
     7.3950       -16.41203
     7.5450       -16.38638
     7.6950       -16.36106
     7.8450       -16.33595
     7.9950       -16.31172
     8.1450       -16.28742
     8.2950       -16.26380
     8.4450       -16.24035
     8.5950       -16.21762
     8.7450       -16.19529
     8.8950       -16.17340
     9.0450       -16.15212
     9.1950       -16.13097
     9.3450       -16.11044
     9.4950       -16.08987
     9.6450       -16.06958
     9.7950       -16.04963
     9.9450       -16.03036
     10.095       -16.01110
     10.245       -15.99241
     10.395       -15.97379
     10.545       -15.95529
     10.695       -15.93744
     10.845       -15.91966
     10.995       -15.90199
     11.145       -15.88478
     11.295       -15.86739
     11.445       -15.85042
     11.595       -15.83382
     11.745       -15.81749
     11.895       -15.80160
     12.045       -15.78583
     12.195       -15.76992
     12.345       -15.75448
     12.495       -15.73880
     12.645       -15.72348
     12.795       -15.70841
     12.945       -15.69318
     13.095       -15.67849
     13.245       -15.66382
     13.395       -15.64990
     13.545       -15.63583
     13.695       -15.62174
     13.845       -15.60769
     13.995       -15.59398
     14.145       -15.58060
     14.295       -15.56699
     14.445       -15.55341
     14.595       -15.54045
     14.745       -15.52762
     14.895       -15.51474
     15.045       -15.50182
     15.195       -15.48903
     15.345       -15.47648
     15.495       -15.46425
     15.645       -15.45226
     15.795       -15.44022
     15.945       -15.42790
     16.095       -15.41631
     16.245       -15.40438
     16.395       -15.39275
     16.545       -15.38083
     16.695       -15.37001
     16.845       -15.35865
     16.995       -15.34751
     17.145       -15.33628
     17.295       -15.32535
     17.445       -15.31425
     17.595       -15.30345
     17.745       -15.29296
     17.895       -15.28223
     18.045       -15.27173
     18.195       -15.26145
     18.345       -15.25101
     18.495       -15.24067
     18.645       -15.23065
     18.795       -15.22055
     18.945       -15.21076
     19.095       -15.20085
     19.245       -15.19095
     19.395       -15.18121
     19.545       -15.17148
     19.695       -15.16191
     19.845       -15.15218
     19.995       -15.14294
     20.145       -15.13353
     20.295       -15.12426
     20.445       -15.11505
     20.595       -15.10574
     20.745       -15.09670
     20.895       -15.08794
     21.045       -15.07895
     21.195       -15.07006
     21.345       -15.06107
     21.495       -15.05218
     21.645       -15.04357
     21.795       -15.03506
     21.945       -15.02634
     22.095       -15.01777
     22.245       -15.00949
     22.395       -15.00131
     22.545       -14.99318
     22.695       -14.98482
     22.845       -14.97690
     22.995       -14.96870
     23.145       -14.96087
     23.295       -14.95281
     23.445       -14.94490
     23.595       -14.93694
     23.745       -14.92896
     23.895       -14.92122
     24.045       -14.91331
     24.195       -14.90558
     24.345       -14.89803
     24.495       -14.89036
     24.645       -14.88270
     24.795       -14.87510
     24.945       -14.86775
     25.095       -14.86031
     25.245       -14.85269
     25.395       -14.84533
     25.545       -14.83796
     25.695       -14.83071
     25.845       -14.82336
     25.995       -14.81607
     26.145       -14.80877
     26.295       -14.80174
     26.445       -14.79481
     26.595       -14.78788
     26.745       -14.78095
     26.895       -14.77413
     27.045       -14.76718
     27.195       -14.76029
     27.345       -14.75348
     27.495       -14.74682
     27.645       -14.74012
     27.795       -14.73353
     27.945       -14.72681
     28.095       -14.71988
     28.245       -14.71329
     28.395       -14.70682
     28.545       -14.70036
     28.695       -14.69402
     28.845       -14.68733
     28.995       -14.68063
     29.145       -14.67423
     29.295       -14.66796
     29.445       -14.66170
     29.595       -14.65556
     29.745       -14.64951
     29.895       -14.64331
     30.045       -14.63716
     30.195       -14.63117
     30.345       -14.62516
     30.495       -14.61921
     30.645       -14.61315
     30.795       -14.60714
     30.945       -14.60124
     31.095       -14.59511
     31.245       -14.58929
     31.395       -14.58337
     31.545       -14.57755
     31.695       -14.57168
     31.845       -14.56574
     31.995       -14.56002
     32.145       -14.55453
     32.295       -14.54899
     32.445       -14.54314
     32.595       -14.53762
     32.745       -14.53201
     32.895       -14.52637
     33.045       -14.52066
     33.195       -14.51514
     33.345       -14.50974
     33.495       -14.50407
     33.645       -14.49856
     33.795       -14.49319
     33.945       -14.48759
     34.095       -14.48204
     34.245       -14.47670
     34.395       -14.47128
     34.545       -14.46599
     34.695       -14.46094
     34.845       -14.45559
     34.995       -14.45037
     35.145       -14.44528
     35.295       -14.44014
     35.445       -14.43491
     35.595       -14.42980
     35.745       -14.42478
     35.895       -14.41942
     36.045       -14.41438
     36.195       -14.40929
     36.345       -14.40433
     36.495       -14.39933
     36.645       -14.39451
     36.795       -14.38934
     36.945       -14.38455
     37.095       -14.37964
     37.245       -14.37488
     37.395       -14.37001
     37.545       -14.36530
     37.695       -14.36049
     37.845       -14.35582
     37.995       -14.35078
     38.145       -14.34611
     38.295       -14.34147
     38.445       -14.33680
     38.595       -14.33196
     38.745       -14.32703
     38.895       -14.32238
     39.045       -14.31768
     39.195       -14.31311
     39.345       -14.30844
     39.495       -14.30379
     39.645       -14.29915
     39.795       -14.29453
     39.945       -14.29007
     40.095       -14.28556
     40.245       -14.28114
     40.395       -14.27670
     40.545       -14.27212
     40.695       -14.26775
     40.845       -14.26338
     40.995       -14.25888
     41.145       -14.25450
     41.295       -14.25018
     41.445       -14.24565
     41.595       -14.24129
     41.745       -14.23694
     41.895       -14.23258
     42.045       -14.22826
     42.195       -14.22399
     42.345       -14.21960
     42.495       -14.21543
     42.645       -14.21112
     42.795       -14.20688
     42.945       -14.20276
     43.095       -14.19832
     43.245       -14.19412
     43.395       -14.19007
     43.545       -14.18588
     43.695       -14.18165
     43.845       -14.17755
     43.995       -14.17333
     44.145       -14.16944
     44.295       -14.16540
     44.445       -14.16131
     44.595       -14.15714
     44.745       -14.15309
     44.895       -14.14897
     45.045       -14.14495
     45.195       -14.14096
     45.345       -14.13702
     45.495       -14.13307
     45.645       -14.12924
     45.795       -14.12545
     45.945       -14.12152
     46.095       -14.11761
     46.245       -14.11369
     46.395       -14.10974
     46.545       -14.10579
     46.695       -14.10198
     46.845       -14.09820
     46.995       -14.09451
     47.145       -14.09072
     47.295       -14.08677
     47.445       -14.08297
     47.595       -14.07911
     47.745       -14.07550
     47.895       -14.07207
     48.045       -14.06839
     48.195       -14.06466
     48.345       -14.06111
     48.495       -14.05762
     48.645       -14.05401
     48.795       -14.05035
     48.945       -14.04669
     49.095       -14.04294
     49.245       -14.03929
     49.395       -14.03574
     49.545       -14.03209
     49.695       -14.02849
     49.845       -14.02484
     49.995       -14.02145
     50.145       -14.01769
     50.295       -14.01408
     50.445       -14.01062
     50.595       -14.00702
     50.745       -14.00362
     50.895       -14.00007
     51.045       -13.99662
     51.195       -13.99313
     51.345       -13.98965
     51.495       -13.98625
     51.645       -13.98272
     51.795       -13.97934
     51.945       -13.97582
     52.095       -13.97218
     52.245       -13.96873
     52.395       -13.96522
     52.545       -13.96174
     52.695       -13.95829
     52.845       -13.95502
     52.995       -13.95162
     53.145       -13.94806
     53.295       -13.94470
     53.445       -13.94136
     53.595       -13.93807
     53.745       -13.93475
     53.895       -13.93137
     54.045       -13.92805
     54.195       -13.92462
     54.345       -13.92133
     54.495       -13.91790
     54.645       -13.91474
     54.795       -13.91144
     54.945       -13.90821
     55.095       -13.90493
     59.433       -13.65235
     80.646       -13.28409
     111.21       -12.92551
     153.36       -12.57641
     211.49       -12.24004
     291.64       -11.91276
     402.18       -11.59613
     554.60       -11.29305
     764.80       -10.99977
     1054.7       -10.71558
     1454.4       -10.44199
     2005.6       -10.17746
     2765.8        -9.92164
     3814.0        -9.67630
     5259.5        -9.43863
     7252.9        -9.21003
     10002.        -8.98893
     13793.        -8.77752
     19020.        -8.57252
     26229.        -8.37523
     36170.        -8.18665
     49878.        -8.00514
     68782.        -7.83066
     94851.        -7.66516
    0.13080E+06    -7.50744
    0.18038E+06    -7.35707
    0.24874E+06    -7.21396
    0.34301E+06    -7.07787
    0.47302E+06    -6.94749
    0.65229E+06    -6.82376
    0.89952E+06    -6.70527
    0.12404E+07    -6.59289
    0.17106E+07    -6.48564
    0.23589E+07    -6.38444
    0.32529E+07    -6.28773
    0.44858E+07    -6.19574
    0.61860E+07    -6.10783
    0.85305E+07    -6.02435
    0.11764E+08    -5.94491
    0.16222E+08    -5.86929
    0.22370E+08    -5.79753
    0.30849E+08    -5.72925
    0.42541E+08    -5.66447
    0.58664E+08    -5.60231
    0.80898E+08    -5.54510
    0.11156E+09    -5.49188
    0.15384E+09    -5.44179
    0.21215E+09    -5.39477
    0.29255E+09    -5.35055
    0.40343E+09    -5.30908
    0.55633E+09    -5.27052
    0.76719E+09    -5.23563
    0.10580E+10    -5.20354
    0.14589E+10    -5.17425
    0.20119E+10    -5.14743
    0.27744E+10    -5.12276
    0.38259E+10    -5.09920
    0.52760E+10    -5.07770
    0.72756E+10    -5.05813
    0.10033E+11    -5.04012
    0.13836E+11    -5.02340
    0.19079E+11    -5.00787
    0.26311E+11    -4.99374
    0.36283E+11    -4.98056
    0.50034E+11    -4.96833
    0.68997E+11    -4.95728
    0.10000E+12    -4.82386
