65.320	6.750	-1.670
64.130	7.480	-1.820
63.470	8.050	-0.690
65.540	6.350	-2.680
65.150	5.970	-0.900
66.160	7.390	-1.340
63.710	7.590	0.290
63.870	9.080	-0.700
61.910	8.070	-0.920
61.380	6.800	-0.780
60.020	6.770	-1.120
61.330	8.760	-0.280
61.900	8.450	-1.970
59.430	7.520	-0.540
59.880	7.060	-2.180
59.450	5.390	-0.860
59.250	5.120	0.530
58.570	3.880	0.670
58.500	5.250	-1.420
60.160	4.670	-1.320
58.160	3.890	1.700
57.760	3.690	-0.070
59.520	2.720	0.580
60.630	2.710	1.440
61.390	1.510	1.310
58.970	1.760	0.680
59.930	2.780	-0.460
60.730	0.690	1.660
61.760	1.280	0.290
62.550	1.660	2.310
61.990	1.630	3.600
62.900	1.390	4.660
63.290	0.860	2.120
63.060	2.640	2.240
63.620	0.580	4.410
63.540	2.290	4.750
62.230	1.100	6.050
61.480	-0.120	5.950
60.800	-0.490	7.070
62.920	1.020	6.920
61.640	1.990	6.320
61.400	-0.390	8.010
59.800	0.000	7.100
60.390	-1.950	6.880
61.440	-2.870	7.120
61.140	-4.180	6.740
59.610	-2.150	7.640
59.910	-2.000	5.890
60.670	-4.190	5.730
62.120	-4.670	6.540
60.190	-4.890	7.680
58.900	-4.410	7.450
58.010	-5.280	6.830
60.230	-5.970	7.440
60.500	-4.740	8.730
58.300	-5.680	5.840
57.930	-6.220	7.430
56.630	-4.620	6.870
56.210	-4.020	8.150
55.050	-3.090	8.110
56.610	-3.760	6.160
55.800	-5.320	6.630
55.320	-2.300	7.380
54.190	-3.700	7.760
54.600	-2.590	9.440
55.420	-1.500	9.660
55.010	-0.640	10.750
53.520	-2.350	9.430
54.920	-3.190	10.320
53.990	-0.200	10.700
55.060	-1.260	11.670
56.040	0.450	10.860
56.180	1.360	9.720
56.920	2.500	10.040
55.740	1.010	11.780
57.030	0.050	11.170
56.480	3.130	10.850
57.860	2.160	10.520
57.240	3.450	8.900
58.030	2.730	8.000
58.710	3.570	7.100
56.250	3.760	8.500
57.860	4.300	9.260
58.160	4.500	6.860
59.670	3.850	7.600
59.030	2.870	5.720
57.830	2.700	4.980
58.090	2.010	3.830
59.740	3.560	5.220
59.490	1.870	5.880
58.940	2.440	3.250
58.480	1.010	4.110
56.870	1.670	2.950
56.360	2.910	2.550
55.040	2.900	2.050
57.150	1.060	2.070
56.120	1.060	3.490
55.100	2.320	1.100
54.320	2.370	2.720
54.450	4.340	1.700
54.530	5.170	2.900
53.970	6.460	2.670
55.030	4.810	0.880
53.410	4.250	1.330
54.020	7.160	3.530
54.540	6.910	1.830
52.910	6.360	2.340
		
		
		
		
		
		
		
		
		
		
		
		
		
		
		
		
		
		
		
		
		
		
		
		
		
		
		
		
		
		
		
		
		
		
		
		
		
		
		
		
		
		
		
		
		
		
		
		
		
		
		
		
		
		
		
		
		
		
		
		
		
		
		
		
		
		
		
		
		
		
		
		
		
		
		
		
		
		
		
		
		
		
		
		
		
		
		
		
		
		
		
		
		
		
		
		
		
		
		
		
		
		
		
		
		
		
		
		
		
		
