    -159.95         0.00000
    -159.79         0.00000
    -159.65         0.00000
    -159.49         0.00000
    -159.34         0.00000
    -159.20         0.00000
    -159.04         0.00000
    -158.90         0.00000
    -158.74         0.00000
    -158.59         0.00000
    -158.45         0.00000
    -158.29         0.00000
    -158.15         0.00000
    -157.99         0.00000
    -157.84         0.00000
    -157.70         0.00000
    -157.54         0.00000
    -157.40         0.00000
    -157.24         0.00000
    -157.09         0.00000
    -156.95         0.00000
    -156.79         0.00000
    -156.65         0.00000
    -156.49         0.00000
    -156.34         0.00000
    -156.20         0.00000
    -156.04         0.00000
    -155.90         0.00000
    -155.74         0.00000
    -155.59         0.00000
    -155.45         0.00000
    -155.29         0.00000
    -155.15         0.00000
    -154.99         0.00000
    -154.84         0.00000
    -154.70         0.00000
    -154.54         0.00000
    -154.40         0.00000
    -154.24         0.00000
    -154.09         0.00000
    -153.95         0.00000
    -153.79         0.00000
    -153.65         0.00000
    -153.49         0.00000
    -153.34         0.00000
    -153.20         0.00000
    -153.04         0.00000
    -152.90         0.00000
    -152.74         0.00000
    -152.59         0.00000
    -152.45         0.00000
    -152.29         0.00000
    -152.15         0.00000
    -151.99         0.00000
    -151.84         0.00000
    -151.70         0.00000
    -151.54         0.00000
    -151.40         0.00000
    -151.24         0.00000
    -151.09         0.00000
    -150.95         0.00000
    -150.79         0.00000
    -150.65         0.00000
    -150.49         0.00000
    -150.34         0.00000
    -150.20         0.00000
    -150.04         0.00000
    -149.90         0.00000
    -149.74         0.00000
    -149.59         0.00000
    -149.45         0.00000
    -149.29         0.00000
    -149.15         0.00000
    -148.99         0.00000
    -148.84         0.00000
    -148.70         0.00000
    -148.54         0.00000
    -148.40         0.00000
    -148.24         0.00000
    -148.09         0.00000
    -147.95         0.00000
    -147.79         0.00000
    -147.65         0.00000
    -147.49         0.00000
    -147.34         0.00000
    -147.20         0.00000
    -147.04         0.00000
    -146.90         0.00000
    -146.74         0.00000
    -146.59         0.00000
    -146.45         0.00000
    -146.29         0.00000
    -146.15         0.00000
    -145.99         0.00000
    -145.84         0.00000
    -145.70         0.00000
    -145.54         0.00000
    -145.40         0.00000
    -145.24         0.00000
    -145.09         0.00000
    -144.95         0.00000
    -144.79         0.00000
    -144.65         0.00000
    -144.49         0.00000
    -144.34         0.00000
    -144.20         0.00000
    -144.04         0.00000
    -143.90         0.00000
    -143.74         0.00000
    -143.59         0.00000
    -143.45         0.00000
    -143.29         0.00000
    -143.15         0.00000
    -142.99         0.00000
    -142.84         0.00000
    -142.70         0.00000
    -142.54         0.00000
    -142.40         0.00000
    -142.24         0.00000
    -142.09         0.00000
    -141.95         0.00000
    -141.79         0.00000
    -141.65         0.00000
    -141.49         0.00000
    -141.34         0.00000
    -141.20         0.00000
    -141.04         0.00000
    -140.90         0.00000
    -140.74         0.00000
    -140.59         0.00000
    -140.45         0.00000
    -140.29         0.00000
    -140.15         0.00000
    -139.99         0.00000
    -139.84         0.00000
    -139.70         0.00000
    -139.54         0.00000
    -139.40         0.00000
    -139.24         0.00000
    -139.09         0.00000
    -138.95         0.00000
    -138.79         0.00000
    -138.65         0.00000
    -138.49         0.00000
    -138.34         0.00000
    -138.20         0.00000
    -138.04         0.00000
    -137.90         0.00000
    -137.74         0.00000
    -137.59         0.00000
    -137.45         0.00000
    -137.29         0.00000
    -137.15         0.00000
    -136.99         0.00000
    -136.84         0.00000
    -136.70         0.00000
    -136.54         0.00000
    -136.40         0.00000
    -136.24         0.00000
    -136.09         0.00000
    -135.95         0.00000
    -135.79         0.00000
    -135.65         0.00000
    -135.49         0.00000
    -135.34         0.00000
    -135.20         0.00000
    -135.04         0.00000
    -134.90         0.00000
    -134.74         0.00000
    -134.59         0.00000
    -134.45         0.00000
    -134.29         0.00000
    -134.15         0.00000
    -133.99         0.00000
    -133.84         0.00000
    -133.70         0.00000
    -133.54         0.00000
    -133.40         0.00000
    -133.24         0.00000
    -133.09         0.00000
    -132.95         0.00000
    -132.79         0.00000
    -132.65         0.00000
    -132.49         0.00000
    -132.34         0.00000
    -132.20         0.00000
    -132.04         0.00000
    -131.90         0.00000
    -131.74         0.00000
    -131.59         0.00000
    -131.45         0.00000
    -131.29         0.00000
    -131.15         0.00000
    -130.99         0.00000
    -130.84         0.00000
    -130.70         0.00000
    -130.54         0.00000
    -130.40         0.00000
    -130.24         0.00000
    -130.09         0.00000
    -129.95         0.00000
    -129.79         0.00000
    -129.65         0.00000
    -129.49         0.00000
    -129.34         0.00000
    -129.20         0.00000
    -129.04         0.00000
    -128.90         0.00000
    -128.74         0.00000
    -128.59         0.00000
    -128.45         0.00000
    -128.29         0.00000
    -128.15         0.00000
    -127.99         0.00000
    -127.85         0.00000
    -127.69         0.00000
    -127.55         0.00000
    -127.39         0.00000
    -127.25         0.00000
    -127.10         0.00000
    -126.94         0.00000
    -126.80         0.00000
    -126.64         0.00000
    -126.50         0.00000
    -126.35         0.00000
    -126.19         0.00000
    -126.05         0.00000
    -125.89         0.00000
    -125.75         0.00000
    -125.60         0.00000
    -125.44         0.00000
    -125.30         0.00000
    -125.14         0.00000
    -125.00         0.00000
    -124.85         0.00000
    -124.69         0.00000
    -124.55         0.00000
    -124.39         0.00000
    -124.25         0.00000
    -124.10         0.00000
    -123.94         0.00000
    -123.80         0.00000
    -123.64         0.00000
    -123.50         0.00000
    -123.35         0.00000
    -123.19         0.00000
    -123.05         0.00000
    -122.89         0.00000
    -122.75         0.00000
    -122.60         0.00000
    -122.44         0.00000
    -122.30         0.00000
    -122.14         0.00000
    -122.00         0.00000
    -121.85         0.00000
    -121.69         0.00000
    -121.55         0.00000
    -121.39         0.00000
    -121.25         0.00000
    -121.10         0.00000
    -120.94         0.00000
    -120.80         0.00000
    -120.64         0.00000
    -120.50         0.00000
    -120.35         0.00000
    -120.19         0.00000
    -120.05         0.00000
    -119.89         0.00000
    -119.75         0.00000
    -119.60         0.00000
    -119.44         0.00000
    -119.30         0.00000
    -119.14         0.00000
    -119.00         0.00000
    -118.85         0.00000
    -118.69         0.00000
    -118.55         0.00000
    -118.39         0.00000
    -118.25         0.00000
    -118.10         0.00000
    -117.94         0.00000
    -117.80         0.00000
    -117.64         0.00000
    -117.50         0.00000
    -117.35         0.00000
    -117.19         0.00000
    -117.05         0.00000
    -116.89         0.00000
    -116.75         0.00000
    -116.60         0.00000
    -116.44         0.00000
    -116.30         0.00000
    -116.14         0.00000
    -116.00         0.00000
    -115.85         0.00000
    -115.69         0.00000
    -115.55         0.00000
    -115.39         0.00000
    -115.25         0.00000
    -115.10         0.00000
    -114.94         0.00000
    -114.80         0.00000
    -114.64         0.00000
    -114.50         0.00000
    -114.35         0.00000
    -114.19         0.00000
    -114.05         0.00000
    -113.89         0.00000
    -113.75         0.00000
    -113.60         0.00000
    -113.44         0.00000
    -113.30         0.00000
    -113.14         0.00000
    -113.00         0.00000
    -112.85         0.00000
    -112.69         0.00000
    -112.55         0.00000
    -112.39         0.00000
    -112.25         0.00000
    -112.10         0.00000
    -111.94         0.00000
    -111.80         0.00000
    -111.64         0.00000
    -111.50         0.00000
    -111.35         0.00000
    -111.19         0.00000
    -111.05         0.00000
    -110.89         0.00000
    -110.75         0.00000
    -110.60         0.00000
    -110.44         0.00000
    -110.30         0.00000
    -110.14         0.00000
    -110.00         0.00000
    -109.85         0.00000
    -109.69         0.00000
    -109.55         0.00000
    -109.39         0.00000
    -109.25         0.00000
    -109.10         0.00000
    -108.94         0.00000
    -108.80         0.00000
    -108.64         0.00000
    -108.50         0.00000
    -108.35         0.00000
    -108.19         0.00000
    -108.05         0.00000
    -107.89         0.00000
    -107.75         0.00000
    -107.60         0.00000
    -107.44         0.00000
    -107.30         0.00000
    -107.14         0.00000
    -107.00         0.00000
    -106.85         0.00000
    -106.69         0.00000
    -106.55         0.00000
    -106.39         0.00000
    -106.25         0.00000
    -106.10         0.00000
    -105.94         0.00000
    -105.80         0.00000
    -105.64         0.00000
    -105.50         0.00000
    -105.35         0.00000
    -105.19         0.00000
    -105.05         0.00000
    -104.89         0.00000
    -104.75         0.00000
    -104.60         0.00000
    -104.44         0.00000
    -104.30         0.00000
    -104.14         0.00000
    -104.00         0.00000
    -103.85         0.00000
    -103.69         0.00000
    -103.55         0.00000
    -103.39         0.00000
    -103.25         0.00000
    -103.10         0.00000
    -102.94         0.00000
    -102.80         0.00000
    -102.64         0.00000
    -102.50         0.00000
    -102.35         0.00000
    -102.19         0.00000
    -102.05         0.00000
    -101.89         0.00000
    -101.75         0.00000
    -101.60         0.00000
    -101.44         0.00000
    -101.30         0.00000
    -101.14         0.00000
    -101.00         0.00000
    -100.85         0.00000
    -100.69         0.00000
    -100.55         0.00000
    -100.39         0.00000
    -100.25         0.00000
    -100.10         0.00000
    -99.945         0.00000
    -99.795         0.00000
    -99.645         0.00000
    -99.495         0.00000
    -99.345         0.00000
    -99.195         0.00000
    -99.045         0.00000
    -98.895         0.00000
    -98.745         0.00000
    -98.595         0.00000
    -98.445         0.00000
    -98.295         0.00000
    -98.145         0.00000
    -97.995         0.00000
    -97.845         0.00000
    -97.695         0.00000
    -97.545         0.00000
    -97.395         0.00000
    -97.245         0.00000
    -97.095         0.00000
    -96.945         0.00000
    -96.795         0.00000
    -96.645         0.00000
    -96.495         0.00000
    -96.345         0.00000
    -96.195         0.00000
    -96.045         0.00000
    -95.895         0.00000
    -95.745         0.00000
    -95.595         0.00000
    -95.445         0.00000
    -95.295         0.00000
    -95.145         0.00000
    -94.995         0.00000
    -94.845         0.00000
    -94.695         0.00000
    -94.545         0.00000
    -94.395         0.00000
    -94.245         0.00000
    -94.095         0.00000
    -93.945         0.00000
    -93.795         0.00000
    -93.645         0.00000
    -93.495         0.00000
    -93.345         0.00000
    -93.195         0.00000
    -93.045         0.00000
    -92.895         0.00000
    -92.745         0.00000
    -92.595         0.00000
    -92.445         0.00000
    -92.295         0.00000
    -92.145         0.00000
    -91.995         0.00000
    -91.845         0.00000
    -91.695         0.00000
    -91.545         0.00000
    -91.395         0.00000
    -91.245         0.00000
    -91.095         0.00000
    -90.945         0.00000
    -90.795         0.00000
    -90.645         0.00000
    -90.495         0.00000
    -90.345         0.00000
    -90.195         0.00000
    -90.045         0.00000
    -89.895         0.00000
    -89.745         0.00000
    -89.595         0.00000
    -89.445         0.00000
    -89.295         0.00000
    -89.145         0.00000
    -88.995         0.00000
    -88.845         0.00000
    -88.695         0.00000
    -88.545         0.00000
    -88.395         0.00000
    -88.245         0.00000
    -88.095         0.00000
    -87.945         0.00000
    -87.795         0.00000
    -87.645         0.00000
    -87.495         0.00000
    -87.345         0.00000
    -87.195         0.00000
    -87.045         0.00000
    -86.895         0.00000
    -86.745         0.00000
    -86.595         0.00000
    -86.445         0.00000
    -86.295         0.00000
    -86.145         0.00000
    -85.995         0.00000
    -85.845         0.00000
    -85.695         0.00000
    -85.545         0.00000
    -85.395         0.00000
    -85.245         0.00000
    -85.095         0.00000
    -84.945         0.00000
    -84.795         0.00000
    -84.645         0.00000
    -84.495         0.00000
    -84.345         0.00000
    -84.195         0.00000
    -84.045         0.00000
    -83.895         0.00000
    -83.745         0.00000
    -83.595         0.00000
    -83.445         0.00000
    -83.295         0.00000
    -83.145         0.00000
    -82.995         0.00000
    -82.845         0.00000
    -82.695         0.00000
    -82.545         0.00000
    -82.395         0.00000
    -82.245         0.00000
    -82.095         0.00000
    -81.945         0.00000
    -81.795         0.00000
    -81.645         0.00000
    -81.495         0.00000
    -81.345         0.00000
    -81.195         0.00000
    -81.045         0.00000
    -80.895         0.00000
    -80.745         0.00000
    -80.595         0.00000
    -80.445         0.00000
    -80.295         0.00000
    -80.145         0.00000
    -79.995         0.00000
    -79.845         0.00000
    -79.695         0.00000
    -79.545         0.00000
    -79.395         0.00000
    -79.245         0.00000
    -79.095         0.00000
    -78.945         0.00000
    -78.795         0.00000
    -78.645         0.00000
    -78.495         0.00000
    -78.345         0.00000
    -78.195         0.00000
    -78.045         0.00000
    -77.895         0.00000
    -77.745         0.00000
    -77.595         0.00000
    -77.445         0.00000
    -77.295         0.00000
    -77.145         0.00000
    -76.995         0.00000
    -76.845         0.00000
    -76.695         0.00000
    -76.545         0.00000
    -76.395         0.00000
    -76.245         0.00000
    -76.095         0.00000
    -75.945         0.00000
    -75.795         0.00000
    -75.645         0.00000
    -75.495         0.00000
    -75.345         0.00000
    -75.195         0.00000
    -75.045         0.00000
    -74.895         0.00000
    -74.745         0.00000
    -74.595         0.00000
    -74.445         0.00000
    -74.295         0.00000
    -74.145         0.00000
    -73.995         0.00000
    -73.845         0.00000
    -73.695         0.00000
    -73.545         0.00000
    -73.395         0.00000
    -73.245         0.00000
    -73.095         0.00000
    -72.945         0.00000
    -72.795         0.00000
    -72.645         0.00000
    -72.495         0.00000
    -72.345         0.00000
    -72.195         0.00000
    -72.045         0.00000
    -71.895         0.00000
    -71.745         0.00000
    -71.595         0.00000
    -71.445         0.00000
    -71.295         0.00000
    -71.145         0.00000
    -70.995         0.00000
    -70.845         0.00000
    -70.695         0.00000
    -70.545         0.00000
    -70.395         0.00000
    -70.245         0.00000
    -70.095         0.00000
    -69.945         0.00000
    -69.795         0.00000
    -69.645         0.00000
    -69.495         0.00000
    -69.345         0.00000
    -69.195         0.00000
    -69.045         0.00000
    -68.895         0.00000
    -68.745         0.00000
    -68.595         0.00000
    -68.445         0.00000
    -68.295         0.00000
    -68.145         0.00000
    -67.995         0.00000
    -67.845         0.00000
    -67.695         0.00000
    -67.545         0.00000
    -67.395         0.00000
    -67.245         0.00000
    -67.095         0.00000
    -66.945         0.00000
    -66.795         0.00000
    -66.645         0.00000
    -66.495         0.00000
    -66.345         0.00000
    -66.195         0.00000
    -66.045         0.00000
    -65.895         0.00000
    -65.745         0.00000
    -65.595         0.00000
    -65.445         0.00000
    -65.295         0.00000
    -65.145         0.00000
    -64.995         0.00000
    -64.845         0.00000
    -64.695         0.00000
    -64.545         0.00000
    -64.395         0.00000
    -64.245         0.00000
    -64.095         0.00000
    -63.945         0.00000
    -63.795         0.00000
    -63.645         0.00000
    -63.495         0.00000
    -63.345         0.00000
    -63.195         0.00000
    -63.045         0.00000
    -62.895         0.00000
    -62.745         0.00000
    -62.595         0.00000
    -62.445         0.00000
    -62.295         0.00000
    -62.145         0.00000
    -61.995         0.00000
    -61.845         0.00000
    -61.695         0.00000
    -61.545         0.00000
    -61.395         0.00000
    -61.245         0.00000
    -61.095         0.00000
    -60.945         0.00000
    -60.795         0.00000
    -60.645         0.00000
    -60.495         0.00000
    -60.345         0.00000
    -60.195         0.00000
    -60.045         0.00000
    -59.895         0.00000
    -59.745         0.00000
    -59.595         0.00000
    -59.445         0.00000
    -59.295         0.00000
    -59.145         0.00000
    -58.995         0.00000
    -58.845         0.00000
    -58.695         0.00000
    -58.545         0.00000
    -58.395         0.00000
    -58.245         0.00000
    -58.095         0.00000
    -57.945         0.00000
    -57.795         0.00000
    -57.645         0.00000
    -57.495         0.00000
    -57.345         0.00000
    -57.195         0.00000
    -57.045         0.00000
    -56.895         0.00000
    -56.745         0.00000
    -56.595         0.00000
    -56.445         0.00000
    -56.295         0.00000
    -56.145         0.00000
    -55.995         0.00000
    -55.845         0.00000
    -55.695         0.00000
    -55.545         0.00000
    -55.395         0.00000
    -55.245         0.00000
    -55.095         0.00000
    -54.945         0.00000
    -54.795         0.00000
    -54.645         0.00000
    -54.495         0.00000
    -54.345         0.00000
    -54.195         0.00000
    -54.045         0.00000
    -53.895         0.00000
    -53.745         0.00000
    -53.595         0.00000
    -53.445         0.00000
    -53.295         0.00000
    -53.145         0.00000
    -52.995         0.00000
    -52.845         0.00000
    -52.695         0.00000
    -52.545         0.00000
    -52.395         0.00000
    -52.245         0.00000
    -52.095         0.00000
    -51.945         0.00000
    -51.795         0.00000
    -51.645         0.00000
    -51.495         0.00000
    -51.345         0.00000
    -51.195         0.00000
    -51.045         0.00000
    -50.895         0.00000
    -50.745         0.00000
    -50.595         0.00000
    -50.445         0.00000
    -50.295         0.00000
    -50.145         0.00000
    -49.995         0.00000
    -49.845         0.00000
    -49.695         0.00000
    -49.545         0.00000
    -49.395         0.00000
    -49.245         0.00000
    -49.095         0.00000
    -48.945         0.00000
    -48.795         0.00000
    -48.645         0.00000
    -48.495         0.00000
    -48.345         0.00000
    -48.195         0.00000
    -48.045         0.00000
    -47.895         0.00000
    -47.745         0.00000
    -47.595         0.00000
    -47.445         0.00000
    -47.295         0.00000
    -47.145         0.00000
    -46.995         0.00000
    -46.845         0.00000
    -46.695         0.00000
    -46.545         0.00000
    -46.395         0.00000
    -46.245         0.00000
    -46.095         0.00000
    -45.945         0.00000
    -45.795         0.00000
    -45.645         0.00000
    -45.495         0.00000
    -45.345         0.00000
    -45.195         0.00000
    -45.045         0.00000
    -44.895         0.00000
    -44.745         0.00000
    -44.595         0.00000
    -44.445         0.00000
    -44.295         0.00000
    -44.145         0.00000
    -43.995         0.00000
    -43.845         0.00000
    -43.695         0.00000
    -43.545         0.00000
    -43.395         0.00000
    -43.245         0.00000
    -43.095         0.00000
    -42.945         0.00000
    -42.795         0.00000
    -42.645         0.00000
    -42.495         0.00000
    -42.345         0.00000
    -42.195         0.00000
    -42.045         0.00000
    -41.895         0.00000
    -41.745         0.00000
    -41.595         0.00000
    -41.445         0.00000
    -41.295         0.00000
    -41.145         0.00000
    -40.995         0.00000
    -40.845         0.00000
    -40.695         0.00000
    -40.545         0.00000
    -40.395         0.00000
    -40.245         0.00000
    -40.095         0.00000
    -39.945         0.00000
    -39.795         0.00000
    -39.645         0.00000
    -39.495         0.00000
    -39.345         0.00000
    -39.195         0.00000
    -39.045         0.00000
    -38.895         0.00000
    -38.745         0.00000
    -38.595         0.00000
    -38.445         0.00000
    -38.295         0.00000
    -38.145         0.00000
    -37.995         0.00000
    -37.845         0.00000
    -37.695         0.00000
    -37.545         0.00000
    -37.395         0.00000
    -37.245         0.00000
    -37.095         0.00000
    -36.945         0.00000
    -36.795         0.00000
    -36.645         0.00000
    -36.495         0.00000
    -36.345         0.00000
    -36.195         0.00000
    -36.045         0.00000
    -35.895         0.00000
    -35.745         0.00000
    -35.595         0.00000
    -35.445         0.00000
    -35.295         0.00000
    -35.145         0.00000
    -34.995         0.00000
    -34.845         0.00000
    -34.695         0.00000
    -34.545         0.00000
    -34.395         0.00000
    -34.245         0.00000
    -34.095         0.00000
    -33.945         0.00000
    -33.795         0.00000
    -33.645         0.00000
    -33.495         0.00000
    -33.345         0.00000
    -33.195         0.00000
    -33.045         0.00000
    -32.895         0.00000
    -32.745         0.00000
    -32.595         0.00000
    -32.445         0.00000
    -32.295         0.00000
    -32.145         0.00000
    -31.995         0.00000
    -31.845         0.00000
    -31.695         0.00000
    -31.545         0.00000
    -31.395         0.00000
    -31.245         0.00000
    -31.095         0.00000
    -30.945         0.00000
    -30.795         0.00000
    -30.645         0.00000
    -30.495         0.00000
    -30.345         0.00000
    -30.195         0.00000
    -30.045         0.00000
    -29.895         0.00000
    -29.745         0.00000
    -29.595         0.00000
    -29.445         0.00000
    -29.295         0.00000
    -29.145         0.00000
    -28.995         0.00000
    -28.845         0.00000
    -28.695         0.00000
    -28.545         0.00000
    -28.395         0.00000
    -28.245         0.00000
    -28.095         0.00000
    -27.945         0.00000
    -27.795         0.00000
    -27.645         0.00000
    -27.495         0.00000
    -27.345         0.00000
    -27.195         0.00000
    -27.045         0.00000
    -26.895         0.00000
    -26.745         0.00000
    -26.595         0.00000
    -26.445         0.00000
    -26.295         0.00000
    -26.145         0.00000
    -25.995         0.00000
    -25.845         0.00000
    -25.695         0.00000
    -25.545         0.00000
    -25.395         0.00000
    -25.245         0.00000
    -25.095         0.00000
    -24.945         0.00000
    -24.795         0.00000
    -24.645         0.00000
    -24.495         0.00000
    -24.345         0.00000
    -24.195         0.00000
    -24.045         0.00000
    -23.895         0.00000
    -23.745         0.00000
    -23.595         0.00000
    -23.445         0.00000
    -23.295         0.00000
    -23.145         0.00000
    -22.995         0.00000
    -22.845         0.00000
    -22.695         0.00000
    -22.545         0.00000
    -22.395         0.00000
    -22.245         0.00000
    -22.095         0.00000
    -21.945         0.00000
    -21.795         0.00000
    -21.645         0.00000
    -21.495         0.00000
    -21.345         0.00000
    -21.195         0.00000
    -21.045         0.00000
    -20.895         0.00000
    -20.745         0.00000
    -20.595         0.00000
    -20.445         0.00000
    -20.295         0.00000
    -20.145         0.00000
    -19.995         0.00000
    -19.845         0.00000
    -19.695         0.00000
    -19.545         0.00000
    -19.395         0.00000
    -19.245         0.00000
    -19.095         0.00000
    -18.945         0.00000
    -18.795         0.00000
    -18.645         0.00000
    -18.495         0.00000
    -18.345         0.00000
    -18.195         0.00000
    -18.045         0.00000
    -17.895         0.00000
    -17.745         0.00000
    -17.595         0.00000
    -17.445         0.00000
    -17.295         0.00000
    -17.145         0.00000
    -16.995         0.00000
    -16.845         0.00000
    -16.695         0.00000
    -16.545         0.00000
    -16.395         0.00000
    -16.245         0.00000
    -16.095         0.00000
    -15.945         0.00000
    -15.795         0.00000
    -15.645         0.00000
    -15.495         0.00000
    -15.345         0.00000
    -15.195         0.00000
    -15.045         0.00000
    -14.895         0.00000
    -14.745         0.00000
    -14.595         0.00000
    -14.445         0.00000
    -14.295         0.00000
    -14.145         0.00000
    -13.995         0.00000
    -13.845         0.00000
    -13.695         0.00000
    -13.545         0.00000
    -13.395         0.00000
    -13.245         0.00000
    -13.095         0.00000
    -12.945         0.00000
    -12.795         0.00000
    -12.645         0.00000
    -12.495         0.00000
    -12.345         0.00000
    -12.195         0.00000
    -12.045         0.00000
    -11.895         0.00000
    -11.745         0.00000
    -11.595         0.00000
    -11.445         0.00000
    -11.295         0.00000
    -11.145         0.00000
    -10.995         0.00000
    -10.845         0.00000
    -10.695         0.00000
    -10.545         0.00000
    -10.395         0.00000
    -10.245         0.00000
    -10.095         0.00000
    -9.9450         0.00000
    -9.7950         0.00000
    -9.6450         0.00000
    -9.4950         0.00000
    -9.3450         0.00000
    -9.1950        -0.00015
    -9.0450        -0.00068
    -8.8950        -0.00219
    -8.7450        -0.00513
    -8.5950        -0.00897
    -8.4450        -0.01600
    -8.2950        -0.02561
    -8.1450        -0.03884
    -7.9950        -0.05694
    -7.8450        -0.08103
    -7.6950        -0.11707
    -7.5450        -0.16114
    -7.3950        -0.22031
    -7.2450        -0.29482
    -7.0950        -0.38380
    -6.9450        -0.49492
    -6.7950        -0.63196
    -6.6450        -0.79407
    -6.4950        -0.97808
    -6.3450        -1.18765
    -6.1950        -1.41243
    -6.0450        -1.65653
    -5.8950        -1.91147
    -5.7450        -2.17525
    -5.5950        -2.44093
    -5.4450        -2.71089
    -5.2950        -2.98700
    -5.1450        -3.25414
    -4.9950        -3.51166
    -4.8450        -3.76303
    -4.6950        -4.00232
    -4.5450        -4.23357
    -4.3950        -4.44951
    -4.2450        -4.66466
    -4.0950        -4.87003
    -3.9450        -5.06214
    -3.7950        -5.24949
    -3.6450        -5.42921
    -3.4950        -5.60805
    -3.3450        -5.78719
    -3.1950        -5.96715
    -3.0450        -6.16031
    -2.8950        -6.36456
    -2.7450        -6.58256
    -2.5950        -6.82523
    -2.4450        -7.09776
    -2.2950        -7.40740
    -2.1450        -7.76335
    -1.9950        -8.17529
    -1.8450        -8.65954
    -1.6950        -9.25769
    -1.5450        -9.99703
    -1.3950       -10.89320
    -1.2450       -11.99088
    -1.0950       -13.31372
   -0.94500       -14.80917
   -0.79500       -16.44799
   -0.64500       -18.25399
   -0.49500       -20.34722
   -0.34500       -23.09099
   -0.22700       -24.27692
   -0.21300       -24.43206
   -0.20700       -24.59056
   -0.20100       -24.75370
   -0.19500       -24.92109
   -0.18900       -25.09302
   -0.18300       -25.26900
   -0.17700       -25.45005
   -0.17100       -25.63618
   -0.16500       -25.82752
   -0.15900       -26.02516
   -0.15300       -26.22918
   -0.14700       -26.43982
   -0.14100       -26.65794
   -0.13500       -26.88385
   -0.12900       -27.11772
   -0.12300       -27.36119
   -0.11700       -27.61583
   -0.11100       -27.88117
   -0.10500       -28.16021
   -0.99000E-01   -28.45322
   -0.93000E-01   -28.76305
   -0.87000E-01   -29.09127
   -0.81000E-01   -29.44042
   -0.75000E-01   -29.81410
   -0.69000E-01   -30.21567
   -0.63000E-01   -30.65181
   -0.57000E-01   -31.13119
   -0.51000E-01   -31.66324
   -0.45000E-01   -32.26131
   -0.39000E-01   -32.94862
   -0.33000E-01   -33.75728
   -0.27000E-01   -34.74463
   -0.21300E-01   -35.56745
   -0.19500E-01   -35.70197
   -0.18900E-01   -35.84072
   -0.18300E-01   -35.98415
   -0.17700E-01   -36.13212
   -0.17100E-01   -36.28518
   -0.16500E-01   -36.44386
   -0.15900E-01   -36.60858
   -0.15300E-01   -36.77972
   -0.14700E-01   -36.95806
   -0.14100E-01   -37.14404
   -0.13500E-01   -37.33838
   -0.12900E-01   -37.54206
   -0.12300E-01   -37.75591
   -0.11700E-01   -37.98114
   -0.11100E-01   -38.21947
   -0.10500E-01   -38.47191
   -0.99000E-02   -38.74127
   -0.93000E-02   -39.03018
   -0.87000E-02   -39.34333
   -0.81000E-02   -39.68443
   -0.75000E-02   -40.05670
   -0.69000E-02   -40.46432
   -0.63000E-02   -40.91216
   -0.57000E-02   -41.40594
   -0.51000E-02   -41.95114
   -0.45000E-02   -42.55271
   -0.39000E-02   -43.21685
   -0.33000E-02   -43.95405
   -0.27000E-02   -44.77956
   -0.21000E-02   -45.72281
   -0.15000E-02   -46.75617
   -0.90000E-03   -47.62915
   -0.30000E-03   -47.96919
    0.30000E-03   -47.64013
    0.90000E-03   -46.77111
    0.15000E-02   -45.73813
    0.21000E-02   -44.79505
    0.27000E-02   -43.97001
    0.33000E-02   -43.23299
    0.39000E-02   -42.56913
    0.45000E-02   -41.96809
    0.51000E-02   -41.42322
    0.57000E-02   -40.92982
    0.63000E-02   -40.48271
    0.69000E-02   -40.07572
    0.75000E-02   -39.70390
    0.81000E-02   -39.36336
    0.87000E-02   -39.05085
    0.93000E-02   -38.76228
    0.99000E-02   -38.49361
    0.10500E-01   -38.24147
    0.11100E-01   -38.00397
    0.11700E-01   -37.77926
    0.12300E-01   -37.56594
    0.12900E-01   -37.36287
    0.13500E-01   -37.16905
    0.14100E-01   -36.98366
    0.14700E-01   -36.80583
    0.15300E-01   -36.63523
    0.15900E-01   -36.47112
    0.16500E-01   -36.31320
    0.17100E-01   -36.16074
    0.17700E-01   -36.01332
    0.18300E-01   -35.87073
    0.18900E-01   -35.73269
    0.19500E-01   -35.59885
    0.21300E-01   -34.78017
    0.27000E-01   -33.79916
    0.33000E-01   -32.99696
    0.39000E-01   -32.31777
    0.45000E-01   -31.72969
    0.51000E-01   -31.21101
    0.57000E-01   -30.74749
    0.63000E-01   -30.32873
    0.69000E-01   -29.94785
    0.75000E-01   -29.59900
    0.81000E-01   -29.27678
    0.87000E-01   -28.97817
    0.93000E-01   -28.70049
    0.99000E-01   -28.44095
    0.10500       -28.19658
    0.11100       -27.96674
    0.11700       -27.74994
    0.12300       -27.54454
    0.12900       -27.34882
    0.13500       -27.16289
    0.14100       -26.98499
    0.14700       -26.81457
    0.15300       -26.65193
    0.15900       -26.49540
    0.16500       -26.34512
    0.17100       -26.20092
    0.17700       -26.06123
    0.18300       -25.92701
    0.18900       -25.79832
    0.19500       -25.67350
    0.20100       -25.55356
    0.20700       -25.43735
    0.21300       -25.32491
    0.22700       -24.51296
    0.34500       -22.93513
    0.49500       -22.00270
    0.64500       -21.35582
    0.79500       -20.85176
    0.94500       -20.42682
     1.0950       -20.05282
     1.2450       -19.71905
     1.3950       -19.41885
     1.5450       -19.14986
     1.6950       -18.90370
     1.8450       -18.68664
     1.9950       -18.48782
     2.1450       -18.30883
     2.2950       -18.14586
     2.4450       -18.00298
     2.5950       -17.87484
     2.7450       -17.76285
     2.8950       -17.66483
     3.0450       -17.57538
     3.1950       -17.49387
     3.3450       -17.41864
     3.4950       -17.34830
     3.6450       -17.28588
     3.7950       -17.22521
     3.9450       -17.16762
     4.0950       -17.11440
     4.2450       -17.06428
     4.3950       -17.01569
     4.5450       -16.96785
     4.6950       -16.92350
     4.8450       -16.88107
     4.9950       -16.84057
     5.1450       -16.80080
     5.2950       -16.76195
     5.4450       -16.72449
     5.5950       -16.68834
     5.7450       -16.65330
     5.8950       -16.61924
     6.0450       -16.58606
     6.1950       -16.55394
     6.3450       -16.52354
     6.4950       -16.49295
     6.6450       -16.46321
     6.7950       -16.43419
     6.9450       -16.40502
     7.0950       -16.37703
     7.2450       -16.35009
     7.3950       -16.32289
     7.5450       -16.29663
     7.6950       -16.27106
     7.8450       -16.24587
     7.9950       -16.22162
     8.1450       -16.19737
     8.2950       -16.17370
     8.4450       -16.15031
     8.5950       -16.12762
     8.7450       -16.10534
     8.8950       -16.08364
     9.0450       -16.06217
     9.1950       -16.04149
     9.3450       -16.02038
     9.4950       -15.99939
     9.6450       -15.97950
     9.7950       -15.95943
     9.9450       -15.94024
     10.095       -15.92107
     10.245       -15.90173
     10.395       -15.88330
     10.545       -15.86481
     10.695       -15.84668
     10.845       -15.82876
     10.995       -15.81159
     11.145       -15.79404
     11.295       -15.77675
     11.445       -15.75950
     11.595       -15.74264
     11.745       -15.72571
     11.895       -15.70942
     12.045       -15.69356
     12.195       -15.67781
     12.345       -15.66181
     12.495       -15.64628
     12.645       -15.63078
     12.795       -15.61554
     12.945       -15.60045
     13.095       -15.58579
     13.245       -15.57109
     13.395       -15.55671
     13.545       -15.54233
     13.695       -15.52826
     13.845       -15.51415
     13.995       -15.50036
     14.145       -15.48675
     14.295       -15.47327
     14.445       -15.45995
     14.595       -15.44640
     14.745       -15.43313
     14.895       -15.42020
     15.045       -15.40748
     15.195       -15.39486
     15.345       -15.38195
     15.495       -15.36964
     15.645       -15.35704
     15.795       -15.34473
     15.945       -15.33263
     16.095       -15.32069
     16.245       -15.30910
     16.395       -15.29720
     16.545       -15.28579
     16.695       -15.27455
     16.845       -15.26288
     16.995       -15.25163
     17.145       -15.24049
     17.295       -15.22946
     17.445       -15.21836
     17.595       -15.20745
     17.745       -15.19673
     17.895       -15.18595
     18.045       -15.17553
     18.195       -15.16523
     18.345       -15.15463
     18.495       -15.14429
     18.645       -15.13431
     18.795       -15.12425
     18.945       -15.11437
     19.095       -15.10450
     19.245       -15.09448
     19.395       -15.08463
     19.545       -15.07496
     19.695       -15.06541
     19.845       -15.05566
     19.995       -15.04607
     20.145       -15.03681
     20.295       -15.02728
     20.445       -15.01788
     20.595       -15.00829
     20.745       -14.99933
     20.895       -14.99020
     21.045       -14.98081
     21.195       -14.97189
     21.345       -14.96287
     21.495       -14.95422
     21.645       -14.94558
     21.795       -14.93681
     21.945       -14.92788
     22.095       -14.91923
     22.245       -14.91086
     22.395       -14.90261
     22.545       -14.89423
     22.695       -14.88581
     22.845       -14.87743
     22.995       -14.86939
     23.145       -14.86119
     23.295       -14.85325
     23.445       -14.84527
     23.595       -14.83737
     23.745       -14.82969
     23.895       -14.82177
     24.045       -14.81377
     24.195       -14.80593
     24.345       -14.79812
     24.495       -14.79041
     24.645       -14.78271
     24.795       -14.77524
     24.945       -14.76780
     25.095       -14.76029
     25.245       -14.75309
     25.395       -14.74579
     25.545       -14.73855
     25.695       -14.73130
     25.845       -14.72417
     25.995       -14.71689
     26.145       -14.70953
     26.295       -14.70243
     26.445       -14.69550
     26.595       -14.68828
     26.745       -14.68140
     26.895       -14.67440
     27.045       -14.66744
     27.195       -14.66065
     27.345       -14.65395
     27.495       -14.64726
     27.645       -14.64041
     27.795       -14.63347
     27.945       -14.62679
     28.095       -14.62029
     28.245       -14.61340
     28.395       -14.60703
     28.545       -14.60050
     28.695       -14.59398
     28.845       -14.58766
     28.995       -14.58129
     29.145       -14.57491
     29.295       -14.56852
     29.445       -14.56208
     29.595       -14.55553
     29.745       -14.54922
     29.895       -14.54285
     30.045       -14.53666
     30.195       -14.53066
     30.345       -14.52445
     30.495       -14.51846
     30.645       -14.51236
     30.795       -14.50642
     30.945       -14.50049
     31.095       -14.49451
     31.245       -14.48842
     31.395       -14.48239
     31.545       -14.47658
     31.695       -14.47063
     31.845       -14.46484
     31.995       -14.45922
     32.145       -14.45348
     32.295       -14.44778
     32.445       -14.44209
     32.595       -14.43634
     32.745       -14.43051
     32.895       -14.42502
     33.045       -14.41956
     33.195       -14.41392
     33.345       -14.40832
     33.495       -14.40278
     33.645       -14.39721
     33.795       -14.39179
     33.945       -14.38640
     34.095       -14.38090
     34.245       -14.37543
     34.395       -14.36981
     34.545       -14.36432
     34.695       -14.35907
     34.845       -14.35377
     34.995       -14.34847
     35.145       -14.34324
     35.295       -14.33801
     35.445       -14.33267
     35.595       -14.32764
     35.745       -14.32249
     35.895       -14.31755
     36.045       -14.31248
     36.195       -14.30743
     36.345       -14.30246
     36.495       -14.29723
     36.645       -14.29203
     36.795       -14.28706
     36.945       -14.28204
     37.095       -14.27714
     37.245       -14.27223
     37.395       -14.26735
     37.545       -14.26256
     37.695       -14.25772
     37.845       -14.25283
     37.995       -14.24793
     38.145       -14.24297
     38.295       -14.23827
     38.445       -14.23358
     38.595       -14.22887
     38.745       -14.22429
     38.895       -14.21979
     39.045       -14.21505
     39.195       -14.21024
     39.345       -14.20562
     39.495       -14.20091
     39.645       -14.19635
     39.795       -14.19183
     39.945       -14.18729
     40.095       -14.18256
     40.245       -14.17787
     40.395       -14.17343
     40.545       -14.16909
     40.695       -14.16479
     40.845       -14.16030
     40.995       -14.15606
     41.145       -14.15153
     41.295       -14.14720
     41.445       -14.14286
     41.595       -14.13853
     41.745       -14.13440
     41.895       -14.13003
     42.045       -14.12571
     42.195       -14.12139
     42.345       -14.11725
     42.495       -14.11312
     42.645       -14.10878
     42.795       -14.10457
     42.945       -14.10038
     43.095       -14.09623
     43.245       -14.09201
     43.395       -14.08794
     43.545       -14.08369
     43.695       -14.07949
     43.845       -14.07531
     43.995       -14.07112
     44.145       -14.06696
     44.295       -14.06283
     44.445       -14.05894
     44.595       -14.05481
     44.745       -14.05093
     44.895       -14.04715
     45.045       -14.04290
     45.195       -14.03879
     45.345       -14.03466
     45.495       -14.03086
     45.645       -14.02700
     45.795       -14.02287
     45.945       -14.01890
     46.095       -14.01497
     46.245       -14.01087
     46.395       -14.00691
     46.545       -14.00292
     46.695       -13.99904
     46.845       -13.99519
     46.995       -13.99135
     47.145       -13.98757
     47.295       -13.98367
     47.445       -13.97975
     47.595       -13.97593
     47.745       -13.97208
     47.895       -13.96811
     48.045       -13.96424
     48.195       -13.96035
     48.345       -13.95657
     48.495       -13.95271
     48.645       -13.94906
     48.795       -13.94531
     48.945       -13.94169
     49.095       -13.93799
     49.245       -13.93432
     49.395       -13.93059
     49.545       -13.92700
     49.695       -13.92337
     49.845       -13.91969
     49.995       -13.91598
     50.145       -13.91233
     50.295       -13.90888
     50.445       -13.90530
     50.595       -13.90181
     50.745       -13.89827
     50.895       -13.89483
     51.045       -13.89147
     51.195       -13.88795
     51.345       -13.88440
     51.495       -13.88086
     51.645       -13.87750
     51.795       -13.87411
     51.945       -13.87050
     52.095       -13.86706
     52.245       -13.86368
     52.395       -13.86023
     52.545       -13.85689
     52.695       -13.85334
     52.845       -13.84982
     52.995       -13.84646
     53.145       -13.84307
     53.295       -13.83973
     53.445       -13.83637
     53.595       -13.83301
     53.745       -13.82972
     53.895       -13.82632
     54.045       -13.82304
     54.195       -13.81989
     54.345       -13.81667
     54.495       -13.81333
     54.645       -13.81003
     54.795       -13.80682
     54.945       -13.80360
     55.095       -13.80025
     59.433       -13.54701
     80.646       -13.17433
     111.21       -12.81259
     153.36       -12.46274
     211.49       -12.12338
     291.64       -11.79609
     402.18       -11.47823
     554.60       -11.17199
     764.80       -10.87632
     1054.7       -10.59034
     1454.4       -10.31420
     2005.6       -10.04874
     2765.8        -9.79263
     3814.0        -9.54540
     5259.5        -9.30514
     7252.9        -9.07413
     10002.        -8.85105
     13793.        -8.63590
     19020.        -8.42963
     26229.        -8.23131
     36170.        -8.03967
     49878.        -7.85719
     68782.        -7.68257
     94851.        -7.51669
    0.13080E+06    -7.35746
    0.18038E+06    -7.20615
    0.24874E+06    -7.06092
    0.34301E+06    -6.92346
    0.47302E+06    -6.79224
    0.65229E+06    -6.66702
    0.89952E+06    -6.54769
    0.12404E+07    -6.43416
    0.17106E+07    -6.32631
    0.23589E+07    -6.22298
    0.32529E+07    -6.12488
    0.44858E+07    -6.03208
    0.61860E+07    -5.94404
    0.85305E+07    -5.86007
    0.11764E+08    -5.78027
    0.16222E+08    -5.70378
    0.22370E+08    -5.63155
    0.30849E+08    -5.56225
    0.42541E+08    -5.49731
    0.58664E+08    -5.43608
    0.80898E+08    -5.37957
    0.11156E+09    -5.32630
    0.15384E+09    -5.27642
    0.21215E+09    -5.22923
    0.29255E+09    -5.18469
    0.40343E+09    -5.14310
    0.55633E+09    -5.10450
    0.76719E+09    -5.06956
    0.10580E+10    -5.03783
    0.14589E+10    -5.00838
    0.20119E+10    -4.98136
    0.27744E+10    -4.95685
    0.38259E+10    -4.93396
    0.52760E+10    -4.91290
    0.72756E+10    -4.89323
    0.10033E+11    -4.87502
    0.13836E+11    -4.85848
    0.19079E+11    -4.84285
    0.26311E+11    -4.82877
    0.36283E+11    -4.81559
    0.50034E+11    -4.80329
    0.68997E+11    -4.79192
    0.10000E+12    -4.65805
