    -29.945        1     0.00000
    -29.795        1     0.00000
    -29.645        1     0.00000
    -29.495        1     0.00000
    -29.345        1     0.00000
    -29.195        1     0.00000
    -29.045        1     0.00000
    -28.895        1     0.00000
    -28.745        1     0.00000
    -28.595        1     0.00000
    -28.445        1     0.00000
    -28.295        1     0.00000
    -28.145        1     0.00000
    -27.995        1     0.00000
    -27.845        1     0.00000
    -27.695        1     0.00000
    -27.545        1     0.00000
    -27.395        1     0.00000
    -27.245        1     0.00000
    -27.095        1     0.00000
    -26.945        1     0.00000
    -26.795        1     0.00000
    -26.645        1     0.00000
    -26.495        1     0.00000
    -26.345        1     0.00000
    -26.195        1     0.00000
    -26.045        1     0.00000
    -25.895        1     0.00000
    -25.745        1     0.00000
    -25.595        1     0.00000
    -25.445        1     0.00000
    -25.295        1     0.00000
    -25.145        1     0.00000
    -24.995        1     0.00000
    -24.845        1     0.00000
    -24.695        1     0.00000
    -24.545        1     0.00000
    -24.395        1     0.00000
    -24.245        1     0.00000
    -24.095        1     0.00000
    -23.945        1     0.00000
    -23.795        1     0.00000
    -23.645        1     0.00000
    -23.495        1     0.00000
    -23.345        1     0.00000
    -23.195        1     0.00000
    -23.045        1     0.00000
    -22.895        1     0.00000
    -22.745        1     0.00000
    -22.595        1     0.00000
    -22.445        1     0.00000
    -22.295        1     0.00000
    -22.145        1     0.00000
    -21.995        1     0.00000
    -21.845        1     0.00000
    -21.695        1     0.00000
    -21.545        1     0.00000
    -21.395        1     0.00000
    -21.245        1     0.00000
    -21.095        1     0.00000
    -20.945        1     0.00000
    -20.795        1     0.00000
    -20.645        1     0.00000
    -20.495        1     0.00000
    -20.345        1     0.00000
    -20.195        1     0.00000
    -20.045        1     0.00000
    -19.895        1     0.00000
    -19.745        1     0.00000
    -19.595        1     0.00000
    -19.445        1     0.00000
    -19.295        1     0.00000
    -19.145        1     0.00000
    -18.995        1     0.00000
    -18.845        1     0.00000
    -18.695        1     0.00000
    -18.545        1     0.00000
    -18.395        1     0.00000
    -18.245        1     0.00000
    -18.095        1     0.00000
    -17.945        1     0.00000
    -17.795        1     0.00000
    -17.645        1     0.00000
    -17.495        1     0.00000
    -17.345        1     0.00000
    -17.195        1     0.00000
    -17.045        1     0.00000
    -16.895        1     0.00000
    -16.745        1     0.00000
    -16.595        1     0.00000
    -16.445        1     0.00000
    -16.295        1     0.00000
    -16.145        1     0.00000
    -15.995        1     0.00000
    -15.845        1     0.00000
    -15.695        1     0.00000
    -15.545        1     0.00000
    -15.395        1     0.00000
    -15.245        1     0.00000
    -15.095        1     0.00000
    -14.945        1     0.00000
    -14.795        1     0.00000
    -14.645        1     0.00000
    -14.495        1     0.00000
    -14.345        1     0.00000
    -14.195        1     0.00000
    -14.045        1     0.00000
    -13.895        1     0.00000
    -13.745        1     0.00000
    -13.595        1     0.00000
    -13.445        1     0.00000
    -13.295        1     0.00000
    -13.145        1     0.00000
    -12.995        1     0.00000
    -12.845        1     0.00000
    -12.695        1     0.00000
    -12.545        1     0.00000
    -12.395        1     0.00000
    -12.245        1     0.00000
    -12.095        1     0.00000
    -11.945        1     0.00000
    -11.795        1     0.00000
    -11.645        1     0.00000
    -11.495        1     0.00000
    -11.345        1     0.00000
    -11.195        1     0.00000
    -11.045        1     0.00000
    -10.895        1     0.00000
    -10.745        1     0.00000
    -10.595        1     0.00000
    -10.445        1     0.00000
    -10.295        1     0.00000
    -10.145        1     0.00000
    -9.9950        1    -0.00001
    -9.8450        1    -0.00391
    -9.6950        1    -0.01137
    -9.5450        1    -0.02046
    -9.3950        1    -0.03168
    -9.2450        1    -0.04476
    -9.0950        1    -0.05965
    -8.9450        1    -0.07601
    -8.7950        1    -0.09620
    -8.6450        1    -0.12546
    -8.4950        1    -0.16459
    -8.3450        1    -0.21185
    -8.1950        1    -0.26536
    -8.0450        1    -0.32448
    -7.8950        1    -0.38756
    -7.7450        1    -0.45835
    -7.5950        1    -0.53859
    -7.4450        1    -0.63113
    -7.2950        1    -0.74496
    -7.1450        1    -0.88301
    -6.9950        1    -1.03795
    -6.8450        1    -1.21584
    -6.6950        1    -1.42314
    -6.5450        1    -1.66219
    -6.3950        1    -1.94780
    -6.2450        1    -2.25428
    -6.0950        1    -2.58063
    -5.9450        1    -2.94651
    -5.7950        1    -3.33833
    -5.6450        1    -3.75120
    -5.4950        1    -4.18710
    -5.3450        1    -4.63285
    -5.1950        1    -5.09757
    -5.0450        1    -5.58168
    -4.8950        1    -6.08164
    -4.7450        1    -6.60371
    -4.5950        1    -7.14642
    -4.4450        1    -7.71758
    -4.2950        1    -8.32468
    -4.1450        1    -8.97077
    -3.9950        1    -9.66517
    -3.8450        1   -10.41186
    -3.6950        1   -11.21197
    -3.5450        1   -12.08086
    -3.3950        1   -13.01565
    -3.2450        1   -14.04109
    -3.0950        1   -15.14741
    -2.9450        1   -16.34013
    -2.7950        1   -17.63747
    -2.6450        1   -19.05856
    -2.4950        1   -20.61799
    -2.3450        1   -22.35537
    -2.1950        1   -24.29986
    -2.0450        1   -26.49945
    -1.8950        1   -28.99422
    -1.7450        1   -31.81335
    -1.5950        1   -34.86547
    -1.4450        1   -38.29866
    -1.2950        1   -42.26850
    -1.1450        1   -46.93788
   -0.99500        1   -52.61026
   -0.84500        1   -59.80659
   -0.69500        1   -69.60757
   -0.54500        1   -85.33407
   -0.39500        1  -113.80275
   -0.25300        1  -130.36143
   -0.21500        1  -131.11799
   -0.20900        1  -131.84550
   -0.20300        1  -132.54372
   -0.19700        1  -133.21293
   -0.19100        1  -133.85275
   -0.18500        1  -134.46353
   -0.17900        1  -135.04417
   -0.17300        1  -135.59573
   -0.16700        1  -136.11785
   -0.16100        1  -136.61014
   -0.15500        1  -137.07384
   -0.14900        1  -137.50935
   -0.14300        1  -137.91755
   -0.13700        1  -138.29908
   -0.13100        1  -138.64535
   -0.12500        1  -138.96267
   -0.11900        1  -139.25391
   -0.11300        1  -139.52130
   -0.10700        1  -139.76642
   -0.10100        1  -139.99070
   -0.95000E-01    1  -140.19517
   -0.89000E-01    1  -140.38072
   -0.83000E-01    1  -140.54862
   -0.77000E-01    1  -140.69984
   -0.71000E-01    1  -140.83508
   -0.65000E-01    1  -140.95513
   -0.59000E-01    1  -141.06070
   -0.53000E-01    1  -141.15259
   -0.47000E-01    1  -141.23154
   -0.41000E-01    1  -141.29819
   -0.35000E-01    1  -141.35334
   -0.29000E-01    1  -141.39759
   -0.23000E-01    1  -141.43086
   -0.19700E-01    1  -141.43365
   -0.19100E-01    1  -141.43633
   -0.18500E-01    1  -141.43892
   -0.17900E-01    1  -141.44141
   -0.17300E-01    1  -141.44381
   -0.16700E-01    1  -141.44612
   -0.16100E-01    1  -141.44834
   -0.15500E-01    1  -141.45047
   -0.14900E-01    1  -141.45250
   -0.14300E-01    1  -141.45444
   -0.13700E-01    1  -141.45630
   -0.13100E-01    1  -141.45807
   -0.12500E-01    1  -141.45974
   -0.11900E-01    1  -141.46133
   -0.11300E-01    1  -141.46283
   -0.10700E-01    1  -141.46425
   -0.10100E-01    1  -141.46559
   -0.95000E-02    1  -141.46684
   -0.89000E-02    1  -141.46800
   -0.83000E-02    1  -141.46909
   -0.77000E-02    1  -141.47009
   -0.71000E-02    1  -141.47101
   -0.65000E-02    1  -141.47185
   -0.59000E-02    1  -141.47261
   -0.53000E-02    1  -141.47329
   -0.47000E-02    1  -141.47389
   -0.41000E-02    1  -141.47442
   -0.35000E-02    1  -141.47486
   -0.29000E-02    1  -141.47523
   -0.23000E-02    1  -141.47552
   -0.17000E-02    1  -141.47573
   -0.11000E-02    1  -141.47587
   -0.50000E-03    1  -141.47593
    0.10000E-03    1  -141.47592
    0.70000E-03    1  -141.47584
    0.13000E-02    1  -141.47568
    0.19000E-02    1  -141.47544
    0.25000E-02    1  -141.47514
    0.31000E-02    1  -141.47476
    0.37000E-02    1  -141.47431
    0.43000E-02    1  -141.47379
    0.49000E-02    1  -141.47320
    0.55000E-02    1  -141.47254
    0.61000E-02    1  -141.47180
    0.67000E-02    1  -141.47100
    0.73000E-02    1  -141.47014
    0.79000E-02    1  -141.46920
    0.85000E-02    1  -141.46820
    0.91000E-02    1  -141.46713
    0.97000E-02    1  -141.46599
    0.10300E-01    1  -141.46478
    0.10900E-01    1  -141.46351
    0.11500E-01    1  -141.46217
    0.12100E-01    1  -141.46077
    0.12700E-01    1  -141.45930
    0.13300E-01    1  -141.45778
    0.13900E-01    1  -141.45619
    0.14500E-01    1  -141.45452
    0.15100E-01    1  -141.45280
    0.15700E-01    1  -141.45100
    0.16300E-01    1  -141.44916
    0.16900E-01    1  -141.44725
    0.17500E-01    1  -141.44527
    0.18100E-01    1  -141.44324
    0.18700E-01    1  -141.44115
    0.19300E-01    1  -141.43900
    0.20200E-01    1  -141.43006
    0.25000E-01    1  -141.40303
    0.31000E-01    1  -141.37056
    0.37000E-01    1  -141.33306
    0.43000E-01    1  -141.29105
    0.49000E-01    1  -141.24484
    0.55000E-01    1  -141.19465
    0.61000E-01    1  -141.14075
    0.67000E-01    1  -141.08329
    0.73000E-01    1  -141.02271
    0.79000E-01    1  -140.95912
    0.85000E-01    1  -140.89265
    0.91000E-01    1  -140.82331
    0.97000E-01    1  -140.75144
    0.10300        1  -140.67731
    0.10900        1  -140.60108
    0.11500        1  -140.52267
    0.12100        1  -140.44233
    0.12700        1  -140.36030
    0.13300        1  -140.27655
    0.13900        1  -140.19107
    0.14500        1  -140.10429
    0.15100        1  -140.01608
    0.15700        1  -139.92662
    0.16300        1  -139.83590
    0.16900        1  -139.74420
    0.17500        1  -139.65124
    0.18100        1  -139.55739
    0.18700        1  -139.46241
    0.19300        1  -139.36699
    0.19900        1  -139.27050
    0.20500        1  -139.17352
    0.21100        1  -139.07559
    0.21700        1  -138.97733
    0.29500        1  -136.37475
    0.44500        1  -133.85955
    0.59500        1  -131.55235
    0.74500        1  -129.46702
    0.89500        1  -127.59189
     1.0450        1  -125.89831
     1.1950        1  -124.36791
     1.3450        1  -122.97394
     1.4950        1  -121.72217
     1.6450        1  -120.58764
     1.7950        1  -119.54702
     1.9450        1  -118.59035
     2.0950        1  -117.73240
     2.2450        1  -116.95300
     2.3950        1  -116.23968
     2.5450        1  -115.58224
     2.6950        1  -114.97465
     2.8450        1  -114.41736
     2.9950        1  -113.91708
     3.1450        1  -113.45700
     3.2950        1  -113.02936
     3.4450        1  -112.63034
     3.5950        1  -112.25495
     3.7450        1  -111.90081
     3.8950        1  -111.56534
     4.0450        1  -111.24581
     4.1950        1  -110.94034
     4.3450        1  -110.64832
     4.4950        1  -110.36700
     4.6450        1  -110.09676
     4.7950        1  -109.83636
     4.9450        1  -109.58528
     5.0950        1  -109.34200
     5.2450        1  -109.10673
     5.3950        1  -108.87851
     5.5450        1  -108.65635
     5.6950        1  -108.44122
     5.8450        1  -108.23206
     5.9950        1  -108.02929
     6.1450        1  -107.83208
     6.2950        1  -107.63920
     6.4450        1  -107.45209
     6.5950        1  -107.26976
     6.7450        1  -107.09156
     6.8950        1  -106.91738
     7.0450        1  -106.74830
     7.1950        1  -106.58249
     7.3450        1  -106.42061
     7.4950        1  -106.26350
     7.6450        1  -106.10834
     7.7950        1  -105.95760
     7.9450        1  -105.80902
     8.0950        1  -105.66539
     8.2450        1  -105.52245
     8.3950        1  -105.38412
     8.5450        1  -105.24659
     8.6950        1  -105.11442
     8.8450        1  -104.98329
     8.9950        1  -104.85419
     9.1450        1  -104.72872
     9.2950        1  -104.60749
     9.4450        1  -104.48805
     9.5950        1  -104.37245
     9.7450        1  -104.26030
     9.8950        1  -104.14923
     10.045        1  -104.04041
     10.195        1  -103.93527
     10.345        1  -103.83355
     10.495        1  -103.73348
     10.645        1  -103.63686
     10.795        1  -103.54030
     10.945        1  -103.44622
     11.095        1  -103.35565
     11.245        1  -103.26768
     11.395        1  -103.18379
     11.545        1  -103.10254
     11.695        1  -103.02093
     11.845        1  -102.94430
     11.995        1  -102.86507
     12.145        1  -102.79333
     12.295        1  -102.72178
     12.445        1  -102.65183
     12.595        1  -102.58437
     12.745        1  -102.52152
     12.895        1  -102.45541
     13.045        1  -102.39750
     13.195        1  -102.34192
     13.345        1  -102.28938
     13.495        1  -102.23488
     13.645        1  -102.18498
     13.795        1  -102.13533
     13.945        1  -102.08945
     14.095        1  -102.04770
     14.245        1  -102.00524
     14.395        1  -101.96516
     14.545        1  -101.92339
     14.695        1  -101.88875
     14.845        1  -101.85362
     14.995        1  -101.81850
     15.145        1  -101.78600
     15.295        1  -101.75247
     15.445        1  -101.71724
     15.595        1  -101.68490
     15.745        1  -101.65511
     15.895        1  -101.62614
     16.045        1  -101.59807
     16.195        1  -101.57013
     16.345        1  -101.54415
     16.495        1  -101.51595
     16.645        1  -101.48706
     16.795        1  -101.45952
     16.945        1  -101.43174
     17.095        1  -101.40483
     17.245        1  -101.37530
     17.395        1  -101.34822
     17.545        1  -101.32002
     17.695        1  -101.29246
     17.845        1  -101.26601
     17.995        1  -101.23697
     18.145        1  -101.20826
     18.295        1  -101.17934
     18.445        1  -101.15138
     18.595        1  -101.12513
     18.745        1  -101.09723
     18.895        1  -101.06928
     19.045        1  -101.04293
     19.195        1  -101.01563
     19.345        1  -100.99051
     19.495        1  -100.96296
     19.645        1  -100.93507
     19.795        1  -100.90866
     19.945        1  -100.88267
     20.095        1  -100.85525
     20.245        1  -100.83059
     20.395        1  -100.80671
     20.545        1  -100.78144
     20.695        1  -100.75588
     20.845        1  -100.73039
     20.995        1  -100.70474
     21.145        1  -100.68055
     21.295        1  -100.65614
     21.445        1  -100.63294
     21.595        1  -100.61058
     21.745        1  -100.58942
     21.895        1  -100.56595
     22.045        1  -100.54467
     22.195        1  -100.52367
     22.345        1  -100.50211
     22.495        1  -100.48190
     22.645        1  -100.46066
     22.795        1  -100.44022
     22.945        1  -100.41998
     23.095        1  -100.40037
     23.245        1  -100.38229
     23.395        1  -100.36529
     23.545        1  -100.34830
     23.695        1  -100.33035
     23.845        1  -100.31342
     23.995        1  -100.29701
     24.145        1  -100.28322
     24.295        1  -100.26899
     24.445        1  -100.25562
     24.595        1  -100.24217
     24.745        1  -100.22990
     24.895        1  -100.21502
     25.045        1  -100.20169
     25.195        1  -100.18959
     25.345        1  -100.17725
     25.495        1  -100.16447
     25.645        1  -100.15214
     25.795        1  -100.14032
     25.945        1  -100.12867
     26.095        1  -100.11670
     26.245        1  -100.10465
     26.395        1  -100.09220
     26.545        1  -100.08119
     26.695        1  -100.06949
     26.845        1  -100.05759
     26.995        1  -100.04671
     27.145        1  -100.03546
     27.295        1  -100.02420
     27.445        1  -100.01309
     27.595        1  -100.00242
     27.745        1   -99.99163
     27.895        1   -99.98179
     28.045        1   -99.97148
     28.195        1   -99.96059
     28.345        1   -99.95010
     28.495        1   -99.94006
     28.645        1   -99.92998
     28.795        1   -99.91987
     28.945        1   -99.90979
     29.095        1   -99.89981
     29.245        1   -99.89254
     29.395        1   -99.88369
     29.545        1   -99.87546
     29.695        1   -99.86712
     29.845        1   -99.85873
     29.995        1   -99.84906
     30.145        1   -99.84044
     30.295        1   -99.83170
     30.445        1   -99.82409
     30.595        1   -99.81574
     30.745        1   -99.80727
     30.895        1   -99.80102
     31.045        1   -99.79409
     31.195        1   -99.78580
     31.345        1   -99.77804
     31.495        1   -99.77054
     31.645        1   -99.76322
     31.795        1   -99.75628
     31.945        1   -99.74917
     32.095        1   -99.74224
     32.245        1   -99.73647
     32.395        1   -99.72953
     32.545        1   -99.72391
     32.695        1   -99.71894
     32.845        1   -99.71315
     32.995        1   -99.70757
     33.145        1   -99.70207
     33.295        1   -99.69645
     33.445        1   -99.69150
     33.595        1   -99.68685
     33.745        1   -99.68230
     33.895        1   -99.67793
     34.045        1   -99.67308
     34.195        1   -99.66837
     34.345        1   -99.66491
     34.495        1   -99.66082
     34.645        1   -99.65748
     34.795        1   -99.65358
     34.945        1   -99.64962
     35.095        1   -99.64579
     35.245        1   -99.64247
     35.395        1   -99.63859
     35.545        1   -99.63532
     35.695        1   -99.63202
     35.845        1   -99.62782
     35.995        1   -99.62463
     36.145        1   -99.62143
     36.295        1   -99.61828
     36.445        1   -99.61513
     36.595        1   -99.61140
     36.745        1   -99.60822
     36.895        1   -99.60497
     37.045        1   -99.60182
     37.195        1   -99.59870
     37.345        1   -99.59547
     37.495        1   -99.59228
     37.645        1   -99.58913
     37.795        1   -99.58598
     37.945        1   -99.58288
     38.095        1   -99.57976
     38.245        1   -99.57667
     38.395        1   -99.57357
     38.545        1   -99.57049
     38.695        1   -99.56747
     38.845        1   -99.56442
     38.995        1   -99.56134
     39.145        1   -99.55838
     39.295        1   -99.55536
     39.445        1   -99.55242
     39.595        1   -99.54943
     39.745        1   -99.54644
     39.895        1   -99.54349
     40.045        1   -99.54056
     40.195        1   -99.53764
     40.345        1   -99.53472
     40.495        1   -99.53181
     40.645        1   -99.52885
     40.795        1   -99.52593
     40.945        1   -99.52291
     41.095        1   -99.51997
     41.245        1   -99.51708
     41.395        1   -99.51420
     41.545        1   -99.51132
     41.695        1   -99.50838
     41.845        1   -99.50551
     41.995        1   -99.50267
     42.145        1   -99.49981
     42.295        1   -99.49697
     42.445        1   -99.49414
     42.595        1   -99.49121
     42.745        1   -99.48831
     42.895        1   -99.48545
     43.045        1   -99.48258
     43.195        1   -99.47973
     43.345        1   -99.47699
     43.495        1   -99.47415
     43.645        1   -99.47129
     43.795        1   -99.46843
     43.945        1   -99.46561
     44.095        1   -99.46281
     44.245        1   -99.45994
     44.395        1   -99.45720
     44.545        1   -99.45435
     44.695        1   -99.45151
     44.845        1   -99.44872
     44.995        1   -99.44591
     45.145        1   -99.44316
     45.295        1   -99.44039
     45.445        1   -99.43762
     45.595        1   -99.43483
     45.745        1   -99.43215
     45.895        1   -99.42937
     46.045        1   -99.42663
     46.195        1   -99.42400
     46.345        1   -99.42135
     46.495        1   -99.41865
     46.645        1   -99.41592
     46.795        1   -99.41319
     46.945        1   -99.41045
     47.095        1   -99.40779
     47.245        1   -99.40515
     47.395        1   -99.40249
     47.545        1   -99.39989
     47.695        1   -99.39719
     47.845        1   -99.39453
     47.995        1   -99.39189
     48.145        1   -99.38921
     48.295        1   -99.38649
     48.445        1   -99.38382
     48.595        1   -99.38123
     48.745        1   -99.37865
     48.895        1   -99.37600
     49.045        1   -99.37344
     49.195        1   -99.37082
     49.345        1   -99.36821
     49.495        1   -99.36562
     49.645        1   -99.36301
     49.795        1   -99.36036
     49.945        1   -99.35775
     50.095        1   -99.35527
     50.245        1   -99.35270
     50.395        1   -99.35019
     50.545        1   -99.34760
     50.695        1   -99.34504
     50.845        1   -99.34249
     50.995        1   -99.33996
     51.145        1   -99.33736
     51.295        1   -99.33484
     51.445        1   -99.33222
     51.595        1   -99.32964
     51.745        1   -99.32711
     51.895        1   -99.32461
     52.045        1   -99.32210
     52.195        1   -99.31955
     52.345        1   -99.31696
     52.495        1   -99.31442
     52.645        1   -99.31199
     52.795        1   -99.30950
     52.945        1   -99.30710
     53.095        1   -99.30459
     53.245        1   -99.30211
     53.395        1   -99.29970
     53.545        1   -99.29719
     53.695        1   -99.29473
     53.845        1   -99.29226
     53.995        1   -99.28982
     54.145        1   -99.28736
     54.295        1   -99.28493
     54.445        1   -99.28250
     54.595        1   -99.28010
     54.745        1   -99.27764
     54.895        1   -99.27523
     55.045        1   -99.27282
     55.195        1   -99.27040
     55.345        1   -99.26802
     55.495        1   -99.26565
     55.645        1   -99.26328
     55.795        1   -99.26089
     55.945        1   -99.25861
     56.095        1   -99.25627
     56.245        1   -99.25393
     56.395        1   -99.25158
     56.545        1   -99.24929
     56.695        1   -99.24696
     56.845        1   -99.24457
     56.995        1   -99.24230
     57.145        1   -99.24003
     57.295        1   -99.23774
     57.445        1   -99.23546
     57.595        1   -99.23322
     57.745        1   -99.23096
     57.895        1   -99.22866
     58.045        1   -99.22643
     58.195        1   -99.22414
     58.345        1   -99.22198
     58.495        1   -99.21972
     58.645        1   -99.21751
     58.795        1   -99.21525
     58.945        1   -99.21306
     59.095        1   -99.21080
     59.245        1   -99.20860
     59.395        1   -99.20639
     59.545        1   -99.20420
     59.695        1   -99.20203
     59.845        1   -99.19986
     59.995        1   -99.19765
     60.145        1   -99.19552
     60.295        1   -99.19341
     60.445        1   -99.19129
     60.595        1   -99.18911
     60.745        1   -99.18698
     60.895        1   -99.18483
     61.045        1   -99.18266
     61.195        1   -99.18040
     61.345        1   -99.17825
     61.495        1   -99.17616
     61.645        1   -99.17410
     61.795        1   -99.17202
     61.945        1   -99.16988
     62.095        1   -99.16779
     62.245        1   -99.16567
     62.395        1   -99.16366
     62.545        1   -99.16164
     62.695        1   -99.15950
     62.845        1   -99.15749
     62.995        1   -99.15542
     63.145        1   -99.15341
     63.295        1   -99.15143
     63.445        1   -99.14938
     63.595        1   -99.14737
     63.745        1   -99.14536
     63.895        1   -99.14335
     64.045        1   -99.14133
     64.195        1   -99.13939
     64.345        1   -99.13739
     64.495        1   -99.13532
     64.645        1   -99.13335
     64.795        1   -99.13136
     64.945        1   -99.12935
     65.095        1   -99.12740
     70.156        1   -98.94910
     94.967        1   -98.69388
     130.63        1   -98.44460
     179.69        1   -98.20367
     247.17        1   -97.96696
     340.00        1   -97.73619
     467.69        1   -97.51064
     643.33        1   -97.29038
     884.93        1   -97.07544
     1217.3        1   -96.86554
     1674.4        1   -96.65968
     2303.2        1   -96.45807
     3168.2        1   -96.26086
     4358.0        1   -96.06877
     5994.7        1   -95.88072
     8246.0        1   -95.69728
     11343.        1   -95.51855
     15603.        1   -95.34471
     21462.        1   -95.17536
     29522.        1   -95.01017
     40609.        1   -94.84883
     55860.        1   -94.69178
     76839.        1   -94.53883
    0.10570E+06    1   -94.38996
    0.14539E+06    1   -94.24612
    0.19999E+06    1   -94.10731
    0.27510E+06    1   -93.97323
    0.37841E+06    1   -93.84437
    0.52052E+06    1   -93.72122
    0.71601E+06    1   -93.60343
    0.98490E+06    1   -93.49116
    0.13548E+07    1   -93.38376
    0.18636E+07    1   -93.28122
    0.25634E+07    1   -93.18381
    0.35262E+07    1   -93.09099
    0.48504E+07    1   -93.00252
    0.66720E+07    1   -92.91785
    0.91776E+07    1   -92.83722
    0.12624E+08    1   -92.76044
    0.17365E+08    1   -92.68739
    0.23887E+08    1   -92.61773
    0.32858E+08    1   -92.55151
    0.45197E+08    1   -92.48834
    0.62171E+08    1   -92.42829
    0.85520E+08    1   -92.37101
    0.11764E+09    1   -92.31643
    0.16182E+09    1   -92.26461
    0.22259E+09    1   -92.21536
    0.30618E+09    1   -92.16901
    0.42116E+09    1   -92.12562
    0.57933E+09    1   -92.08524
    0.79690E+09    1   -92.04774
    0.10962E+10    1   -92.01277
    0.15078E+10    1   -91.98000
    0.20741E+10    1   -91.94925
    0.28531E+10    1   -91.92041
    0.39245E+10    1   -91.89355
    0.53984E+10    1   -91.86916
    0.74258E+10    1   -91.84675
    0.10215E+11    1   -91.82618
    0.14051E+11    1   -91.80724
    0.19327E+11    1   -91.78979
    0.26586E+11    1   -91.77360
    0.36570E+11    1   -91.75863
    0.50304E+11    1   -91.74490
    0.69195E+11    1   -91.73212
    0.10000E+12    1   -91.57889
    -149.95        2     0.00000
    -149.80        2     0.00000
    -149.65        2     0.00000
    -149.49        2     0.00000
    -149.34        2     0.00000
    -149.20        2     0.00000
    -149.05        2     0.00000
    -148.90        2     0.00000
    -148.74        2     0.00000
    -148.59        2     0.00000
    -148.45        2     0.00000
    -148.30        2     0.00000
    -148.15        2     0.00000
    -147.99        2     0.00000
    -147.84        2     0.00000
    -147.70        2     0.00000
    -147.55        2     0.00000
    -147.40        2     0.00000
    -147.24        2     0.00000
    -147.09        2     0.00000
    -146.95        2     0.00000
    -146.80        2     0.00000
    -146.65        2     0.00000
    -146.49        2     0.00000
    -146.34        2     0.00000
    -146.20        2     0.00000
    -146.05        2     0.00000
    -145.90        2     0.00000
    -145.74        2     0.00000
    -145.59        2     0.00000
    -145.45        2     0.00000
    -145.30        2     0.00000
    -145.15        2     0.00000
    -144.99        2     0.00000
    -144.84        2     0.00000
    -144.70        2     0.00000
    -144.55        2     0.00000
    -144.40        2     0.00000
    -144.24        2     0.00000
    -144.09        2     0.00000
    -143.95        2     0.00000
    -143.80        2     0.00000
    -143.65        2     0.00000
    -143.49        2     0.00000
    -143.34        2     0.00000
    -143.20        2     0.00000
    -143.05        2     0.00000
    -142.90        2     0.00000
    -142.74        2     0.00000
    -142.59        2     0.00000
    -142.45        2     0.00000
    -142.30        2     0.00000
    -142.15        2     0.00000
    -141.99        2     0.00000
    -141.84        2     0.00000
    -141.70        2     0.00000
    -141.55        2     0.00000
    -141.40        2     0.00000
    -141.24        2     0.00000
    -141.09        2     0.00000
    -140.95        2     0.00000
    -140.80        2     0.00000
    -140.65        2     0.00000
    -140.49        2     0.00000
    -140.34        2     0.00000
    -140.20        2     0.00000
    -140.05        2     0.00000
    -139.90        2     0.00000
    -139.74        2     0.00000
    -139.59        2     0.00000
    -139.45        2     0.00000
    -139.30        2     0.00000
    -139.15        2     0.00000
    -138.99        2     0.00000
    -138.84        2     0.00000
    -138.70        2     0.00000
    -138.55        2     0.00000
    -138.40        2     0.00000
    -138.24        2     0.00000
    -138.09        2     0.00000
    -137.95        2     0.00000
    -137.80        2     0.00000
    -137.65        2     0.00000
    -137.49        2     0.00000
    -137.34        2     0.00000
    -137.20        2     0.00000
    -137.05        2     0.00000
    -136.90        2     0.00000
    -136.74        2     0.00000
    -136.59        2     0.00000
    -136.45        2     0.00000
    -136.30        2     0.00000
    -136.15        2     0.00000
    -135.99        2     0.00000
    -135.84        2     0.00000
    -135.70        2     0.00000
    -135.55        2     0.00000
    -135.40        2     0.00000
    -135.24        2     0.00000
    -135.09        2     0.00000
    -134.95        2     0.00000
    -134.80        2     0.00000
    -134.65        2     0.00000
    -134.49        2     0.00000
    -134.34        2     0.00000
    -134.20        2     0.00000
    -134.05        2     0.00000
    -133.90        2     0.00000
    -133.74        2     0.00000
    -133.59        2     0.00000
    -133.45        2     0.00000
    -133.30        2     0.00000
    -133.15        2     0.00000
    -132.99        2     0.00000
    -132.84        2     0.00000
    -132.70        2     0.00000
    -132.55        2     0.00000
    -132.40        2     0.00000
    -132.24        2     0.00000
    -132.09        2     0.00000
    -131.95        2     0.00000
    -131.80        2     0.00000
    -131.65        2     0.00000
    -131.49        2     0.00000
    -131.34        2     0.00000
    -131.20        2     0.00000
    -131.05        2     0.00000
    -130.90        2     0.00000
    -130.74        2     0.00000
    -130.59        2     0.00000
    -130.45        2     0.00000
    -130.30        2     0.00000
    -130.15        2     0.00000
    -129.99        2     0.00000
    -129.84        2     0.00000
    -129.70        2     0.00000
    -129.55        2     0.00000
    -129.40        2     0.00000
    -129.24        2     0.00000
    -129.09        2     0.00000
    -128.95        2     0.00000
    -128.80        2     0.00000
    -128.65        2     0.00000
    -128.49        2     0.00000
    -128.34        2     0.00000
    -128.20        2     0.00000
    -128.05        2     0.00000
    -127.89        2     0.00000
    -127.75        2     0.00000
    -127.60        2     0.00000
    -127.44        2     0.00000
    -127.30        2     0.00000
    -127.14        2     0.00000
    -127.00        2     0.00000
    -126.85        2     0.00000
    -126.69        2     0.00000
    -126.55        2     0.00000
    -126.39        2     0.00000
    -126.25        2     0.00000
    -126.10        2     0.00000
    -125.94        2     0.00000
    -125.80        2     0.00000
    -125.64        2     0.00000
    -125.50        2     0.00000
    -125.35        2     0.00000
    -125.19        2     0.00000
    -125.05        2     0.00000
    -124.89        2     0.00000
    -124.75        2     0.00000
    -124.60        2     0.00000
    -124.44        2     0.00000
    -124.30        2     0.00000
    -124.14        2     0.00000
    -124.00        2     0.00000
    -123.85        2     0.00000
    -123.69        2     0.00000
    -123.55        2     0.00000
    -123.39        2     0.00000
    -123.25        2     0.00000
    -123.10        2     0.00000
    -122.94        2     0.00000
    -122.80        2     0.00000
    -122.64        2     0.00000
    -122.50        2     0.00000
    -122.35        2     0.00000
    -122.19        2     0.00000
    -122.05        2     0.00000
    -121.89        2     0.00000
    -121.75        2     0.00000
    -121.60        2     0.00000
    -121.44        2     0.00000
    -121.30        2     0.00000
    -121.14        2     0.00000
    -121.00        2     0.00000
    -120.85        2     0.00000
    -120.69        2     0.00000
    -120.55        2     0.00000
    -120.39        2     0.00000
    -120.25        2     0.00000
    -120.10        2     0.00000
    -119.94        2     0.00000
    -119.80        2     0.00000
    -119.64        2     0.00000
    -119.50        2     0.00000
    -119.35        2     0.00000
    -119.19        2     0.00000
    -119.05        2     0.00000
    -118.89        2     0.00000
    -118.75        2     0.00000
    -118.60        2     0.00000
    -118.44        2     0.00000
    -118.30        2     0.00000
    -118.14        2     0.00000
    -118.00        2     0.00000
    -117.85        2     0.00000
    -117.69        2     0.00000
    -117.55        2     0.00000
    -117.39        2     0.00000
    -117.25        2     0.00000
    -117.10        2     0.00000
    -116.94        2     0.00000
    -116.80        2     0.00000
    -116.64        2     0.00000
    -116.50        2     0.00000
    -116.35        2     0.00000
    -116.19        2     0.00000
    -116.05        2     0.00000
    -115.89        2     0.00000
    -115.75        2     0.00000
    -115.60        2     0.00000
    -115.44        2     0.00000
    -115.30        2     0.00000
    -115.14        2     0.00000
    -115.00        2     0.00000
    -114.85        2     0.00000
    -114.69        2     0.00000
    -114.55        2     0.00000
    -114.39        2     0.00000
    -114.25        2     0.00000
    -114.10        2     0.00000
    -113.94        2     0.00000
    -113.80        2     0.00000
    -113.64        2     0.00000
    -113.50        2     0.00000
    -113.35        2     0.00000
    -113.19        2     0.00000
    -113.05        2     0.00000
    -112.89        2     0.00000
    -112.75        2     0.00000
    -112.60        2     0.00000
    -112.44        2     0.00000
    -112.30        2     0.00000
    -112.14        2     0.00000
    -112.00        2     0.00000
    -111.85        2     0.00000
    -111.69        2     0.00000
    -111.55        2     0.00000
    -111.39        2     0.00000
    -111.25        2     0.00000
    -111.10        2     0.00000
    -110.94        2     0.00000
    -110.80        2     0.00000
    -110.64        2     0.00000
    -110.50        2     0.00000
    -110.35        2     0.00000
    -110.19        2     0.00000
    -110.05        2     0.00000
    -109.89        2     0.00000
    -109.75        2     0.00000
    -109.60        2     0.00000
    -109.44        2     0.00000
    -109.30        2     0.00000
    -109.14        2     0.00000
    -109.00        2     0.00000
    -108.85        2     0.00000
    -108.69        2     0.00000
    -108.55        2     0.00000
    -108.39        2     0.00000
    -108.25        2     0.00000
    -108.10        2     0.00000
    -107.94        2     0.00000
    -107.80        2     0.00000
    -107.64        2     0.00000
    -107.50        2     0.00000
    -107.35        2     0.00000
    -107.19        2     0.00000
    -107.05        2     0.00000
    -106.89        2     0.00000
    -106.75        2     0.00000
    -106.60        2     0.00000
    -106.44        2     0.00000
    -106.30        2     0.00000
    -106.14        2     0.00000
    -106.00        2     0.00000
    -105.85        2     0.00000
    -105.69        2     0.00000
    -105.55        2     0.00000
    -105.39        2     0.00000
    -105.25        2     0.00000
    -105.10        2     0.00000
    -104.94        2     0.00000
    -104.80        2     0.00000
    -104.64        2     0.00000
    -104.50        2     0.00000
    -104.35        2     0.00000
    -104.19        2     0.00000
    -104.05        2     0.00000
    -103.89        2     0.00000
    -103.75        2     0.00000
    -103.60        2     0.00000
    -103.44        2     0.00000
    -103.30        2     0.00000
    -103.14        2     0.00000
    -103.00        2     0.00000
    -102.85        2     0.00000
    -102.69        2     0.00000
    -102.55        2     0.00000
    -102.39        2     0.00000
    -102.25        2     0.00000
    -102.10        2     0.00000
    -101.94        2     0.00000
    -101.80        2     0.00000
    -101.64        2     0.00000
    -101.50        2     0.00000
    -101.35        2     0.00000
    -101.19        2     0.00000
    -101.05        2     0.00000
    -100.89        2     0.00000
    -100.75        2     0.00000
    -100.60        2     0.00000
    -100.44        2     0.00000
    -100.30        2     0.00000
    -100.14        2     0.00000
    -99.995        2     0.00000
    -99.845        2     0.00000
    -99.695        2     0.00000
    -99.545        2     0.00000
    -99.395        2     0.00000
    -99.245        2     0.00000
    -99.095        2     0.00000
    -98.945        2     0.00000
    -98.795        2     0.00000
    -98.645        2     0.00000
    -98.495        2     0.00000
    -98.345        2     0.00000
    -98.195        2     0.00000
    -98.045        2     0.00000
    -97.895        2     0.00000
    -97.745        2     0.00000
    -97.595        2     0.00000
    -97.445        2     0.00000
    -97.295        2     0.00000
    -97.145        2     0.00000
    -96.995        2     0.00000
    -96.845        2     0.00000
    -96.695        2     0.00000
    -96.545        2     0.00000
    -96.395        2     0.00000
    -96.245        2     0.00000
    -96.095        2     0.00000
    -95.945        2     0.00000
    -95.795        2     0.00000
    -95.645        2     0.00000
    -95.495        2     0.00000
    -95.345        2     0.00000
    -95.195        2     0.00000
    -95.045        2     0.00000
    -94.895        2     0.00000
    -94.745        2     0.00000
    -94.595        2     0.00000
    -94.445        2     0.00000
    -94.295        2     0.00000
    -94.145        2    -0.00076
    -93.995        2    -0.01051
    -93.845        2    -0.03958
    -93.695        2    -0.09131
    -93.545        2    -0.18626
    -93.395        2    -0.33704
    -93.245        2    -0.57591
    -93.095        2    -0.91188
    -92.945        2    -1.36874
    -92.795        2    -1.92385
    -92.645        2    -2.62987
    -92.495        2    -3.46460
    -92.345        2    -4.45259
    -92.195        2    -5.58157
    -92.045        2    -6.83152
    -91.895        2    -8.20479
    -91.745        2    -9.66347
    -91.595        2   -11.23854
    -91.445        2   -12.87363
    -91.295        2   -14.58456
    -91.145        2   -16.36321
    -90.995        2   -18.19709
    -90.845        2   -20.07180
    -90.695        2   -21.93669
    -90.545        2   -23.79172
    -90.395        2   -25.67803
    -90.245        2   -27.50946
    -90.095        2   -29.32542
    -89.945        2   -31.08018
    -89.795        2   -32.79418
    -89.645        2   -34.42903
    -89.495        2   -36.00153
    -89.345        2   -37.55923
    -89.195        2   -39.01112
    -89.045        2   -40.40467
    -88.895        2   -41.74461
    -88.745        2   -43.01312
    -88.595        2   -44.19566
    -88.445        2   -45.32664
    -88.295        2   -46.38984
    -88.145        2   -47.35679
    -87.995        2   -48.29198
    -87.845        2   -49.13812
    -87.695        2   -49.93559
    -87.545        2   -50.67249
    -87.395        2   -51.34297
    -87.245        2   -51.96503
    -87.095        2   -52.51916
    -86.945        2   -53.04752
    -86.795        2   -53.52939
    -86.645        2   -53.97206
    -86.495        2   -54.36760
    -86.345        2   -54.73783
    -86.195        2   -55.07470
    -86.045        2   -55.37230
    -85.895        2   -55.64111
    -85.745        2   -55.89373
    -85.595        2   -56.11168
    -85.445        2   -56.31281
    -85.295        2   -56.49892
    -85.145        2   -56.66188
    -84.995        2   -57.13305
    -84.845        2   -58.58389
    -84.695        2   -60.58455
    -84.545        2   -62.97413
    -84.395        2   -65.76475
    -84.245        2   -71.96678
    -84.095        2   -79.26333
    -83.945        2   -86.51281
    -83.795        2   -93.22255
    -83.645        2   -99.36188
    -83.495        2  -104.86218
    -83.345        2  -109.60387
    -83.195        2  -113.78517
    -83.045        2  -117.37978
    -82.895        2  -120.45838
    -82.745        2  -123.09637
    -82.595        2  -125.41335
    -82.445        2  -127.41993
    -82.295        2  -129.08977
    -82.145        2  -130.51981
    -81.995        2  -131.74814
    -81.845        2  -132.77299
    -81.695        2  -133.65212
    -81.545        2  -134.40124
    -81.395        2  -135.06821
    -81.245        2  -135.63675
    -81.095        2  -136.10929
    -80.945        2  -136.51239
    -80.795        2  -136.88057
    -80.645        2  -137.19854
    -80.495        2  -137.47867
    -80.345        2  -137.70769
    -80.195        2  -137.91717
    -80.045        2  -138.09399
    -79.895        2  -138.24959
    -79.745        2  -138.38766
    -79.595        2  -138.50818
    -79.445        2  -138.61762
    -79.295        2  -138.70757
    -79.145        2  -138.78162
    -78.995        2  -138.85092
    -78.845        2  -138.91184
    -78.695        2  -138.96923
    -78.545        2  -139.01559
    -78.395        2  -139.05471
    -78.245        2  -139.09750
    -78.095        2  -139.13391
    -77.945        2  -139.16591
    -77.795        2  -139.19333
    -77.645        2  -139.21998
    -77.495        2  -139.24451
    -77.345        2  -139.26684
    -77.195        2  -139.28644
    -77.045        2  -139.30469
    -76.895        2  -139.31910
    -76.745        2  -139.33625
    -76.595        2  -139.35054
    -76.445        2  -139.36297
    -76.295        2  -139.37648
    -76.145        2  -139.38685
    -75.995        2  -139.39478
    -75.845        2  -139.40256
    -75.695        2  -139.40805
    -75.545        2  -139.41577
    -75.395        2  -139.42016
    -75.245        2  -139.42408
    -75.095        2  -139.42820
    -74.945        2  -139.43154
    -74.795        2  -139.43341
    -74.645        2  -139.43659
    -74.495        2  -139.44009
    -74.345        2  -139.44199
    -74.195        2  -139.44343
    -74.045        2  -139.44716
    -73.895        2  -139.45091
    -73.745        2  -139.45282
    -73.595        2  -139.45512
    -73.445        2  -139.45896
    -73.295        2  -139.46147
    -73.145        2  -139.46302
    -72.995        2  -139.46380
    -72.845        2  -139.46581
    -72.695        2  -139.46659
    -72.545        2  -139.46766
    -72.395        2  -139.46900
    -72.245        2  -139.46981
    -72.095        2  -139.47102
    -71.945        2  -139.47266
    -71.795        2  -139.49990
    -71.645        2  -139.54779
    -71.495        2  -139.60603
    -71.345        2  -139.67140
    -71.195        2  -139.73879
    -71.045        2  -139.81773
    -70.895        2  -139.89295
    -70.745        2  -139.97439
    -70.595        2  -140.05644
    -70.445        2  -140.14223
    -70.295        2  -140.22667
    -70.145        2  -140.30823
    -69.995        2  -140.39352
    -69.845        2  -140.48145
    -69.695        2  -140.56437
    -69.545        2  -140.64495
    -69.395        2  -140.73038
    -69.245        2  -140.81922
    -69.095        2  -140.90987
    -68.945        2  -141.00125
    -68.795        2  -141.09187
    -68.645        2  -141.19045
    -68.495        2  -141.29313
    -68.345        2  -141.40057
    -68.195        2  -141.50244
    -68.045        2  -141.60958
    -67.895        2  -141.72826
    -67.745        2  -141.83785
    -67.595        2  -141.95040
    -67.445        2  -142.07755
    -67.295        2  -142.20611
    -67.145        2  -142.34228
    -66.995        2  -142.48111
    -66.845        2  -142.61673
    -66.695        2  -142.76513
    -66.545        2  -142.91035
    -66.395        2  -143.05374
    -66.245        2  -143.20840
    -66.095        2  -143.35682
    -65.945        2  -143.50881
    -65.795        2  -143.67327
    -65.645        2  -143.83291
    -65.495        2  -143.99067
    -65.345        2  -144.14827
    -65.195        2  -144.30397
    -65.045        2  -144.46521
    -64.895        2  -144.61063
    -64.745        2  -144.76293
    -64.595        2  -144.91345
    -64.445        2  -145.05403
    -64.295        2  -145.19844
    -64.145        2  -145.34550
    -63.995        2  -145.75223
    -63.845        2  -146.42036
    -63.695        2  -147.20945
    -63.545        2  -148.08701
    -63.395        2  -149.02029
    -63.245        2  -149.96871
    -63.095        2  -150.92177
    -62.945        2  -151.89087
    -62.795        2  -152.82278
    -62.645        2  -153.72600
    -62.495        2  -154.56631
    -62.345        2  -155.37392
    -62.195        2  -156.12436
    -62.045        2  -156.82277
    -61.895        2  -157.45876
    -61.745        2  -158.07250
    -61.595        2  -158.62999
    -61.445        2  -159.13890
    -61.295        2  -159.59714
    -61.145        2  -160.03712
    -60.995        2  -160.41630
    -60.845        2  -160.76831
    -60.695        2  -161.09879
    -60.545        2  -161.39634
    -60.395        2  -161.66372
    -60.245        2  -161.91329
    -60.095        2  -162.12795
    -59.945        2  -162.31967
    -59.795        2  -162.49287
    -59.645        2  -162.65631
    -59.495        2  -162.79324
    -59.345        2  -162.92652
    -59.195        2  -163.03674
    -59.045        2  -163.13733
    -58.895        2  -163.23768
    -58.745        2  -163.32876
    -58.595        2  -163.41048
    -58.445        2  -163.48142
    -58.295        2  -163.54976
    -58.145        2  -163.61049
    -57.995        2  -163.66726
    -57.845        2  -163.72005
    -57.695        2  -163.76860
    -57.545        2  -163.81209
    -57.395        2  -163.85145
    -57.245        2  -163.88761
    -57.095        2  -163.92152
    -56.945        2  -163.95397
    -56.795        2  -163.98590
    -56.645        2  -164.01347
    -56.495        2  -164.04280
    -56.345        2  -164.06775
    -56.195        2  -164.09253
    -56.045        2  -164.11698
    -55.895        2  -164.13714
    -55.745        2  -164.15778
    -55.595        2  -164.17862
    -55.445        2  -164.20264
    -55.295        2  -164.22479
    -55.145        2  -164.25385
    -54.995        2  -164.28344
    -54.845        2  -164.31744
    -54.695        2  -164.35256
    -54.545        2  -164.38465
    -54.395        2  -164.41259
    -54.245        2  -164.44339
    -54.095        2  -164.47399
    -53.945        2  -164.50088
    -53.795        2  -164.52747
    -53.645        2  -164.55083
    -53.495        2  -164.57262
    -53.345        2  -164.59406
    -53.195        2  -164.61128
    -53.045        2  -164.62998
    -52.895        2  -164.64857
    -52.745        2  -164.66466
    -52.595        2  -164.67777
    -52.445        2  -164.69368
    -52.295        2  -164.70737
    -52.145        2  -164.72020
    -51.995        2  -164.73159
    -51.845        2  -164.74134
    -51.695        2  -164.75260
    -51.545        2  -164.76235
    -51.395        2  -164.76977
    -51.245        2  -164.77952
    -51.095        2  -164.78609
    -50.945        2  -164.79584
    -50.795        2  -164.80294
    -50.645        2  -164.80864
    -50.495        2  -164.81511
    -50.345        2  -164.82129
    -50.195        2  -164.82868
    -50.045        2  -164.83524
    -49.895        2  -164.84055
    -49.745        2  -164.84626
    -49.595        2  -164.85091
    -49.445        2  -164.85676
    -49.295        2  -164.86188
    -49.145        2  -164.86532
    -48.995        2  -164.87025
    -48.845        2  -164.87338
    -48.695        2  -164.87757
    -48.545        2  -164.88274
    -48.395        2  -164.88824
    -48.245        2  -164.89242
    -48.095        2  -164.89661
    -47.945        2  -164.89990
    -47.795        2  -164.90430
    -47.645        2  -164.90830
    -47.495        2  -164.91150
    -47.345        2  -164.91417
    -47.195        2  -164.91719
    -47.045        2  -164.92184
    -46.895        2  -164.92593
    -46.745        2  -164.92838
    -46.595        2  -164.93202
    -46.445        2  -164.93543
    -46.295        2  -164.93812
    -46.145        2  -164.94220
    -45.995        2  -164.94530
    -45.845        2  -164.94930
    -45.695        2  -164.95191
    -45.545        2  -164.95470
    -45.395        2  -164.95845
    -45.245        2  -164.96210
    -45.095        2  -164.96544
    -44.945        2  -164.96855
    -44.795        2  -164.97233
    -44.645        2  -164.97541
    -44.495        2  -164.97953
    -44.345        2  -164.98332
    -44.195        2  -164.98647
    -44.045        2  -164.99012
    -43.895        2  -164.99484
    -43.745        2  -164.99806
    -43.595        2  -165.00192
    -43.445        2  -165.00613
    -43.295        2  -165.01004
    -43.145        2  -165.01473
    -42.995        2  -165.01882
    -42.845        2  -165.02284
    -42.695        2  -165.02664
    -42.545        2  -165.03069
    -42.395        2  -165.03559
    -42.245        2  -165.03904
    -42.095        2  -165.04333
    -41.945        2  -165.04807
    -41.795        2  -165.05150
    -41.645        2  -165.05572
    -41.495        2  -165.05917
    -41.345        2  -165.06295
    -41.195        2  -165.06718
    -41.045        2  -165.07078
    -40.895        2  -165.07455
    -40.745        2  -165.07838
    -40.595        2  -165.08291
    -40.445        2  -165.08791
    -40.295        2  -165.09158
    -40.145        2  -165.09542
    -39.995        2  -165.09796
    -39.845        2  -165.10292
    -39.695        2  -165.10741
    -39.545        2  -165.11294
    -39.395        2  -165.11787
    -39.245        2  -165.12206
    -39.095        2  -165.12739
    -38.945        2  -165.13194
    -38.795        2  -165.13736
    -38.645        2  -165.14276
    -38.495        2  -165.14828
    -38.345        2  -165.15297
    -38.195        2  -165.15934
    -38.045        2  -165.16415
    -37.895        2  -165.17097
    -37.745        2  -165.18053
    -37.595        2  -165.19075
    -37.445        2  -165.20310
    -37.295        2  -165.21649
    -37.145        2  -165.23069
    -36.995        2  -165.24549
    -36.845        2  -165.26389
    -36.695        2  -165.28228
    -36.545        2  -165.30243
    -36.395        2  -165.32343
    -36.245        2  -165.34753
    -36.095        2  -165.36906
    -35.945        2  -165.39123
    -35.795        2  -165.41463
    -35.645        2  -165.44152
    -35.495        2  -165.46832
    -35.345        2  -165.49698
    -35.195        2  -165.52419
    -35.045        2  -165.55271
    -34.895        2  -165.57895
    -34.745        2  -165.60967
    -34.595        2  -165.63737
    -34.445        2  -165.66532
    -34.295        2  -165.69432
    -34.145        2  -165.72521
    -33.995        2  -165.75473
    -33.845        2  -165.78376
    -33.695        2  -165.81372
    -33.545        2  -165.83889
    -33.395        2  -165.86569
    -33.245        2  -165.89306
    -33.095        2  -165.91782
    -32.945        2  -165.94213
    -32.795        2  -165.96703
    -32.645        2  -165.98910
    -32.495        2  -166.01241
    -32.345        2  -166.03358
    -32.195        2  -166.05667
    -32.045        2  -166.07901
    -31.895        2  -166.09988
    -31.745        2  -166.11794
    -31.595        2  -166.13842
    -31.445        2  -166.15668
    -31.295        2  -166.17506
    -31.145        2  -166.19354
    -30.995        2  -166.20982
    -30.845        2  -166.22795
    -30.695        2  -166.24536
    -30.545        2  -166.26255
    -30.395        2  -166.27925
    -30.245        2  -166.29468
    -30.095        2  -166.31057
    -29.945        2  -166.32337
    -29.795        2  -166.33682
    -29.645        2  -166.35220
    -29.495        2  -166.36554
    -29.345        2  -166.37849
    -29.195        2  -166.39157
    -29.045        2  -166.40554
    -28.895        2  -166.41817
    -28.745        2  -166.43308
    -28.595        2  -166.44402
    -28.445        2  -166.45620
    -28.295        2  -166.46890
    -28.145        2  -166.48120
    -27.995        2  -166.49120
    -27.845        2  -166.50251
    -27.695        2  -166.51537
    -27.545        2  -166.52476
    -27.395        2  -166.53598
    -27.245        2  -166.54561
    -27.095        2  -166.55430
    -26.945        2  -166.56382
    -26.795        2  -166.57370
    -26.645        2  -166.58578
    -26.495        2  -166.59390
    -26.345        2  -166.60360
    -26.195        2  -166.61394
    -26.045        2  -166.62282
    -25.895        2  -166.63193
    -25.745        2  -166.64084
    -25.595        2  -166.65347
    -25.445        2  -166.66443
    -25.295        2  -166.67403
    -25.145        2  -166.68468
    -24.995        2  -166.69413
    -24.845        2  -166.70274
    -24.695        2  -166.71145
    -24.545        2  -166.72097
    -24.395        2  -166.73012
    -24.245        2  -166.73904
    -24.095        2  -166.74678
    -23.945        2  -166.75731
    -23.795        2  -166.76740
    -23.645        2  -166.77625
    -23.495        2  -166.78522
    -23.345        2  -166.79665
    -23.195        2  -166.80725
    -23.045        2  -166.81611
    -22.895        2  -166.82659
    -22.745        2  -166.83614
    -22.595        2  -166.84631
    -22.445        2  -166.85719
    -22.295        2  -166.86733
    -22.145        2  -166.88069
    -21.995        2  -166.89124
    -21.845        2  -166.90240
    -21.695        2  -166.91279
    -21.545        2  -166.92523
    -21.395        2  -166.93686
    -21.245        2  -166.94836
    -21.095        2  -166.96014
    -20.945        2  -166.97306
    -20.795        2  -166.98604
    -20.645        2  -166.99924
    -20.495        2  -167.01205
    -20.345        2  -167.02460
    -20.195        2  -167.03798
    -20.045        2  -167.04929
    -19.895        2  -167.06370
    -19.745        2  -167.07696
    -19.595        2  -167.09208
    -19.445        2  -167.10512
    -19.295        2  -167.11936
    -19.145        2  -167.13432
    -18.995        2  -167.15022
    -18.845        2  -167.16307
    -18.695        2  -167.17655
    -18.545        2  -167.19301
    -18.395        2  -167.21069
    -18.245        2  -167.22690
    -18.095        2  -167.24427
    -17.945        2  -167.26378
    -17.795        2  -167.28287
    -17.645        2  -167.30242
    -17.495        2  -167.31934
    -17.345        2  -167.33951
    -17.195        2  -167.36024
    -17.045        2  -167.38226
    -16.895        2  -167.40473
    -16.745        2  -167.43099
    -16.595        2  -167.45515
    -16.445        2  -167.47851
    -16.295        2  -167.50382
    -16.145        2  -167.53256
    -15.995        2  -167.56002
    -15.845        2  -167.59003
    -15.695        2  -167.62230
    -15.545        2  -167.65555
    -15.395        2  -167.69055
    -15.245        2  -167.72529
    -15.095        2  -167.76306
    -14.945        2  -167.80164
    -14.795        2  -167.84146
    -14.645        2  -167.88469
    -14.495        2  -167.92787
    -14.345        2  -167.97111
    -14.195        2  -168.01557
    -14.045        2  -168.06188
    -13.895        2  -168.11235
    -13.745        2  -168.16170
    -13.595        2  -168.21517
    -13.445        2  -168.27008
    -13.295        2  -168.32326
    -13.145        2  -168.37748
    -12.995        2  -168.43559
    -12.845        2  -168.49339
    -12.695        2  -168.55019
    -12.545        2  -168.60633
    -12.395        2  -168.66689
    -12.245        2  -168.72615
    -12.095        2  -168.78919
    -11.945        2  -168.85151
    -11.795        2  -168.91801
    -11.645        2  -168.98297
    -11.495        2  -169.04850
    -11.345        2  -169.11565
    -11.195        2  -169.18178
    -11.045        2  -169.25243
    -10.895        2  -169.32536
    -10.745        2  -169.39898
    -10.595        2  -169.47499
    -10.445        2  -169.55191
    -10.295        2  -169.63191
    -10.145        2  -169.71139
    -9.9950        2  -169.79170
    -9.8450        2  -169.87481
    -9.6950        2  -169.96062
    -9.5450        2  -170.04373
    -9.3950        2  -170.12669
    -9.2450        2  -170.21653
    -9.0950        2  -170.30707
    -8.9450        2  -170.39962
    -8.7950        2  -170.49625
    -8.6450        2  -170.59460
    -8.4950        2  -170.69618
    -8.3450        2  -170.79861
    -8.1950        2  -170.90644
    -8.0450        2  -171.01544
    -7.8950        2  -171.13095
    -7.7450        2  -171.25162
    -7.5950        2  -171.37342
    -7.4450        2  -171.50065
    -7.2950        2  -171.63250
    -7.1450        2  -171.77147
    -6.9950        2  -171.91240
    -6.8450        2  -172.06142
    -6.6950        2  -172.21376
    -6.5450        2  -172.37062
    -6.3950        2  -172.53653
    -6.2450        2  -172.70495
    -6.0950        2  -172.88204
    -5.9450        2  -173.06489
    -5.7950        2  -173.25366
    -5.6450        2  -173.44814
    -5.4950        2  -173.65192
    -5.3450        2  -173.86316
    -5.1950        2  -174.08140
    -5.0450        2  -174.31075
    -4.8950        2  -174.54930
    -4.7450        2  -174.79743
    -4.5950        2  -175.05691
    -4.4450        2  -175.32570
    -4.2950        2  -175.60932
    -4.1450        2  -175.90532
    -3.9950        2  -176.21950
    -3.8450        2  -176.55194
    -3.6950        2  -176.90259
    -3.5450        2  -177.28091
    -3.3950        2  -177.68491
    -3.2450        2  -178.12072
    -3.0950        2  -178.58732
    -2.9450        2  -179.09654
    -2.7950        2  -179.64968
    -2.6450        2  -180.25658
    -2.4950        2  -180.92319
    -2.3450        2  -181.65815
    -2.1950        2  -182.46563
    -2.0450        2  -183.34545
    -1.8950        2  -184.30568
    -1.7450        2  -185.36449
    -1.5950        2  -186.53151
    -1.4450        2  -187.81278
    -1.2950        2  -189.22204
    -1.1450        2  -190.78573
   -0.99500        2  -192.53138
   -0.84500        2  -194.47793
   -0.69500        2  -196.64645
   -0.54500        2  -199.03887
   -0.39500        2  -201.60099
   -0.25300        2  -203.24170
   -0.21500        2  -203.34012
   -0.20900        2  -203.43787
   -0.20300        2  -203.53486
   -0.19700        2  -203.63104
   -0.19100        2  -203.72681
   -0.18500        2  -203.82150
   -0.17900        2  -203.91524
   -0.17300        2  -204.00764
   -0.16700        2  -204.09902
   -0.16100        2  -204.18935
   -0.15500        2  -204.27810
   -0.14900        2  -204.36546
   -0.14300        2  -204.45178
   -0.13700        2  -204.53630
   -0.13100        2  -204.61920
   -0.12500        2  -204.70029
   -0.11900        2  -204.77955
   -0.11300        2  -204.85669
   -0.10700        2  -204.93182
   -0.10100        2  -205.00482
   -0.95000E-01    2  -205.07525
   -0.89000E-01    2  -205.14325
   -0.83000E-01    2  -205.20853
   -0.77000E-01    2  -205.27074
   -0.71000E-01    2  -205.32998
   -0.65000E-01    2  -205.38615
   -0.59000E-01    2  -205.43865
   -0.53000E-01    2  -205.48737
   -0.47000E-01    2  -205.53198
   -0.41000E-01    2  -205.57237
   -0.35000E-01    2  -205.60814
   -0.29000E-01    2  -205.63873
   -0.23000E-01    2  -205.66379
   -0.19700E-01    2  -205.66597
   -0.19100E-01    2  -205.66809
   -0.18500E-01    2  -205.67015
   -0.17900E-01    2  -205.67217
   -0.17300E-01    2  -205.67411
   -0.16700E-01    2  -205.67599
   -0.16100E-01    2  -205.67782
   -0.15500E-01    2  -205.67958
   -0.14900E-01    2  -205.68128
   -0.14300E-01    2  -205.68291
   -0.13700E-01    2  -205.68448
   -0.13100E-01    2  -205.68599
   -0.12500E-01    2  -205.68744
   -0.11900E-01    2  -205.68882
   -0.11300E-01    2  -205.69014
   -0.10700E-01    2  -205.69138
   -0.10100E-01    2  -205.69257
   -0.95000E-02    2  -205.69368
   -0.89000E-02    2  -205.69473
   -0.83000E-02    2  -205.69571
   -0.77000E-02    2  -205.69663
   -0.71000E-02    2  -205.69748
   -0.65000E-02    2  -205.69826
   -0.59000E-02    2  -205.69897
   -0.53000E-02    2  -205.69961
   -0.47000E-02    2  -205.70018
   -0.41000E-02    2  -205.70067
   -0.35000E-02    2  -205.70110
   -0.29000E-02    2  -205.70146
   -0.23000E-02    2  -205.70174
   -0.17000E-02    2  -205.70195
   -0.11000E-02    2  -205.70209
   -0.50000E-03    2  -205.70215
    0.10000E-03    2  -205.70214
    0.70000E-03    2  -205.70205
    0.13000E-02    2  -205.70189
    0.19000E-02    2  -205.70165
    0.25000E-02    2  -205.70133
    0.31000E-02    2  -205.70094
    0.37000E-02    2  -205.70048
    0.43000E-02    2  -205.69993
    0.49000E-02    2  -205.69930
    0.55000E-02    2  -205.69859
    0.61000E-02    2  -205.69781
    0.67000E-02    2  -205.69694
    0.73000E-02    2  -205.69599
    0.79000E-02    2  -205.69497
    0.85000E-02    2  -205.69386
    0.91000E-02    2  -205.69266
    0.97000E-02    2  -205.69138
    0.10300E-01    2  -205.69002
    0.10900E-01    2  -205.68857
    0.11500E-01    2  -205.68703
    0.12100E-01    2  -205.68540
    0.12700E-01    2  -205.68369
    0.13300E-01    2  -205.68189
    0.13900E-01    2  -205.68000
    0.14500E-01    2  -205.67803
    0.15100E-01    2  -205.67596
    0.15700E-01    2  -205.67381
    0.16300E-01    2  -205.67156
    0.16900E-01    2  -205.66922
    0.17500E-01    2  -205.66678
    0.18100E-01    2  -205.66425
    0.18700E-01    2  -205.66162
    0.19300E-01    2  -205.65890
    0.20200E-01    2  -205.64737
    0.25000E-01    2  -205.61032
    0.31000E-01    2  -205.56228
    0.37000E-01    2  -205.50305
    0.43000E-01    2  -205.43218
    0.49000E-01    2  -205.34874
    0.55000E-01    2  -205.25219
    0.61000E-01    2  -205.14136
    0.67000E-01    2  -205.01598
    0.73000E-01    2  -204.87512
    0.79000E-01    2  -204.71790
    0.85000E-01    2  -204.54384
    0.91000E-01    2  -204.35167
    0.97000E-01    2  -204.14017
    0.10300        2  -203.90882
    0.10900        2  -203.65597
    0.11500        2  -203.38059
    0.12100        2  -203.08095
    0.12700        2  -202.75561
    0.13300        2  -202.39892
    0.13900        2  -202.00845
    0.14500        2  -201.59143
    0.15100        2  -201.14763
    0.15700        2  -200.67601
    0.16300        2  -200.17512
    0.16900        2  -199.64463
    0.17500        2  -199.08343
    0.18100        2  -198.49240
    0.18700        2  -197.87225
    0.19300        2  -197.22159
    0.19900        2  -196.54138
    0.20500        2  -195.83202
    0.21100        2  -195.09400
    0.21700        2  -194.32806
    0.29500        2  -166.53162
    0.44500        2  -142.49296
    0.59500        2  -129.30664
    0.74500        2  -120.54090
    0.89500        2  -113.91655
     1.0450        2  -108.60946
     1.1950        2  -104.20755
     1.3450        2  -100.45052
     1.4950        2   -97.15943
     1.6450        2   -94.17552
     1.7950        2   -91.45542
     1.9450        2   -89.07934
     2.0950        2   -86.98621
     2.2450        2   -85.13283
     2.3950        2   -83.47924
     2.5450        2   -81.99625
     2.6950        2   -80.65997
     2.8450        2   -79.45373
     2.9950        2   -78.36274
     3.1450        2   -77.37118
     3.2950        2   -76.46185
     3.4450        2   -75.63490
     3.5950        2   -74.87480
     3.7450        2   -74.19707
     3.8950        2   -73.58379
     4.0450        2   -73.02988
     4.1950        2   -72.52495
     4.3450        2   -72.07081
     4.4950        2   -71.66305
     4.6450        2   -71.29635
     4.7950        2   -70.96150
     4.9450        2   -70.66531
     5.0950        2   -70.40413
     5.2450        2   -70.17373
     5.3950        2   -69.97328
     5.5450        2   -69.80142
     5.6950        2   -69.65661
     5.8450        2   -69.53522
     5.9950        2   -69.43557
     6.1450        2   -69.35019
     6.2950        2   -69.28224
     6.4450        2   -69.22461
     6.5950        2   -69.17598
     6.7450        2   -69.13415
     6.8950        2   -69.10103
     7.0450        2   -69.07450
     7.1950        2   -69.05309
     7.3450        2   -69.03547
     7.4950        2   -69.02111
     7.6450        2   -69.00984
     7.7950        2   -69.00070
     7.9450        2   -68.99276
     8.0950        2   -68.98541
     8.2450        2   -68.98077
     8.3950        2   -68.97507
     8.5450        2   -68.97010
     8.6950        2   -68.96585
     8.8450        2   -68.96281
     8.9950        2   -68.96003
     9.1450        2   -68.95787
     9.2950        2   -68.95483
     9.4450        2   -68.95204
     9.5950        2   -68.94964
     9.7450        2   -68.94712
     9.8950        2   -68.94398
     10.045        2   -68.94200
     10.195        2   -68.94056
     10.345        2   -68.93858
     10.495        2   -68.93657
     10.645        2   -68.93451
     10.795        2   -68.93212
     10.945        2   -68.93011
     11.095        2   -68.92857
     11.245        2   -68.92684
     11.395        2   -68.92559
     11.545        2   -68.92390
     11.695        2   -68.92198
     11.845        2   -68.91983
     11.995        2   -68.91821
     12.145        2   -68.91691
     12.295        2   -68.91532
     12.445        2   -68.91328
     12.595        2   -68.91175
     12.745        2   -68.91036
     12.895        2   -68.90935
     13.045        2   -68.90855
     13.195        2   -68.90731
     13.345        2   -68.90606
     13.495        2   -68.90495
     13.645        2   -68.90409
     13.795        2   -68.90292
     13.945        2   -68.90185
     14.095        2   -68.90022
     14.245        2   -68.89872
     14.395        2   -68.89743
     14.545        2   -68.89636
     14.695        2   -68.89508
     14.845        2   -68.89399
     14.995        2   -68.89283
     15.145        2   -68.89182
     15.295        2   -68.89102
     15.445        2   -68.89011
     15.595        2   -68.88888
     15.745        2   -68.88799
     15.895        2   -68.88724
     16.045        2   -68.88633
     16.195        2   -68.88491
     16.345        2   -68.88401
     16.495        2   -68.88337
     16.645        2   -68.88216
     16.795        2   -68.88063
     16.945        2   -68.87918
     17.095        2   -68.87832
     17.245        2   -68.87763
     17.395        2   -68.87665
     17.545        2   -68.87587
     17.695        2   -68.87515
     17.845        2   -68.87464
     17.995        2   -68.87414
     18.145        2   -68.87360
     18.295        2   -68.87278
     18.445        2   -68.87203
     18.595        2   -68.87111
     18.745        2   -68.87021
     18.895        2   -68.86956
     19.045        2   -68.86901
     19.195        2   -68.86826
     19.345        2   -68.86780
     19.495        2   -68.86728
     19.645        2   -68.86636
     19.795        2   -68.86607
     19.945        2   -68.86568
     20.095        2   -68.86463
     21.836        2   -68.84623
     30.068        2   -68.82825
     42.097        2   -68.81079
     58.937        2   -68.80293
     82.515        2   -68.79363
     115.53        2   -68.79127
     161.74        2   -68.78792
     226.45        2   -68.78816
     317.04        2   -68.79051
     443.87        2   -68.79232
     621.44        2   -68.79532
     870.05        2   -68.79871
     1218.1        2   -68.80226
     1705.4        2   -68.80608
     2387.7        2   -68.81016
     3342.9        2   -68.81431
     4680.2        2   -68.81964
     6552.5        2   -68.82470
     9173.8        2   -68.82935
     12844.        2   -68.83411
     17982.        2   -68.83767
     25176.        2   -68.84284
     35247.        2   -68.84688
     49348.        2   -68.85382
     69090.        2   -68.86076
     96729.        2   -68.86593
    0.13543E+06    2   -68.87326
    0.18960E+06    2   -68.87986
    0.26545E+06    2   -68.88641
    0.37165E+06    2   -68.89187
    0.52033E+06    2   -68.89914
    0.72849E+06    2   -68.90672
    0.10199E+07    2   -68.91267
    0.14279E+07    2   -68.92003
    0.19992E+07    2   -68.92853
    0.27990E+07    2   -68.93646
    0.39187E+07    2   -68.94365
    0.54864E+07    2   -68.94973
    0.76812E+07    2   -68.95801
    0.10754E+08    2   -68.96478
    0.15056E+08    2   -68.97118
    0.21080E+08    2   -68.97724
    0.29513E+08    2   -68.98393
    0.41319E+08    2   -68.98964
    0.57849E+08    2   -68.99464
    0.80991E+08    2   -68.99876
    0.11339E+09    2   -69.00340
    0.15875E+09    2   -69.00703
    0.22226E+09    2   -69.01041
    0.31118E+09    2   -69.01388
    0.43567E+09    2   -69.01777
    0.60996E+09    2   -69.02091
    0.85398E+09    2   -69.02315
    0.11956E+10    2   -69.02503
    0.16739E+10    2   -69.02696
    0.23436E+10    2   -69.02848
    0.32811E+10    2   -69.03031
    0.45937E+10    2   -69.03289
    0.64315E+10    2   -69.03464
    0.90044E+10    2   -69.03587
    0.12607E+11    2   -69.03742
    0.17650E+11    2   -69.03914
    0.24711E+11    2   -69.03983
    0.34596E+11    2   -69.04122
    0.48437E+11    2   -69.04217
    0.67814E+11    2   -69.04338
    0.10000E+12    2   -69.05548
    -29.945        3     0.00000
    -29.795        3     0.00000
    -29.645        3     0.00000
    -29.495        3     0.00000
    -29.345        3     0.00000
    -29.195        3     0.00000
    -29.045        3     0.00000
    -28.895        3     0.00000
    -28.745        3     0.00000
    -28.595        3     0.00000
    -28.445        3     0.00000
    -28.295        3     0.00000
    -28.145        3     0.00000
    -27.995        3     0.00000
    -27.845        3     0.00000
    -27.695        3     0.00000
    -27.545        3     0.00000
    -27.395        3     0.00000
    -27.245        3     0.00000
    -27.095        3     0.00000
    -26.945        3     0.00000
    -26.795        3     0.00000
    -26.645        3     0.00000
    -26.495        3     0.00000
    -26.345        3     0.00000
    -26.195        3     0.00000
    -26.045        3     0.00000
    -25.895        3     0.00000
    -25.745        3     0.00000
    -25.595        3     0.00000
    -25.445        3     0.00000
    -25.295        3     0.00000
    -25.145        3     0.00000
    -24.995        3     0.00000
    -24.845        3     0.00000
    -24.695        3     0.00000
    -24.545        3     0.00000
    -24.395        3     0.00000
    -24.245        3     0.00000
    -24.095        3     0.00000
    -23.945        3     0.00000
    -23.795        3     0.00000
    -23.645        3     0.00000
    -23.495        3     0.00000
    -23.345        3     0.00000
    -23.195        3     0.00000
    -23.045        3     0.00000
    -22.895        3     0.00000
    -22.745        3     0.00000
    -22.595        3     0.00000
    -22.445        3     0.00000
    -22.295        3     0.00000
    -22.145        3     0.00000
    -21.995        3     0.00000
    -21.845        3     0.00000
    -21.695        3     0.00000
    -21.545        3     0.00000
    -21.395        3     0.00000
    -21.245        3     0.00000
    -21.095        3     0.00000
    -20.945        3     0.00000
    -20.795        3     0.00000
    -20.645        3     0.00000
    -20.495        3     0.00000
    -20.345        3     0.00000
    -20.195        3     0.00000
    -20.045        3     0.00000
    -19.895        3     0.00000
    -19.745        3     0.00000
    -19.595        3     0.00000
    -19.445        3     0.00000
    -19.295        3     0.00000
    -19.145        3     0.00000
    -18.995        3     0.00000
    -18.845        3     0.00000
    -18.695        3     0.00000
    -18.545        3     0.00000
    -18.395        3     0.00000
    -18.245        3     0.00000
    -18.095        3     0.00000
    -17.945        3     0.00000
    -17.795        3     0.00000
    -17.645        3     0.00000
    -17.495        3     0.00000
    -17.345        3    -0.00182
    -17.195        3    -0.01335
    -17.045        3    -0.04839
    -16.895        3    -0.11599
    -16.745        3    -0.21810
    -16.595        3    -0.35385
    -16.445        3    -0.52101
    -16.295        3    -0.72671
    -16.145        3    -0.97156
    -15.995        3    -1.24627
    -15.845        3    -1.55792
    -15.695        3    -1.90713
    -15.545        3    -2.29221
    -15.395        3    -2.70482
    -15.245        3    -3.13522
    -15.095        3    -3.58356
    -14.945        3    -4.03500
    -14.795        3    -4.48361
    -14.645        3    -4.93352
    -14.495        3    -5.37609
    -14.345        3    -5.82362
    -14.195        3    -6.27642
    -14.045        3    -6.71371
    -13.895        3    -7.15070
    -13.745        3    -7.58429
    -13.595        3    -8.00163
    -13.445        3    -8.41278
    -13.295        3    -8.81532
    -13.145        3    -9.20549
    -12.995        3    -9.60284
    -12.845        3   -10.02128
    -12.695        3   -10.48648
    -12.545        3   -11.01339
    -12.395        3   -11.61218
    -12.245        3   -12.27453
    -12.095        3   -12.99497
    -11.945        3   -13.75120
    -11.795        3   -14.53694
    -11.645        3   -15.34145
    -11.495        3   -16.16560
    -11.345        3   -16.99527
    -11.195        3   -17.82997
    -11.045        3   -18.67361
    -10.895        3   -19.52486
    -10.745        3   -20.38493
    -10.595        3   -21.25135
    -10.445        3   -22.10864
    -10.295        3   -22.95896
    -10.145        3   -23.79630
    -9.9950        3   -24.62657
    -9.8450        3   -25.44044
    -9.6950        3   -26.23914
    -9.5450        3   -27.02667
    -9.3950        3   -27.80518
    -9.2450        3   -28.58005
    -9.0950        3   -29.35179
    -8.9450        3   -30.11542
    -8.7950        3   -30.88387
    -8.6450        3   -31.66997
    -8.4950        3   -32.46417
    -8.3450        3   -33.27519
    -8.1950        3   -34.11184
    -8.0450        3   -34.98084
    -7.8950        3   -35.89512
    -7.7450        3   -36.84726
    -7.5950        3   -37.84140
    -7.4450        3   -38.87912
    -7.2950        3   -39.96751
    -7.1450        3   -41.09245
    -6.9950        3   -42.26757
    -6.8450        3   -43.47656
    -6.6950        3   -44.72229
    -6.5450        3   -45.99626
    -6.3950        3   -47.29914
    -6.2450        3   -48.63087
    -6.0950        3   -49.98865
    -5.9450        3   -51.37784
    -5.7950        3   -52.79557
    -5.6450        3   -54.24221
    -5.4950        3   -55.70665
    -5.3450        3   -57.18033
    -5.1950        3   -58.66615
    -5.0450        3   -60.14788
    -4.8950        3   -61.64075
    -4.7450        3   -63.12700
    -4.5950        3   -64.61297
    -4.4450        3   -66.10627
    -4.2950        3   -67.60704
    -4.1450        3   -69.12468
    -3.9950        3   -70.65810
    -3.8450        3   -72.22334
    -3.6950        3   -73.82505
    -3.5450        3   -75.46656
    -3.3950        3   -77.15791
    -3.2450        3   -78.91037
    -3.0950        3   -80.74947
    -2.9450        3   -82.69041
    -2.7950        3   -84.77023
    -2.6450        3   -87.00005
    -2.4950        3   -89.43448
    -2.3450        3   -92.10696
    -2.1950        3   -95.08294
    -2.0450        3   -98.44410
    -1.8950        3  -102.28582
    -1.7450        3  -106.77112
    -1.5950        3  -112.11898
    -1.4450        3  -118.48596
    -1.2950        3  -125.93400
    -1.1450        3  -134.37134
   -0.99500        3  -143.63052
   -0.84500        3  -153.48067
   -0.69500        3  -163.81720
   -0.54500        3  -174.79481
   -0.39500        3  -187.17582
   -0.25300        3  -196.72795
   -0.21500        3  -197.38968
   -0.20900        3  -198.06312
   -0.20300        3  -198.74831
   -0.19700        3  -199.44650
   -0.19100        3  -200.15806
   -0.18500        3  -200.88464
   -0.17900        3  -201.62578
   -0.17300        3  -202.38403
   -0.16700        3  -203.15925
   -0.16100        3  -203.95374
   -0.15500        3  -204.76940
   -0.14900        3  -205.60621
   -0.14300        3  -206.46698
   -0.13700        3  -207.35568
   -0.13100        3  -208.27401
   -0.12500        3  -209.22454
   -0.11900        3  -210.21194
   -0.11300        3  -211.24046
   -0.10700        3  -212.31399
   -0.10100        3  -213.43869
   -0.95000E-01    3  -214.62158
   -0.89000E-01    3  -215.87069
   -0.83000E-01    3  -217.19691
   -0.77000E-01    3  -218.61270
   -0.71000E-01    3  -220.13532
   -0.65000E-01    3  -221.78781
   -0.59000E-01    3  -223.59923
   -0.53000E-01    3  -225.60989
   -0.47000E-01    3  -227.88084
   -0.41000E-01    3  -230.49590
   -0.35000E-01    3  -233.57463
   -0.29000E-01    3  -237.34562
   -0.23000E-01    3  -242.12194
   -0.19700E-01    3  -242.66291
   -0.19100E-01    3  -243.21898
   -0.18500E-01    3  -243.79102
   -0.17900E-01    3  -244.37925
   -0.17300E-01    3  -244.98399
   -0.16700E-01    3  -245.60622
   -0.16100E-01    3  -246.24574
   -0.15500E-01    3  -246.90306
   -0.14900E-01    3  -247.57857
   -0.14300E-01    3  -248.27257
   -0.13700E-01    3  -248.98521
   -0.13100E-01    3  -249.71623
   -0.12500E-01    3  -250.46609
   -0.11900E-01    3  -251.23516
   -0.11300E-01    3  -252.02455
   -0.10700E-01    3  -252.83509
   -0.10100E-01    3  -253.66859
   -0.95000E-02    3  -254.52649
   -0.89000E-02    3  -255.40904
   -0.83000E-02    3  -256.31620
   -0.77000E-02    3  -257.24884
   -0.71000E-02    3  -258.20690
   -0.65000E-02    3  -259.18483
   -0.59000E-02    3  -260.17509
   -0.53000E-02    3  -261.16918
   -0.47000E-02    3  -262.15517
   -0.41000E-02    3  -263.10213
   -0.35000E-02    3  -263.96887
   -0.29000E-02    3  -264.72512
   -0.23000E-02    3  -265.34739
   -0.17000E-02    3  -265.81879
   -0.11000E-02    3  -266.12890
   -0.50000E-03    3  -266.27157
    0.10000E-03    3  -266.24397
    0.70000E-03    3  -266.04631
    0.13000E-02    3  -265.68217
    0.19000E-02    3  -265.15924
    0.25000E-02    3  -264.49019
    0.31000E-02    3  -263.69444
    0.37000E-02    3  -262.79730
    0.43000E-02    3  -261.83254
    0.49000E-02    3  -260.84175
    0.55000E-02    3  -259.84790
    0.61000E-02    3  -258.86080
    0.67000E-02    3  -257.88853
    0.73000E-02    3  -256.93834
    0.79000E-02    3  -256.01424
    0.85000E-02    3  -255.11500
    0.91000E-02    3  -254.24052
    0.97000E-02    3  -253.39084
    0.10300E-01    3  -252.56530
    0.10900E-01    3  -251.76220
    0.11500E-01    3  -250.98002
    0.12100E-01    3  -250.21771
    0.12700E-01    3  -249.47480
    0.13300E-01    3  -248.75079
    0.13900E-01    3  -248.04524
    0.14500E-01    3  -247.35824
    0.15100E-01    3  -246.68933
    0.15700E-01    3  -246.03857
    0.16300E-01    3  -245.40552
    0.16900E-01    3  -244.78977
    0.17500E-01    3  -244.19100
    0.18100E-01    3  -243.60885
    0.18700E-01    3  -243.04248
    0.19300E-01    3  -242.49211
    0.20200E-01    3  -240.48519
    0.25000E-01    3  -236.08830
    0.31000E-01    3  -232.59770
    0.37000E-01    3  -229.71855
    0.43000E-01    3  -227.26712
    0.49000E-01    3  -225.13784
    0.55000E-01    3  -223.25851
    0.61000E-01    3  -221.57858
    0.67000E-01    3  -220.06158
    0.73000E-01    3  -218.68069
    0.79000E-01    3  -217.41707
    0.85000E-01    3  -216.25617
    0.91000E-01    3  -215.18451
    0.97000E-01    3  -214.19026
    0.10300        3  -213.26340
    0.10900        3  -212.39717
    0.11500        3  -211.58453
    0.12100        3  -210.81938
    0.12700        3  -210.09818
    0.13300        3  -209.41589
    0.13900        3  -208.76963
    0.14500        3  -208.15674
    0.15100        3  -207.57456
    0.15700        3  -207.02001
    0.16300        3  -206.49083
    0.16900        3  -205.98455
    0.17500        3  -205.49993
    0.18100        3  -205.03490
    0.18700        3  -204.58883
    0.19300        3  -204.15935
    0.19900        3  -203.74621
    0.20500        3  -203.34799
    0.21100        3  -202.96355
    0.21700        3  -202.59303
    0.29500        3  -195.82593
    0.44500        3  -191.90531
    0.59500        3  -188.95185
    0.74500        3  -186.46134
    0.89500        3  -184.24021
     1.0450        3  -182.19294
     1.1950        3  -180.26029
     1.3450        3  -178.40723
     1.4950        3  -176.61131
     1.6450        3  -174.86195
     1.7950        3  -173.15441
     1.9450        3  -171.48543
     2.0950        3  -169.85074
     2.2450        3  -168.24962
     2.3950        3  -166.67920
     2.5450        3  -165.13949
     2.6950        3  -163.63229
     2.8450        3  -162.15349
     2.9950        3  -160.70117
     3.1450        3  -159.27479
     3.2950        3  -157.86706
     3.4450        3  -156.47614
     3.5950        3  -155.09704
     3.7450        3  -153.73450
     3.8950        3  -152.37324
     4.0450        3  -151.01021
     4.1950        3  -149.64901
     4.3450        3  -148.27849
     4.4950        3  -146.89963
     4.6450        3  -145.51406
     4.7950        3  -144.10863
     4.9450        3  -142.68784
     5.0950        3  -141.25172
     5.2450        3  -139.80595
     5.3950        3  -138.33910
     5.5450        3  -136.85660
     5.6950        3  -135.35935
     5.8450        3  -133.84444
     5.9950        3  -132.31963
     6.1450        3  -130.78359
     6.2950        3  -129.23840
     6.4450        3  -127.68108
     6.5950        3  -126.12409
     6.7450        3  -124.55138
     6.8950        3  -122.98169
     7.0450        3  -121.40418
     7.1950        3  -119.82478
     7.3450        3  -118.24526
     7.4950        3  -116.66920
     7.6450        3  -115.09649
     7.7950        3  -113.53716
     7.9450        3  -111.99500
     8.0950        3  -110.47997
     8.2450        3  -108.99389
     8.3950        3  -107.53617
     8.5450        3  -106.12672
     8.6950        3  -104.77294
     8.8450        3  -103.49143
     8.9950        3  -102.28089
     9.1450        3  -101.14776
     9.2950        3  -100.08959
     9.4450        3   -99.13341
     9.5950        3   -98.27317
     9.7450        3   -97.49074
     9.8950        3   -96.79027
     10.045        3   -96.17338
     10.195        3   -95.63634
     10.345        3   -95.14916
     10.495        3   -94.73161
     10.645        3   -94.35133
     10.795        3   -94.02155
     10.945        3   -93.71841
     11.095        3   -93.43689
     11.245        3   -93.18068
     11.395        3   -92.94627
     11.545        3   -92.72095
     11.695        3   -92.51001
     11.845        3   -92.30890
     11.995        3   -92.11940
     12.145        3   -91.93595
     12.295        3   -91.75531
     12.445        3   -91.58049
     12.595        3   -91.40713
     12.745        3   -91.24020
     12.895        3   -91.07502
     13.045        3   -90.91386
     13.195        3   -90.75404
     13.345        3   -90.59603
     13.495        3   -90.44096
     13.645        3   -90.28817
     13.795        3   -90.13698
     13.945        3   -89.98711
     14.095        3   -89.83855
     14.245        3   -89.69167
     14.395        3   -89.54520
     14.545        3   -89.40157
     14.695        3   -89.25825
     14.845        3   -89.11777
     14.995        3   -88.97917
     15.145        3   -88.84137
     15.295        3   -88.70455
     15.445        3   -88.56952
     15.595        3   -88.43558
     15.745        3   -88.30161
     15.895        3   -88.16943
     16.045        3   -88.03875
     16.195        3   -87.90846
     16.345        3   -87.77952
     16.495        3   -87.65130
     16.645        3   -87.52527
     16.795        3   -87.39996
     16.945        3   -87.27558
     17.095        3   -87.15219
     17.245        3   -87.03046
     17.395        3   -86.90981
     17.545        3   -86.78948
     17.695        3   -86.66962
     17.845        3   -86.55156
     17.995        3   -86.43476
     18.145        3   -86.31841
     18.295        3   -86.20343
     18.445        3   -86.08902
     18.595        3   -85.97518
     18.745        3   -85.86218
     18.895        3   -85.75031
     19.045        3   -85.63948
     19.195        3   -85.52854
     19.345        3   -85.41924
     19.495        3   -85.31070
     19.645        3   -85.20316
     19.795        3   -85.09574
     19.945        3   -84.98988
     20.095        3   -84.88417
     21.836        3   -81.66776
     30.068        3   -76.86129
     42.097        3   -72.03133
     58.937        3   -67.19703
     82.515        3   -62.37812
     115.53        3   -57.59740
     161.74        3   -52.85687
     226.45        3   -48.16747
     317.04        3   -43.54554
     443.87        3   -39.00388
     621.44        3   -34.53935
     870.05        3   -30.15582
     1218.1        3   -25.88120
     1705.4        3   -21.70775
     2387.7        3   -17.64026
     3342.9        3   -13.67466
     4680.2        3    -9.80452
     6552.5        3    -6.02910
     9173.8        3    -2.35241
     12844.        3     1.21875
     17982.        3     4.67499
     25176.        3     8.01120
     35247.        3    11.22388
     49348.        3    14.30935
     69090.        3    17.26471
     96729.        3    20.08808
    0.13543E+06    3    22.77932
    0.18960E+06    3    25.34344
    0.26545E+06    3    27.78593
    0.37165E+06    3    30.11134
    0.52033E+06    3    32.32414
    0.72849E+06    3    34.42992
    0.10199E+07    3    36.43237
    0.14279E+07    3    38.33524
    0.19992E+07    3    40.14677
    0.27990E+07    3    41.86866
    0.39187E+07    3    43.50571
    0.54864E+07    3    45.06013
    0.76812E+07    3    46.53845
    0.10754E+08    3    47.94384
    0.15056E+08    3    49.27880
    0.21080E+08    3    50.54842
    0.29513E+08    3    51.75075
    0.41319E+08    3    52.88488
    0.57849E+08    3    53.94417
    0.80991E+08    3    54.92456
    0.11339E+09    3    55.83411
    0.15875E+09    3    56.68228
    0.22226E+09    3    57.47306
    0.31118E+09    3    58.21178
    0.43567E+09    3    58.90325
    0.60996E+09    3    59.53540
    0.85398E+09    3    60.10790
    0.11956E+10    3    60.63113
    0.16739E+10    3    61.11122
    0.23436E+10    3    61.55172
    0.32811E+10    3    61.95682
    0.45937E+10    3    62.32990
    0.64315E+10    3    62.67198
    0.90044E+10    3    62.98681
    0.12607E+11    3    63.27588
    0.17650E+11    3    63.54153
    0.24711E+11    3    63.78644
    0.34596E+11    3    64.01164
    0.48437E+11    3    64.21839
    0.67814E+11    3    64.40853
    0.10000E+12    3    66.57333
