34.120	40.560	49.070
35.350	41.120	49.340
36.380	40.320	48.790
33.980	39.560	49.540
33.960	40.250	48.010
33.320	41.190	49.520
36.330	39.290	49.190
36.200	40.170	47.710
37.810	40.840	49.070
38.320	40.490	50.350
39.550	41.040	50.590
38.480	40.520	48.240
37.780	41.940	48.920
40.220	40.210	50.920
39.990	41.560	49.710
39.490	41.990	51.790
38.980	41.540	52.970
38.980	42.650	53.940
40.450	42.530	51.930
38.850	42.830	51.450
40.040	42.760	54.250
38.660	43.620	53.490
38.070	42.270	55.050
38.520	41.120	55.760
37.700	40.810	56.910
37.960	43.150	55.710
37.080	42.080	54.590
38.280	40.260	57.670
37.420	41.770	57.410
36.420	39.950	56.720
36.740	38.610	56.350
35.650	37.950	55.590
35.790	40.040	57.630
35.710	40.450	56.030
34.880	37.750	56.370
35.210	38.680	54.890
35.890	36.550	55.090
35.570	35.720	56.080
35.730	34.370	55.860
35.290	36.340	54.170
36.980	36.420	54.940
35.500	34.110	54.800
36.770	34.070	56.100
34.810	33.570	56.800
35.340	33.640	58.150
34.430	33.040	59.040
33.800	34.020	56.730
34.740	32.490	56.540
33.430	33.520	59.030
34.310	31.980	58.710
34.950	33.050	60.520
36.110	32.220	60.720
36.470	32.150	62.100
35.180	34.090	60.850
34.170	32.680	61.210
37.420	31.580	62.110
36.730	33.100	62.610
35.710	31.620	62.700
		
		
		
		
		
		
		
		
		
		
		
		
		
		
		
		
		
		
		
		
		
		
		
		
		
		
		
		
		
		
		
		
		
		
		
		
		
		
		
		
		
		
		
		
		
		
		
		
		
		
		
		
		
		
		
		
		
		
		
		
		
