    -159.95         0.00000
    -159.79         0.00000
    -159.65         0.00000
    -159.49         0.00000
    -159.34         0.00000
    -159.20         0.00000
    -159.04         0.00000
    -158.90         0.00000
    -158.74         0.00000
    -158.59         0.00000
    -158.45         0.00000
    -158.29         0.00000
    -158.15         0.00000
    -157.99         0.00000
    -157.84         0.00000
    -157.70         0.00000
    -157.54         0.00000
    -157.40         0.00000
    -157.24         0.00000
    -157.09         0.00000
    -156.95         0.00000
    -156.79         0.00000
    -156.65         0.00000
    -156.49         0.00000
    -156.34         0.00000
    -156.20         0.00000
    -156.04         0.00000
    -155.90         0.00000
    -155.74         0.00000
    -155.59         0.00000
    -155.45         0.00000
    -155.29         0.00000
    -155.15         0.00000
    -154.99         0.00000
    -154.84         0.00000
    -154.70         0.00000
    -154.54         0.00000
    -154.40         0.00000
    -154.24         0.00000
    -154.09         0.00000
    -153.95         0.00000
    -153.79         0.00000
    -153.65         0.00000
    -153.49         0.00000
    -153.34         0.00000
    -153.20         0.00000
    -153.04         0.00000
    -152.90         0.00000
    -152.74         0.00000
    -152.59         0.00000
    -152.45         0.00000
    -152.29         0.00000
    -152.15         0.00000
    -151.99         0.00000
    -151.84         0.00000
    -151.70         0.00000
    -151.54         0.00000
    -151.40         0.00000
    -151.24         0.00000
    -151.09         0.00000
    -150.95         0.00000
    -150.79         0.00000
    -150.65         0.00000
    -150.49         0.00000
    -150.34         0.00000
    -150.20         0.00000
    -150.04         0.00000
    -149.90         0.00000
    -149.74         0.00000
    -149.59         0.00000
    -149.45         0.00000
    -149.29         0.00000
    -149.15         0.00000
    -148.99         0.00000
    -148.84         0.00000
    -148.70         0.00000
    -148.54         0.00000
    -148.40         0.00000
    -148.24         0.00000
    -148.09         0.00000
    -147.95         0.00000
    -147.79         0.00000
    -147.65         0.00000
    -147.49         0.00000
    -147.34         0.00000
    -147.20         0.00000
    -147.04         0.00000
    -146.90         0.00000
    -146.74         0.00000
    -146.59         0.00000
    -146.45         0.00000
    -146.29         0.00000
    -146.15         0.00000
    -145.99         0.00000
    -145.84         0.00000
    -145.70         0.00000
    -145.54         0.00000
    -145.40         0.00000
    -145.24         0.00000
    -145.09         0.00000
    -144.95         0.00000
    -144.79         0.00000
    -144.65         0.00000
    -144.49         0.00000
    -144.34         0.00000
    -144.20         0.00000
    -144.04         0.00000
    -143.90         0.00000
    -143.74         0.00000
    -143.59         0.00000
    -143.45         0.00000
    -143.29         0.00000
    -143.15         0.00000
    -142.99         0.00000
    -142.84         0.00000
    -142.70         0.00000
    -142.54         0.00000
    -142.40         0.00000
    -142.24         0.00000
    -142.09         0.00000
    -141.95         0.00000
    -141.79         0.00000
    -141.65         0.00000
    -141.49         0.00000
    -141.34         0.00000
    -141.20         0.00000
    -141.04         0.00000
    -140.90         0.00000
    -140.74         0.00000
    -140.59         0.00000
    -140.45         0.00000
    -140.29         0.00000
    -140.15         0.00000
    -139.99         0.00000
    -139.84         0.00000
    -139.70         0.00000
    -139.54         0.00000
    -139.40         0.00000
    -139.24         0.00000
    -139.09         0.00000
    -138.95         0.00000
    -138.79         0.00000
    -138.65         0.00000
    -138.49         0.00000
    -138.34         0.00000
    -138.20         0.00000
    -138.04         0.00000
    -137.90         0.00000
    -137.74         0.00000
    -137.59         0.00000
    -137.45         0.00000
    -137.29         0.00000
    -137.15         0.00000
    -136.99         0.00000
    -136.84         0.00000
    -136.70         0.00000
    -136.54         0.00000
    -136.40         0.00000
    -136.24         0.00000
    -136.09         0.00000
    -135.95         0.00000
    -135.79         0.00000
    -135.65         0.00000
    -135.49         0.00000
    -135.34         0.00000
    -135.20         0.00000
    -135.04         0.00000
    -134.90         0.00000
    -134.74         0.00000
    -134.59         0.00000
    -134.45         0.00000
    -134.29         0.00000
    -134.15         0.00000
    -133.99         0.00000
    -133.84         0.00000
    -133.70         0.00000
    -133.54         0.00000
    -133.40         0.00000
    -133.24         0.00000
    -133.09         0.00000
    -132.95         0.00000
    -132.79         0.00000
    -132.65         0.00000
    -132.49         0.00000
    -132.34         0.00000
    -132.20         0.00000
    -132.04         0.00000
    -131.90         0.00000
    -131.74         0.00000
    -131.59         0.00000
    -131.45         0.00000
    -131.29         0.00000
    -131.15         0.00000
    -130.99         0.00000
    -130.84         0.00000
    -130.70         0.00000
    -130.54         0.00000
    -130.40         0.00000
    -130.24         0.00000
    -130.09         0.00000
    -129.95         0.00000
    -129.79         0.00000
    -129.65         0.00000
    -129.49         0.00000
    -129.34         0.00000
    -129.20         0.00000
    -129.04         0.00000
    -128.90         0.00000
    -128.74         0.00000
    -128.59         0.00000
    -128.45         0.00000
    -128.29         0.00000
    -128.15         0.00000
    -127.99         0.00000
    -127.85         0.00000
    -127.69         0.00000
    -127.55         0.00000
    -127.39         0.00000
    -127.25         0.00000
    -127.10         0.00000
    -126.94         0.00000
    -126.80         0.00000
    -126.64         0.00000
    -126.50         0.00000
    -126.35         0.00000
    -126.19         0.00000
    -126.05         0.00000
    -125.89         0.00000
    -125.75         0.00000
    -125.60         0.00000
    -125.44         0.00000
    -125.30         0.00000
    -125.14         0.00000
    -125.00         0.00000
    -124.85         0.00000
    -124.69         0.00000
    -124.55         0.00000
    -124.39         0.00000
    -124.25         0.00000
    -124.10         0.00000
    -123.94         0.00000
    -123.80         0.00000
    -123.64         0.00000
    -123.50         0.00000
    -123.35         0.00000
    -123.19         0.00000
    -123.05         0.00000
    -122.89         0.00000
    -122.75         0.00000
    -122.60         0.00000
    -122.44         0.00000
    -122.30         0.00000
    -122.14         0.00000
    -122.00         0.00000
    -121.85         0.00000
    -121.69         0.00000
    -121.55         0.00000
    -121.39         0.00000
    -121.25         0.00000
    -121.10         0.00000
    -120.94         0.00000
    -120.80         0.00000
    -120.64         0.00000
    -120.50         0.00000
    -120.35         0.00000
    -120.19         0.00000
    -120.05         0.00000
    -119.89         0.00000
    -119.75         0.00000
    -119.60         0.00000
    -119.44         0.00000
    -119.30         0.00000
    -119.14         0.00000
    -119.00         0.00000
    -118.85         0.00000
    -118.69         0.00000
    -118.55         0.00000
    -118.39         0.00000
    -118.25         0.00000
    -118.10         0.00000
    -117.94         0.00000
    -117.80         0.00000
    -117.64         0.00000
    -117.50         0.00000
    -117.35         0.00000
    -117.19         0.00000
    -117.05         0.00000
    -116.89         0.00000
    -116.75         0.00000
    -116.60         0.00000
    -116.44         0.00000
    -116.30         0.00000
    -116.14         0.00000
    -116.00         0.00000
    -115.85         0.00000
    -115.69         0.00000
    -115.55         0.00000
    -115.39         0.00000
    -115.25         0.00000
    -115.10         0.00000
    -114.94         0.00000
    -114.80         0.00000
    -114.64         0.00000
    -114.50         0.00000
    -114.35         0.00000
    -114.19         0.00000
    -114.05         0.00000
    -113.89         0.00000
    -113.75         0.00000
    -113.60         0.00000
    -113.44         0.00000
    -113.30         0.00000
    -113.14         0.00000
    -113.00         0.00000
    -112.85         0.00000
    -112.69         0.00000
    -112.55         0.00000
    -112.39         0.00000
    -112.25         0.00000
    -112.10         0.00000
    -111.94         0.00000
    -111.80         0.00000
    -111.64         0.00000
    -111.50         0.00000
    -111.35         0.00000
    -111.19         0.00000
    -111.05         0.00000
    -110.89         0.00000
    -110.75         0.00000
    -110.60         0.00000
    -110.44         0.00000
    -110.30         0.00000
    -110.14         0.00000
    -110.00         0.00000
    -109.85         0.00000
    -109.69         0.00000
    -109.55         0.00000
    -109.39         0.00000
    -109.25         0.00000
    -109.10         0.00000
    -108.94         0.00000
    -108.80         0.00000
    -108.64         0.00000
    -108.50         0.00000
    -108.35         0.00000
    -108.19         0.00000
    -108.05         0.00000
    -107.89         0.00000
    -107.75         0.00000
    -107.60         0.00000
    -107.44         0.00000
    -107.30         0.00000
    -107.14         0.00000
    -107.00         0.00000
    -106.85         0.00000
    -106.69         0.00000
    -106.55         0.00000
    -106.39         0.00000
    -106.25         0.00000
    -106.10         0.00000
    -105.94         0.00000
    -105.80         0.00000
    -105.64         0.00000
    -105.50         0.00000
    -105.35         0.00000
    -105.19         0.00000
    -105.05         0.00000
    -104.89         0.00000
    -104.75         0.00000
    -104.60         0.00000
    -104.44         0.00000
    -104.30         0.00000
    -104.14         0.00000
    -104.00         0.00000
    -103.85         0.00000
    -103.69         0.00000
    -103.55         0.00000
    -103.39         0.00000
    -103.25         0.00000
    -103.10         0.00000
    -102.94         0.00000
    -102.80         0.00000
    -102.64         0.00000
    -102.50         0.00000
    -102.35         0.00000
    -102.19         0.00000
    -102.05         0.00000
    -101.89         0.00000
    -101.75         0.00000
    -101.60         0.00000
    -101.44         0.00000
    -101.30         0.00000
    -101.14         0.00000
    -101.00         0.00000
    -100.85         0.00000
    -100.69         0.00000
    -100.55         0.00000
    -100.39         0.00000
    -100.25         0.00000
    -100.10         0.00000
    -99.945         0.00000
    -99.795         0.00000
    -99.645         0.00000
    -99.495         0.00000
    -99.345         0.00000
    -99.195         0.00000
    -99.045         0.00000
    -98.895         0.00000
    -98.745         0.00000
    -98.595         0.00000
    -98.445         0.00000
    -98.295         0.00000
    -98.145         0.00000
    -97.995         0.00000
    -97.845         0.00000
    -97.695         0.00000
    -97.545         0.00000
    -97.395         0.00000
    -97.245         0.00000
    -97.095         0.00000
    -96.945         0.00000
    -96.795         0.00000
    -96.645         0.00000
    -96.495         0.00000
    -96.345         0.00000
    -96.195         0.00000
    -96.045         0.00000
    -95.895         0.00000
    -95.745         0.00000
    -95.595         0.00000
    -95.445         0.00000
    -95.295         0.00000
    -95.145         0.00000
    -94.995         0.00000
    -94.845         0.00000
    -94.695         0.00000
    -94.545         0.00000
    -94.395         0.00000
    -94.245         0.00000
    -94.095         0.00000
    -93.945         0.00000
    -93.795         0.00000
    -93.645         0.00000
    -93.495         0.00000
    -93.345         0.00000
    -93.195         0.00000
    -93.045         0.00000
    -92.895         0.00000
    -92.745         0.00000
    -92.595         0.00000
    -92.445         0.00000
    -92.295         0.00000
    -92.145         0.00000
    -91.995         0.00000
    -91.845         0.00000
    -91.695         0.00000
    -91.545         0.00000
    -91.395         0.00000
    -91.245         0.00000
    -91.095         0.00000
    -90.945         0.00000
    -90.795         0.00000
    -90.645         0.00000
    -90.495         0.00000
    -90.345         0.00000
    -90.195         0.00000
    -90.045         0.00000
    -89.895         0.00000
    -89.745         0.00000
    -89.595         0.00000
    -89.445         0.00000
    -89.295         0.00000
    -89.145         0.00000
    -88.995         0.00000
    -88.845         0.00000
    -88.695         0.00000
    -88.545         0.00000
    -88.395         0.00000
    -88.245         0.00000
    -88.095         0.00000
    -87.945         0.00000
    -87.795         0.00000
    -87.645         0.00000
    -87.495         0.00000
    -87.345         0.00000
    -87.195         0.00000
    -87.045         0.00000
    -86.895         0.00000
    -86.745         0.00000
    -86.595         0.00000
    -86.445         0.00000
    -86.295         0.00000
    -86.145         0.00000
    -85.995         0.00000
    -85.845         0.00000
    -85.695         0.00000
    -85.545         0.00000
    -85.395         0.00000
    -85.245         0.00000
    -85.095         0.00000
    -84.945         0.00000
    -84.795         0.00000
    -84.645         0.00000
    -84.495         0.00000
    -84.345         0.00000
    -84.195         0.00000
    -84.045         0.00000
    -83.895         0.00000
    -83.745         0.00000
    -83.595         0.00000
    -83.445         0.00000
    -83.295         0.00000
    -83.145         0.00000
    -82.995         0.00000
    -82.845         0.00000
    -82.695         0.00000
    -82.545         0.00000
    -82.395         0.00000
    -82.245         0.00000
    -82.095         0.00000
    -81.945         0.00000
    -81.795         0.00000
    -81.645         0.00000
    -81.495         0.00000
    -81.345         0.00000
    -81.195         0.00000
    -81.045         0.00000
    -80.895         0.00000
    -80.745         0.00000
    -80.595         0.00000
    -80.445         0.00000
    -80.295         0.00000
    -80.145         0.00000
    -79.995         0.00000
    -79.845         0.00000
    -79.695         0.00000
    -79.545         0.00000
    -79.395         0.00000
    -79.245         0.00000
    -79.095         0.00000
    -78.945         0.00000
    -78.795         0.00000
    -78.645         0.00000
    -78.495         0.00000
    -78.345         0.00000
    -78.195         0.00000
    -78.045         0.00000
    -77.895         0.00000
    -77.745         0.00000
    -77.595         0.00000
    -77.445         0.00000
    -77.295         0.00000
    -77.145         0.00000
    -76.995         0.00000
    -76.845         0.00000
    -76.695         0.00000
    -76.545         0.00000
    -76.395         0.00000
    -76.245         0.00000
    -76.095         0.00000
    -75.945         0.00000
    -75.795         0.00000
    -75.645         0.00000
    -75.495         0.00000
    -75.345         0.00000
    -75.195         0.00000
    -75.045         0.00000
    -74.895         0.00000
    -74.745         0.00000
    -74.595         0.00000
    -74.445         0.00000
    -74.295         0.00000
    -74.145         0.00000
    -73.995         0.00000
    -73.845         0.00000
    -73.695         0.00000
    -73.545         0.00000
    -73.395         0.00000
    -73.245         0.00000
    -73.095         0.00000
    -72.945         0.00000
    -72.795         0.00000
    -72.645         0.00000
    -72.495         0.00000
    -72.345         0.00000
    -72.195         0.00000
    -72.045         0.00000
    -71.895         0.00000
    -71.745         0.00000
    -71.595         0.00000
    -71.445         0.00000
    -71.295         0.00000
    -71.145         0.00000
    -70.995         0.00000
    -70.845         0.00000
    -70.695         0.00000
    -70.545         0.00000
    -70.395         0.00000
    -70.245         0.00000
    -70.095         0.00000
    -69.945         0.00000
    -69.795         0.00000
    -69.645         0.00000
    -69.495         0.00000
    -69.345         0.00000
    -69.195         0.00000
    -69.045         0.00000
    -68.895         0.00000
    -68.745         0.00000
    -68.595         0.00000
    -68.445         0.00000
    -68.295         0.00000
    -68.145         0.00000
    -67.995         0.00000
    -67.845         0.00000
    -67.695         0.00000
    -67.545         0.00000
    -67.395         0.00000
    -67.245         0.00000
    -67.095         0.00000
    -66.945         0.00000
    -66.795         0.00000
    -66.645         0.00000
    -66.495         0.00000
    -66.345         0.00000
    -66.195         0.00000
    -66.045         0.00000
    -65.895         0.00000
    -65.745         0.00000
    -65.595         0.00000
    -65.445         0.00000
    -65.295         0.00000
    -65.145         0.00000
    -64.995         0.00000
    -64.845         0.00000
    -64.695         0.00000
    -64.545         0.00000
    -64.395         0.00000
    -64.245         0.00000
    -64.095         0.00000
    -63.945         0.00000
    -63.795         0.00000
    -63.645         0.00000
    -63.495         0.00000
    -63.345         0.00000
    -63.195         0.00000
    -63.045         0.00000
    -62.895         0.00000
    -62.745         0.00000
    -62.595         0.00000
    -62.445         0.00000
    -62.295         0.00000
    -62.145         0.00000
    -61.995         0.00000
    -61.845         0.00000
    -61.695         0.00000
    -61.545         0.00000
    -61.395         0.00000
    -61.245         0.00000
    -61.095         0.00000
    -60.945         0.00000
    -60.795         0.00000
    -60.645         0.00000
    -60.495         0.00000
    -60.345         0.00000
    -60.195         0.00000
    -60.045         0.00000
    -59.895         0.00000
    -59.745         0.00000
    -59.595         0.00000
    -59.445         0.00000
    -59.295         0.00000
    -59.145         0.00000
    -58.995         0.00000
    -58.845         0.00000
    -58.695         0.00000
    -58.545         0.00000
    -58.395         0.00000
    -58.245         0.00000
    -58.095         0.00000
    -57.945         0.00000
    -57.795         0.00000
    -57.645         0.00000
    -57.495         0.00000
    -57.345         0.00000
    -57.195         0.00000
    -57.045         0.00000
    -56.895         0.00000
    -56.745         0.00000
    -56.595         0.00000
    -56.445         0.00000
    -56.295         0.00000
    -56.145         0.00000
    -55.995         0.00000
    -55.845         0.00000
    -55.695         0.00000
    -55.545         0.00000
    -55.395         0.00000
    -55.245         0.00000
    -55.095         0.00000
    -54.945         0.00000
    -54.795         0.00000
    -54.645         0.00000
    -54.495         0.00000
    -54.345         0.00000
    -54.195         0.00000
    -54.045         0.00000
    -53.895         0.00000
    -53.745         0.00000
    -53.595         0.00000
    -53.445         0.00000
    -53.295         0.00000
    -53.145         0.00000
    -52.995         0.00000
    -52.845         0.00000
    -52.695         0.00000
    -52.545         0.00000
    -52.395         0.00000
    -52.245         0.00000
    -52.095         0.00000
    -51.945         0.00000
    -51.795         0.00000
    -51.645         0.00000
    -51.495         0.00000
    -51.345         0.00000
    -51.195         0.00000
    -51.045         0.00000
    -50.895         0.00000
    -50.745         0.00000
    -50.595         0.00000
    -50.445         0.00000
    -50.295         0.00000
    -50.145         0.00000
    -49.995         0.00000
    -49.845         0.00000
    -49.695         0.00000
    -49.545         0.00000
    -49.395         0.00000
    -49.245         0.00000
    -49.095         0.00000
    -48.945         0.00000
    -48.795         0.00000
    -48.645         0.00000
    -48.495         0.00000
    -48.345         0.00000
    -48.195         0.00000
    -48.045         0.00000
    -47.895         0.00000
    -47.745         0.00000
    -47.595         0.00000
    -47.445         0.00000
    -47.295         0.00000
    -47.145         0.00000
    -46.995         0.00000
    -46.845         0.00000
    -46.695         0.00000
    -46.545         0.00000
    -46.395         0.00000
    -46.245         0.00000
    -46.095         0.00000
    -45.945         0.00000
    -45.795         0.00000
    -45.645         0.00000
    -45.495         0.00000
    -45.345         0.00000
    -45.195         0.00000
    -45.045         0.00000
    -44.895         0.00000
    -44.745         0.00000
    -44.595         0.00000
    -44.445         0.00000
    -44.295         0.00000
    -44.145         0.00000
    -43.995         0.00000
    -43.845         0.00000
    -43.695         0.00000
    -43.545         0.00000
    -43.395         0.00000
    -43.245         0.00000
    -43.095         0.00000
    -42.945         0.00000
    -42.795         0.00000
    -42.645         0.00000
    -42.495         0.00000
    -42.345         0.00000
    -42.195         0.00000
    -42.045         0.00000
    -41.895         0.00000
    -41.745         0.00000
    -41.595         0.00000
    -41.445         0.00000
    -41.295         0.00000
    -41.145         0.00000
    -40.995         0.00000
    -40.845         0.00000
    -40.695         0.00000
    -40.545         0.00000
    -40.395         0.00000
    -40.245         0.00000
    -40.095         0.00000
    -39.945         0.00000
    -39.795         0.00000
    -39.645         0.00000
    -39.495         0.00000
    -39.345         0.00000
    -39.195         0.00000
    -39.045         0.00000
    -38.895         0.00000
    -38.745         0.00000
    -38.595         0.00000
    -38.445         0.00000
    -38.295         0.00000
    -38.145         0.00000
    -37.995         0.00000
    -37.845         0.00000
    -37.695         0.00000
    -37.545         0.00000
    -37.395         0.00000
    -37.245         0.00000
    -37.095         0.00000
    -36.945         0.00000
    -36.795         0.00000
    -36.645         0.00000
    -36.495         0.00000
    -36.345         0.00000
    -36.195         0.00000
    -36.045         0.00000
    -35.895         0.00000
    -35.745         0.00000
    -35.595         0.00000
    -35.445         0.00000
    -35.295         0.00000
    -35.145         0.00000
    -34.995         0.00000
    -34.845         0.00000
    -34.695         0.00000
    -34.545         0.00000
    -34.395         0.00000
    -34.245         0.00000
    -34.095         0.00000
    -33.945         0.00000
    -33.795         0.00000
    -33.645         0.00000
    -33.495         0.00000
    -33.345         0.00000
    -33.195         0.00000
    -33.045         0.00000
    -32.895         0.00000
    -32.745         0.00000
    -32.595         0.00000
    -32.445         0.00000
    -32.295         0.00000
    -32.145         0.00000
    -31.995         0.00000
    -31.845         0.00000
    -31.695         0.00000
    -31.545         0.00000
    -31.395         0.00000
    -31.245         0.00000
    -31.095         0.00000
    -30.945         0.00000
    -30.795         0.00000
    -30.645         0.00000
    -30.495         0.00000
    -30.345         0.00000
    -30.195         0.00000
    -30.045         0.00000
    -29.895         0.00000
    -29.745         0.00000
    -29.595         0.00000
    -29.445         0.00000
    -29.295         0.00000
    -29.145         0.00000
    -28.995         0.00000
    -28.845         0.00000
    -28.695         0.00000
    -28.545         0.00000
    -28.395         0.00000
    -28.245         0.00000
    -28.095         0.00000
    -27.945         0.00000
    -27.795         0.00000
    -27.645         0.00000
    -27.495         0.00000
    -27.345         0.00000
    -27.195         0.00000
    -27.045         0.00000
    -26.895         0.00000
    -26.745         0.00000
    -26.595         0.00000
    -26.445         0.00000
    -26.295         0.00000
    -26.145         0.00000
    -25.995         0.00000
    -25.845         0.00000
    -25.695         0.00000
    -25.545         0.00000
    -25.395         0.00000
    -25.245         0.00000
    -25.095         0.00000
    -24.945         0.00000
    -24.795         0.00000
    -24.645         0.00000
    -24.495         0.00000
    -24.345         0.00000
    -24.195         0.00000
    -24.045         0.00000
    -23.895         0.00000
    -23.745         0.00000
    -23.595         0.00000
    -23.445         0.00000
    -23.295         0.00000
    -23.145         0.00000
    -22.995         0.00000
    -22.845         0.00000
    -22.695         0.00000
    -22.545         0.00000
    -22.395         0.00000
    -22.245         0.00000
    -22.095         0.00000
    -21.945         0.00000
    -21.795         0.00000
    -21.645         0.00000
    -21.495         0.00000
    -21.345         0.00000
    -21.195         0.00000
    -21.045         0.00000
    -20.895         0.00000
    -20.745         0.00000
    -20.595         0.00000
    -20.445         0.00000
    -20.295         0.00000
    -20.145         0.00000
    -19.995         0.00000
    -19.845         0.00000
    -19.695         0.00000
    -19.545         0.00000
    -19.395         0.00000
    -19.245         0.00000
    -19.095         0.00000
    -18.945         0.00000
    -18.795         0.00000
    -18.645         0.00000
    -18.495         0.00000
    -18.345         0.00000
    -18.195         0.00000
    -18.045         0.00000
    -17.895         0.00000
    -17.745         0.00000
    -17.595         0.00000
    -17.445         0.00000
    -17.295         0.00000
    -17.145         0.00000
    -16.995         0.00000
    -16.845         0.00000
    -16.695         0.00000
    -16.545         0.00000
    -16.395         0.00000
    -16.245         0.00000
    -16.095         0.00000
    -15.945         0.00000
    -15.795         0.00000
    -15.645         0.00000
    -15.495         0.00000
    -15.345         0.00000
    -15.195         0.00000
    -15.045         0.00000
    -14.895         0.00000
    -14.745         0.00000
    -14.595         0.00000
    -14.445         0.00000
    -14.295         0.00000
    -14.145         0.00000
    -13.995         0.00000
    -13.845         0.00000
    -13.695         0.00000
    -13.545         0.00000
    -13.395         0.00000
    -13.245         0.00000
    -13.095         0.00000
    -12.945         0.00000
    -12.795         0.00000
    -12.645         0.00000
    -12.495        -0.00099
    -12.345        -0.00099
    -12.195        -0.00775
    -12.045        -0.01730
    -11.895        -0.04175
    -11.745        -0.07842
    -11.595        -0.12125
    -11.445        -0.18587
    -11.295        -0.24558
    -11.145        -0.31104
    -10.995        -0.37373
    -10.845        -0.44479
    -10.695        -0.51670
    -10.545        -0.58746
    -10.395        -0.66272
    -10.245        -0.72744
    -10.095        -0.79621
    -9.9450        -0.86545
    -9.7950        -0.92923
    -9.6450        -0.99427
    -9.4950        -1.05508
    -9.3450        -1.13392
    -9.1950        -1.22817
    -9.0450        -1.35147
    -8.8950        -1.48465
    -8.7450        -1.60907
    -8.5950        -1.75883
    -8.4450        -1.90022
    -8.2950        -2.07202
    -8.1450        -2.24383
    -7.9950        -2.41113
    -7.8450        -2.58964
    -7.6950        -2.79700
    -7.5450        -2.99826
    -7.3950        -3.22798
    -7.2450        -3.46681
    -7.0950        -3.73590
    -6.9450        -4.02387
    -6.7950        -4.34207
    -6.6450        -4.69095
    -6.4950        -5.05869
    -6.3450        -5.43978
    -6.1950        -5.83021
    -6.0450        -6.27015
    -5.8950        -6.71866
    -5.7450        -7.17323
    -5.5950        -7.63203
    -5.4450        -8.08915
    -5.2950        -8.54095
    -5.1450        -8.99262
    -4.9950        -9.44306
    -4.8450        -9.86802
    -4.6950       -10.27907
    -4.5450       -10.66793
    -4.3950       -11.04543
    -4.2450       -11.42393
    -4.0950       -11.77922
    -3.9450       -12.11573
    -3.7950       -12.44330
    -3.6450       -12.78053
    -3.4950       -13.12976
    -3.3450       -13.48899
    -3.1950       -13.88793
    -3.0450       -14.30648
    -2.8950       -14.75466
    -2.7450       -15.22406
    -2.5950       -15.74241
    -2.4450       -16.33902
    -2.2950       -17.00935
    -2.1450       -17.76614
    -1.9950       -18.62309
    -1.8450       -19.61536
    -1.6950       -20.75323
    -1.5450       -22.08097
    -1.3950       -23.60080
    -1.2450       -25.34212
    -1.0950       -27.31769
   -0.94500       -29.50649
   -0.79500       -31.92399
   -0.64500       -34.53543
   -0.49500       -37.49045
   -0.34500       -41.18876
   -0.22700       -42.71188
   -0.21300       -42.90672
   -0.20700       -43.10492
   -0.20100       -43.30934
   -0.19500       -43.51706
   -0.18900       -43.72917
   -0.18300       -43.94806
   -0.17700       -44.17006
   -0.17100       -44.39930
   -0.16500       -44.63575
   -0.15900       -44.87903
   -0.15300       -45.12388
   -0.14700       -45.37659
   -0.14100       -45.63869
   -0.13500       -45.90956
   -0.12900       -46.18838
   -0.12300       -46.47823
   -0.11700       -46.77994
   -0.11100       -47.09148
   -0.10500       -47.41728
   -0.99000E-01   -47.75820
   -0.93000E-01   -48.11609
   -0.87000E-01   -48.49581
   -0.81000E-01   -48.89629
   -0.75000E-01   -49.32351
   -0.69000E-01   -49.77828
   -0.63000E-01   -50.27123
   -0.57000E-01   -50.80874
   -0.51000E-01   -51.39768
   -0.45000E-01   -52.05682
   -0.39000E-01   -52.80904
   -0.33000E-01   -53.69191
   -0.27000E-01   -54.76643
   -0.21300E-01   -55.65927
   -0.19500E-01   -55.80560
   -0.18900E-01   -55.95667
   -0.18300E-01   -56.11141
   -0.17700E-01   -56.27216
   -0.17100E-01   -56.43857
   -0.16500E-01   -56.61102
   -0.15900E-01   -56.78969
   -0.15300E-01   -56.97609
   -0.14700E-01   -57.16983
   -0.14100E-01   -57.37245
   -0.13500E-01   -57.58409
   -0.12900E-01   -57.80639
   -0.12300E-01   -58.03898
   -0.11700E-01   -58.28475
   -0.11100E-01   -58.54465
   -0.10500E-01   -58.82086
   -0.99000E-02   -59.11606
   -0.93000E-02   -59.43261
   -0.87000E-02   -59.77635
   -0.81000E-02   -60.15202
   -0.75000E-02   -60.56253
   -0.69000E-02   -61.01328
   -0.63000E-02   -61.50836
   -0.57000E-02   -62.05108
   -0.51000E-02   -62.64742
   -0.45000E-02   -63.30368
   -0.39000E-02   -64.02420
   -0.33000E-02   -64.81413
   -0.27000E-02   -65.68910
   -0.21000E-02   -66.67509
   -0.15000E-02   -67.70900
   -0.90000E-03   -68.52784
   -0.30000E-03   -68.86620
    0.30000E-03   -68.60808
    0.90000E-03   -67.79175
    0.15000E-02   -66.75636
    0.21000E-02   -65.77047
    0.27000E-02   -64.89654
    0.33000E-02   -64.10763
    0.39000E-02   -63.38915
    0.45000E-02   -62.73542
    0.51000E-02   -62.14154
    0.57000E-02   -61.60089
    0.63000E-02   -61.10768
    0.69000E-02   -60.65842
    0.75000E-02   -60.24907
    0.81000E-02   -59.87492
    0.87000E-02   -59.53273
    0.93000E-02   -59.21718
    0.99000E-02   -58.92289
    0.10500E-01   -58.64736
    0.11100E-01   -58.38812
    0.11700E-01   -58.14323
    0.12300E-01   -57.91155
    0.12900E-01   -57.69065
    0.13500E-01   -57.48019
    0.14100E-01   -57.27804
    0.14700E-01   -57.08508
    0.15300E-01   -56.89996
    0.15900E-01   -56.72123
    0.16500E-01   -56.55017
    0.17100E-01   -56.38521
    0.17700E-01   -56.22513
    0.18300E-01   -56.07101
    0.18900E-01   -55.92018
    0.19500E-01   -55.77490
    0.21300E-01   -54.89087
    0.27000E-01   -53.83543
    0.33000E-01   -52.97520
    0.39000E-01   -52.24723
    0.45000E-01   -51.61648
    0.51000E-01   -51.06173
    0.57000E-01   -50.56352
    0.63000E-01   -50.11341
    0.69000E-01   -49.70221
    0.75000E-01   -49.32371
    0.81000E-01   -48.97158
    0.87000E-01   -48.64460
    0.93000E-01   -48.34155
    0.99000E-01   -48.05661
    0.10500       -47.78714
    0.11100       -47.53408
    0.11700       -47.29488
    0.12300       -47.06396
    0.12900       -46.84471
    0.13500       -46.63618
    0.14100       -46.43887
    0.14700       -46.24692
    0.15300       -46.06486
    0.15900       -45.88801
    0.16500       -45.71827
    0.17100       -45.55534
    0.17700       -45.39852
    0.18300       -45.24882
    0.18900       -45.10356
    0.19500       -44.96133
    0.20100       -44.82575
    0.20700       -44.69268
    0.21300       -44.56535
    0.22700       -43.63082
    0.34500       -41.70826
    0.49500       -40.47478
    0.64500       -39.55867
    0.79500       -38.81760
    0.94500       -38.18735
     1.0950       -37.62707
     1.2450       -37.13706
     1.3950       -36.69599
     1.5450       -36.30763
     1.6950       -35.94716
     1.8450       -35.61354
     1.9950       -35.31925
     2.1450       -35.04162
     2.2950       -34.78799
     2.4450       -34.56162
     2.5950       -34.35477
     2.7450       -34.17410
     2.8950       -34.00502
     3.0450       -33.85410
     3.1950       -33.72128
     3.3450       -33.58436
     3.4950       -33.47237
     3.6450       -33.36292
     3.7950       -33.26217
     3.9450       -33.16106
     4.0950       -33.07107
     4.2450       -32.99363
     4.3950       -32.91361
     4.5450       -32.83682
     4.6950       -32.76354
     4.8450       -32.69338
     4.9950       -32.62273
     5.1450       -32.55401
     5.2950       -32.49138
     5.4450       -32.43152
     5.5950       -32.37238
     5.7450       -32.31405
     5.8950       -32.25786
     6.0450       -32.20381
     6.1950       -32.15112
     6.3450       -32.09986
     6.4950       -32.04911
     6.6450       -31.99939
     6.7950       -31.95147
     6.9450       -31.90412
     7.0950       -31.85892
     7.2450       -31.81328
     7.3950       -31.76896
     7.5450       -31.72582
     7.6950       -31.68375
     7.8450       -31.64277
     7.9950       -31.60279
     8.1450       -31.56293
     8.2950       -31.52427
     8.4450       -31.48570
     8.5950       -31.44828
     8.7450       -31.41095
     8.8950       -31.37426
     9.0450       -31.33891
     9.1950       -31.30367
     9.3450       -31.26908
     9.4950       -31.23546
     9.6450       -31.20225
     9.7950       -31.16927
     9.9450       -31.13672
     10.095       -31.10428
     10.245       -31.07280
     10.395       -31.04120
     10.545       -31.01052
     10.695       -30.98002
     10.845       -30.95072
     10.995       -30.92152
     11.145       -30.89239
     11.295       -30.86429
     11.445       -30.83576
     11.595       -30.80716
     11.745       -30.77913
     11.895       -30.75220
     12.045       -30.72547
     12.195       -30.69899
     12.345       -30.67312
     12.495       -30.64757
     12.645       -30.62173
     12.795       -30.59620
     12.945       -30.57150
     13.095       -30.54703
     13.245       -30.52325
     13.395       -30.49910
     13.545       -30.47562
     13.695       -30.45212
     13.845       -30.42919
     13.995       -30.40608
     14.145       -30.38284
     14.295       -30.35960
     14.445       -30.33760
     14.595       -30.31557
     14.745       -30.29352
     14.895       -30.27199
     15.045       -30.25035
     15.195       -30.22893
     15.345       -30.20795
     15.495       -30.18699
     15.645       -30.16652
     15.795       -30.14631
     15.945       -30.12607
     16.095       -30.10602
     16.245       -30.08681
     16.395       -30.06698
     16.545       -30.04727
     16.695       -30.02840
     16.845       -30.00916
     16.995       -29.99078
     17.145       -29.97218
     17.295       -29.95369
     17.445       -29.93537
     17.595       -29.91749
     17.745       -29.89960
     17.895       -29.88155
     18.045       -29.86350
     18.195       -29.84600
     18.345       -29.82820
     18.495       -29.81109
     18.645       -29.79380
     18.795       -29.77653
     18.945       -29.75954
     19.095       -29.74283
     19.245       -29.72623
     19.395       -29.70968
     19.545       -29.69368
     19.695       -29.67780
     19.845       -29.66193
     19.995       -29.64585
     20.145       -29.63030
     20.295       -29.61463
     20.445       -29.59916
     20.595       -29.58374
     20.745       -29.56840
     20.895       -29.55297
     21.045       -29.53768
     21.195       -29.52254
     21.345       -29.50726
     21.495       -29.49232
     21.645       -29.47780
     21.795       -29.46327
     21.945       -29.44875
     22.095       -29.43467
     22.245       -29.42043
     22.395       -29.40658
     22.545       -29.39249
     22.695       -29.37786
     22.845       -29.36382
     22.995       -29.35025
     23.145       -29.33648
     23.295       -29.32299
     23.445       -29.30958
     23.595       -29.29636
     23.745       -29.28263
     23.895       -29.26943
     24.045       -29.25633
     24.195       -29.24303
     24.345       -29.23035
     24.495       -29.21763
     24.645       -29.20478
     24.795       -29.19172
     24.945       -29.17870
     25.095       -29.16606
     25.245       -29.15350
     25.395       -29.14151
     25.545       -29.12909
     25.695       -29.11703
     25.845       -29.10455
     25.995       -29.09253
     26.145       -29.08038
     26.295       -29.06848
     26.445       -29.05611
     26.595       -29.04403
     26.745       -29.03247
     26.895       -29.02055
     27.045       -29.00875
     27.195       -28.99710
     27.345       -28.98525
     27.495       -28.97346
     27.645       -28.96226
     27.795       -28.95071
     27.945       -28.93967
     28.095       -28.92854
     28.245       -28.91704
     28.395       -28.90580
     28.545       -28.89468
     28.695       -28.88345
     28.845       -28.87251
     28.995       -28.86199
     29.145       -28.85108
     29.295       -28.84052
     29.445       -28.83004
     29.595       -28.81930
     29.745       -28.80815
     29.895       -28.79775
     30.045       -28.78718
     30.195       -28.77692
     30.345       -28.76681
     30.495       -28.75651
     30.645       -28.74586
     30.795       -28.73571
     30.945       -28.72558
     31.095       -28.71535
     31.245       -28.70553
     31.395       -28.69596
     31.545       -28.68572
     31.695       -28.67589
     31.845       -28.66584
     31.995       -28.65604
     32.145       -28.64626
     32.295       -28.63663
     32.445       -28.62688
     32.595       -28.61715
     32.745       -28.60774
     32.895       -28.59820
     33.045       -28.58848
     33.195       -28.57893
     33.345       -28.56941
     33.495       -28.56003
     33.645       -28.55081
     33.795       -28.54155
     33.945       -28.53233
     34.095       -28.52320
     34.245       -28.51376
     34.395       -28.50454
     34.545       -28.49527
     34.695       -28.48615
     34.845       -28.47711
     34.995       -28.46839
     35.145       -28.45928
     35.295       -28.45026
     35.445       -28.44155
     35.595       -28.43277
     35.745       -28.42391
     35.895       -28.41519
     36.045       -28.40656
     36.195       -28.39794
     36.345       -28.38947
     36.495       -28.38107
     36.645       -28.37225
     36.795       -28.36374
     36.945       -28.35545
     37.095       -28.34707
     37.245       -28.33821
     37.395       -28.32972
     37.545       -28.32138
     37.695       -28.31317
     37.845       -28.30493
     37.995       -28.29664
     38.145       -28.28851
     38.295       -28.28029
     38.445       -28.27214
     38.595       -28.26403
     38.745       -28.25616
     38.895       -28.24816
     39.045       -28.24012
     39.195       -28.23246
     39.345       -28.22428
     39.495       -28.21677
     39.645       -28.20893
     39.795       -28.20085
     39.945       -28.19276
     40.095       -28.18492
     40.245       -28.17763
     40.395       -28.16981
     40.545       -28.16230
     40.695       -28.15468
     40.845       -28.14692
     40.995       -28.13943
     41.145       -28.13194
     41.295       -28.12429
     41.445       -28.11669
     41.595       -28.10918
     41.745       -28.10162
     41.895       -28.09430
     42.045       -28.08688
     42.195       -28.07969
     42.345       -28.07225
     42.495       -28.06524
     42.645       -28.05790
     42.795       -28.05056
     42.945       -28.04324
     43.095       -28.03571
     43.245       -28.02877
     43.395       -28.02168
     43.545       -28.01465
     43.695       -28.00747
     43.845       -28.00061
     43.995       -27.99331
     44.145       -27.98618
     44.295       -27.97928
     44.445       -27.97230
     44.595       -27.96528
     44.745       -27.95844
     44.895       -27.95181
     45.045       -27.94493
     45.195       -27.93814
     45.345       -27.93141
     45.495       -27.92456
     45.645       -27.91764
     45.795       -27.91088
     45.945       -27.90408
     46.095       -27.89708
     46.245       -27.89028
     46.395       -27.88372
     46.545       -27.87721
     46.695       -27.87051
     46.845       -27.86397
     46.995       -27.85747
     47.145       -27.85107
     47.295       -27.84446
     47.445       -27.83782
     47.595       -27.83115
     47.745       -27.82476
     47.895       -27.81836
     48.045       -27.81206
     48.195       -27.80547
     48.345       -27.79888
     48.495       -27.79256
     48.645       -27.78651
     48.795       -27.78010
     48.945       -27.77380
     49.095       -27.76753
     49.245       -27.76169
     49.395       -27.75544
     49.545       -27.74916
     49.695       -27.74300
     49.845       -27.73684
     49.995       -27.73063
     50.145       -27.72464
     50.295       -27.71851
     50.445       -27.71201
     50.595       -27.70575
     50.745       -27.69987
     50.895       -27.69381
     51.045       -27.68769
     51.195       -27.68186
     51.345       -27.67612
     51.495       -27.67026
     51.645       -27.66422
     51.795       -27.65820
     51.945       -27.65259
     52.095       -27.64661
     52.245       -27.64080
     52.395       -27.63493
     52.545       -27.62910
     52.695       -27.62343
     52.845       -27.61748
     52.995       -27.61171
     53.145       -27.60599
     53.295       -27.60045
     53.445       -27.59493
     53.595       -27.58935
     53.745       -27.58370
     53.895       -27.57823
     54.045       -27.57256
     54.195       -27.56711
     54.345       -27.56116
     54.495       -27.55551
     54.645       -27.55005
     54.795       -27.54440
     54.945       -27.53871
     55.095       -27.53321
     59.433       -27.09617
     80.646       -26.45663
     111.21       -25.83085
     153.36       -25.21907
     211.49       -24.62283
     291.64       -24.04411
     402.18       -23.48124
     554.60       -22.93476
     764.80       -22.40405
     1054.7       -21.88934
     1454.4       -21.39332
     2005.6       -20.90869
     2765.8       -20.44034
     3814.0       -19.98609
     5259.5       -19.54585
     7252.9       -19.11815
     10002.       -18.70472
     13793.       -18.30325
     19020.       -17.91328
     26229.       -17.53803
     36170.       -17.17755
     49878.       -16.83054
     68782.       -16.49809
     94851.       -16.17821
    0.13080E+06   -15.87439
    0.18038E+06   -15.58347
    0.24874E+06   -15.30628
    0.34301E+06   -15.04187
    0.47302E+06   -14.79105
    0.65229E+06   -14.55018
    0.89952E+06   -14.32139
    0.12404E+07   -14.10321
    0.17106E+07   -13.89506
    0.23589E+07   -13.69827
    0.32529E+07   -13.51090
    0.44858E+07   -13.33137
    0.61860E+07   -13.15989
    0.85305E+07   -12.99686
    0.11764E+08   -12.84162
    0.16222E+08   -12.69478
    0.22370E+08   -12.55494
    0.30849E+08   -12.42098
    0.42541E+08   -12.29487
    0.58664E+08   -12.17780
    0.80898E+08   -12.06866
    0.11156E+09   -11.96721
    0.15384E+09   -11.87189
    0.21215E+09   -11.78292
    0.29255E+09   -11.69914
    0.40343E+09   -11.61991
    0.55633E+09   -11.54665
    0.76719E+09   -11.48060
    0.10580E+10   -11.41998
    0.14589E+10   -11.36463
    0.20119E+10   -11.31295
    0.27744E+10   -11.26567
    0.38259E+10   -11.22227
    0.52760E+10   -11.18114
    0.72756E+10   -11.14363
    0.10033E+11   -11.10877
    0.13836E+11   -11.07676
    0.19079E+11   -11.04722
    0.26311E+11   -11.02036
    0.36283E+11   -10.99524
    0.50034E+11   -10.97258
    0.68997E+11   -10.95173
    0.10000E+12   -10.69642
