    -29.945         0.00000
    -29.795         0.00000
    -29.645         0.00000
    -29.495         0.00000
    -29.345         0.00000
    -29.195         0.00000
    -29.045         0.00000
    -28.895         0.00000
    -28.745         0.00000
    -28.595         0.00000
    -28.445         0.00000
    -28.295         0.00000
    -28.145         0.00000
    -27.995         0.00000
    -27.845         0.00000
    -27.695         0.00000
    -27.545         0.00000
    -27.395         0.00000
    -27.245         0.00000
    -27.095         0.00000
    -26.945         0.00000
    -26.795         0.00000
    -26.645         0.00000
    -26.495         0.00000
    -26.345         0.00000
    -26.195         0.00000
    -26.045         0.00000
    -25.895         0.00000
    -25.745         0.00000
    -25.595         0.00000
    -25.445         0.00000
    -25.295         0.00000
    -25.145         0.00000
    -24.995         0.00000
    -24.845         0.00000
    -24.695         0.00000
    -24.545         0.00000
    -24.395         0.00000
    -24.245         0.00000
    -24.095         0.00000
    -23.945         0.00000
    -23.795         0.00000
    -23.645         0.00000
    -23.495         0.00000
    -23.345         0.00000
    -23.195         0.00000
    -23.045         0.00000
    -22.895         0.00000
    -22.745         0.00000
    -22.595         0.00000
    -22.445         0.00000
    -22.295         0.00000
    -22.145         0.00000
    -21.995         0.00000
    -21.845         0.00000
    -21.695         0.00000
    -21.545         0.00000
    -21.395         0.00000
    -21.245         0.00000
    -21.095         0.00000
    -20.945         0.00000
    -20.795         0.00000
    -20.645         0.00000
    -20.495         0.00000
    -20.345         0.00000
    -20.195         0.00000
    -20.045         0.00000
    -19.895         0.00000
    -19.745         0.00000
    -19.595         0.00000
    -19.445         0.00000
    -19.295         0.00000
    -19.145         0.00000
    -18.995         0.00000
    -18.845         0.00000
    -18.695         0.00000
    -18.545         0.00000
    -18.395         0.00000
    -18.245         0.00000
    -18.095         0.00000
    -17.945         0.00000
    -17.795         0.00000
    -17.645         0.00000
    -17.495         0.00000
    -17.345         0.00000
    -17.195         0.00000
    -17.045         0.00000
    -16.895         0.00000
    -16.745         0.00000
    -16.595         0.00000
    -16.445         0.00000
    -16.295         0.00000
    -16.145         0.00000
    -15.995        -0.00020
    -15.845        -0.00396
    -15.695        -0.02029
    -15.545        -0.06447
    -15.395        -0.15652
    -15.245        -0.31236
    -15.095        -0.55245
    -14.945        -0.86866
    -14.795        -1.25108
    -14.645        -1.70077
    -14.495        -2.21021
    -14.345        -2.78684
    -14.195        -3.42036
    -14.045        -4.08140
    -13.895        -4.76283
    -13.745        -5.43922
    -13.595        -6.10895
    -13.445        -6.76739
    -13.295        -7.40348
    -13.145        -8.01181
    -12.995        -8.59402
    -12.845        -9.18498
    -12.695        -9.79768
    -12.545       -10.43457
    -12.395       -11.10232
    -12.245       -11.80027
    -12.095       -12.51902
    -11.945       -13.27266
    -11.795       -14.06494
    -11.645       -14.91410
    -11.495       -15.81115
    -11.345       -16.76867
    -11.195       -17.78788
    -11.045       -18.86791
    -10.895       -19.99539
    -10.745       -21.16646
    -10.595       -22.37678
    -10.445       -23.62001
    -10.295       -24.88443
    -10.145       -26.17056
    -9.9950       -27.47239
    -9.8450       -28.79722
    -9.6950       -30.15945
    -9.5450       -31.54885
    -9.3950       -32.97691
    -9.2450       -34.45029
    -9.0950       -35.97055
    -8.9450       -37.54655
    -8.7950       -39.20264
    -8.6450       -40.92646
    -8.4950       -42.70905
    -8.3450       -44.55637
    -8.1950       -46.46689
    -8.0450       -48.45752
    -7.8950       -50.52955
    -7.7450       -52.67335
    -7.5950       -54.90620
    -7.4450       -57.23067
    -7.2950       -59.64595
    -7.1450       -62.14930
    -6.9950       -64.72580
    -6.8450       -67.35731
    -6.6950       -70.04230
    -6.5450       -72.76905
    -6.3950       -75.55158
    -6.2450       -78.38030
    -6.0950       -81.26514
    -5.9450       -84.18922
    -5.7950       -87.13763
    -5.6450       -90.11306
    -5.4950       -93.08843
    -5.3450       -96.05470
    -5.1950       -99.02143
    -5.0450      -101.96365
    -4.8950      -104.88235
    -4.7450      -107.77990
    -4.5950      -110.65133
    -4.4450      -113.50721
    -4.2950      -116.36437
    -4.1450      -119.24585
    -3.9950      -122.17090
    -3.8450      -125.17457
    -3.6950      -128.27828
    -3.5450      -131.51398
    -3.3950      -134.89999
    -3.2450      -138.47192
    -3.0950      -142.24237
    -2.9450      -146.26604
    -2.7950      -150.58083
    -2.6450      -155.23458
    -2.4950      -160.28748
    -2.3450      -165.77011
    -2.1950      -171.75453
    -2.0450      -178.35059
    -1.8950      -185.70142
    -1.7450      -193.95693
    -1.5950      -203.21548
    -1.4450      -213.49313
    -1.2950      -224.71486
    -1.1450      -236.73173
   -0.99500      -249.40967
   -0.84500      -262.71295
   -0.69500      -276.82645
   -0.54500      -292.08501
   -0.39500      -309.30170
   -0.25300      -322.07131
   -0.21500      -322.92748
   -0.20900      -323.79384
   -0.20300      -324.67122
   -0.19700      -325.55883
   -0.19100      -326.45819
   -0.18500      -327.37026
   -0.17900      -328.29495
   -0.17300      -329.23391
   -0.16700      -330.18759
   -0.16100      -331.15734
   -0.15500      -332.14404
   -0.14900      -333.14804
   -0.14300      -334.17075
   -0.13700      -335.21458
   -0.13100      -336.28037
   -0.12500      -337.37078
   -0.11900      -338.48750
   -0.11300      -339.63407
   -0.10700      -340.81291
   -0.10100      -342.02741
   -0.95000E-01  -343.28146
   -0.89000E-01  -344.57852
   -0.83000E-01  -345.92475
   -0.77000E-01  -347.32717
   -0.71000E-01  -348.79421
   -0.65000E-01  -350.33621
   -0.59000E-01  -351.96611
   -0.53000E-01  -353.70328
   -0.47000E-01  -355.57193
   -0.41000E-01  -357.61003
   -0.35000E-01  -359.87643
   -0.29000E-01  -362.47403
   -0.23000E-01  -365.59092
   -0.19700E-01  -365.93768
   -0.19100E-01  -366.29281
   -0.18500E-01  -366.65697
   -0.17900E-01  -367.03071
   -0.17300E-01  -367.41461
   -0.16700E-01  -367.80932
   -0.16100E-01  -368.21534
   -0.15500E-01  -368.63395
   -0.14900E-01  -369.06547
   -0.14300E-01  -369.51153
   -0.13700E-01  -369.97305
   -0.13100E-01  -370.45168
   -0.12500E-01  -370.94888
   -0.11900E-01  -371.46600
   -0.11300E-01  -372.00490
   -0.10700E-01  -372.56824
   -0.10100E-01  -373.15895
   -0.95000E-02  -373.78224
   -0.89000E-02  -374.44069
   -0.83000E-02  -375.13603
   -0.77000E-02  -375.87012
   -0.71000E-02  -376.64481
   -0.65000E-02  -377.46073
   -0.59000E-02  -378.31536
   -0.53000E-02  -379.20363
   -0.47000E-02  -380.11806
   -0.41000E-02  -381.04726
   -0.35000E-02  -381.97762
   -0.29000E-02  -382.87953
   -0.23000E-02  -383.68936
   -0.17000E-02  -384.34852
   -0.11000E-02  -384.80635
   -0.50000E-03  -385.02256
    0.10000E-03  -384.97898
    0.70000E-03  -384.67903
    0.13000E-02  -384.14900
    0.19000E-02  -383.43405
    0.25000E-02  -382.58709
    0.31000E-02  -381.67028
    0.37000E-02  -380.73978
    0.43000E-02  -379.81528
    0.49000E-02  -378.91005
    0.55000E-02  -378.03413
    0.61000E-02  -377.19371
    0.67000E-02  -376.39352
    0.73000E-02  -375.63459
    0.79000E-02  -374.91573
    0.85000E-02  -374.23529
    0.91000E-02  -373.59114
    0.97000E-02  -372.98149
    0.10300E-01  -372.40300
    0.10900E-01  -371.85087
    0.11500E-01  -371.32229
    0.12100E-01  -370.81520
    0.12700E-01  -370.32767
    0.13300E-01  -369.85827
    0.13900E-01  -369.40562
    0.14500E-01  -368.96821
    0.15100E-01  -368.54498
    0.15700E-01  -368.13478
    0.16300E-01  -367.73672
    0.16900E-01  -367.35030
    0.17500E-01  -366.97435
    0.18100E-01  -366.60843
    0.18700E-01  -366.25198
    0.19300E-01  -365.90441
    0.20200E-01  -364.62996
    0.25000E-01  -361.77271
    0.31000E-01  -359.37138
    0.37000E-01  -357.27181
    0.43000E-01  -355.39091
    0.49000E-01  -353.67923
    0.55000E-01  -352.10297
    0.61000E-01  -350.64010
    0.67000E-01  -349.27522
    0.73000E-01  -347.99307
    0.79000E-01  -346.78309
    0.85000E-01  -345.63767
    0.91000E-01  -344.54862
    0.97000E-01  -343.50934
    0.10300      -342.51480
    0.10900      -341.56010
    0.11500      -340.64109
    0.12100      -339.75555
    0.12700      -338.90086
    0.13300      -338.07456
    0.13900      -337.27453
    0.14500      -336.49862
    0.15100      -335.74487
    0.15700      -335.01196
    0.16300      -334.29954
    0.16900      -333.60605
    0.17500      -332.92981
    0.18100      -332.26967
    0.18700      -331.62516
    0.19300      -330.99595
    0.19900      -330.38106
    0.20500      -329.77906
    0.21100      -329.18942
    0.21700      -328.61302
    0.29500      -316.73340
    0.44500      -308.96826
    0.59500      -303.43927
    0.74500      -299.16208
    0.89500      -295.60831
     1.0450      -292.50602
     1.1950      -289.73069
     1.3450      -287.21686
     1.4950      -284.92632
     1.6450      -282.82295
     1.7950      -280.89122
     1.9450      -279.11006
     2.0950      -277.47971
     2.2450      -275.98276
     2.3950      -274.61269
     2.5450      -273.35948
     2.6950      -272.21892
     2.8450      -271.16733
     2.9950      -270.20687
     3.1450      -269.32083
     3.2950      -268.50562
     3.4450      -267.74761
     3.5950      -267.04358
     3.7450      -266.37852
     3.8950      -265.75212
     4.0450      -265.15948
     4.1950      -264.60128
     4.3450      -264.06575
     4.4950      -263.55524
     4.6450      -263.06246
     4.7950      -262.58867
     4.9450      -262.13166
     5.0950      -261.69237
     5.2450      -261.26454
     5.3950      -260.85206
     5.5450      -260.44927
     5.6950      -260.05784
     5.8450      -259.67598
     5.9950      -259.30397
     6.1450      -258.94131
     6.2950      -258.59170
     6.4450      -258.24711
     6.5950      -257.91226
     6.7450      -257.58304
     6.8950      -257.26382
     7.0450      -256.94975
     7.1950      -256.64052
     7.3450      -256.33894
     7.4950      -256.04266
     7.6450      -255.75397
     7.7950      -255.46987
     7.9450      -255.19269
     8.0950      -254.91805
     8.2450      -254.64894
     8.3950      -254.38200
     8.5450      -254.12064
     8.6950      -253.86564
     8.8450      -253.61250
     8.9950      -253.36660
     9.1450      -253.12368
     9.2950      -252.88678
     9.4450      -252.65330
     9.5950      -252.42094
     9.7450      -252.19335
     9.8950      -251.97100
     10.045      -251.75066
     10.195      -251.53166
     10.345      -251.31537
     10.495      -251.10328
     10.645      -250.89327
     10.795      -250.68903
     10.945      -250.48464
     11.095      -250.28338
     11.245      -250.08454
     11.395      -249.88815
     11.545      -249.69478
     11.695      -249.50396
     11.845      -249.31380
     11.995      -249.12684
     12.145      -248.94206
     12.295      -248.76052
     12.445      -248.58055
     12.595      -248.40439
     12.745      -248.22887
     12.895      -248.05493
     13.045      -247.88518
     13.195      -247.71470
     13.345      -247.54467
     13.495      -247.37989
     13.645      -247.21544
     13.795      -247.05242
     13.945      -246.89306
     14.095      -246.73332
     14.245      -246.57597
     14.395      -246.42008
     14.545      -246.26692
     14.695      -246.11467
     14.845      -245.96383
     14.995      -245.81423
     15.145      -245.66607
     15.295      -245.51979
     15.445      -245.37450
     15.595      -245.23217
     15.745      -245.08881
     15.895      -244.94791
     16.045      -244.80811
     16.195      -244.66866
     16.345      -244.53089
     16.495      -244.39490
     16.645      -244.26041
     16.795      -244.12794
     16.945      -243.99580
     17.095      -243.86462
     17.245      -243.73582
     17.395      -243.60774
     17.545      -243.47923
     17.695      -243.35196
     17.845      -243.22547
     17.995      -243.10029
     18.145      -242.97536
     18.295      -242.85253
     18.445      -242.73091
     18.595      -242.60972
     18.745      -242.48967
     18.895      -242.37020
     19.045      -242.25169
     19.195      -242.13516
     19.345      -242.01934
     19.495      -241.90454
     19.645      -241.78973
     19.795      -241.67549
     19.945      -241.56187
     20.095      -241.44920
     20.245      -241.33826
     20.395      -241.22898
     20.545      -241.11858
     20.695      -241.00988
     20.845      -240.90179
     20.995      -240.79456
     21.145      -240.68789
     21.295      -240.58227
     21.445      -240.47843
     21.595      -240.37455
     21.745      -240.26933
     21.895      -240.16636
     22.045      -240.06349
     22.195      -239.96171
     22.345      -239.86111
     22.495      -239.76078
     22.645      -239.66142
     22.795      -239.56256
     22.945      -239.46325
     23.095      -239.36615
     23.245      -239.26886
     23.395      -239.17302
     23.545      -239.07786
     23.695      -238.98176
     23.845      -238.88817
     23.995      -238.79309
     24.145      -238.70001
     24.295      -238.60674
     24.445      -238.51394
     24.595      -238.42236
     24.745      -238.33133
     24.895      -238.23955
     25.045      -238.14999
     25.195      -238.05947
     25.345      -237.97161
     25.495      -237.88367
     25.645      -237.79518
     25.795      -237.70805
     25.945      -237.62106
     26.095      -237.53410
     26.245      -237.44908
     26.395      -237.36365
     26.545      -237.27957
     26.695      -237.19522
     26.845      -237.11173
     26.995      -237.02907
     27.145      -236.94551
     27.295      -236.86290
     27.445      -236.77993
     27.595      -236.69797
     27.745      -236.61711
     27.895      -236.53586
     28.045      -236.45576
     28.195      -236.37567
     28.345      -236.29656
     28.495      -236.21738
     28.645      -236.13849
     28.795      -236.05995
     28.945      -235.98163
     29.095      -235.90456
     29.245      -235.82809
     29.395      -235.75127
     29.545      -235.67358
     29.695      -235.59774
     29.845      -235.52213
     29.995      -235.44775
     30.145      -235.37302
     30.295      -235.29869
     30.445      -235.22490
     30.595      -235.15199
     30.745      -235.07805
     30.895      -235.00591
     31.045      -234.93287
     31.195      -234.86006
     31.345      -234.78802
     31.495      -234.71625
     31.645      -234.64498
     31.795      -234.57334
     31.945      -234.50284
     32.095      -234.43254
     32.245      -234.36238
     32.395      -234.29308
     32.545      -234.22373
     32.695      -234.15481
     32.845      -234.08687
     32.995      -234.01808
     33.145      -233.95049
     33.295      -233.88367
     33.445      -233.81730
     33.595      -233.74969
     33.745      -233.68339
     33.895      -233.61679
     34.045      -233.55054
     34.195      -233.48422
     34.345      -233.41841
     34.495      -233.35365
     34.645      -233.28811
     34.795      -233.22339
     34.945      -233.15891
     35.095      -233.09530
     35.245      -233.03079
     35.395      -232.96715
     35.545      -232.90400
     35.695      -232.84111
     35.845      -232.77909
     35.995      -232.71635
     36.145      -232.65412
     36.295      -232.59176
     36.445      -232.53028
     36.595      -232.46898
     36.745      -232.40743
     36.895      -232.34631
     37.045      -232.28519
     37.195      -232.22530
     37.345      -232.16599
     37.495      -232.10649
     37.645      -232.04706
     37.795      -231.98750
     37.945      -231.92777
     38.095      -231.86880
     38.245      -231.80993
     38.395      -231.75124
     38.545      -231.69330
     38.695      -231.63571
     38.845      -231.57701
     38.995      -231.51903
     39.145      -231.46146
     39.295      -231.40411
     39.445      -231.34749
     39.595      -231.29052
     39.745      -231.23403
     39.895      -231.17750
     40.045      -231.12137
     40.195      -231.06523
     40.345      -231.00966
     40.495      -230.95457
     40.645      -230.89935
     40.795      -230.84409
     40.945      -230.78861
     41.095      -230.73414
     41.245      -230.67939
     41.395      -230.62491
     41.545      -230.57186
     41.695      -230.51858
     41.845      -230.46474
     41.995      -230.41100
     42.145      -230.35744
     42.295      -230.30464
     42.445      -230.25205
     42.595      -230.19963
     42.745      -230.14712
     42.895      -230.09522
     43.045      -230.04302
     43.195      -229.99104
     43.345      -229.93962
     43.495      -229.88819
     43.645      -229.83657
     43.795      -229.78528
     43.945      -229.73380
     44.095      -229.68327
     44.245      -229.63281
     44.395      -229.58263
     44.545      -229.53274
     44.695      -229.48269
     44.845      -229.43263
     44.995      -229.38289
     45.145      -229.33313
     45.295      -229.28324
     45.445      -229.23406
     45.595      -229.18471
     45.745      -229.13614
     45.895      -229.08699
     46.045      -229.03781
     46.195      -228.98959
     46.345      -228.94131
     46.495      -228.89309
     46.645      -228.84454
     46.795      -228.79685
     46.945      -228.74885
     47.095      -228.70138
     47.245      -228.65474
     47.395      -228.60711
     47.545      -228.55995
     47.695      -228.51274
     47.845      -228.46578
     47.995      -228.41936
     48.145      -228.37241
     48.295      -228.32636
     48.445      -228.28004
     48.595      -228.23383
     48.745      -228.18753
     48.895      -228.14220
     49.045      -228.09638
     49.195      -228.05125
     49.345      -228.00586
     49.495      -227.96086
     49.645      -227.91571
     49.795      -227.87113
     49.945      -227.82589
     50.095      -227.78118
     50.245      -227.73691
     50.395      -227.69289
     50.545      -227.64890
     50.695      -227.60477
     50.845      -227.56095
     50.995      -227.51759
     51.145      -227.47349
     51.295      -227.42955
     51.445      -227.38579
     51.595      -227.34199
     51.745      -227.29882
     51.895      -227.25610
     52.045      -227.21335
     52.195      -227.17097
     52.345      -227.12763
     52.495      -227.08546
     52.645      -227.04312
     52.795      -227.00089
     52.945      -226.95873
     53.095      -226.91673
     53.245      -226.87437
     53.395      -226.83269
     53.545      -226.79068
     53.695      -226.74818
     53.845      -226.70668
     53.995      -226.66550
     54.145      -226.62416
     54.295      -226.58311
     54.445      -226.54171
     54.595      -226.50062
     54.745      -226.45942
     54.895      -226.41915
     55.045      -226.37826
     55.195      -226.33819
     55.345      -226.29788
     55.495      -226.25761
     55.645      -226.21766
     55.795      -226.17809
     55.945      -226.13759
     56.095      -226.09757
     56.245      -226.05784
     56.395      -226.01872
     56.545      -225.97981
     56.695      -225.94038
     56.845      -225.90097
     56.995      -225.86187
     57.145      -225.82316
     57.295      -225.78456
     57.445      -225.74577
     57.595      -225.70687
     57.745      -225.66804
     57.895      -225.62934
     58.045      -225.59075
     58.195      -225.55310
     58.345      -225.51502
     58.495      -225.47749
     58.645      -225.43950
     58.795      -225.40177
     58.945      -225.36380
     59.095      -225.32574
     59.245      -225.28869
     59.395      -225.25101
     59.545      -225.21373
     59.695      -225.17667
     59.845      -225.13956
     59.995      -225.10260
     60.145      -225.06625
     70.939      -220.33780
     97.698      -215.67010
     134.55      -211.06832
     185.30      -206.54499
     255.20      -202.10438
     351.46      -197.74615
     484.04      -193.47081
     666.62      -189.27212
     918.07      -185.15122
     1264.4      -181.11629
     1741.3      -177.17313
     2398.1      -173.31703
     3302.7      -169.55276
     4548.5      -165.87533
     6264.3      -162.28844
     8627.2      -158.79084
     11881.      -155.38190
     16363.      -152.06740
     22535.      -148.85239
     31036.      -145.74060
     42743.      -142.74399
     58866.      -139.86036
     81070.      -137.09768
    0.11165E+06  -134.45144
    0.15377E+06  -131.92051
    0.21177E+06  -129.50471
    0.29165E+06  -127.19627
    0.40166E+06  -124.99282
    0.55317E+06  -122.88967
    0.76182E+06  -120.88255
    0.10492E+07  -118.97065
    0.14449E+07  -117.14747
    0.19900E+07  -115.40614
    0.27406E+07  -113.74939
    0.37744E+07  -112.17049
    0.51981E+07  -110.66149
    0.71589E+07  -109.22443
    0.98593E+07  -107.85646
    0.13578E+08  -106.55386
    0.18700E+08  -105.31233
    0.25754E+08  -104.13209
    0.35468E+08  -103.01189
    0.48847E+08  -101.95843
    0.67273E+08  -100.97717
    0.92648E+08  -100.06376
    0.12760E+09   -99.21238
    0.17573E+09   -98.41483
    0.24201E+09   -97.66752
    0.33330E+09   -96.96766
    0.45902E+09   -96.31076
    0.63217E+09   -95.71086
    0.87062E+09   -95.16294
    0.11990E+10   -94.66124
    0.16513E+10   -94.19712
    0.22742E+10   -93.77018
    0.31320E+10   -93.37618
    0.43134E+10   -93.01227
    0.59405E+10   -92.67732
    0.81813E+10   -92.36821
    0.11267E+11   -92.08174
    0.15517E+11   -91.81800
    0.21371E+11   -91.57430
    0.29432E+11   -91.34976
    0.40534E+11   -91.14226
    0.55823E+11   -90.95034
    0.10000E+12   -88.64369
