      1   C   -0.10000    1 0	25.900	8.980	26.440
      2   O   -0.34000    2 0	25.660	9.650	27.650
      3   C   -0.01000    3 0	24.930	8.880	28.560
      4   H    0.09000    4 0	26.400	9.580	25.650
      5   H    0.09000    4 0	24.930	8.670	25.990
      6   H    0.09000    4 0	26.550	8.080	26.550
      7   H    0.09000    5 0	23.880	9.060	28.240
      8   H    0.09000    5 0	25.080	7.790	28.420
      9   C   -0.01000    3 0	25.060	9.410	29.940
     10   O   -0.34000    2 0	24.820	10.840	29.940
     11   C   -0.01000    3 0	25.060	11.380	31.270
     12   H    0.09000    5 0	24.390	8.930	30.690
     13   H    0.09000    5 0	26.110	9.240	30.270
     14   H    0.09000    5 0	24.440	10.710	31.910
     15   H    0.09000    5 0	26.150	11.260	31.430
     16   C   -0.01000    3 0	24.480	12.800	31.400
     17   O   -0.34000    2 0	25.430	13.710	30.760
     18   C   -0.01000    3 0	25.060	14.100	29.450
     19   H    0.09000    5 0	23.470	12.800	30.930
     20   H    0.09000    5 0	24.320	13.050	32.470
     21   H    0.09000    5 0	25.080	13.190	28.810
     22   H    0.09000    5 0	24.050	14.570	29.480
     23   C   -0.01000    3 0	25.960	15.190	28.940
     24   O   -0.34000    2 0	25.920	16.330	29.690
     25   C   -0.01000    3 0	26.530	17.440	28.980
     26   H    0.09000    5 0	27.020	14.840	28.970
     27   H    0.09000    5 0	25.760	15.470	27.890
     28   H    0.09000    5 0	27.490	17.130	28.510
     29   H    0.09000    5 0	25.770	17.790	28.260
     30   C   -0.01000    3 0	26.830	18.640	29.950
     31   O   -0.34000    2 0	25.690	19.360	30.440
     32   C   -0.01000    3 0	25.950	20.690	30.730
     33   H    0.09000    5 0	27.380	18.260	30.840
     34   H    0.09000    5 0	27.550	19.290	29.410
     35   H    0.09000    5 0	26.610	20.730	31.620
     36   H    0.09000    5 0	26.380	21.360	29.960
     37   C   -0.01000    3 0	24.650	21.300	31.220
     38   O   -0.34000    2 0	24.230	20.880	32.560
     39   C   -0.01000    3 0	22.920	21.390	33.050
     40   H    0.09000    5 0	24.710	22.410	31.150
     41   H    0.09000    5 0	23.860	20.970	30.510
     42   H    0.09000    5 0	22.150	21.250	32.260
     43   H    0.09000    5 0	22.730	20.750	33.940
     44   C   -0.01000    3 0	22.940	22.850	33.470
     45   O   -0.34000    2 0	23.700	23.080	34.620
     46   C   -0.01000    3 0	23.100	22.660	35.900
     47   H    0.09000    5 0	23.180	23.500	32.600
     48   H    0.09000    5 0	21.870	23.130	33.600
     49   H    0.09000    5 0	22.080	23.080	35.990
     50   H    0.09000    5 0	23.090	21.560	36.050
     51   C   -0.01000    3 0	23.950	23.200	37.100
     52   O   -0.34000    2 0	23.800	24.590	37.100
     53   C   -0.01000    3 0	22.670	25.040	37.780
     54   H    0.09000    5 0	23.810	22.660	38.060
     55   H    0.09000    5 0	25.010	23.000	36.860
     56   H    0.09000    5 0	21.750	24.950	37.160
     57   H    0.09000    5 0	22.530	24.460	38.720
     58   C   -0.01000    3 0	22.700	26.500	38.330
     59   O   -0.34000    2 0	23.590	26.530	39.420
     60   C   -0.01000    3 0	24.100	27.770	40.020
     61   H    0.09000    5 0	23.030	27.290	37.620
     62   H    0.09000    5 0	21.660	26.720	38.660
     63   H    0.09000    5 0	24.730	28.370	39.330
     64   H    0.09000    5 0	23.260	28.470	40.160
     65   C   -0.01000    3 0	24.850	27.560	41.350
     66   O   -0.34000    2 0	26.080	26.940	41.000
     67   C   -0.01000    3 0	27.050	26.980	42.020
     68   H    0.09000    5 0	24.980	28.540	41.850
     69   H    0.09000    5 0	24.220	26.950	42.030
     70   H    0.09000    5 0	27.190	28.000	42.460
     71   H    0.09000    5 0	26.690	26.230	42.750
     72   C   -0.01000    3 0	28.420	26.590	41.390
     73   O   -0.34000    2 0	28.290	25.160	41.120
     74   C   -0.01000    3 0	29.480	24.570	40.640
     75   H    0.09000    5 0	28.680	27.050	40.410
     76   H    0.09000    5 0	29.280	26.720	42.090
     77   H    0.09000    5 0	29.330	23.550	40.210
     78   H    0.09000    5 0	29.960	25.140	39.820
     79   C   -0.01000    3 0	30.550	24.460	41.730
     80   O   -0.34000    2 0	31.450	25.560	41.540
     81   C   -0.01000    3 0	32.150	25.840	42.690
     82   H    0.09000    5 0	30.080	24.440	42.730
     83   H    0.09000    5 0	31.090	23.490	41.700
     84   H    0.09000    5 0	31.480	26.400	43.380
     85   H    0.09000    5 0	32.590	24.910	43.110
     86   C   -0.01000    3 0	33.360	26.730	42.540
     87   O   -0.34000    2 0	33.100	28.120	42.150
     88   C   -0.01000    3 0	34.330	28.800	42.110
     89   H    0.09000    5 0	33.920	26.670	43.500
     90   H    0.09000    5 0	34.020	26.190	41.810
     91   H    0.09000    5 0	34.820	28.660	43.100
     92   H    0.09000    5 0	34.960	28.410	41.270
     93   C   -0.01000    3 0	34.110	30.300	41.900
     94   O   -0.34000    2 0	33.520	30.380	40.620
     95   C   -0.01000    3 0	33.200	31.720	40.240
     96   H    0.09000    5 0	33.430	30.730	42.670
     97   H    0.09000    5 0	35.080	30.860	41.960
     98   H    0.09000    5 0	32.540	32.210	40.970
     99   H    0.09000    5 0	34.100	32.360	40.140
    100   C   -0.01000    3 0	32.480	31.740	38.930
    101   O   -0.34000    2 0	31.290	30.890	38.920
    102   C   -0.01000    3 0	30.450	30.840	37.800
    103   H    0.09000    5 0	32.130	32.770	38.680
    104   H    0.09000    5 0	33.200	31.390	38.160
    105   H    0.09000    5 0	30.250	31.860	37.390
    106   H    0.09000    5 0	31.090	30.300	37.070
    107   C   -0.01000    3 0	29.200	30.060	38.040
    108   O   -0.34000    2 0	28.290	30.820	38.870
    109   C   -0.01000    3 0	27.420	30.020	39.670
    110   H    0.09000    5 0	28.730	29.810	37.070
    111   H    0.09000    5 0	29.440	29.060	38.440
    112   H    0.09000    5 0	27.150	29.060	39.170
    113   H    0.09000    5 0	27.890	29.840	40.660
    114   C   -0.01000    3 0	26.230	30.860	39.860
    115   O   -0.34000    2 0	25.370	30.660	38.730
    116   C   -0.01000    3 0	24.210	31.580	38.860
    117   H    0.09000    5 0	25.590	30.560	40.720
    118   H    0.09000    5 0	26.570	31.910	39.960
    119   H    0.09000    5 0	23.820	31.440	39.890
    120   H    0.09000    5 0	24.480	32.660	38.820
    121   C   -0.01000    3 0	23.050	31.220	37.860
    122   O   -0.34000    2 0	22.190	30.170	38.340
    123   C   -0.01000    3 0	21.030	30.650	39.040
    124   H    0.09000    5 0	22.490	32.140	37.610
    125   H    0.09000    5 0	23.570	31.000	36.900
    126   H    0.09000    5 0	21.340	31.160	39.970
    127   H    0.09000    5 0	20.360	31.360	38.510
    128   C   -0.01000    3 0	20.240	29.400	39.470
    129   O   -0.34000    2 0	19.740	28.760	38.280
    130   C   -0.01000    3 0	18.820	27.680	38.450
    131   H    0.09000    5 0	21.020	28.720	39.880
    132   H    0.09000    5 0	19.480	29.580	40.260
    133   H    0.09000    5 0	18.990	27.200	39.440
    134   H    0.09000    5 0	17.790	28.080	38.550
    135   C   -0.01000    3 0	18.820	26.550	37.460
    136   O   -0.34000    2 0	18.240	26.890	36.190
    137   C   -0.01000    3 0	17.280	25.910	35.820
    138   H    0.09000    5 0	19.840	26.160	37.260
    139   H    0.09000    5 0	18.280	25.700	37.940
    140   H    0.09000    5 0	17.850	24.950	35.790
    141   H    0.09000    5 0	16.490	25.820	36.590
    142   C   -0.01000    3 0	16.550	26.190	34.540
    143   O   -0.34000    2 0	17.450	26.610	33.520
    144   C   -0.01000    3 0	16.790	27.350	32.520
    145   H    0.09000    5 0	16.020	25.270	34.220
    146   H    0.09000    5 0	15.780	26.960	34.780
    147   H    0.09000    5 0	15.950	26.750	32.110
    148   H    0.09000    5 0	16.210	28.190	32.960
    149   C   -0.01000    3 0	17.730	27.730	31.400
    150   O   -0.34000    2 0	17.710	26.780	30.340
    151   C   -0.01000    3 0	18.740	26.900	29.340
    152   H    0.09000    5 0	17.520	28.770	31.090
    153   H    0.09000    5 0	18.750	27.720	31.860
    154   H    0.09000    5 0	18.840	27.910	28.890
    155   H    0.09000    5 0	19.740	26.700	29.790
    156   C   -0.01000    3 0	18.500	25.960	28.190
    157   O   -0.34000    2 0	17.340	26.340	27.440
    158   C   -0.01000    3 0	17.200	25.640	26.200
    159   H    0.09000    5 0	19.380	26.050	27.520
    160   H    0.09000    5 0	18.460	24.910	28.550
    161   H    0.09000    5 0	18.210	25.430	25.800
    162   H    0.09000    5 0	16.640	24.690	26.310
    163   C   -0.01000    3 0	16.480	26.530	25.170
    164   O   -0.34000    2 0	17.360	27.590	24.740
    165   C   -0.01000    3 0	16.630	28.430	23.830
    166   H    0.09000    5 0	16.260	25.900	24.280
    167   H    0.09000    5 0	15.530	26.960	25.540
    168   H    0.09000    5 0	15.930	27.910	23.150
    169   H    0.09000    5 0	15.980	29.070	24.460
    170   C   -0.01000    3 0	17.670	29.180	23.050
    171   O   -0.34000    2 0	18.210	30.310	23.660
    172   C   -0.01000    3 0	19.560	30.670	23.280
    173   H    0.09000    5 0	18.500	28.460	22.870
    174   H    0.09000    5 0	17.310	29.540	22.060
    175   H    0.09000    5 0	20.180	29.760	23.400
    176   H    0.09000    5 0	19.560	31.000	22.220
    177   C   -0.01000    3 0	20.090	31.800	24.190
    178   O   -0.34000    2 0	20.280	31.230	25.460
    179   C   -0.01000    3 0	20.740	32.150	26.390
    180   H    0.09000    5 0	20.970	32.280	23.700
    181   H    0.09000    5 0	19.240	32.510	24.250
    182   H    0.09000    5 0	21.720	32.580	26.100
    183   H    0.09000    5 0	20.150	33.070	26.620
    184   C   -0.01000    3 0	20.900	31.550	27.790
    185   O   -0.34000    2 0	21.950	30.490	27.660
    186   C   -0.01000    3 0	21.930	29.790	28.880
    187   H    0.09000    5 0	21.300	32.330	28.460
    188   H    0.09000    5 0	19.870	31.200	28.010
    189   H    0.09000    5 0	22.040	30.390	29.810
    190   H    0.09000    5 0	20.970	29.230	28.960
    191   C   -0.01000    3 0	23.060	28.740	28.890
    192   O   -0.34000    2 0	24.380	29.230	29.290
    193   C   -0.01000    3 0	25.400	28.250	29.510
    194   H    0.09000    5 0	22.840	27.950	29.630
    195   H    0.09000    5 0	23.090	28.270	27.890
    196   H    0.09000    5 0	25.060	27.390	30.120
    197   H    0.09000    5 0	25.600	27.890	28.480
    198   C   -0.01000    3 0	26.720	28.760	30.180
    199   O   -0.34000    2 0	26.320	29.340	31.380
    200   C   -0.01000    3 0	27.430	29.950	32.110
    201   H    0.09000    5 0	27.460	27.940	30.370
    202   H    0.09000    5 0	27.090	29.500	29.440
    203   H    0.09000    5 0	28.230	29.210	32.310
    204   H    0.09000    5 0	27.830	30.850	31.590
    205   C   -0.01000    3 0	26.970	30.510	33.500
    206   O   -0.34000    2 0	26.580	29.370	34.280
    207   C   -0.01000    3 0	25.980	29.700	35.460
    208   H    0.09000    5 0	27.750	31.010	34.120
    209   H    0.09000    5 0	26.120	31.220	33.490
    210   H    0.09000    5 0	26.600	30.390	36.070
    211   H    0.09000    5 0	25.020	30.230	35.270
    212   C   -0.01000    3 0	25.580	28.540	36.320
    213   O   -0.34000    2 0	26.720	27.840	36.690
    214   C   -0.01000    3 0	26.440	26.520	37.050
    215   H    0.09000    5 0	25.140	28.950	37.260
    216   H    0.09000    5 0	24.750	28.000	35.820
    217   H    0.09000    5 0	25.770	26.600	37.940
    218   H    0.09000    5 0	25.940	25.930	36.250
    219   C   -0.01000    3 0	27.760	25.830	37.550
    220   O   -0.34000    2 0	28.710	25.450	36.560
    221   C   -0.01000    3 0	29.740	24.680	37.050
    222   H    0.09000    5 0	28.210	26.470	38.330
    223   H    0.09000    5 0	27.250	24.990	38.080
    224   H    0.09000    5 0	30.440	25.370	37.580
    225   H    0.09000    5 0	29.350	23.900	37.740
    226   C   -0.01000    3 0	30.590	23.990	36.060
    227   O   -0.34000    2 0	29.990	22.820	35.550
    228   C   -0.01000    3 0	28.770	23.030	34.750
    229   H    0.09000    5 0	30.880	24.710	35.260
    230   H    0.09000    5 0	31.530	23.680	36.560
    231   H    0.09000    5 0	27.910	23.180	35.430
    232   H    0.09000    5 0	28.890	23.920	34.090
    233   C   -0.01000    3 0	28.420	21.680	33.970
    234   O   -0.34000    2 0	28.240	20.580	34.870
    235   C   -0.01000    3 0	27.650	19.400	34.350
    236   H    0.09000    5 0	27.440	21.890	33.480
    237   H    0.09000    5 0	29.200	21.410	33.220
    238   H    0.09000    5 0	26.700	19.600	33.820
    239   H    0.09000    5 0	28.170	18.980	33.470
    240   C   -0.01000    3 0	27.250	18.350	35.370
    241   O   -0.34000    2 0	28.360	18.000	36.260
    242   C   -0.01000    3 0	28.000	17.300	37.370
    243   H    0.09000    5 0	26.470	18.890	35.940
    244   H    0.09000    5 0	26.750	17.450	34.950
    245   H    0.09000    5 0	27.300	17.790	38.090
    246   H    0.09000    5 0	27.380	16.430	37.050
    247   C   -0.01000    3 0	29.200	16.710	38.100
    248   O   -0.34000    2 0	30.170	17.720	38.540
    249   C   -0.10000    1 0	31.540	17.140	38.730
    250   H    0.09000    5 0	28.880	16.020	38.910
    251   H    0.09000    5 0	29.770	16.000	37.460
    252   H    0.09000    4 0	31.800	16.510	37.860
    253   H    0.09000    4 0	32.360	17.890	38.750
    254   H    0.09000    4 0	31.600	16.540	39.660
			
			
			
			
			
			
			
			
			
			
			
			
			
			
			
			
			
			
			
			
			
			
			
			
			
			
			
			
			
			
			
			
			
			
			
			
			
			
			
			
			
			
			
			
			
			
			
			
			
			
			
			
			
			
			
			
			
			
			
			
			
			
			
			
			
			
			
			
			
			
			
			
			
			
			
			
			
			
			
			
			
			
			
			
			
			
			
			
			
			
			
			
			
			
			
			
			
			
			
			
			
			
			
			
			
			
			
			
			
			
			
			
			
			
			
			
			
			
			
			
			
			
			
			
			
			
			
			
			
			
			
			
			
			
			
			
			
			
			
			
			
			
			
			
			
			
			
			
			
			
			
			
			
			
			
			
			
			
			
			
			
			
			
			
			
			
			
			
			
			
			
			
			
			
			
			
			
			
			
			
			
			
			
			
			
			
			
			
			
			
			
			
			
			
			
			
			
			
			
			
			
			
			
			
			
			
			
			
			
			
			
			
			
			
			
			
			
			
			
			
			
			
			
			
			
			
			
			
			
			
			
			
			
			
			
			
			
			
			
			
			
			
			
			
			
			
			
			
			
			
			
			
			
			
			
			
			
