    -159.95         0.00000
    -159.79         0.00000
    -159.65         0.00000
    -159.49         0.00000
    -159.34         0.00000
    -159.20         0.00000
    -159.04         0.00000
    -158.90         0.00000
    -158.74         0.00000
    -158.59         0.00000
    -158.45         0.00000
    -158.29         0.00000
    -158.15         0.00000
    -157.99         0.00000
    -157.84         0.00000
    -157.70         0.00000
    -157.54         0.00000
    -157.40         0.00000
    -157.24         0.00000
    -157.09         0.00000
    -156.95         0.00000
    -156.79         0.00000
    -156.65         0.00000
    -156.49         0.00000
    -156.34         0.00000
    -156.20         0.00000
    -156.04         0.00000
    -155.90         0.00000
    -155.74         0.00000
    -155.59         0.00000
    -155.45         0.00000
    -155.29         0.00000
    -155.15         0.00000
    -154.99         0.00000
    -154.84         0.00000
    -154.70         0.00000
    -154.54         0.00000
    -154.40         0.00000
    -154.24         0.00000
    -154.09         0.00000
    -153.95         0.00000
    -153.79         0.00000
    -153.65         0.00000
    -153.49         0.00000
    -153.34         0.00000
    -153.20         0.00000
    -153.04         0.00000
    -152.90         0.00000
    -152.74         0.00000
    -152.59         0.00000
    -152.45         0.00000
    -152.29         0.00000
    -152.15         0.00000
    -151.99         0.00000
    -151.84         0.00000
    -151.70         0.00000
    -151.54         0.00000
    -151.40         0.00000
    -151.24         0.00000
    -151.09         0.00000
    -150.95         0.00000
    -150.79         0.00000
    -150.65         0.00000
    -150.49         0.00000
    -150.34         0.00000
    -150.20         0.00000
    -150.04         0.00000
    -149.90         0.00000
    -149.74         0.00000
    -149.59         0.00000
    -149.45         0.00000
    -149.29         0.00000
    -149.15         0.00000
    -148.99         0.00000
    -148.84         0.00000
    -148.70         0.00000
    -148.54         0.00000
    -148.40         0.00000
    -148.24         0.00000
    -148.09         0.00000
    -147.95         0.00000
    -147.79         0.00000
    -147.65         0.00000
    -147.49         0.00000
    -147.34         0.00000
    -147.20         0.00000
    -147.04         0.00000
    -146.90         0.00000
    -146.74         0.00000
    -146.59         0.00000
    -146.45         0.00000
    -146.29         0.00000
    -146.15         0.00000
    -145.99         0.00000
    -145.84         0.00000
    -145.70         0.00000
    -145.54         0.00000
    -145.40         0.00000
    -145.24         0.00000
    -145.09         0.00000
    -144.95         0.00000
    -144.79         0.00000
    -144.65         0.00000
    -144.49         0.00000
    -144.34         0.00000
    -144.20         0.00000
    -144.04         0.00000
    -143.90         0.00000
    -143.74         0.00000
    -143.59         0.00000
    -143.45         0.00000
    -143.29         0.00000
    -143.15         0.00000
    -142.99         0.00000
    -142.84         0.00000
    -142.70         0.00000
    -142.54         0.00000
    -142.40         0.00000
    -142.24         0.00000
    -142.09         0.00000
    -141.95         0.00000
    -141.79         0.00000
    -141.65         0.00000
    -141.49         0.00000
    -141.34         0.00000
    -141.20         0.00000
    -141.04         0.00000
    -140.90         0.00000
    -140.74         0.00000
    -140.59         0.00000
    -140.45         0.00000
    -140.29         0.00000
    -140.15         0.00000
    -139.99         0.00000
    -139.84         0.00000
    -139.70         0.00000
    -139.54         0.00000
    -139.40         0.00000
    -139.24         0.00000
    -139.09         0.00000
    -138.95         0.00000
    -138.79         0.00000
    -138.65         0.00000
    -138.49         0.00000
    -138.34         0.00000
    -138.20         0.00000
    -138.04         0.00000
    -137.90         0.00000
    -137.74         0.00000
    -137.59         0.00000
    -137.45         0.00000
    -137.29         0.00000
    -137.15         0.00000
    -136.99         0.00000
    -136.84         0.00000
    -136.70         0.00000
    -136.54         0.00000
    -136.40         0.00000
    -136.24         0.00000
    -136.09         0.00000
    -135.95         0.00000
    -135.79         0.00000
    -135.65         0.00000
    -135.49         0.00000
    -135.34         0.00000
    -135.20         0.00000
    -135.04         0.00000
    -134.90         0.00000
    -134.74         0.00000
    -134.59         0.00000
    -134.45         0.00000
    -134.29         0.00000
    -134.15         0.00000
    -133.99         0.00000
    -133.84         0.00000
    -133.70         0.00000
    -133.54         0.00000
    -133.40         0.00000
    -133.24         0.00000
    -133.09         0.00000
    -132.95         0.00000
    -132.79         0.00000
    -132.65         0.00000
    -132.49         0.00000
    -132.34         0.00000
    -132.20         0.00000
    -132.04         0.00000
    -131.90         0.00000
    -131.74         0.00000
    -131.59         0.00000
    -131.45         0.00000
    -131.29         0.00000
    -131.15         0.00000
    -130.99         0.00000
    -130.84         0.00000
    -130.70         0.00000
    -130.54         0.00000
    -130.40         0.00000
    -130.24         0.00000
    -130.09         0.00000
    -129.95         0.00000
    -129.79         0.00000
    -129.65         0.00000
    -129.49         0.00000
    -129.34         0.00000
    -129.20         0.00000
    -129.04         0.00000
    -128.90         0.00000
    -128.74         0.00000
    -128.59         0.00000
    -128.45         0.00000
    -128.29         0.00000
    -128.15         0.00000
    -127.99         0.00000
    -127.85         0.00000
    -127.69         0.00000
    -127.55         0.00000
    -127.39         0.00000
    -127.25         0.00000
    -127.10         0.00000
    -126.94         0.00000
    -126.80         0.00000
    -126.64         0.00000
    -126.50         0.00000
    -126.35         0.00000
    -126.19         0.00000
    -126.05         0.00000
    -125.89         0.00000
    -125.75         0.00000
    -125.60         0.00000
    -125.44         0.00000
    -125.30         0.00000
    -125.14         0.00000
    -125.00         0.00000
    -124.85         0.00000
    -124.69         0.00000
    -124.55         0.00000
    -124.39         0.00000
    -124.25         0.00000
    -124.10         0.00000
    -123.94         0.00000
    -123.80         0.00000
    -123.64         0.00000
    -123.50         0.00000
    -123.35         0.00000
    -123.19         0.00000
    -123.05         0.00000
    -122.89         0.00000
    -122.75         0.00000
    -122.60         0.00000
    -122.44         0.00000
    -122.30         0.00000
    -122.14         0.00000
    -122.00         0.00000
    -121.85         0.00000
    -121.69         0.00000
    -121.55         0.00000
    -121.39         0.00000
    -121.25         0.00000
    -121.10         0.00000
    -120.94         0.00000
    -120.80         0.00000
    -120.64         0.00000
    -120.50         0.00000
    -120.35         0.00000
    -120.19         0.00000
    -120.05         0.00000
    -119.89         0.00000
    -119.75         0.00000
    -119.60         0.00000
    -119.44         0.00000
    -119.30         0.00000
    -119.14         0.00000
    -119.00         0.00000
    -118.85         0.00000
    -118.69         0.00000
    -118.55         0.00000
    -118.39         0.00000
    -118.25         0.00000
    -118.10         0.00000
    -117.94         0.00000
    -117.80         0.00000
    -117.64         0.00000
    -117.50         0.00000
    -117.35         0.00000
    -117.19         0.00000
    -117.05         0.00000
    -116.89         0.00000
    -116.75         0.00000
    -116.60         0.00000
    -116.44         0.00000
    -116.30         0.00000
    -116.14         0.00000
    -116.00         0.00000
    -115.85         0.00000
    -115.69         0.00000
    -115.55         0.00000
    -115.39         0.00000
    -115.25         0.00000
    -115.10         0.00000
    -114.94         0.00000
    -114.80         0.00000
    -114.64         0.00000
    -114.50         0.00000
    -114.35         0.00000
    -114.19         0.00000
    -114.05         0.00000
    -113.89         0.00000
    -113.75         0.00000
    -113.60         0.00000
    -113.44         0.00000
    -113.30         0.00000
    -113.14         0.00000
    -113.00         0.00000
    -112.85         0.00000
    -112.69         0.00000
    -112.55         0.00000
    -112.39         0.00000
    -112.25         0.00000
    -112.10         0.00000
    -111.94         0.00000
    -111.80         0.00000
    -111.64         0.00000
    -111.50         0.00000
    -111.35         0.00000
    -111.19         0.00000
    -111.05         0.00000
    -110.89         0.00000
    -110.75         0.00000
    -110.60         0.00000
    -110.44         0.00000
    -110.30         0.00000
    -110.14         0.00000
    -110.00         0.00000
    -109.85         0.00000
    -109.69         0.00000
    -109.55         0.00000
    -109.39         0.00000
    -109.25         0.00000
    -109.10         0.00000
    -108.94         0.00000
    -108.80         0.00000
    -108.64         0.00000
    -108.50         0.00000
    -108.35         0.00000
    -108.19         0.00000
    -108.05         0.00000
    -107.89         0.00000
    -107.75         0.00000
    -107.60         0.00000
    -107.44         0.00000
    -107.30         0.00000
    -107.14         0.00000
    -107.00         0.00000
    -106.85         0.00000
    -106.69         0.00000
    -106.55         0.00000
    -106.39         0.00000
    -106.25         0.00000
    -106.10         0.00000
    -105.94         0.00000
    -105.80         0.00000
    -105.64         0.00000
    -105.50         0.00000
    -105.35         0.00000
    -105.19         0.00000
    -105.05         0.00000
    -104.89         0.00000
    -104.75         0.00000
    -104.60         0.00000
    -104.44         0.00000
    -104.30         0.00000
    -104.14         0.00000
    -104.00         0.00000
    -103.85         0.00000
    -103.69         0.00000
    -103.55         0.00000
    -103.39         0.00000
    -103.25         0.00000
    -103.10         0.00000
    -102.94         0.00000
    -102.80         0.00000
    -102.64         0.00000
    -102.50         0.00000
    -102.35         0.00000
    -102.19         0.00000
    -102.05         0.00000
    -101.89         0.00000
    -101.75         0.00000
    -101.60         0.00000
    -101.44         0.00000
    -101.30         0.00000
    -101.14         0.00000
    -101.00         0.00000
    -100.85         0.00000
    -100.69         0.00000
    -100.55         0.00000
    -100.39         0.00000
    -100.25         0.00000
    -100.10         0.00000
    -99.945         0.00000
    -99.795         0.00000
    -99.645         0.00000
    -99.495         0.00000
    -99.345         0.00000
    -99.195         0.00000
    -99.045         0.00000
    -98.895         0.00000
    -98.745         0.00000
    -98.595         0.00000
    -98.445         0.00000
    -98.295         0.00000
    -98.145         0.00000
    -97.995         0.00000
    -97.845         0.00000
    -97.695         0.00000
    -97.545         0.00000
    -97.395         0.00000
    -97.245         0.00000
    -97.095         0.00000
    -96.945         0.00000
    -96.795         0.00000
    -96.645         0.00000
    -96.495         0.00000
    -96.345         0.00000
    -96.195         0.00000
    -96.045         0.00000
    -95.895         0.00000
    -95.745         0.00000
    -95.595         0.00000
    -95.445         0.00000
    -95.295         0.00000
    -95.145         0.00000
    -94.995         0.00000
    -94.845         0.00000
    -94.695         0.00000
    -94.545         0.00000
    -94.395         0.00000
    -94.245         0.00000
    -94.095         0.00000
    -93.945         0.00000
    -93.795         0.00000
    -93.645         0.00000
    -93.495         0.00000
    -93.345         0.00000
    -93.195         0.00000
    -93.045         0.00000
    -92.895         0.00000
    -92.745         0.00000
    -92.595         0.00000
    -92.445         0.00000
    -92.295         0.00000
    -92.145         0.00000
    -91.995         0.00000
    -91.845         0.00000
    -91.695         0.00000
    -91.545         0.00000
    -91.395         0.00000
    -91.245         0.00000
    -91.095         0.00000
    -90.945         0.00000
    -90.795         0.00000
    -90.645         0.00000
    -90.495         0.00000
    -90.345         0.00000
    -90.195         0.00000
    -90.045         0.00000
    -89.895         0.00000
    -89.745         0.00000
    -89.595         0.00000
    -89.445         0.00000
    -89.295         0.00000
    -89.145         0.00000
    -88.995         0.00000
    -88.845         0.00000
    -88.695         0.00000
    -88.545         0.00000
    -88.395         0.00000
    -88.245         0.00000
    -88.095         0.00000
    -87.945         0.00000
    -87.795         0.00000
    -87.645         0.00000
    -87.495         0.00000
    -87.345         0.00000
    -87.195         0.00000
    -87.045         0.00000
    -86.895         0.00000
    -86.745         0.00000
    -86.595         0.00000
    -86.445         0.00000
    -86.295         0.00000
    -86.145         0.00000
    -85.995         0.00000
    -85.845         0.00000
    -85.695         0.00000
    -85.545         0.00000
    -85.395         0.00000
    -85.245         0.00000
    -85.095         0.00000
    -84.945         0.00000
    -84.795         0.00000
    -84.645         0.00000
    -84.495         0.00000
    -84.345         0.00000
    -84.195         0.00000
    -84.045         0.00000
    -83.895         0.00000
    -83.745         0.00000
    -83.595         0.00000
    -83.445         0.00000
    -83.295         0.00000
    -83.145         0.00000
    -82.995         0.00000
    -82.845         0.00000
    -82.695         0.00000
    -82.545         0.00000
    -82.395         0.00000
    -82.245         0.00000
    -82.095         0.00000
    -81.945         0.00000
    -81.795         0.00000
    -81.645         0.00000
    -81.495         0.00000
    -81.345         0.00000
    -81.195         0.00000
    -81.045         0.00000
    -80.895         0.00000
    -80.745         0.00000
    -80.595         0.00000
    -80.445         0.00000
    -80.295         0.00000
    -80.145         0.00000
    -79.995         0.00000
    -79.845         0.00000
    -79.695         0.00000
    -79.545         0.00000
    -79.395         0.00000
    -79.245         0.00000
    -79.095         0.00000
    -78.945         0.00000
    -78.795         0.00000
    -78.645         0.00000
    -78.495         0.00000
    -78.345         0.00000
    -78.195         0.00000
    -78.045         0.00000
    -77.895         0.00000
    -77.745         0.00000
    -77.595         0.00000
    -77.445         0.00000
    -77.295         0.00000
    -77.145         0.00000
    -76.995         0.00000
    -76.845         0.00000
    -76.695         0.00000
    -76.545         0.00000
    -76.395         0.00000
    -76.245         0.00000
    -76.095         0.00000
    -75.945         0.00000
    -75.795         0.00000
    -75.645         0.00000
    -75.495         0.00000
    -75.345         0.00000
    -75.195         0.00000
    -75.045         0.00000
    -74.895         0.00000
    -74.745         0.00000
    -74.595         0.00000
    -74.445         0.00000
    -74.295         0.00000
    -74.145         0.00000
    -73.995         0.00000
    -73.845         0.00000
    -73.695         0.00000
    -73.545         0.00000
    -73.395         0.00000
    -73.245         0.00000
    -73.095         0.00000
    -72.945         0.00000
    -72.795         0.00000
    -72.645         0.00000
    -72.495         0.00000
    -72.345         0.00000
    -72.195         0.00000
    -72.045         0.00000
    -71.895         0.00000
    -71.745         0.00000
    -71.595         0.00000
    -71.445         0.00000
    -71.295         0.00000
    -71.145         0.00000
    -70.995         0.00000
    -70.845         0.00000
    -70.695         0.00000
    -70.545         0.00000
    -70.395         0.00000
    -70.245         0.00000
    -70.095         0.00000
    -69.945         0.00000
    -69.795         0.00000
    -69.645         0.00000
    -69.495         0.00000
    -69.345         0.00000
    -69.195         0.00000
    -69.045         0.00000
    -68.895         0.00000
    -68.745         0.00000
    -68.595         0.00000
    -68.445         0.00000
    -68.295         0.00000
    -68.145         0.00000
    -67.995         0.00000
    -67.845         0.00000
    -67.695         0.00000
    -67.545         0.00000
    -67.395         0.00000
    -67.245         0.00000
    -67.095         0.00000
    -66.945         0.00000
    -66.795         0.00000
    -66.645         0.00000
    -66.495         0.00000
    -66.345         0.00000
    -66.195         0.00000
    -66.045         0.00000
    -65.895         0.00000
    -65.745         0.00000
    -65.595         0.00000
    -65.445         0.00000
    -65.295         0.00000
    -65.145         0.00000
    -64.995         0.00000
    -64.845         0.00000
    -64.695         0.00000
    -64.545         0.00000
    -64.395         0.00000
    -64.245         0.00000
    -64.095         0.00000
    -63.945         0.00000
    -63.795         0.00000
    -63.645         0.00000
    -63.495         0.00000
    -63.345         0.00000
    -63.195         0.00000
    -63.045         0.00000
    -62.895         0.00000
    -62.745         0.00000
    -62.595         0.00000
    -62.445         0.00000
    -62.295         0.00000
    -62.145         0.00000
    -61.995         0.00000
    -61.845         0.00000
    -61.695         0.00000
    -61.545         0.00000
    -61.395         0.00000
    -61.245         0.00000
    -61.095         0.00000
    -60.945         0.00000
    -60.795         0.00000
    -60.645         0.00000
    -60.495         0.00000
    -60.345         0.00000
    -60.195         0.00000
    -60.045         0.00000
    -59.895         0.00000
    -59.745         0.00000
    -59.595         0.00000
    -59.445         0.00000
    -59.295         0.00000
    -59.145         0.00000
    -58.995         0.00000
    -58.845         0.00000
    -58.695         0.00000
    -58.545         0.00000
    -58.395         0.00000
    -58.245         0.00000
    -58.095         0.00000
    -57.945         0.00000
    -57.795         0.00000
    -57.645         0.00000
    -57.495         0.00000
    -57.345         0.00000
    -57.195         0.00000
    -57.045         0.00000
    -56.895         0.00000
    -56.745         0.00000
    -56.595         0.00000
    -56.445         0.00000
    -56.295         0.00000
    -56.145         0.00000
    -55.995         0.00000
    -55.845         0.00000
    -55.695         0.00000
    -55.545         0.00000
    -55.395         0.00000
    -55.245         0.00000
    -55.095         0.00000
    -54.945         0.00000
    -54.795         0.00000
    -54.645         0.00000
    -54.495         0.00000
    -54.345         0.00000
    -54.195         0.00000
    -54.045         0.00000
    -53.895         0.00000
    -53.745         0.00000
    -53.595         0.00000
    -53.445         0.00000
    -53.295         0.00000
    -53.145         0.00000
    -52.995         0.00000
    -52.845         0.00000
    -52.695         0.00000
    -52.545         0.00000
    -52.395         0.00000
    -52.245         0.00000
    -52.095         0.00000
    -51.945         0.00000
    -51.795         0.00000
    -51.645         0.00000
    -51.495         0.00000
    -51.345         0.00000
    -51.195         0.00000
    -51.045         0.00000
    -50.895         0.00000
    -50.745         0.00000
    -50.595         0.00000
    -50.445         0.00000
    -50.295         0.00000
    -50.145         0.00000
    -49.995         0.00000
    -49.845         0.00000
    -49.695         0.00000
    -49.545         0.00000
    -49.395         0.00000
    -49.245         0.00000
    -49.095         0.00000
    -48.945         0.00000
    -48.795         0.00000
    -48.645         0.00000
    -48.495         0.00000
    -48.345         0.00000
    -48.195         0.00000
    -48.045         0.00000
    -47.895         0.00000
    -47.745         0.00000
    -47.595         0.00000
    -47.445         0.00000
    -47.295         0.00000
    -47.145         0.00000
    -46.995         0.00000
    -46.845         0.00000
    -46.695         0.00000
    -46.545         0.00000
    -46.395         0.00000
    -46.245         0.00000
    -46.095         0.00000
    -45.945         0.00000
    -45.795         0.00000
    -45.645         0.00000
    -45.495         0.00000
    -45.345         0.00000
    -45.195         0.00000
    -45.045         0.00000
    -44.895         0.00000
    -44.745         0.00000
    -44.595         0.00000
    -44.445         0.00000
    -44.295         0.00000
    -44.145         0.00000
    -43.995         0.00000
    -43.845         0.00000
    -43.695         0.00000
    -43.545         0.00000
    -43.395         0.00000
    -43.245         0.00000
    -43.095         0.00000
    -42.945         0.00000
    -42.795         0.00000
    -42.645         0.00000
    -42.495         0.00000
    -42.345         0.00000
    -42.195         0.00000
    -42.045         0.00000
    -41.895         0.00000
    -41.745         0.00000
    -41.595         0.00000
    -41.445         0.00000
    -41.295         0.00000
    -41.145         0.00000
    -40.995         0.00000
    -40.845         0.00000
    -40.695         0.00000
    -40.545         0.00000
    -40.395         0.00000
    -40.245         0.00000
    -40.095         0.00000
    -39.945         0.00000
    -39.795         0.00000
    -39.645         0.00000
    -39.495         0.00000
    -39.345         0.00000
    -39.195         0.00000
    -39.045         0.00000
    -38.895         0.00000
    -38.745         0.00000
    -38.595         0.00000
    -38.445         0.00000
    -38.295         0.00000
    -38.145         0.00000
    -37.995         0.00000
    -37.845         0.00000
    -37.695         0.00000
    -37.545         0.00000
    -37.395         0.00000
    -37.245         0.00000
    -37.095         0.00000
    -36.945         0.00000
    -36.795         0.00000
    -36.645         0.00000
    -36.495         0.00000
    -36.345         0.00000
    -36.195         0.00000
    -36.045         0.00000
    -35.895         0.00000
    -35.745         0.00000
    -35.595         0.00000
    -35.445         0.00000
    -35.295         0.00000
    -35.145         0.00000
    -34.995         0.00000
    -34.845         0.00000
    -34.695         0.00000
    -34.545         0.00000
    -34.395         0.00000
    -34.245         0.00000
    -34.095         0.00000
    -33.945         0.00000
    -33.795         0.00000
    -33.645         0.00000
    -33.495         0.00000
    -33.345         0.00000
    -33.195         0.00000
    -33.045         0.00000
    -32.895         0.00000
    -32.745         0.00000
    -32.595         0.00000
    -32.445         0.00000
    -32.295         0.00000
    -32.145         0.00000
    -31.995         0.00000
    -31.845         0.00000
    -31.695         0.00000
    -31.545         0.00000
    -31.395         0.00000
    -31.245         0.00000
    -31.095         0.00000
    -30.945         0.00000
    -30.795         0.00000
    -30.645         0.00000
    -30.495         0.00000
    -30.345         0.00000
    -30.195         0.00000
    -30.045         0.00000
    -29.895         0.00000
    -29.745         0.00000
    -29.595         0.00000
    -29.445         0.00000
    -29.295         0.00000
    -29.145         0.00000
    -28.995         0.00000
    -28.845         0.00000
    -28.695         0.00000
    -28.545         0.00000
    -28.395         0.00000
    -28.245         0.00000
    -28.095         0.00000
    -27.945         0.00000
    -27.795         0.00000
    -27.645         0.00000
    -27.495         0.00000
    -27.345         0.00000
    -27.195         0.00000
    -27.045         0.00000
    -26.895         0.00000
    -26.745         0.00000
    -26.595         0.00000
    -26.445         0.00000
    -26.295         0.00000
    -26.145         0.00000
    -25.995         0.00000
    -25.845         0.00000
    -25.695         0.00000
    -25.545         0.00000
    -25.395         0.00000
    -25.245         0.00000
    -25.095         0.00000
    -24.945         0.00000
    -24.795         0.00000
    -24.645         0.00000
    -24.495         0.00000
    -24.345         0.00000
    -24.195         0.00000
    -24.045         0.00000
    -23.895         0.00000
    -23.745         0.00000
    -23.595         0.00000
    -23.445         0.00000
    -23.295         0.00000
    -23.145         0.00000
    -22.995         0.00000
    -22.845         0.00000
    -22.695         0.00000
    -22.545         0.00000
    -22.395         0.00000
    -22.245         0.00000
    -22.095         0.00000
    -21.945         0.00000
    -21.795         0.00000
    -21.645         0.00000
    -21.495         0.00000
    -21.345         0.00000
    -21.195         0.00000
    -21.045         0.00000
    -20.895         0.00000
    -20.745         0.00000
    -20.595         0.00000
    -20.445         0.00000
    -20.295         0.00000
    -20.145         0.00000
    -19.995         0.00000
    -19.845         0.00000
    -19.695         0.00000
    -19.545         0.00000
    -19.395         0.00000
    -19.245         0.00000
    -19.095         0.00000
    -18.945         0.00000
    -18.795         0.00000
    -18.645         0.00000
    -18.495         0.00000
    -18.345         0.00000
    -18.195         0.00000
    -18.045         0.00000
    -17.895         0.00000
    -17.745         0.00000
    -17.595         0.00000
    -17.445         0.00000
    -17.295         0.00000
    -17.145         0.00000
    -16.995         0.00000
    -16.845         0.00000
    -16.695         0.00000
    -16.545         0.00000
    -16.395         0.00000
    -16.245         0.00000
    -16.095         0.00000
    -15.945         0.00000
    -15.795         0.00000
    -15.645         0.00000
    -15.495         0.00000
    -15.345         0.00000
    -15.195         0.00000
    -15.045         0.00000
    -14.895         0.00000
    -14.745         0.00000
    -14.595         0.00000
    -14.445         0.00000
    -14.295         0.00000
    -14.145         0.00000
    -13.995         0.00000
    -13.845         0.00000
    -13.695         0.00000
    -13.545         0.00000
    -13.395         0.00000
    -13.245         0.00000
    -13.095         0.00000
    -12.945         0.00000
    -12.795         0.00000
    -12.645        -0.00096
    -12.495        -0.00762
    -12.345        -0.01916
    -12.195        -0.04987
    -12.045        -0.09605
    -11.895        -0.16090
    -11.745        -0.23539
    -11.595        -0.30978
    -11.445        -0.40511
    -11.295        -0.49289
    -11.145        -0.57004
    -10.995        -0.67725
    -10.845        -0.77290
    -10.695        -0.85294
    -10.545        -0.93997
    -10.395        -1.01708
    -10.245        -1.09803
    -10.095        -1.18119
    -9.9450        -1.26605
    -9.7950        -1.34484
    -9.6450        -1.41775
    -9.4950        -1.48753
    -9.3450        -1.54052
    -9.1950        -1.59964
    -9.0450        -1.66937
    -8.8950        -1.75379
    -8.7450        -1.83159
    -8.5950        -1.92312
    -8.4450        -2.01602
    -8.2950        -2.11812
    -8.1450        -2.24388
    -7.9950        -2.34957
    -7.8450        -2.49321
    -7.6950        -2.64465
    -7.5450        -2.80045
    -7.3950        -2.97781
    -7.2450        -3.17042
    -7.0950        -3.36371
    -6.9450        -3.57264
    -6.7950        -3.79089
    -6.6450        -4.02136
    -6.4950        -4.25425
    -6.3450        -4.52157
    -6.1950        -4.78725
    -6.0450        -5.04093
    -5.8950        -5.30600
    -5.7450        -5.60246
    -5.5950        -5.89859
    -5.4450        -6.21347
    -5.2950        -6.55285
    -5.1450        -6.89961
    -4.9950        -7.25936
    -4.8450        -7.63255
    -4.6950        -7.99863
    -4.5450        -8.37900
    -4.3950        -8.72854
    -4.2450        -9.08541
    -4.0950        -9.41388
    -3.9450        -9.76269
    -3.7950       -10.10344
    -3.6450       -10.45300
    -3.4950       -10.78638
    -3.3450       -11.13623
    -3.1950       -11.50164
    -3.0450       -11.87807
    -2.8950       -12.28606
    -2.7450       -12.72812
    -2.5950       -13.20488
    -2.4450       -13.73096
    -2.2950       -14.31344
    -2.1450       -14.93385
    -1.9950       -15.64469
    -1.8450       -16.49567
    -1.6950       -17.53805
    -1.5450       -18.78260
    -1.3950       -20.28592
    -1.2450       -22.06031
    -1.0950       -24.05155
   -0.94500       -26.28898
   -0.79500       -28.74690
   -0.64500       -31.40778
   -0.49500       -34.42712
   -0.34500       -38.24322
   -0.22700       -39.82589
   -0.21300       -40.02955
   -0.20700       -40.23547
   -0.20100       -40.44708
   -0.19500       -40.66379
   -0.18900       -40.88641
   -0.18300       -41.11395
   -0.17700       -41.34586
   -0.17100       -41.58156
   -0.16500       -41.82479
   -0.15900       -42.07354
   -0.15300       -42.33147
   -0.14700       -42.59602
   -0.14100       -42.86812
   -0.13500       -43.14873
   -0.12900       -43.43697
   -0.12300       -43.73809
   -0.11700       -44.04748
   -0.11100       -44.36847
   -0.10500       -44.70333
   -0.99000E-01   -45.05205
   -0.93000E-01   -45.41814
   -0.87000E-01   -45.80381
   -0.81000E-01   -46.20993
   -0.75000E-01   -46.63879
   -0.69000E-01   -47.09736
   -0.63000E-01   -47.58803
   -0.57000E-01   -48.12083
   -0.51000E-01   -48.69899
   -0.45000E-01   -49.34401
   -0.39000E-01   -50.06757
   -0.33000E-01   -50.90771
   -0.27000E-01   -51.90964
   -0.21300E-01   -52.72952
   -0.19500E-01   -52.86179
   -0.18900E-01   -52.99848
   -0.18300E-01   -53.13841
   -0.17700E-01   -53.28355
   -0.17100E-01   -53.43243
   -0.16500E-01   -53.58671
   -0.15900E-01   -53.74637
   -0.15300E-01   -53.91164
   -0.14700E-01   -54.08337
   -0.14100E-01   -54.26158
   -0.13500E-01   -54.44748
   -0.12900E-01   -54.64218
   -0.12300E-01   -54.84489
   -0.11700E-01   -55.05800
   -0.11100E-01   -55.28175
   -0.10500E-01   -55.51812
   -0.99000E-02   -55.76822
   -0.93000E-02   -56.03467
   -0.87000E-02   -56.32044
   -0.81000E-02   -56.62970
   -0.75000E-02   -56.96654
   -0.69000E-02   -57.33443
   -0.63000E-02   -57.73829
   -0.57000E-02   -58.18393
   -0.51000E-02   -58.67902
   -0.45000E-02   -59.23051
   -0.39000E-02   -59.84535
   -0.33000E-02   -60.53392
   -0.27000E-02   -61.31367
   -0.21000E-02   -62.20831
   -0.15000E-02   -63.20800
   -0.90000E-03   -64.10360
   -0.30000E-03   -64.47018
    0.30000E-03   -64.10354
    0.90000E-03   -63.20942
    0.15000E-02   -62.21024
    0.21000E-02   -61.31559
    0.27000E-02   -60.53533
    0.33000E-02   -59.84605
    0.39000E-02   -59.23084
    0.45000E-02   -58.68039
    0.51000E-02   -58.18709
    0.57000E-02   -57.74285
    0.63000E-02   -57.34052
    0.69000E-02   -56.97404
    0.75000E-02   -56.63888
    0.81000E-02   -56.33054
    0.87000E-02   -56.04569
    0.93000E-02   -55.78005
    0.99000E-02   -55.53040
    0.10500E-01   -55.29547
    0.11100E-01   -55.07247
    0.11700E-01   -54.86018
    0.12300E-01   -54.65810
    0.12900E-01   -54.46485
    0.13500E-01   -54.27963
    0.14100E-01   -54.10144
    0.14700E-01   -53.92965
    0.15300E-01   -53.76516
    0.15900E-01   -53.60582
    0.16500E-01   -53.45243
    0.17100E-01   -53.30305
    0.17700E-01   -53.15867
    0.18300E-01   -53.01914
    0.18900E-01   -52.88320
    0.19500E-01   -52.75110
    0.21300E-01   -51.93607
    0.27000E-01   -50.94571
    0.33000E-01   -50.12221
    0.39000E-01   -49.41740
    0.45000E-01   -48.79713
    0.51000E-01   -48.24592
    0.57000E-01   -47.74670
    0.63000E-01   -47.29407
    0.69000E-01   -46.87723
    0.75000E-01   -46.49537
    0.81000E-01   -46.13858
    0.87000E-01   -45.80583
    0.93000E-01   -45.49338
    0.99000E-01   -45.19729
    0.10500       -44.91968
    0.11100       -44.65506
    0.11700       -44.40398
    0.12300       -44.16441
    0.12900       -43.93436
    0.13500       -43.71301
    0.14100       -43.50505
    0.14700       -43.30179
    0.15300       -43.11071
    0.15900       -42.92043
    0.16500       -42.74175
    0.17100       -42.56976
    0.17700       -42.40138
    0.18300       -42.23971
    0.18900       -42.08335
    0.19500       -41.93536
    0.20100       -41.78955
    0.20700       -41.65023
    0.21300       -41.51538
    0.22700       -40.51795
    0.34500       -38.53689
    0.49500       -37.34028
    0.64500       -36.49235
    0.79500       -35.82892
    0.94500       -35.26973
     1.0950       -34.78946
     1.2450       -34.36196
     1.3950       -33.97151
     1.5450       -33.61458
     1.6950       -33.29107
     1.8450       -32.99484
     1.9950       -32.72460
     2.1450       -32.47624
     2.2950       -32.25645
     2.4450       -32.03668
     2.5950       -31.84912
     2.7450       -31.66912
     2.8950       -31.51389
     3.0450       -31.37191
     3.1950       -31.24189
     3.3450       -31.12178
     3.4950       -31.01577
     3.6450       -30.91272
     3.7950       -30.81413
     3.9450       -30.72234
     4.0950       -30.63292
     4.2450       -30.54533
     4.3950       -30.46319
     4.5450       -30.38543
     4.6950       -30.31554
     4.8450       -30.25006
     4.9950       -30.18242
     5.1450       -30.12036
     5.2950       -30.05716
     5.4450       -29.99835
     5.5950       -29.94072
     5.7450       -29.88522
     5.8950       -29.83017
     6.0450       -29.77779
     6.1950       -29.72524
     6.3450       -29.67437
     6.4950       -29.62569
     6.6450       -29.57833
     6.7950       -29.53212
     6.9450       -29.48574
     7.0950       -29.44072
     7.2450       -29.39727
     7.3950       -29.35454
     7.5450       -29.31249
     7.6950       -29.27131
     7.8450       -29.23105
     7.9950       -29.19104
     8.1450       -29.15282
     8.2950       -29.11458
     8.4450       -29.07785
     8.5950       -29.04077
     8.7450       -29.00409
     8.8950       -28.96795
     9.0450       -28.93273
     9.1950       -28.89872
     9.3450       -28.86525
     9.4950       -28.83260
     9.6450       -28.79934
     9.7950       -28.76710
     9.9450       -28.73551
     10.095       -28.70387
     10.245       -28.67255
     10.395       -28.64221
     10.545       -28.61196
     10.695       -28.58248
     10.845       -28.55310
     10.995       -28.52463
     11.145       -28.49712
     11.295       -28.46935
     11.445       -28.44204
     11.595       -28.41426
     11.745       -28.38715
     11.895       -28.36059
     12.045       -28.33501
     12.195       -28.30869
     12.345       -28.28278
     12.495       -28.25754
     12.645       -28.23259
     12.795       -28.20793
     12.945       -28.18334
     13.095       -28.15889
     13.245       -28.13544
     13.395       -28.11166
     13.545       -28.08834
     13.695       -28.06531
     13.845       -28.04258
     13.995       -28.01961
     14.145       -27.99737
     14.295       -27.97493
     14.445       -27.95267
     14.595       -27.93121
     14.745       -27.91009
     14.895       -27.88878
     15.045       -27.86742
     15.195       -27.84697
     15.345       -27.82701
     15.495       -27.80658
     15.645       -27.78661
     15.795       -27.76651
     15.945       -27.74652
     16.095       -27.72718
     16.245       -27.70799
     16.395       -27.68910
     16.545       -27.66993
     16.695       -27.65110
     16.845       -27.63303
     16.995       -27.61426
     17.145       -27.59565
     17.295       -27.57764
     17.445       -27.55976
     17.595       -27.54229
     17.745       -27.52450
     17.895       -27.50649
     18.045       -27.48826
     18.195       -27.47101
     18.345       -27.45411
     18.495       -27.43699
     18.645       -27.42051
     18.795       -27.40390
     18.945       -27.38683
     19.095       -27.37018
     19.245       -27.35364
     19.395       -27.33700
     19.545       -27.32070
     19.695       -27.30467
     19.845       -27.28914
     19.995       -27.27382
     20.145       -27.25788
     20.295       -27.24225
     20.445       -27.22694
     20.595       -27.21166
     20.745       -27.19658
     20.895       -27.18184
     21.045       -27.16678
     21.195       -27.15187
     21.345       -27.13720
     21.495       -27.12236
     21.645       -27.10807
     21.795       -27.09370
     21.945       -27.08005
     22.095       -27.06591
     22.245       -27.05179
     22.395       -27.03754
     22.545       -27.02386
     22.695       -27.01006
     22.845       -26.99655
     22.995       -26.98251
     23.145       -26.96914
     23.295       -26.95553
     23.445       -26.94226
     23.595       -26.92846
     23.745       -26.91578
     23.895       -26.90255
     24.045       -26.88899
     24.195       -26.87589
     24.345       -26.86336
     24.495       -26.85042
     24.645       -26.83772
     24.795       -26.82521
     24.945       -26.81267
     25.095       -26.80038
     25.245       -26.78797
     25.395       -26.77571
     25.545       -26.76375
     25.695       -26.75170
     25.845       -26.73927
     25.995       -26.72749
     26.145       -26.71552
     26.295       -26.70366
     26.445       -26.69144
     26.595       -26.67949
     26.745       -26.66785
     26.895       -26.65618
     27.045       -26.64500
     27.195       -26.63352
     27.345       -26.62206
     27.495       -26.61081
     27.645       -26.60001
     27.795       -26.58874
     27.945       -26.57746
     28.095       -26.56593
     28.245       -26.55477
     28.395       -26.54410
     28.545       -26.53324
     28.695       -26.52269
     28.845       -26.51171
     28.995       -26.50118
     29.145       -26.49048
     29.295       -26.47984
     29.445       -26.46936
     29.595       -26.45920
     29.745       -26.44867
     29.895       -26.43832
     30.045       -26.42787
     30.195       -26.41764
     30.345       -26.40757
     30.495       -26.39743
     30.645       -26.38738
     30.795       -26.37726
     30.945       -26.36709
     31.095       -26.35726
     31.245       -26.34733
     31.395       -26.33770
     31.545       -26.32795
     31.695       -26.31807
     31.845       -26.30841
     31.995       -26.29866
     32.145       -26.28921
     32.295       -26.27940
     32.445       -26.26977
     32.595       -26.26023
     32.745       -26.25099
     32.895       -26.24130
     33.045       -26.23222
     33.195       -26.22283
     33.345       -26.21370
     33.495       -26.20438
     33.645       -26.19524
     33.795       -26.18643
     33.945       -26.17744
     34.095       -26.16837
     34.245       -26.15933
     34.395       -26.15041
     34.545       -26.14153
     34.695       -26.13246
     34.845       -26.12333
     34.995       -26.11442
     35.145       -26.10593
     35.295       -26.09741
     35.445       -26.08886
     35.595       -26.08013
     35.745       -26.07149
     35.895       -26.06311
     36.045       -26.05468
     36.195       -26.04634
     36.345       -26.03777
     36.495       -26.02964
     36.645       -26.02141
     36.795       -26.01293
     36.945       -26.00496
     37.095       -25.99664
     37.245       -25.98817
     37.395       -25.97988
     37.545       -25.97142
     37.695       -25.96342
     37.845       -25.95517
     37.995       -25.94733
     38.145       -25.93908
     38.295       -25.93112
     38.445       -25.92316
     38.595       -25.91506
     38.745       -25.90728
     38.895       -25.89928
     39.045       -25.89131
     39.195       -25.88351
     39.345       -25.87558
     39.495       -25.86763
     39.645       -25.85961
     39.795       -25.85218
     39.945       -25.84428
     40.095       -25.83645
     40.245       -25.82873
     40.395       -25.82107
     40.545       -25.81357
     40.695       -25.80624
     40.845       -25.79880
     40.995       -25.79151
     41.145       -25.78380
     41.295       -25.77635
     41.445       -25.76879
     41.595       -25.76154
     41.745       -25.75429
     41.895       -25.74706
     42.045       -25.73982
     42.195       -25.73290
     42.345       -25.72565
     42.495       -25.71829
     42.645       -25.71100
     42.795       -25.70384
     42.945       -25.69648
     43.095       -25.68918
     43.245       -25.68229
     43.395       -25.67502
     43.545       -25.66789
     43.695       -25.66092
     43.845       -25.65373
     43.995       -25.64682
     44.145       -25.64003
     44.295       -25.63305
     44.445       -25.62626
     44.595       -25.61937
     44.745       -25.61234
     44.895       -25.60533
     45.045       -25.59862
     45.195       -25.59178
     45.345       -25.58500
     45.495       -25.57800
     45.645       -25.57127
     45.795       -25.56461
     45.945       -25.55779
     46.095       -25.55126
     46.245       -25.54486
     46.395       -25.53850
     46.545       -25.53227
     46.695       -25.52583
     46.845       -25.51938
     46.995       -25.51293
     47.145       -25.50682
     47.295       -25.50041
     47.445       -25.49407
     47.595       -25.48806
     47.745       -25.48171
     47.895       -25.47524
     48.045       -25.46883
     48.195       -25.46287
     48.345       -25.45676
     48.495       -25.45048
     48.645       -25.44426
     48.795       -25.43776
     48.945       -25.43185
     49.095       -25.42568
     49.245       -25.41934
     49.395       -25.41324
     49.545       -25.40719
     49.695       -25.40088
     49.845       -25.39477
     49.995       -25.38870
     50.145       -25.38286
     50.295       -25.37699
     50.445       -25.37102
     50.595       -25.36475
     50.745       -25.35869
     50.895       -25.35273
     51.045       -25.34680
     51.195       -25.34114
     51.345       -25.33535
     51.495       -25.32961
     51.645       -25.32370
     51.795       -25.31771
     51.945       -25.31212
     52.095       -25.30635
     52.245       -25.30057
     52.395       -25.29495
     52.545       -25.28931
     52.695       -25.28366
     52.845       -25.27791
     52.995       -25.27231
     53.145       -25.26637
     53.295       -25.26060
     53.445       -25.25498
     53.595       -25.24947
     53.745       -25.24419
     53.895       -25.23871
     54.045       -25.23321
     54.195       -25.22744
     54.345       -25.22169
     54.495       -25.21624
     54.645       -25.21064
     54.795       -25.20514
     54.945       -25.19960
     55.095       -25.19442
     59.433       -24.76628
     80.646       -24.13638
     111.21       -23.52024
     153.36       -22.92008
     211.49       -22.33401
     291.64       -21.76268
     402.18       -21.20742
     554.60       -20.66979
     764.80       -20.14558
     1054.7       -19.63927
     1454.4       -19.14592
     2005.6       -18.66735
     2765.8       -18.20476
     3814.0       -17.75573
     5259.5       -17.31890
     7252.9       -16.89404
     10002.       -16.48138
     13793.       -16.08148
     19020.       -15.69354
     26229.       -15.31944
     36170.       -14.95870
     49878.       -14.61247
     68782.       -14.28235
     94851.       -13.96849
    0.13080E+06   -13.66545
    0.18038E+06   -13.37665
    0.24874E+06   -13.10165
    0.34301E+06   -12.83915
    0.47302E+06   -12.59009
    0.65229E+06   -12.35228
    0.89952E+06   -12.12490
    0.12404E+07   -11.90828
    0.17106E+07   -11.70240
    0.23589E+07   -11.50630
    0.32529E+07   -11.31904
    0.44858E+07   -11.14124
    0.61860E+07   -10.97175
    0.85305E+07   -10.81077
    0.11764E+08   -10.65684
    0.16222E+08   -10.51125
    0.22370E+08   -10.37202
    0.30849E+08   -10.24080
    0.42541E+08   -10.11544
    0.58664E+08    -9.99799
    0.80898E+08    -9.88799
    0.11156E+09    -9.78592
    0.15384E+09    -9.69031
    0.21215E+09    -9.60025
    0.29255E+09    -9.51629
    0.40343E+09    -9.43774
    0.55633E+09    -9.36516
    0.76719E+09    -9.29898
    0.10580E+10    -9.23797
    0.14589E+10    -9.18246
    0.20119E+10    -9.13125
    0.27744E+10    -9.08343
    0.38259E+10    -9.03972
    0.52760E+10    -8.99939
    0.72756E+10    -8.96177
    0.10033E+11    -8.92730
    0.13836E+11    -8.89547
    0.19079E+11    -8.86636
    0.26311E+11    -8.83935
    0.36283E+11    -8.81442
    0.50034E+11    -8.79122
    0.68997E+11    -8.76983
    0.10000E+12    -8.51498
