    -159.95         0.00000
    -159.79         0.00000
    -159.65         0.00000
    -159.49         0.00000
    -159.34         0.00000
    -159.20         0.00000
    -159.04         0.00000
    -158.90         0.00000
    -158.74         0.00000
    -158.59         0.00000
    -158.45         0.00000
    -158.29         0.00000
    -158.15         0.00000
    -157.99         0.00000
    -157.84         0.00000
    -157.70         0.00000
    -157.54         0.00000
    -157.40         0.00000
    -157.24         0.00000
    -157.09         0.00000
    -156.95         0.00000
    -156.79         0.00000
    -156.65         0.00000
    -156.49         0.00000
    -156.34         0.00000
    -156.20         0.00000
    -156.04         0.00000
    -155.90         0.00000
    -155.74         0.00000
    -155.59         0.00000
    -155.45         0.00000
    -155.29         0.00000
    -155.15         0.00000
    -154.99         0.00000
    -154.84         0.00000
    -154.70         0.00000
    -154.54         0.00000
    -154.40         0.00000
    -154.24         0.00000
    -154.09         0.00000
    -153.95         0.00000
    -153.79         0.00000
    -153.65         0.00000
    -153.49         0.00000
    -153.34         0.00000
    -153.20         0.00000
    -153.04         0.00000
    -152.90         0.00000
    -152.74         0.00000
    -152.59         0.00000
    -152.45         0.00000
    -152.29         0.00000
    -152.15         0.00000
    -151.99         0.00000
    -151.84         0.00000
    -151.70         0.00000
    -151.54         0.00000
    -151.40         0.00000
    -151.24         0.00000
    -151.09         0.00000
    -150.95         0.00000
    -150.79         0.00000
    -150.65         0.00000
    -150.49         0.00000
    -150.34         0.00000
    -150.20         0.00000
    -150.04         0.00000
    -149.90         0.00000
    -149.74         0.00000
    -149.59         0.00000
    -149.45         0.00000
    -149.29         0.00000
    -149.15         0.00000
    -148.99         0.00000
    -148.84         0.00000
    -148.70         0.00000
    -148.54         0.00000
    -148.40         0.00000
    -148.24         0.00000
    -148.09         0.00000
    -147.95         0.00000
    -147.79         0.00000
    -147.65         0.00000
    -147.49         0.00000
    -147.34         0.00000
    -147.20         0.00000
    -147.04         0.00000
    -146.90         0.00000
    -146.74         0.00000
    -146.59         0.00000
    -146.45         0.00000
    -146.29         0.00000
    -146.15         0.00000
    -145.99         0.00000
    -145.84         0.00000
    -145.70         0.00000
    -145.54         0.00000
    -145.40         0.00000
    -145.24         0.00000
    -145.09         0.00000
    -144.95         0.00000
    -144.79         0.00000
    -144.65         0.00000
    -144.49         0.00000
    -144.34         0.00000
    -144.20         0.00000
    -144.04         0.00000
    -143.90         0.00000
    -143.74         0.00000
    -143.59         0.00000
    -143.45         0.00000
    -143.29         0.00000
    -143.15         0.00000
    -142.99         0.00000
    -142.84         0.00000
    -142.70         0.00000
    -142.54         0.00000
    -142.40         0.00000
    -142.24         0.00000
    -142.09         0.00000
    -141.95         0.00000
    -141.79         0.00000
    -141.65         0.00000
    -141.49         0.00000
    -141.34         0.00000
    -141.20         0.00000
    -141.04         0.00000
    -140.90         0.00000
    -140.74         0.00000
    -140.59         0.00000
    -140.45         0.00000
    -140.29         0.00000
    -140.15         0.00000
    -139.99         0.00000
    -139.84         0.00000
    -139.70         0.00000
    -139.54         0.00000
    -139.40         0.00000
    -139.24         0.00000
    -139.09         0.00000
    -138.95         0.00000
    -138.79         0.00000
    -138.65         0.00000
    -138.49         0.00000
    -138.34         0.00000
    -138.20         0.00000
    -138.04         0.00000
    -137.90         0.00000
    -137.74         0.00000
    -137.59         0.00000
    -137.45         0.00000
    -137.29         0.00000
    -137.15         0.00000
    -136.99         0.00000
    -136.84         0.00000
    -136.70         0.00000
    -136.54         0.00000
    -136.40         0.00000
    -136.24         0.00000
    -136.09         0.00000
    -135.95         0.00000
    -135.79         0.00000
    -135.65         0.00000
    -135.49         0.00000
    -135.34         0.00000
    -135.20         0.00000
    -135.04         0.00000
    -134.90         0.00000
    -134.74         0.00000
    -134.59         0.00000
    -134.45         0.00000
    -134.29         0.00000
    -134.15         0.00000
    -133.99         0.00000
    -133.84         0.00000
    -133.70         0.00000
    -133.54         0.00000
    -133.40         0.00000
    -133.24         0.00000
    -133.09         0.00000
    -132.95         0.00000
    -132.79         0.00000
    -132.65         0.00000
    -132.49         0.00000
    -132.34         0.00000
    -132.20         0.00000
    -132.04         0.00000
    -131.90         0.00000
    -131.74         0.00000
    -131.59         0.00000
    -131.45         0.00000
    -131.29         0.00000
    -131.15         0.00000
    -130.99         0.00000
    -130.84         0.00000
    -130.70         0.00000
    -130.54         0.00000
    -130.40         0.00000
    -130.24         0.00000
    -130.09         0.00000
    -129.95         0.00000
    -129.79         0.00000
    -129.65         0.00000
    -129.49         0.00000
    -129.34         0.00000
    -129.20         0.00000
    -129.04         0.00000
    -128.90         0.00000
    -128.74         0.00000
    -128.59         0.00000
    -128.45         0.00000
    -128.29         0.00000
    -128.15         0.00000
    -127.99         0.00000
    -127.85         0.00000
    -127.69         0.00000
    -127.55         0.00000
    -127.39         0.00000
    -127.25         0.00000
    -127.10         0.00000
    -126.94         0.00000
    -126.80         0.00000
    -126.64         0.00000
    -126.50         0.00000
    -126.35         0.00000
    -126.19         0.00000
    -126.05         0.00000
    -125.89         0.00000
    -125.75         0.00000
    -125.60         0.00000
    -125.44         0.00000
    -125.30         0.00000
    -125.14         0.00000
    -125.00         0.00000
    -124.85         0.00000
    -124.69         0.00000
    -124.55         0.00000
    -124.39         0.00000
    -124.25         0.00000
    -124.10         0.00000
    -123.94         0.00000
    -123.80         0.00000
    -123.64         0.00000
    -123.50         0.00000
    -123.35         0.00000
    -123.19         0.00000
    -123.05         0.00000
    -122.89         0.00000
    -122.75         0.00000
    -122.60         0.00000
    -122.44         0.00000
    -122.30         0.00000
    -122.14         0.00000
    -122.00         0.00000
    -121.85         0.00000
    -121.69         0.00000
    -121.55         0.00000
    -121.39         0.00000
    -121.25         0.00000
    -121.10         0.00000
    -120.94         0.00000
    -120.80         0.00000
    -120.64         0.00000
    -120.50         0.00000
    -120.35         0.00000
    -120.19         0.00000
    -120.05         0.00000
    -119.89         0.00000
    -119.75         0.00000
    -119.60         0.00000
    -119.44         0.00000
    -119.30         0.00000
    -119.14         0.00000
    -119.00         0.00000
    -118.85         0.00000
    -118.69         0.00000
    -118.55         0.00000
    -118.39         0.00000
    -118.25         0.00000
    -118.10         0.00000
    -117.94         0.00000
    -117.80         0.00000
    -117.64         0.00000
    -117.50         0.00000
    -117.35         0.00000
    -117.19         0.00000
    -117.05         0.00000
    -116.89         0.00000
    -116.75         0.00000
    -116.60         0.00000
    -116.44         0.00000
    -116.30         0.00000
    -116.14         0.00000
    -116.00         0.00000
    -115.85         0.00000
    -115.69         0.00000
    -115.55         0.00000
    -115.39         0.00000
    -115.25         0.00000
    -115.10         0.00000
    -114.94         0.00000
    -114.80         0.00000
    -114.64         0.00000
    -114.50         0.00000
    -114.35         0.00000
    -114.19         0.00000
    -114.05         0.00000
    -113.89         0.00000
    -113.75         0.00000
    -113.60         0.00000
    -113.44         0.00000
    -113.30         0.00000
    -113.14         0.00000
    -113.00         0.00000
    -112.85         0.00000
    -112.69         0.00000
    -112.55         0.00000
    -112.39         0.00000
    -112.25         0.00000
    -112.10         0.00000
    -111.94         0.00000
    -111.80         0.00000
    -111.64         0.00000
    -111.50         0.00000
    -111.35         0.00000
    -111.19         0.00000
    -111.05         0.00000
    -110.89         0.00000
    -110.75         0.00000
    -110.60         0.00000
    -110.44         0.00000
    -110.30         0.00000
    -110.14         0.00000
    -110.00         0.00000
    -109.85         0.00000
    -109.69         0.00000
    -109.55         0.00000
    -109.39         0.00000
    -109.25         0.00000
    -109.10         0.00000
    -108.94         0.00000
    -108.80         0.00000
    -108.64         0.00000
    -108.50         0.00000
    -108.35         0.00000
    -108.19         0.00000
    -108.05         0.00000
    -107.89         0.00000
    -107.75         0.00000
    -107.60         0.00000
    -107.44         0.00000
    -107.30         0.00000
    -107.14         0.00000
    -107.00         0.00000
    -106.85         0.00000
    -106.69         0.00000
    -106.55         0.00000
    -106.39         0.00000
    -106.25         0.00000
    -106.10         0.00000
    -105.94         0.00000
    -105.80         0.00000
    -105.64         0.00000
    -105.50         0.00000
    -105.35         0.00000
    -105.19         0.00000
    -105.05         0.00000
    -104.89         0.00000
    -104.75         0.00000
    -104.60         0.00000
    -104.44         0.00000
    -104.30         0.00000
    -104.14         0.00000
    -104.00         0.00000
    -103.85         0.00000
    -103.69         0.00000
    -103.55         0.00000
    -103.39         0.00000
    -103.25         0.00000
    -103.10         0.00000
    -102.94         0.00000
    -102.80         0.00000
    -102.64         0.00000
    -102.50         0.00000
    -102.35         0.00000
    -102.19         0.00000
    -102.05         0.00000
    -101.89         0.00000
    -101.75         0.00000
    -101.60         0.00000
    -101.44         0.00000
    -101.30         0.00000
    -101.14         0.00000
    -101.00         0.00000
    -100.85         0.00000
    -100.69         0.00000
    -100.55         0.00000
    -100.39         0.00000
    -100.25         0.00000
    -100.10         0.00000
    -99.945         0.00000
    -99.795         0.00000
    -99.645         0.00000
    -99.495         0.00000
    -99.345         0.00000
    -99.195         0.00000
    -99.045         0.00000
    -98.895         0.00000
    -98.745         0.00000
    -98.595         0.00000
    -98.445         0.00000
    -98.295         0.00000
    -98.145         0.00000
    -97.995         0.00000
    -97.845         0.00000
    -97.695         0.00000
    -97.545         0.00000
    -97.395         0.00000
    -97.245         0.00000
    -97.095         0.00000
    -96.945         0.00000
    -96.795         0.00000
    -96.645         0.00000
    -96.495         0.00000
    -96.345         0.00000
    -96.195         0.00000
    -96.045         0.00000
    -95.895         0.00000
    -95.745         0.00000
    -95.595         0.00000
    -95.445         0.00000
    -95.295         0.00000
    -95.145         0.00000
    -94.995         0.00000
    -94.845         0.00000
    -94.695         0.00000
    -94.545         0.00000
    -94.395         0.00000
    -94.245         0.00000
    -94.095         0.00000
    -93.945         0.00000
    -93.795         0.00000
    -93.645         0.00000
    -93.495         0.00000
    -93.345         0.00000
    -93.195         0.00000
    -93.045         0.00000
    -92.895         0.00000
    -92.745         0.00000
    -92.595         0.00000
    -92.445         0.00000
    -92.295         0.00000
    -92.145         0.00000
    -91.995         0.00000
    -91.845         0.00000
    -91.695         0.00000
    -91.545         0.00000
    -91.395         0.00000
    -91.245         0.00000
    -91.095         0.00000
    -90.945         0.00000
    -90.795         0.00000
    -90.645         0.00000
    -90.495         0.00000
    -90.345         0.00000
    -90.195         0.00000
    -90.045         0.00000
    -89.895         0.00000
    -89.745         0.00000
    -89.595         0.00000
    -89.445         0.00000
    -89.295         0.00000
    -89.145         0.00000
    -88.995         0.00000
    -88.845         0.00000
    -88.695         0.00000
    -88.545         0.00000
    -88.395         0.00000
    -88.245         0.00000
    -88.095         0.00000
    -87.945         0.00000
    -87.795         0.00000
    -87.645         0.00000
    -87.495         0.00000
    -87.345         0.00000
    -87.195         0.00000
    -87.045         0.00000
    -86.895         0.00000
    -86.745         0.00000
    -86.595         0.00000
    -86.445         0.00000
    -86.295         0.00000
    -86.145         0.00000
    -85.995         0.00000
    -85.845         0.00000
    -85.695         0.00000
    -85.545         0.00000
    -85.395         0.00000
    -85.245         0.00000
    -85.095         0.00000
    -84.945         0.00000
    -84.795         0.00000
    -84.645         0.00000
    -84.495         0.00000
    -84.345         0.00000
    -84.195         0.00000
    -84.045         0.00000
    -83.895         0.00000
    -83.745         0.00000
    -83.595         0.00000
    -83.445         0.00000
    -83.295         0.00000
    -83.145         0.00000
    -82.995         0.00000
    -82.845         0.00000
    -82.695         0.00000
    -82.545         0.00000
    -82.395         0.00000
    -82.245         0.00000
    -82.095         0.00000
    -81.945         0.00000
    -81.795         0.00000
    -81.645         0.00000
    -81.495         0.00000
    -81.345         0.00000
    -81.195         0.00000
    -81.045         0.00000
    -80.895         0.00000
    -80.745         0.00000
    -80.595         0.00000
    -80.445         0.00000
    -80.295         0.00000
    -80.145         0.00000
    -79.995         0.00000
    -79.845         0.00000
    -79.695         0.00000
    -79.545         0.00000
    -79.395         0.00000
    -79.245         0.00000
    -79.095         0.00000
    -78.945         0.00000
    -78.795         0.00000
    -78.645         0.00000
    -78.495         0.00000
    -78.345         0.00000
    -78.195         0.00000
    -78.045         0.00000
    -77.895         0.00000
    -77.745         0.00000
    -77.595         0.00000
    -77.445         0.00000
    -77.295         0.00000
    -77.145         0.00000
    -76.995         0.00000
    -76.845         0.00000
    -76.695         0.00000
    -76.545         0.00000
    -76.395         0.00000
    -76.245         0.00000
    -76.095         0.00000
    -75.945         0.00000
    -75.795         0.00000
    -75.645         0.00000
    -75.495         0.00000
    -75.345         0.00000
    -75.195         0.00000
    -75.045         0.00000
    -74.895         0.00000
    -74.745         0.00000
    -74.595         0.00000
    -74.445         0.00000
    -74.295         0.00000
    -74.145         0.00000
    -73.995         0.00000
    -73.845         0.00000
    -73.695         0.00000
    -73.545         0.00000
    -73.395         0.00000
    -73.245         0.00000
    -73.095         0.00000
    -72.945         0.00000
    -72.795         0.00000
    -72.645         0.00000
    -72.495         0.00000
    -72.345         0.00000
    -72.195         0.00000
    -72.045         0.00000
    -71.895         0.00000
    -71.745         0.00000
    -71.595         0.00000
    -71.445         0.00000
    -71.295         0.00000
    -71.145         0.00000
    -70.995         0.00000
    -70.845         0.00000
    -70.695         0.00000
    -70.545         0.00000
    -70.395         0.00000
    -70.245         0.00000
    -70.095         0.00000
    -69.945         0.00000
    -69.795         0.00000
    -69.645         0.00000
    -69.495         0.00000
    -69.345         0.00000
    -69.195         0.00000
    -69.045         0.00000
    -68.895         0.00000
    -68.745         0.00000
    -68.595         0.00000
    -68.445         0.00000
    -68.295         0.00000
    -68.145         0.00000
    -67.995         0.00000
    -67.845         0.00000
    -67.695         0.00000
    -67.545         0.00000
    -67.395         0.00000
    -67.245         0.00000
    -67.095         0.00000
    -66.945         0.00000
    -66.795         0.00000
    -66.645         0.00000
    -66.495         0.00000
    -66.345         0.00000
    -66.195         0.00000
    -66.045         0.00000
    -65.895         0.00000
    -65.745         0.00000
    -65.595         0.00000
    -65.445         0.00000
    -65.295         0.00000
    -65.145         0.00000
    -64.995         0.00000
    -64.845         0.00000
    -64.695         0.00000
    -64.545         0.00000
    -64.395         0.00000
    -64.245         0.00000
    -64.095         0.00000
    -63.945         0.00000
    -63.795         0.00000
    -63.645         0.00000
    -63.495         0.00000
    -63.345         0.00000
    -63.195         0.00000
    -63.045         0.00000
    -62.895         0.00000
    -62.745         0.00000
    -62.595         0.00000
    -62.445         0.00000
    -62.295         0.00000
    -62.145         0.00000
    -61.995         0.00000
    -61.845         0.00000
    -61.695         0.00000
    -61.545         0.00000
    -61.395         0.00000
    -61.245         0.00000
    -61.095         0.00000
    -60.945         0.00000
    -60.795         0.00000
    -60.645         0.00000
    -60.495         0.00000
    -60.345         0.00000
    -60.195         0.00000
    -60.045         0.00000
    -59.895         0.00000
    -59.745         0.00000
    -59.595         0.00000
    -59.445         0.00000
    -59.295         0.00000
    -59.145         0.00000
    -58.995         0.00000
    -58.845         0.00000
    -58.695         0.00000
    -58.545         0.00000
    -58.395         0.00000
    -58.245         0.00000
    -58.095         0.00000
    -57.945         0.00000
    -57.795         0.00000
    -57.645         0.00000
    -57.495         0.00000
    -57.345         0.00000
    -57.195         0.00000
    -57.045         0.00000
    -56.895         0.00000
    -56.745         0.00000
    -56.595         0.00000
    -56.445         0.00000
    -56.295         0.00000
    -56.145         0.00000
    -55.995         0.00000
    -55.845         0.00000
    -55.695         0.00000
    -55.545         0.00000
    -55.395         0.00000
    -55.245         0.00000
    -55.095         0.00000
    -54.945         0.00000
    -54.795         0.00000
    -54.645         0.00000
    -54.495         0.00000
    -54.345         0.00000
    -54.195         0.00000
    -54.045         0.00000
    -53.895         0.00000
    -53.745         0.00000
    -53.595         0.00000
    -53.445         0.00000
    -53.295         0.00000
    -53.145         0.00000
    -52.995         0.00000
    -52.845         0.00000
    -52.695         0.00000
    -52.545         0.00000
    -52.395         0.00000
    -52.245         0.00000
    -52.095         0.00000
    -51.945         0.00000
    -51.795         0.00000
    -51.645         0.00000
    -51.495         0.00000
    -51.345         0.00000
    -51.195         0.00000
    -51.045         0.00000
    -50.895         0.00000
    -50.745         0.00000
    -50.595         0.00000
    -50.445         0.00000
    -50.295         0.00000
    -50.145         0.00000
    -49.995         0.00000
    -49.845         0.00000
    -49.695         0.00000
    -49.545         0.00000
    -49.395         0.00000
    -49.245         0.00000
    -49.095         0.00000
    -48.945         0.00000
    -48.795         0.00000
    -48.645         0.00000
    -48.495         0.00000
    -48.345         0.00000
    -48.195         0.00000
    -48.045         0.00000
    -47.895         0.00000
    -47.745         0.00000
    -47.595         0.00000
    -47.445         0.00000
    -47.295         0.00000
    -47.145         0.00000
    -46.995         0.00000
    -46.845         0.00000
    -46.695         0.00000
    -46.545         0.00000
    -46.395         0.00000
    -46.245         0.00000
    -46.095         0.00000
    -45.945         0.00000
    -45.795         0.00000
    -45.645         0.00000
    -45.495         0.00000
    -45.345         0.00000
    -45.195         0.00000
    -45.045         0.00000
    -44.895         0.00000
    -44.745         0.00000
    -44.595         0.00000
    -44.445         0.00000
    -44.295         0.00000
    -44.145         0.00000
    -43.995         0.00000
    -43.845         0.00000
    -43.695         0.00000
    -43.545         0.00000
    -43.395         0.00000
    -43.245         0.00000
    -43.095         0.00000
    -42.945         0.00000
    -42.795         0.00000
    -42.645         0.00000
    -42.495         0.00000
    -42.345         0.00000
    -42.195         0.00000
    -42.045         0.00000
    -41.895         0.00000
    -41.745         0.00000
    -41.595         0.00000
    -41.445         0.00000
    -41.295         0.00000
    -41.145         0.00000
    -40.995         0.00000
    -40.845         0.00000
    -40.695         0.00000
    -40.545         0.00000
    -40.395         0.00000
    -40.245         0.00000
    -40.095         0.00000
    -39.945         0.00000
    -39.795         0.00000
    -39.645         0.00000
    -39.495         0.00000
    -39.345         0.00000
    -39.195         0.00000
    -39.045         0.00000
    -38.895         0.00000
    -38.745         0.00000
    -38.595         0.00000
    -38.445         0.00000
    -38.295         0.00000
    -38.145         0.00000
    -37.995         0.00000
    -37.845         0.00000
    -37.695         0.00000
    -37.545         0.00000
    -37.395         0.00000
    -37.245         0.00000
    -37.095         0.00000
    -36.945         0.00000
    -36.795         0.00000
    -36.645         0.00000
    -36.495         0.00000
    -36.345         0.00000
    -36.195         0.00000
    -36.045         0.00000
    -35.895         0.00000
    -35.745         0.00000
    -35.595         0.00000
    -35.445         0.00000
    -35.295         0.00000
    -35.145         0.00000
    -34.995         0.00000
    -34.845         0.00000
    -34.695         0.00000
    -34.545         0.00000
    -34.395         0.00000
    -34.245         0.00000
    -34.095         0.00000
    -33.945         0.00000
    -33.795         0.00000
    -33.645         0.00000
    -33.495         0.00000
    -33.345         0.00000
    -33.195         0.00000
    -33.045         0.00000
    -32.895         0.00000
    -32.745         0.00000
    -32.595         0.00000
    -32.445         0.00000
    -32.295         0.00000
    -32.145         0.00000
    -31.995         0.00000
    -31.845         0.00000
    -31.695         0.00000
    -31.545         0.00000
    -31.395         0.00000
    -31.245         0.00000
    -31.095         0.00000
    -30.945         0.00000
    -30.795         0.00000
    -30.645         0.00000
    -30.495         0.00000
    -30.345         0.00000
    -30.195         0.00000
    -30.045         0.00000
    -29.895         0.00000
    -29.745         0.00000
    -29.595         0.00000
    -29.445         0.00000
    -29.295         0.00000
    -29.145         0.00000
    -28.995         0.00000
    -28.845         0.00000
    -28.695         0.00000
    -28.545         0.00000
    -28.395         0.00000
    -28.245         0.00000
    -28.095         0.00000
    -27.945         0.00000
    -27.795         0.00000
    -27.645         0.00000
    -27.495         0.00000
    -27.345         0.00000
    -27.195         0.00000
    -27.045         0.00000
    -26.895         0.00000
    -26.745         0.00000
    -26.595         0.00000
    -26.445         0.00000
    -26.295         0.00000
    -26.145         0.00000
    -25.995         0.00000
    -25.845         0.00000
    -25.695         0.00000
    -25.545         0.00000
    -25.395         0.00000
    -25.245         0.00000
    -25.095         0.00000
    -24.945         0.00000
    -24.795         0.00000
    -24.645         0.00000
    -24.495         0.00000
    -24.345         0.00000
    -24.195         0.00000
    -24.045         0.00000
    -23.895         0.00000
    -23.745         0.00000
    -23.595         0.00000
    -23.445         0.00000
    -23.295         0.00000
    -23.145         0.00000
    -22.995         0.00000
    -22.845         0.00000
    -22.695         0.00000
    -22.545         0.00000
    -22.395         0.00000
    -22.245         0.00000
    -22.095         0.00000
    -21.945         0.00000
    -21.795         0.00000
    -21.645         0.00000
    -21.495         0.00000
    -21.345         0.00000
    -21.195         0.00000
    -21.045         0.00000
    -20.895         0.00000
    -20.745         0.00000
    -20.595         0.00000
    -20.445         0.00000
    -20.295         0.00000
    -20.145         0.00000
    -19.995         0.00000
    -19.845         0.00000
    -19.695         0.00000
    -19.545         0.00000
    -19.395         0.00000
    -19.245         0.00000
    -19.095         0.00000
    -18.945         0.00000
    -18.795         0.00000
    -18.645         0.00000
    -18.495         0.00000
    -18.345         0.00000
    -18.195         0.00000
    -18.045         0.00000
    -17.895         0.00000
    -17.745         0.00000
    -17.595         0.00000
    -17.445         0.00000
    -17.295         0.00000
    -17.145         0.00000
    -16.995         0.00000
    -16.845         0.00000
    -16.695         0.00000
    -16.545         0.00000
    -16.395         0.00000
    -16.245         0.00000
    -16.095         0.00000
    -15.945         0.00000
    -15.795         0.00000
    -15.645         0.00000
    -15.495         0.00000
    -15.345         0.00000
    -15.195         0.00000
    -15.045         0.00000
    -14.895         0.00000
    -14.745        -0.00423
    -14.595        -0.02423
    -14.445        -0.05688
    -14.295        -0.11979
    -14.145        -0.19802
    -13.995        -0.28156
    -13.845        -0.39073
    -13.695        -0.51817
    -13.545        -0.64517
    -13.395        -0.81950
    -13.245        -0.99327
    -13.095        -1.17911
    -12.945        -1.36052
    -12.795        -1.55907
    -12.645        -1.74634
    -12.495        -1.97350
    -12.345        -2.20857
    -12.195        -2.42356
    -12.045        -2.65080
    -11.895        -2.83830
    -11.745        -3.03803
    -11.595        -3.23797
    -11.445        -3.40891
    -11.295        -3.57702
    -11.145        -3.73715
    -10.995        -3.89154
    -10.845        -4.03050
    -10.695        -4.15998
    -10.545        -4.28761
    -10.395        -4.43114
    -10.245        -4.54851
    -10.095        -4.66291
    -9.9450        -4.77778
    -9.7950        -4.88157
    -9.6450        -5.00553
    -9.4950        -5.11509
    -9.3450        -5.24974
    -9.1950        -5.40528
    -9.0450        -5.55605
    -8.8950        -5.70775
    -8.7450        -5.86269
    -8.5950        -6.01581
    -8.4450        -6.17067
    -8.2950        -6.33830
    -8.1450        -6.51003
    -7.9950        -6.68610
    -7.8450        -6.85783
    -7.6950        -7.02140
    -7.5450        -7.19700
    -7.3950        -7.37692
    -7.2450        -7.56205
    -7.0950        -7.75108
    -6.9450        -7.94056
    -6.7950        -8.14609
    -6.6450        -8.34695
    -6.4950        -8.56158
    -6.3450        -8.78428
    -6.1950        -9.01731
    -6.0450        -9.25019
    -5.8950        -9.49305
    -5.7450        -9.74264
    -5.5950       -10.00390
    -5.4450       -10.26211
    -5.2950       -10.54393
    -5.1450       -10.83399
    -4.9950       -11.12130
    -4.8450       -11.44467
    -4.6950       -11.74648
    -4.5450       -12.09112
    -4.3950       -12.44354
    -4.2450       -12.81207
    -4.0950       -13.19093
    -3.9450       -13.60925
    -3.7950       -14.04274
    -3.6450       -14.48606
    -3.4950       -14.94558
    -3.3450       -15.41538
    -3.1950       -15.89560
    -3.0450       -16.40440
    -2.8950       -16.92256
    -2.7450       -17.48070
    -2.5950       -18.03570
    -2.4450       -18.63606
    -2.2950       -19.26426
    -2.1450       -19.94945
    -1.9950       -20.74606
    -1.8450       -21.67626
    -1.6950       -22.78027
    -1.5450       -24.11499
    -1.3950       -25.67110
    -1.2450       -27.45339
    -1.0950       -29.44267
   -0.94500       -31.69957
   -0.79500       -34.16959
   -0.64500       -36.86346
   -0.49500       -39.92309
   -0.34500       -43.89419
   -0.22700       -45.55662
   -0.21300       -45.77080
   -0.20700       -45.99229
   -0.20100       -46.21676
   -0.19500       -46.44725
   -0.18900       -46.68421
   -0.18300       -46.92436
   -0.17700       -47.17013
   -0.17100       -47.42251
   -0.16500       -47.68302
   -0.15900       -47.95038
   -0.15300       -48.22654
   -0.14700       -48.51104
   -0.14100       -48.80519
   -0.13500       -49.10989
   -0.12900       -49.42021
   -0.12300       -49.74765
   -0.11700       -50.08967
   -0.11100       -50.44222
   -0.10500       -50.81294
   -0.99000E-01   -51.19869
   -0.93000E-01   -51.60908
   -0.87000E-01   -52.03797
   -0.81000E-01   -52.49537
   -0.75000E-01   -52.98204
   -0.69000E-01   -53.50404
   -0.63000E-01   -54.07079
   -0.57000E-01   -54.68592
   -0.51000E-01   -55.36852
   -0.45000E-01   -56.12864
   -0.39000E-01   -57.00126
   -0.33000E-01   -58.02093
   -0.27000E-01   -59.25670
   -0.21300E-01   -60.28162
   -0.19500E-01   -60.44803
   -0.18900E-01   -60.61990
   -0.18300E-01   -60.79746
   -0.17700E-01   -60.98062
   -0.17100E-01   -61.17038
   -0.16500E-01   -61.36720
   -0.15900E-01   -61.57055
   -0.15300E-01   -61.78264
   -0.14700E-01   -62.00363
   -0.14100E-01   -62.23298
   -0.13500E-01   -62.47324
   -0.12900E-01   -62.72469
   -0.12300E-01   -62.98972
   -0.11700E-01   -63.26847
   -0.11100E-01   -63.56365
   -0.10500E-01   -63.87762
   -0.99000E-02   -64.21361
   -0.93000E-02   -64.57564
   -0.87000E-02   -64.96784
   -0.81000E-02   -65.39423
   -0.75000E-02   -65.85746
   -0.69000E-02   -66.36028
   -0.63000E-02   -66.90480
   -0.57000E-02   -67.49523
   -0.51000E-02   -68.13578
   -0.45000E-02   -68.83284
   -0.39000E-02   -69.59264
   -0.33000E-02   -70.42793
   -0.27000E-02   -71.36441
   -0.21000E-02   -72.38700
   -0.15000E-02   -73.38800
   -0.90000E-03   -74.13777
   -0.30000E-03   -74.43057
    0.30000E-03   -74.18500
    0.90000E-03   -73.45233
    0.15000E-02   -72.45201
    0.21000E-02   -71.43094
    0.27000E-02   -70.49606
    0.33000E-02   -69.66165
    0.39000E-02   -68.90238
    0.45000E-02   -68.20738
    0.51000E-02   -67.56788
    0.57000E-02   -66.97793
    0.63000E-02   -66.43422
    0.69000E-02   -65.93284
    0.75000E-02   -65.47039
    0.81000E-02   -65.04489
    0.87000E-02   -64.65304
    0.93000E-02   -64.29137
    0.99000E-02   -63.95559
    0.10500E-01   -63.64194
    0.11100E-01   -63.34666
    0.11700E-01   -63.06832
    0.12300E-01   -62.80451
    0.12900E-01   -62.55348
    0.13500E-01   -62.31386
    0.14100E-01   -62.08420
    0.14700E-01   -61.86414
    0.15300E-01   -61.65299
    0.15900E-01   -61.44999
    0.16500E-01   -61.25420
    0.17100E-01   -61.06557
    0.17700E-01   -60.88291
    0.18300E-01   -60.70665
    0.18900E-01   -60.53564
    0.19500E-01   -60.36942
    0.21300E-01   -59.34969
    0.27000E-01   -58.12196
    0.33000E-01   -57.11152
    0.39000E-01   -56.24992
    0.45000E-01   -55.50240
    0.51000E-01   -54.83949
    0.57000E-01   -54.24423
    0.63000E-01   -53.70224
    0.69000E-01   -53.20689
    0.75000E-01   -52.75063
    0.81000E-01   -52.32753
    0.87000E-01   -51.93407
    0.93000E-01   -51.56720
    0.99000E-01   -51.22149
    0.10500       -50.89826
    0.11100       -50.59257
    0.11700       -50.30006
    0.12300       -50.02465
    0.12900       -49.76397
    0.13500       -49.51599
    0.14100       -49.27820
    0.14700       -49.05027
    0.15300       -48.82847
    0.15900       -48.61793
    0.16500       -48.41672
    0.17100       -48.22050
    0.17700       -48.03193
    0.18300       -47.85060
    0.18900       -47.67335
    0.19500       -47.50461
    0.20100       -47.34064
    0.20700       -47.18195
    0.21300       -47.02914
    0.22700       -45.90861
    0.34500       -43.70867
    0.49500       -42.39325
    0.64500       -41.46071
    0.79500       -40.73092
    0.94500       -40.11148
     1.0950       -39.56392
     1.2450       -39.08413
     1.3950       -38.66151
     1.5450       -38.27309
     1.6950       -37.92256
     1.8450       -37.59832
     1.9950       -37.28983
     2.1450       -37.00899
     2.2950       -36.76078
     2.4450       -36.51418
     2.5950       -36.31676
     2.7450       -36.12101
     2.8950       -35.93999
     3.0450       -35.78348
     3.1950       -35.63238
     3.3450       -35.47900
     3.4950       -35.35174
     3.6450       -35.23953
     3.7950       -35.13235
     3.9450       -35.02218
     4.0950       -34.92116
     4.2450       -34.83462
     4.3950       -34.74766
     4.5450       -34.66542
     4.6950       -34.59173
     4.8450       -34.51452
     4.9950       -34.44401
     5.1450       -34.37633
     5.2950       -34.31313
     5.4450       -34.25230
     5.5950       -34.18913
     5.7450       -34.12968
     5.8950       -34.07247
     6.0450       -34.01752
     6.1950       -33.96128
     6.3450       -33.90765
     6.4950       -33.85962
     6.6450       -33.80981
     6.7950       -33.76178
     6.9450       -33.71496
     7.0950       -33.66779
     7.2450       -33.61733
     7.3950       -33.57485
     7.5450       -33.53092
     7.6950       -33.48838
     7.8450       -33.44817
     7.9950       -33.40711
     8.1450       -33.36823
     8.2950       -33.33183
     8.4450       -33.29376
     8.5950       -33.25585
     8.7450       -33.21969
     8.8950       -33.18381
     9.0450       -33.14718
     9.1950       -33.11372
     9.3450       -33.07928
     9.4950       -33.04720
     9.6450       -33.01258
     9.7950       -32.97972
     9.9450       -32.94817
     10.095       -32.91723
     10.245       -32.88554
     10.395       -32.85488
     10.545       -32.82412
     10.695       -32.79330
     10.845       -32.76431
     10.995       -32.73507
     11.145       -32.70597
     11.295       -32.67820
     11.445       -32.65028
     11.595       -32.62215
     11.745       -32.59552
     11.895       -32.56742
     12.045       -32.54170
     12.195       -32.51399
     12.345       -32.48806
     12.495       -32.46244
     12.645       -32.43682
     12.795       -32.41109
     12.945       -32.38666
     13.095       -32.36343
     13.245       -32.33952
     13.395       -32.31706
     13.545       -32.29364
     13.695       -32.27030
     13.845       -32.24767
     13.995       -32.22499
     14.145       -32.20306
     14.295       -32.18055
     14.445       -32.15828
     14.595       -32.13642
     14.745       -32.11485
     14.895       -32.09345
     15.045       -32.07281
     15.195       -32.05193
     15.345       -32.03185
     15.495       -32.01177
     15.645       -31.99081
     15.795       -31.97129
     15.945       -31.95120
     16.095       -31.93131
     16.245       -31.91232
     16.395       -31.89328
     16.545       -31.87436
     16.695       -31.85483
     16.845       -31.83645
     16.995       -31.81862
     17.145       -31.80057
     17.295       -31.78263
     17.445       -31.76399
     17.595       -31.74710
     17.745       -31.72874
     17.895       -31.71085
     18.045       -31.69377
     18.195       -31.67662
     18.345       -31.65968
     18.495       -31.64262
     18.645       -31.62502
     18.795       -31.60873
     18.945       -31.59332
     19.095       -31.57762
     19.245       -31.56134
     19.395       -31.54525
     19.545       -31.52860
     19.695       -31.51297
     19.845       -31.49760
     19.995       -31.48131
     20.145       -31.46604
     20.295       -31.45013
     20.445       -31.43337
     20.595       -31.41820
     20.745       -31.40204
     20.895       -31.38735
     21.045       -31.37232
     21.195       -31.35595
     21.345       -31.34143
     21.495       -31.32457
     21.645       -31.30981
     21.795       -31.29588
     21.945       -31.28105
     22.095       -31.26755
     22.245       -31.25348
     22.395       -31.23898
     22.545       -31.22525
     22.695       -31.21176
     22.845       -31.19757
     22.995       -31.18343
     23.145       -31.16977
     23.295       -31.15576
     23.445       -31.14309
     23.595       -31.13030
     23.745       -31.11705
     23.895       -31.10424
     24.045       -31.09072
     24.195       -31.07845
     24.345       -31.06593
     24.495       -31.05338
     24.645       -31.04026
     24.795       -31.02745
     24.945       -31.01459
     25.095       -31.00286
     25.245       -30.99142
     25.395       -30.97875
     25.545       -30.96695
     25.695       -30.95545
     25.845       -30.94369
     25.995       -30.93189
     26.145       -30.91993
     26.295       -30.90844
     26.445       -30.89611
     26.595       -30.88428
     26.745       -30.87303
     26.895       -30.86239
     27.045       -30.85054
     27.195       -30.83938
     27.345       -30.82797
     27.495       -30.81691
     27.645       -30.80552
     27.795       -30.79448
     27.945       -30.78346
     28.095       -30.77236
     28.245       -30.76118
     28.395       -30.75000
     28.545       -30.73871
     28.695       -30.72836
     28.845       -30.71749
     28.995       -30.70660
     29.145       -30.69597
     29.295       -30.68508
     29.445       -30.67435
     29.595       -30.66426
     29.745       -30.65390
     29.895       -30.64293
     30.045       -30.63298
     30.195       -30.62240
     30.345       -30.61210
     30.495       -30.60198
     30.645       -30.59156
     30.795       -30.58181
     30.945       -30.57127
     31.095       -30.56180
     31.245       -30.55232
     31.395       -30.54246
     31.545       -30.53242
     31.695       -30.52268
     31.845       -30.51324
     31.995       -30.50311
     32.145       -30.49347
     32.295       -30.48399
     32.445       -30.47488
     32.595       -30.46465
     32.745       -30.45343
     32.895       -30.44382
     33.045       -30.43433
     33.195       -30.42510
     33.345       -30.41620
     33.495       -30.40685
     33.645       -30.39792
     33.795       -30.38873
     33.945       -30.37956
     34.095       -30.37115
     34.245       -30.36203
     34.395       -30.35304
     34.545       -30.34442
     34.695       -30.33546
     34.845       -30.32665
     34.995       -30.31827
     35.145       -30.30987
     35.295       -30.30098
     35.445       -30.29226
     35.595       -30.28411
     35.745       -30.27551
     35.895       -30.26728
     36.045       -30.25956
     36.195       -30.25025
     36.345       -30.24197
     36.495       -30.23354
     36.645       -30.22522
     36.795       -30.21683
     36.945       -30.20870
     37.095       -30.20002
     37.245       -30.19184
     37.395       -30.18364
     37.545       -30.17556
     37.695       -30.16675
     37.845       -30.15887
     37.995       -30.15068
     38.145       -30.14249
     38.295       -30.13415
     38.445       -30.12650
     38.595       -30.11892
     38.745       -30.11080
     38.895       -30.10254
     39.045       -30.09456
     39.195       -30.08694
     39.345       -30.07931
     39.495       -30.07151
     39.645       -30.06395
     39.795       -30.05619
     39.945       -30.04930
     40.095       -30.04192
     40.245       -30.03435
     40.395       -30.02676
     40.545       -30.01927
     40.695       -30.01156
     40.845       -30.00429
     40.995       -29.99678
     41.145       -29.98954
     41.295       -29.98230
     41.445       -29.97503
     41.595       -29.96736
     41.745       -29.96018
     41.895       -29.95316
     42.045       -29.94629
     42.195       -29.93945
     42.345       -29.93213
     42.495       -29.92488
     42.645       -29.91726
     42.795       -29.91017
     42.945       -29.90328
     43.095       -29.89629
     43.245       -29.88903
     43.395       -29.88204
     43.545       -29.87491
     43.695       -29.86786
     43.845       -29.85996
     43.995       -29.85343
     44.145       -29.84647
     44.295       -29.83964
     44.445       -29.83298
     44.595       -29.82618
     44.745       -29.81953
     44.895       -29.81290
     45.045       -29.80618
     45.195       -29.79999
     45.345       -29.79291
     45.495       -29.78673
     45.645       -29.77998
     45.795       -29.77352
     45.945       -29.76723
     46.095       -29.76048
     46.245       -29.75406
     46.395       -29.74791
     46.545       -29.74114
     46.695       -29.73467
     46.845       -29.72835
     46.995       -29.72167
     47.145       -29.71399
     47.295       -29.70749
     47.445       -29.70137
     47.595       -29.69506
     47.745       -29.68889
     47.895       -29.68231
     48.045       -29.67642
     48.195       -29.67009
     48.345       -29.66365
     48.495       -29.65739
     48.645       -29.65132
     48.795       -29.64527
     48.945       -29.63923
     49.095       -29.63313
     49.245       -29.62727
     49.395       -29.62099
     49.545       -29.61454
     49.695       -29.60868
     49.845       -29.60271
     49.995       -29.59702
     50.145       -29.59099
     50.295       -29.58505
     50.445       -29.57885
     50.595       -29.57289
     50.745       -29.56696
     50.895       -29.56104
     51.045       -29.55539
     51.195       -29.54944
     51.345       -29.54370
     51.495       -29.53795
     51.645       -29.53181
     51.795       -29.52556
     51.945       -29.51979
     52.095       -29.51387
     52.245       -29.50847
     52.395       -29.50276
     52.545       -29.49713
     52.695       -29.49101
     52.845       -29.48535
     52.995       -29.47956
     53.145       -29.47402
     53.295       -29.46868
     53.445       -29.46303
     53.595       -29.45777
     53.745       -29.45237
     53.895       -29.44675
     54.045       -29.44101
     54.195       -29.43561
     54.345       -29.43013
     54.495       -29.42466
     54.645       -29.41931
     54.795       -29.41382
     54.945       -29.40857
     55.095       -29.40297
     59.433       -28.97572
     80.646       -28.35153
     111.21       -27.73998
     153.36       -27.13805
     211.49       -26.55384
     291.64       -25.98720
     402.18       -25.43655
     554.60       -24.90267
     764.80       -24.38243
     1054.7       -23.87490
     1454.4       -23.38349
     2005.6       -22.90259
     2765.8       -22.44181
     3814.0       -21.99249
     5259.5       -21.55654
     7252.9       -21.12991
     10002.       -20.71668
     13793.       -20.31695
     19020.       -19.92839
     26229.       -19.55285
     36170.       -19.19172
     49878.       -18.85032
     68782.       -18.52067
     94851.       -18.20601
    0.13080E+06   -17.90646
    0.18038E+06   -17.61944
    0.24874E+06   -17.34322
    0.34301E+06   -17.08318
    0.47302E+06   -16.83162
    0.65229E+06   -16.59227
    0.89952E+06   -16.36364
    0.12404E+07   -16.14793
    0.17106E+07   -15.94111
    0.23589E+07   -15.74620
    0.32529E+07   -15.55871
    0.44858E+07   -15.38158
    0.61860E+07   -15.21237
    0.85305E+07   -15.05221
    0.11764E+08   -14.89722
    0.16222E+08   -14.75175
    0.22370E+08   -14.61373
    0.30849E+08   -14.48047
    0.42541E+08   -14.35581
    0.58664E+08   -14.23836
    0.80898E+08   -14.13019
    0.11156E+09   -14.02892
    0.15384E+09   -13.93358
    0.21215E+09   -13.84319
    0.29255E+09   -13.75937
    0.40343E+09   -13.67975
    0.55633E+09   -13.60697
    0.76719E+09   -13.54124
    0.10580E+10   -13.48035
    0.14589E+10   -13.42441
    0.20119E+10   -13.37226
    0.27744E+10   -13.32448
    0.38259E+10   -13.28122
    0.52760E+10   -13.24031
    0.72756E+10   -13.20241
    0.10033E+11   -13.16845
    0.13836E+11   -13.13676
    0.19079E+11   -13.10744
    0.26311E+11   -13.08072
    0.36283E+11   -13.05578
    0.50034E+11   -13.03244
    0.68997E+11   -13.01132
    0.10000E+12   -12.75534
