40.380	60.960	34.170
39.260	61.860	34.400
39.110	62.860	33.360
40.320	60.600	33.120
40.500	60.110	34.880
41.320	61.550	34.220
40.020	63.480	33.210
39.020	62.380	32.360
37.990	63.850	33.630
36.790	63.160	33.740
35.760	63.840	34.400
38.250	64.420	34.550
37.900	64.610	32.820
36.000	63.980	35.470
35.610	64.830	33.920
34.450	63.010	34.370
34.650	61.770	35.070
33.430	61.010	35.120
33.560	63.620	34.610
34.320	62.750	33.300
32.620	61.540	35.660
33.110	60.780	34.080
33.740	59.660	35.810
34.080	59.920	37.130
34.380	58.760	37.890
32.810	59.040	35.830
34.460	59.170	35.130
35.120	58.060	37.460
34.840	59.150	38.820
33.510	58.160	38.230
		
		
		
		
		
		
		
		
		
		
		
		
		
		
		
		
		
		
		
		
		
		
		
		
		
		
		
		
		
		
		
		
		
