    -159.95         0.00000
    -159.79         0.00000
    -159.65         0.00000
    -159.49         0.00000
    -159.34         0.00000
    -159.20         0.00000
    -159.04         0.00000
    -158.90         0.00000
    -158.74         0.00000
    -158.59         0.00000
    -158.45         0.00000
    -158.29         0.00000
    -158.15         0.00000
    -157.99         0.00000
    -157.84         0.00000
    -157.70         0.00000
    -157.54         0.00000
    -157.40         0.00000
    -157.24         0.00000
    -157.09         0.00000
    -156.95         0.00000
    -156.79         0.00000
    -156.65         0.00000
    -156.49         0.00000
    -156.34         0.00000
    -156.20         0.00000
    -156.04         0.00000
    -155.90         0.00000
    -155.74         0.00000
    -155.59         0.00000
    -155.45         0.00000
    -155.29         0.00000
    -155.15         0.00000
    -154.99         0.00000
    -154.84         0.00000
    -154.70         0.00000
    -154.54         0.00000
    -154.40         0.00000
    -154.24         0.00000
    -154.09         0.00000
    -153.95         0.00000
    -153.79         0.00000
    -153.65         0.00000
    -153.49         0.00000
    -153.34         0.00000
    -153.20         0.00000
    -153.04         0.00000
    -152.90         0.00000
    -152.74         0.00000
    -152.59         0.00000
    -152.45         0.00000
    -152.29         0.00000
    -152.15         0.00000
    -151.99         0.00000
    -151.84         0.00000
    -151.70         0.00000
    -151.54         0.00000
    -151.40         0.00000
    -151.24         0.00000
    -151.09         0.00000
    -150.95         0.00000
    -150.79         0.00000
    -150.65         0.00000
    -150.49         0.00000
    -150.34         0.00000
    -150.20         0.00000
    -150.04         0.00000
    -149.90         0.00000
    -149.74         0.00000
    -149.59         0.00000
    -149.45         0.00000
    -149.29         0.00000
    -149.15         0.00000
    -148.99         0.00000
    -148.84         0.00000
    -148.70         0.00000
    -148.54         0.00000
    -148.40         0.00000
    -148.24         0.00000
    -148.09         0.00000
    -147.95         0.00000
    -147.79         0.00000
    -147.65         0.00000
    -147.49         0.00000
    -147.34         0.00000
    -147.20         0.00000
    -147.04         0.00000
    -146.90         0.00000
    -146.74         0.00000
    -146.59         0.00000
    -146.45         0.00000
    -146.29         0.00000
    -146.15         0.00000
    -145.99         0.00000
    -145.84         0.00000
    -145.70         0.00000
    -145.54         0.00000
    -145.40         0.00000
    -145.24         0.00000
    -145.09         0.00000
    -144.95         0.00000
    -144.79         0.00000
    -144.65         0.00000
    -144.49         0.00000
    -144.34         0.00000
    -144.20         0.00000
    -144.04         0.00000
    -143.90         0.00000
    -143.74         0.00000
    -143.59         0.00000
    -143.45         0.00000
    -143.29         0.00000
    -143.15         0.00000
    -142.99         0.00000
    -142.84         0.00000
    -142.70         0.00000
    -142.54         0.00000
    -142.40         0.00000
    -142.24         0.00000
    -142.09         0.00000
    -141.95         0.00000
    -141.79         0.00000
    -141.65         0.00000
    -141.49         0.00000
    -141.34         0.00000
    -141.20         0.00000
    -141.04         0.00000
    -140.90         0.00000
    -140.74         0.00000
    -140.59         0.00000
    -140.45         0.00000
    -140.29         0.00000
    -140.15         0.00000
    -139.99         0.00000
    -139.84         0.00000
    -139.70         0.00000
    -139.54         0.00000
    -139.40         0.00000
    -139.24         0.00000
    -139.09         0.00000
    -138.95         0.00000
    -138.79         0.00000
    -138.65         0.00000
    -138.49         0.00000
    -138.34         0.00000
    -138.20         0.00000
    -138.04         0.00000
    -137.90         0.00000
    -137.74         0.00000
    -137.59         0.00000
    -137.45         0.00000
    -137.29         0.00000
    -137.15         0.00000
    -136.99         0.00000
    -136.84         0.00000
    -136.70         0.00000
    -136.54         0.00000
    -136.40         0.00000
    -136.24         0.00000
    -136.09         0.00000
    -135.95         0.00000
    -135.79         0.00000
    -135.65         0.00000
    -135.49         0.00000
    -135.34         0.00000
    -135.20         0.00000
    -135.04         0.00000
    -134.90         0.00000
    -134.74         0.00000
    -134.59         0.00000
    -134.45         0.00000
    -134.29         0.00000
    -134.15         0.00000
    -133.99         0.00000
    -133.84         0.00000
    -133.70         0.00000
    -133.54         0.00000
    -133.40         0.00000
    -133.24         0.00000
    -133.09         0.00000
    -132.95         0.00000
    -132.79         0.00000
    -132.65         0.00000
    -132.49         0.00000
    -132.34         0.00000
    -132.20         0.00000
    -132.04         0.00000
    -131.90         0.00000
    -131.74         0.00000
    -131.59         0.00000
    -131.45         0.00000
    -131.29         0.00000
    -131.15         0.00000
    -130.99         0.00000
    -130.84         0.00000
    -130.70         0.00000
    -130.54         0.00000
    -130.40         0.00000
    -130.24         0.00000
    -130.09         0.00000
    -129.95         0.00000
    -129.79         0.00000
    -129.65         0.00000
    -129.49         0.00000
    -129.34         0.00000
    -129.20         0.00000
    -129.04         0.00000
    -128.90         0.00000
    -128.74         0.00000
    -128.59         0.00000
    -128.45         0.00000
    -128.29         0.00000
    -128.15         0.00000
    -127.99         0.00000
    -127.85         0.00000
    -127.69         0.00000
    -127.55         0.00000
    -127.39         0.00000
    -127.25         0.00000
    -127.10         0.00000
    -126.94         0.00000
    -126.80         0.00000
    -126.64         0.00000
    -126.50         0.00000
    -126.35         0.00000
    -126.19         0.00000
    -126.05         0.00000
    -125.89         0.00000
    -125.75         0.00000
    -125.60         0.00000
    -125.44         0.00000
    -125.30         0.00000
    -125.14         0.00000
    -125.00         0.00000
    -124.85         0.00000
    -124.69         0.00000
    -124.55         0.00000
    -124.39         0.00000
    -124.25         0.00000
    -124.10         0.00000
    -123.94         0.00000
    -123.80         0.00000
    -123.64         0.00000
    -123.50         0.00000
    -123.35         0.00000
    -123.19         0.00000
    -123.05         0.00000
    -122.89         0.00000
    -122.75         0.00000
    -122.60         0.00000
    -122.44         0.00000
    -122.30         0.00000
    -122.14         0.00000
    -122.00         0.00000
    -121.85         0.00000
    -121.69         0.00000
    -121.55         0.00000
    -121.39         0.00000
    -121.25         0.00000
    -121.10         0.00000
    -120.94         0.00000
    -120.80         0.00000
    -120.64         0.00000
    -120.50         0.00000
    -120.35         0.00000
    -120.19         0.00000
    -120.05         0.00000
    -119.89         0.00000
    -119.75         0.00000
    -119.60         0.00000
    -119.44         0.00000
    -119.30         0.00000
    -119.14         0.00000
    -119.00         0.00000
    -118.85         0.00000
    -118.69         0.00000
    -118.55         0.00000
    -118.39         0.00000
    -118.25         0.00000
    -118.10         0.00000
    -117.94         0.00000
    -117.80         0.00000
    -117.64         0.00000
    -117.50         0.00000
    -117.35         0.00000
    -117.19         0.00000
    -117.05         0.00000
    -116.89         0.00000
    -116.75         0.00000
    -116.60         0.00000
    -116.44         0.00000
    -116.30         0.00000
    -116.14         0.00000
    -116.00         0.00000
    -115.85         0.00000
    -115.69         0.00000
    -115.55         0.00000
    -115.39         0.00000
    -115.25         0.00000
    -115.10         0.00000
    -114.94         0.00000
    -114.80         0.00000
    -114.64         0.00000
    -114.50         0.00000
    -114.35         0.00000
    -114.19         0.00000
    -114.05         0.00000
    -113.89         0.00000
    -113.75         0.00000
    -113.60         0.00000
    -113.44         0.00000
    -113.30         0.00000
    -113.14         0.00000
    -113.00         0.00000
    -112.85         0.00000
    -112.69         0.00000
    -112.55         0.00000
    -112.39         0.00000
    -112.25         0.00000
    -112.10         0.00000
    -111.94         0.00000
    -111.80         0.00000
    -111.64         0.00000
    -111.50         0.00000
    -111.35         0.00000
    -111.19         0.00000
    -111.05         0.00000
    -110.89         0.00000
    -110.75         0.00000
    -110.60         0.00000
    -110.44         0.00000
    -110.30         0.00000
    -110.14         0.00000
    -110.00         0.00000
    -109.85         0.00000
    -109.69         0.00000
    -109.55         0.00000
    -109.39         0.00000
    -109.25         0.00000
    -109.10         0.00000
    -108.94         0.00000
    -108.80         0.00000
    -108.64         0.00000
    -108.50         0.00000
    -108.35         0.00000
    -108.19         0.00000
    -108.05         0.00000
    -107.89         0.00000
    -107.75         0.00000
    -107.60         0.00000
    -107.44         0.00000
    -107.30         0.00000
    -107.14         0.00000
    -107.00         0.00000
    -106.85         0.00000
    -106.69         0.00000
    -106.55         0.00000
    -106.39         0.00000
    -106.25         0.00000
    -106.10         0.00000
    -105.94         0.00000
    -105.80         0.00000
    -105.64         0.00000
    -105.50         0.00000
    -105.35         0.00000
    -105.19         0.00000
    -105.05         0.00000
    -104.89         0.00000
    -104.75         0.00000
    -104.60         0.00000
    -104.44         0.00000
    -104.30         0.00000
    -104.14         0.00000
    -104.00         0.00000
    -103.85         0.00000
    -103.69         0.00000
    -103.55         0.00000
    -103.39         0.00000
    -103.25         0.00000
    -103.10         0.00000
    -102.94         0.00000
    -102.80         0.00000
    -102.64         0.00000
    -102.50         0.00000
    -102.35         0.00000
    -102.19         0.00000
    -102.05         0.00000
    -101.89         0.00000
    -101.75         0.00000
    -101.60         0.00000
    -101.44         0.00000
    -101.30         0.00000
    -101.14         0.00000
    -101.00         0.00000
    -100.85         0.00000
    -100.69         0.00000
    -100.55         0.00000
    -100.39         0.00000
    -100.25         0.00000
    -100.10         0.00000
    -99.945         0.00000
    -99.795         0.00000
    -99.645         0.00000
    -99.495         0.00000
    -99.345         0.00000
    -99.195         0.00000
    -99.045         0.00000
    -98.895         0.00000
    -98.745         0.00000
    -98.595         0.00000
    -98.445         0.00000
    -98.295         0.00000
    -98.145         0.00000
    -97.995         0.00000
    -97.845         0.00000
    -97.695         0.00000
    -97.545         0.00000
    -97.395         0.00000
    -97.245         0.00000
    -97.095         0.00000
    -96.945         0.00000
    -96.795         0.00000
    -96.645         0.00000
    -96.495         0.00000
    -96.345         0.00000
    -96.195         0.00000
    -96.045         0.00000
    -95.895         0.00000
    -95.745         0.00000
    -95.595         0.00000
    -95.445         0.00000
    -95.295         0.00000
    -95.145         0.00000
    -94.995         0.00000
    -94.845         0.00000
    -94.695         0.00000
    -94.545         0.00000
    -94.395         0.00000
    -94.245         0.00000
    -94.095         0.00000
    -93.945         0.00000
    -93.795         0.00000
    -93.645         0.00000
    -93.495         0.00000
    -93.345         0.00000
    -93.195         0.00000
    -93.045         0.00000
    -92.895         0.00000
    -92.745         0.00000
    -92.595         0.00000
    -92.445         0.00000
    -92.295         0.00000
    -92.145         0.00000
    -91.995         0.00000
    -91.845         0.00000
    -91.695         0.00000
    -91.545         0.00000
    -91.395         0.00000
    -91.245         0.00000
    -91.095         0.00000
    -90.945         0.00000
    -90.795         0.00000
    -90.645         0.00000
    -90.495         0.00000
    -90.345         0.00000
    -90.195         0.00000
    -90.045         0.00000
    -89.895         0.00000
    -89.745         0.00000
    -89.595         0.00000
    -89.445         0.00000
    -89.295         0.00000
    -89.145         0.00000
    -88.995         0.00000
    -88.845         0.00000
    -88.695         0.00000
    -88.545         0.00000
    -88.395         0.00000
    -88.245         0.00000
    -88.095         0.00000
    -87.945         0.00000
    -87.795         0.00000
    -87.645         0.00000
    -87.495         0.00000
    -87.345         0.00000
    -87.195         0.00000
    -87.045         0.00000
    -86.895         0.00000
    -86.745         0.00000
    -86.595         0.00000
    -86.445         0.00000
    -86.295         0.00000
    -86.145         0.00000
    -85.995         0.00000
    -85.845         0.00000
    -85.695         0.00000
    -85.545         0.00000
    -85.395         0.00000
    -85.245         0.00000
    -85.095         0.00000
    -84.945         0.00000
    -84.795         0.00000
    -84.645         0.00000
    -84.495         0.00000
    -84.345         0.00000
    -84.195         0.00000
    -84.045         0.00000
    -83.895         0.00000
    -83.745         0.00000
    -83.595         0.00000
    -83.445         0.00000
    -83.295         0.00000
    -83.145         0.00000
    -82.995         0.00000
    -82.845         0.00000
    -82.695         0.00000
    -82.545         0.00000
    -82.395         0.00000
    -82.245         0.00000
    -82.095         0.00000
    -81.945         0.00000
    -81.795         0.00000
    -81.645         0.00000
    -81.495         0.00000
    -81.345         0.00000
    -81.195         0.00000
    -81.045         0.00000
    -80.895         0.00000
    -80.745         0.00000
    -80.595         0.00000
    -80.445         0.00000
    -80.295         0.00000
    -80.145         0.00000
    -79.995         0.00000
    -79.845         0.00000
    -79.695         0.00000
    -79.545         0.00000
    -79.395         0.00000
    -79.245         0.00000
    -79.095         0.00000
    -78.945         0.00000
    -78.795         0.00000
    -78.645         0.00000
    -78.495         0.00000
    -78.345         0.00000
    -78.195         0.00000
    -78.045         0.00000
    -77.895         0.00000
    -77.745         0.00000
    -77.595         0.00000
    -77.445         0.00000
    -77.295         0.00000
    -77.145         0.00000
    -76.995         0.00000
    -76.845         0.00000
    -76.695         0.00000
    -76.545         0.00000
    -76.395         0.00000
    -76.245         0.00000
    -76.095         0.00000
    -75.945         0.00000
    -75.795         0.00000
    -75.645         0.00000
    -75.495         0.00000
    -75.345         0.00000
    -75.195         0.00000
    -75.045         0.00000
    -74.895         0.00000
    -74.745         0.00000
    -74.595         0.00000
    -74.445         0.00000
    -74.295         0.00000
    -74.145         0.00000
    -73.995         0.00000
    -73.845         0.00000
    -73.695         0.00000
    -73.545         0.00000
    -73.395         0.00000
    -73.245         0.00000
    -73.095         0.00000
    -72.945         0.00000
    -72.795         0.00000
    -72.645         0.00000
    -72.495         0.00000
    -72.345         0.00000
    -72.195         0.00000
    -72.045         0.00000
    -71.895         0.00000
    -71.745         0.00000
    -71.595         0.00000
    -71.445         0.00000
    -71.295         0.00000
    -71.145         0.00000
    -70.995         0.00000
    -70.845         0.00000
    -70.695         0.00000
    -70.545         0.00000
    -70.395         0.00000
    -70.245         0.00000
    -70.095         0.00000
    -69.945         0.00000
    -69.795         0.00000
    -69.645         0.00000
    -69.495         0.00000
    -69.345         0.00000
    -69.195         0.00000
    -69.045         0.00000
    -68.895         0.00000
    -68.745         0.00000
    -68.595         0.00000
    -68.445         0.00000
    -68.295         0.00000
    -68.145         0.00000
    -67.995         0.00000
    -67.845         0.00000
    -67.695         0.00000
    -67.545         0.00000
    -67.395         0.00000
    -67.245         0.00000
    -67.095         0.00000
    -66.945         0.00000
    -66.795         0.00000
    -66.645         0.00000
    -66.495         0.00000
    -66.345         0.00000
    -66.195         0.00000
    -66.045         0.00000
    -65.895         0.00000
    -65.745         0.00000
    -65.595         0.00000
    -65.445         0.00000
    -65.295         0.00000
    -65.145         0.00000
    -64.995         0.00000
    -64.845         0.00000
    -64.695         0.00000
    -64.545         0.00000
    -64.395         0.00000
    -64.245         0.00000
    -64.095         0.00000
    -63.945         0.00000
    -63.795         0.00000
    -63.645         0.00000
    -63.495         0.00000
    -63.345         0.00000
    -63.195         0.00000
    -63.045         0.00000
    -62.895         0.00000
    -62.745         0.00000
    -62.595         0.00000
    -62.445         0.00000
    -62.295         0.00000
    -62.145         0.00000
    -61.995         0.00000
    -61.845         0.00000
    -61.695         0.00000
    -61.545         0.00000
    -61.395         0.00000
    -61.245         0.00000
    -61.095         0.00000
    -60.945         0.00000
    -60.795         0.00000
    -60.645         0.00000
    -60.495         0.00000
    -60.345         0.00000
    -60.195         0.00000
    -60.045         0.00000
    -59.895         0.00000
    -59.745         0.00000
    -59.595         0.00000
    -59.445         0.00000
    -59.295         0.00000
    -59.145         0.00000
    -58.995         0.00000
    -58.845         0.00000
    -58.695         0.00000
    -58.545         0.00000
    -58.395         0.00000
    -58.245         0.00000
    -58.095         0.00000
    -57.945         0.00000
    -57.795         0.00000
    -57.645         0.00000
    -57.495         0.00000
    -57.345         0.00000
    -57.195         0.00000
    -57.045         0.00000
    -56.895         0.00000
    -56.745         0.00000
    -56.595         0.00000
    -56.445         0.00000
    -56.295         0.00000
    -56.145         0.00000
    -55.995         0.00000
    -55.845         0.00000
    -55.695         0.00000
    -55.545         0.00000
    -55.395         0.00000
    -55.245         0.00000
    -55.095         0.00000
    -54.945         0.00000
    -54.795         0.00000
    -54.645         0.00000
    -54.495         0.00000
    -54.345         0.00000
    -54.195         0.00000
    -54.045         0.00000
    -53.895         0.00000
    -53.745         0.00000
    -53.595         0.00000
    -53.445         0.00000
    -53.295         0.00000
    -53.145         0.00000
    -52.995         0.00000
    -52.845         0.00000
    -52.695         0.00000
    -52.545         0.00000
    -52.395         0.00000
    -52.245         0.00000
    -52.095         0.00000
    -51.945         0.00000
    -51.795         0.00000
    -51.645         0.00000
    -51.495         0.00000
    -51.345         0.00000
    -51.195         0.00000
    -51.045         0.00000
    -50.895         0.00000
    -50.745         0.00000
    -50.595         0.00000
    -50.445         0.00000
    -50.295         0.00000
    -50.145         0.00000
    -49.995         0.00000
    -49.845         0.00000
    -49.695         0.00000
    -49.545         0.00000
    -49.395         0.00000
    -49.245         0.00000
    -49.095         0.00000
    -48.945         0.00000
    -48.795         0.00000
    -48.645         0.00000
    -48.495         0.00000
    -48.345         0.00000
    -48.195         0.00000
    -48.045         0.00000
    -47.895         0.00000
    -47.745         0.00000
    -47.595         0.00000
    -47.445         0.00000
    -47.295         0.00000
    -47.145         0.00000
    -46.995         0.00000
    -46.845         0.00000
    -46.695         0.00000
    -46.545         0.00000
    -46.395         0.00000
    -46.245         0.00000
    -46.095         0.00000
    -45.945         0.00000
    -45.795         0.00000
    -45.645         0.00000
    -45.495         0.00000
    -45.345         0.00000
    -45.195         0.00000
    -45.045         0.00000
    -44.895         0.00000
    -44.745         0.00000
    -44.595         0.00000
    -44.445         0.00000
    -44.295         0.00000
    -44.145         0.00000
    -43.995         0.00000
    -43.845         0.00000
    -43.695         0.00000
    -43.545         0.00000
    -43.395         0.00000
    -43.245         0.00000
    -43.095         0.00000
    -42.945         0.00000
    -42.795         0.00000
    -42.645         0.00000
    -42.495         0.00000
    -42.345         0.00000
    -42.195         0.00000
    -42.045         0.00000
    -41.895         0.00000
    -41.745         0.00000
    -41.595         0.00000
    -41.445         0.00000
    -41.295         0.00000
    -41.145         0.00000
    -40.995         0.00000
    -40.845         0.00000
    -40.695         0.00000
    -40.545         0.00000
    -40.395         0.00000
    -40.245         0.00000
    -40.095         0.00000
    -39.945         0.00000
    -39.795         0.00000
    -39.645         0.00000
    -39.495         0.00000
    -39.345         0.00000
    -39.195         0.00000
    -39.045         0.00000
    -38.895         0.00000
    -38.745         0.00000
    -38.595         0.00000
    -38.445         0.00000
    -38.295         0.00000
    -38.145         0.00000
    -37.995         0.00000
    -37.845         0.00000
    -37.695         0.00000
    -37.545         0.00000
    -37.395         0.00000
    -37.245         0.00000
    -37.095         0.00000
    -36.945         0.00000
    -36.795         0.00000
    -36.645         0.00000
    -36.495         0.00000
    -36.345         0.00000
    -36.195         0.00000
    -36.045         0.00000
    -35.895         0.00000
    -35.745         0.00000
    -35.595         0.00000
    -35.445         0.00000
    -35.295         0.00000
    -35.145         0.00000
    -34.995         0.00000
    -34.845         0.00000
    -34.695         0.00000
    -34.545         0.00000
    -34.395         0.00000
    -34.245         0.00000
    -34.095         0.00000
    -33.945         0.00000
    -33.795         0.00000
    -33.645         0.00000
    -33.495         0.00000
    -33.345         0.00000
    -33.195         0.00000
    -33.045         0.00000
    -32.895         0.00000
    -32.745         0.00000
    -32.595         0.00000
    -32.445         0.00000
    -32.295         0.00000
    -32.145         0.00000
    -31.995         0.00000
    -31.845         0.00000
    -31.695         0.00000
    -31.545         0.00000
    -31.395         0.00000
    -31.245         0.00000
    -31.095         0.00000
    -30.945         0.00000
    -30.795         0.00000
    -30.645         0.00000
    -30.495         0.00000
    -30.345         0.00000
    -30.195         0.00000
    -30.045         0.00000
    -29.895         0.00000
    -29.745         0.00000
    -29.595         0.00000
    -29.445         0.00000
    -29.295         0.00000
    -29.145         0.00000
    -28.995         0.00000
    -28.845         0.00000
    -28.695         0.00000
    -28.545         0.00000
    -28.395         0.00000
    -28.245         0.00000
    -28.095         0.00000
    -27.945         0.00000
    -27.795         0.00000
    -27.645         0.00000
    -27.495         0.00000
    -27.345         0.00000
    -27.195         0.00000
    -27.045         0.00000
    -26.895         0.00000
    -26.745         0.00000
    -26.595         0.00000
    -26.445         0.00000
    -26.295         0.00000
    -26.145         0.00000
    -25.995         0.00000
    -25.845         0.00000
    -25.695         0.00000
    -25.545         0.00000
    -25.395         0.00000
    -25.245         0.00000
    -25.095         0.00000
    -24.945         0.00000
    -24.795         0.00000
    -24.645         0.00000
    -24.495         0.00000
    -24.345         0.00000
    -24.195         0.00000
    -24.045         0.00000
    -23.895         0.00000
    -23.745         0.00000
    -23.595         0.00000
    -23.445         0.00000
    -23.295         0.00000
    -23.145         0.00000
    -22.995         0.00000
    -22.845         0.00000
    -22.695         0.00000
    -22.545         0.00000
    -22.395         0.00000
    -22.245         0.00000
    -22.095         0.00000
    -21.945         0.00000
    -21.795         0.00000
    -21.645         0.00000
    -21.495         0.00000
    -21.345         0.00000
    -21.195         0.00000
    -21.045         0.00000
    -20.895         0.00000
    -20.745         0.00000
    -20.595         0.00000
    -20.445         0.00000
    -20.295         0.00000
    -20.145         0.00000
    -19.995         0.00000
    -19.845         0.00000
    -19.695         0.00000
    -19.545         0.00000
    -19.395         0.00000
    -19.245         0.00000
    -19.095         0.00000
    -18.945         0.00000
    -18.795         0.00000
    -18.645         0.00000
    -18.495         0.00000
    -18.345         0.00000
    -18.195         0.00000
    -18.045         0.00000
    -17.895         0.00000
    -17.745         0.00000
    -17.595         0.00000
    -17.445         0.00000
    -17.295         0.00000
    -17.145         0.00000
    -16.995         0.00000
    -16.845         0.00000
    -16.695         0.00000
    -16.545         0.00000
    -16.395         0.00000
    -16.245         0.00000
    -16.095         0.00000
    -15.945         0.00000
    -15.795         0.00000
    -15.645         0.00000
    -15.495         0.00000
    -15.345         0.00000
    -15.195         0.00000
    -15.045         0.00000
    -14.895         0.00000
    -14.745         0.00000
    -14.595         0.00000
    -14.445         0.00000
    -14.295         0.00000
    -14.145         0.00000
    -13.995         0.00000
    -13.845         0.00000
    -13.695         0.00000
    -13.545         0.00000
    -13.395         0.00000
    -13.245         0.00000
    -13.095         0.00000
    -12.945         0.00000
    -12.795         0.00000
    -12.645         0.00000
    -12.495         0.00000
    -12.345         0.00000
    -12.195         0.00000
    -12.045         0.00000
    -11.895         0.00000
    -11.745         0.00000
    -11.595         0.00000
    -11.445         0.00000
    -11.295         0.00000
    -11.145         0.00000
    -10.995         0.00000
    -10.845         0.00000
    -10.695         0.00000
    -10.545         0.00000
    -10.395         0.00000
    -10.245         0.00000
    -10.095         0.00000
    -9.9450         0.00000
    -9.7950         0.00000
    -9.6450         0.00000
    -9.4950         0.00000
    -9.3450         0.00000
    -9.1950        -0.00015
    -9.0450        -0.00045
    -8.8950        -0.00165
    -8.7450        -0.00378
    -8.5950        -0.00624
    -8.4450        -0.01074
    -8.2950        -0.01623
    -8.1450        -0.02374
    -7.9950        -0.03399
    -7.8450        -0.04804
    -7.6950        -0.06476
    -7.5450        -0.08717
    -7.3950        -0.11607
    -7.2450        -0.16088
    -7.0950        -0.21416
    -6.9450        -0.28006
    -6.7950        -0.36956
    -6.6450        -0.47459
    -6.4950        -0.59767
    -6.3450        -0.73974
    -6.1950        -0.90265
    -6.0450        -1.08106
    -5.8950        -1.28189
    -5.7450        -1.50214
    -5.5950        -1.73580
    -5.4450        -1.98726
    -5.2950        -2.24152
    -5.1450        -2.50462
    -4.9950        -2.76802
    -4.8450        -3.03251
    -4.6950        -3.28951
    -4.5450        -3.53824
    -4.3950        -3.78283
    -4.2450        -4.01996
    -4.0950        -4.24064
    -3.9450        -4.45746
    -3.7950        -4.66601
    -3.6450        -4.87332
    -3.4950        -5.07597
    -3.3450        -5.28033
    -3.1950        -5.48363
    -3.0450        -5.69299
    -2.8950        -5.91212
    -2.7450        -6.14802
    -2.5950        -6.41000
    -2.4450        -6.69406
    -2.2950        -7.01430
    -2.1450        -7.37538
    -1.9950        -7.79441
    -1.8450        -8.29670
    -1.6950        -8.91745
    -1.5450        -9.67805
    -1.3950       -10.62244
    -1.2450       -11.78354
    -1.0950       -13.16003
   -0.94500       -14.70135
   -0.79500       -16.38300
   -0.64500       -18.24242
   -0.49500       -20.40773
   -0.34500       -23.28046
   -0.22700       -24.52755
   -0.21300       -24.69145
   -0.20700       -24.85886
   -0.20100       -25.03108
   -0.19500       -25.20702
   -0.18900       -25.38786
   -0.18300       -25.57252
   -0.17700       -25.76266
   -0.17100       -25.95903
   -0.16500       -26.16122
   -0.15900       -26.36906
   -0.15300       -26.58461
   -0.14700       -26.80669
   -0.14100       -27.03641
   -0.13500       -27.27448
   -0.12900       -27.52243
   -0.12300       -27.78018
   -0.11700       -28.04999
   -0.11100       -28.33147
   -0.10500       -28.62609
   -0.99000E-01   -28.93617
   -0.93000E-01   -29.26422
   -0.87000E-01   -29.61228
   -0.81000E-01   -29.98372
   -0.75000E-01   -30.38133
   -0.69000E-01   -30.81065
   -0.63000E-01   -31.27655
   -0.57000E-01   -31.78867
   -0.51000E-01   -32.35733
   -0.45000E-01   -32.99788
   -0.39000E-01   -33.73485
   -0.33000E-01   -34.60327
   -0.27000E-01   -35.66563
   -0.21300E-01   -36.55206
   -0.19500E-01   -36.69707
   -0.18900E-01   -36.84643
   -0.18300E-01   -37.00038
   -0.17700E-01   -37.15988
   -0.17100E-01   -37.32509
   -0.16500E-01   -37.49616
   -0.15900E-01   -37.67382
   -0.15300E-01   -37.85864
   -0.14700E-01   -38.05088
   -0.14100E-01   -38.25163
   -0.13500E-01   -38.46152
   -0.12900E-01   -38.68158
   -0.12300E-01   -38.91288
   -0.11700E-01   -39.15674
   -0.11100E-01   -39.41472
   -0.10500E-01   -39.68917
   -0.99000E-02   -39.98279
   -0.93000E-02   -40.29928
   -0.87000E-02   -40.64227
   -0.81000E-02   -41.01442
   -0.75000E-02   -41.41906
   -0.69000E-02   -41.86019
   -0.63000E-02   -42.34293
   -0.57000E-02   -42.87231
   -0.51000E-02   -43.45191
   -0.45000E-02   -44.08700
   -0.39000E-02   -44.78442
   -0.33000E-02   -45.55474
   -0.27000E-02   -46.41602
   -0.21000E-02   -47.39336
   -0.15000E-02   -48.42337
   -0.90000E-03   -49.25283
   -0.30000E-03   -49.56874
    0.30000E-03   -49.26070
    0.90000E-03   -48.43940
    0.15000E-02   -47.40961
    0.21000E-02   -46.43277
    0.27000E-02   -45.57196
    0.33000E-02   -44.80247
    0.39000E-02   -44.10614
    0.45000E-02   -43.47191
    0.51000E-02   -42.89323
    0.57000E-02   -42.36504
    0.63000E-02   -41.88268
    0.69000E-02   -41.44257
    0.75000E-02   -41.03876
    0.81000E-02   -40.66751
    0.87000E-02   -40.32515
    0.93000E-02   -40.00892
    0.99000E-02   -39.71597
    0.10500E-01   -39.44212
    0.11100E-01   -39.18464
    0.11700E-01   -38.94115
    0.12300E-01   -38.71040
    0.12900E-01   -38.49091
    0.13500E-01   -38.28178
    0.14100E-01   -38.08157
    0.14700E-01   -37.88988
    0.15300E-01   -37.70575
    0.15900E-01   -37.52876
    0.16500E-01   -37.35834
    0.17100E-01   -37.19361
    0.17700E-01   -37.03482
    0.18300E-01   -36.88120
    0.18900E-01   -36.73236
    0.19500E-01   -36.58825
    0.21300E-01   -35.70667
    0.27000E-01   -34.65114
    0.33000E-01   -33.79001
    0.39000E-01   -33.06063
    0.45000E-01   -32.42814
    0.51000E-01   -31.87156
    0.57000E-01   -31.37311
    0.63000E-01   -30.92373
    0.69000E-01   -30.51506
    0.75000E-01   -30.13942
    0.81000E-01   -29.79356
    0.87000E-01   -29.47199
    0.93000E-01   -29.17334
    0.99000E-01   -28.89413
    0.10500       -28.63226
    0.11100       -28.38520
    0.11700       -28.15182
    0.12300       -27.93010
    0.12900       -27.72020
    0.13500       -27.51998
    0.14100       -27.32831
    0.14700       -27.14557
    0.15300       -26.96997
    0.15900       -26.80208
    0.16500       -26.64054
    0.17100       -26.48470
    0.17700       -26.33491
    0.18300       -26.19009
    0.18900       -26.05046
    0.19500       -25.91568
    0.20100       -25.78525
    0.20700       -25.65957
    0.21300       -25.53792
    0.22700       -24.65645
    0.34500       -22.93969
    0.49500       -21.92674
    0.64500       -21.23077
    0.79500       -20.69430
    0.94500       -20.24272
     1.0950       -19.85172
     1.2450       -19.50410
     1.3950       -19.19273
     1.5450       -18.91589
     1.6950       -18.66436
     1.8450       -18.43953
     1.9950       -18.23484
     2.1450       -18.05481
     2.2950       -17.89399
     2.4450       -17.74735
     2.5950       -17.61788
     2.7450       -17.50207
     2.8950       -17.39886
     3.0450       -17.30516
     3.1950       -17.22087
     3.3450       -17.14068
     3.4950       -17.06740
     3.6450       -17.00169
     3.7950       -16.93993
     3.9450       -16.88407
     4.0950       -16.82996
     4.2450       -16.77758
     4.3950       -16.72685
     4.5450       -16.68038
     4.6950       -16.63608
     4.8450       -16.59371
     4.9950       -16.55281
     5.1450       -16.51319
     5.2950       -16.47537
     5.4450       -16.43812
     5.5950       -16.40183
     5.7450       -16.36603
     5.8950       -16.33181
     6.0450       -16.29906
     6.1950       -16.26715
     6.3450       -16.23657
     6.4950       -16.20592
     6.6450       -16.17541
     6.7950       -16.14611
     6.9450       -16.11761
     7.0950       -16.08902
     7.2450       -16.06230
     7.3950       -16.03557
     7.5450       -16.00940
     7.6950       -15.98395
     7.8450       -15.95907
     7.9950       -15.93437
     8.1450       -15.91014
     8.2950       -15.88582
     8.4450       -15.86244
     8.5950       -15.83985
     8.7450       -15.81748
     8.8950       -15.79562
     9.0450       -15.77356
     9.1950       -15.75223
     9.3450       -15.73119
     9.4950       -15.71054
     9.6450       -15.69045
     9.7950       -15.67063
     9.9450       -15.65064
     10.095       -15.63170
     10.245       -15.61261
     10.395       -15.59389
     10.545       -15.57516
     10.695       -15.55720
     10.845       -15.53940
     10.995       -15.52197
     11.145       -15.50457
     11.295       -15.48735
     11.445       -15.47032
     11.595       -15.45346
     11.745       -15.43700
     11.895       -15.42073
     12.045       -15.40473
     12.195       -15.38907
     12.345       -15.37318
     12.495       -15.35776
     12.645       -15.34275
     12.795       -15.32768
     12.945       -15.31268
     13.095       -15.29796
     13.245       -15.28372
     13.395       -15.26962
     13.545       -15.25525
     13.695       -15.24111
     13.845       -15.22717
     13.995       -15.21317
     14.145       -15.19973
     14.295       -15.18614
     14.445       -15.17281
     14.595       -15.15971
     14.745       -15.14658
     14.895       -15.13373
     15.045       -15.12081
     15.195       -15.10848
     15.345       -15.09588
     15.495       -15.08348
     15.645       -15.07132
     15.795       -15.05937
     15.945       -15.04730
     16.095       -15.03550
     16.245       -15.02361
     16.395       -15.01207
     16.545       -15.00045
     16.695       -14.98916
     16.845       -14.97792
     16.995       -14.96651
     17.145       -14.95531
     17.295       -14.94433
     17.445       -14.93348
     17.595       -14.92275
     17.745       -14.91198
     17.895       -14.90136
     18.045       -14.89072
     18.195       -14.88015
     18.345       -14.86977
     18.495       -14.85941
     18.645       -14.84912
     18.795       -14.83897
     18.945       -14.82880
     19.095       -14.81889
     19.245       -14.80904
     19.395       -14.79928
     19.545       -14.78952
     19.695       -14.77980
     19.845       -14.77051
     19.995       -14.76082
     20.145       -14.75114
     20.295       -14.74187
     20.445       -14.73259
     20.595       -14.72314
     20.745       -14.71378
     20.895       -14.70503
     21.045       -14.69624
     21.195       -14.68728
     21.345       -14.67847
     21.495       -14.66938
     21.645       -14.66071
     21.795       -14.65190
     21.945       -14.64331
     22.095       -14.63476
     22.245       -14.62634
     22.395       -14.61772
     22.545       -14.60916
     22.695       -14.60073
     22.845       -14.59251
     22.995       -14.58443
     23.145       -14.57633
     23.295       -14.56822
     23.445       -14.55983
     23.595       -14.55193
     23.745       -14.54414
     23.895       -14.53630
     24.045       -14.52867
     24.195       -14.52085
     24.345       -14.51305
     24.495       -14.50528
     24.645       -14.49757
     24.795       -14.49002
     24.945       -14.48254
     25.095       -14.47501
     25.245       -14.46775
     25.395       -14.46044
     25.545       -14.45312
     25.695       -14.44555
     25.845       -14.43824
     25.995       -14.43114
     26.145       -14.42401
     26.295       -14.41679
     26.445       -14.40977
     26.595       -14.40254
     26.745       -14.39533
     26.895       -14.38838
     27.045       -14.38118
     27.195       -14.37459
     27.345       -14.36803
     27.495       -14.36081
     27.645       -14.35392
     27.795       -14.34720
     27.945       -14.34037
     28.095       -14.33361
     28.245       -14.32701
     28.395       -14.32040
     28.545       -14.31377
     28.695       -14.30717
     28.845       -14.30081
     28.995       -14.29449
     29.145       -14.28813
     29.295       -14.28186
     29.445       -14.27538
     29.595       -14.26917
     29.745       -14.26279
     29.895       -14.25654
     30.045       -14.25025
     30.195       -14.24423
     30.345       -14.23814
     30.495       -14.23215
     30.645       -14.22599
     30.795       -14.21981
     30.945       -14.21397
     31.095       -14.20792
     31.245       -14.20200
     31.395       -14.19608
     31.545       -14.19027
     31.695       -14.18446
     31.845       -14.17878
     31.995       -14.17302
     32.145       -14.16716
     32.295       -14.16139
     32.445       -14.15588
     32.595       -14.15017
     32.745       -14.14445
     32.895       -14.13873
     33.045       -14.13297
     33.195       -14.12733
     33.345       -14.12178
     33.495       -14.11624
     33.645       -14.11061
     33.795       -14.10521
     33.945       -14.10000
     34.095       -14.09466
     34.245       -14.08929
     34.395       -14.08388
     34.545       -14.07870
     34.695       -14.07357
     34.845       -14.06834
     34.995       -14.06299
     35.145       -14.05781
     35.295       -14.05256
     35.445       -14.04737
     35.595       -14.04222
     35.745       -14.03701
     35.895       -14.03199
     36.045       -14.02686
     36.195       -14.02195
     36.345       -14.01680
     36.495       -14.01170
     36.645       -14.00652
     36.795       -14.00157
     36.945       -13.99672
     37.095       -13.99165
     37.245       -13.98672
     37.395       -13.98169
     37.545       -13.97672
     37.695       -13.97198
     37.845       -13.96722
     37.995       -13.96239
     38.145       -13.95746
     38.295       -13.95274
     38.445       -13.94799
     38.595       -13.94325
     38.745       -13.93859
     38.895       -13.93381
     39.045       -13.92917
     39.195       -13.92467
     39.345       -13.92003
     39.495       -13.91550
     39.645       -13.91086
     39.795       -13.90630
     39.945       -13.90163
     40.095       -13.89717
     40.245       -13.89254
     40.395       -13.88804
     40.545       -13.88365
     40.695       -13.87916
     40.845       -13.87471
     40.995       -13.87029
     41.145       -13.86579
     41.295       -13.86128
     41.445       -13.85700
     41.595       -13.85282
     41.745       -13.84842
     41.895       -13.84397
     42.045       -13.83968
     42.195       -13.83545
     42.345       -13.83116
     42.495       -13.82682
     42.645       -13.82266
     42.795       -13.81829
     42.945       -13.81388
     43.095       -13.80957
     43.245       -13.80540
     43.395       -13.80108
     43.545       -13.79671
     43.695       -13.79249
     43.845       -13.78836
     43.995       -13.78425
     44.145       -13.78026
     44.295       -13.77601
     44.445       -13.77188
     44.595       -13.76778
     44.745       -13.76370
     44.895       -13.75942
     45.045       -13.75525
     45.195       -13.75134
     45.345       -13.74715
     45.495       -13.74318
     45.645       -13.73927
     45.795       -13.73541
     45.945       -13.73168
     46.095       -13.72777
     46.245       -13.72385
     46.395       -13.71982
     46.545       -13.71606
     46.695       -13.71223
     46.845       -13.70831
     46.995       -13.70445
     47.145       -13.70057
     47.295       -13.69683
     47.445       -13.69300
     47.595       -13.68932
     47.745       -13.68555
     47.895       -13.68179
     48.045       -13.67808
     48.195       -13.67437
     48.345       -13.67052
     48.495       -13.66678
     48.645       -13.66318
     48.795       -13.65961
     48.945       -13.65616
     49.095       -13.65258
     49.245       -13.64871
     49.395       -13.64509
     49.545       -13.64140
     49.695       -13.63778
     49.845       -13.63408
     49.995       -13.63060
     50.145       -13.62704
     50.295       -13.62363
     50.445       -13.61996
     50.595       -13.61640
     50.745       -13.61292
     50.895       -13.60936
     51.045       -13.60575
     51.195       -13.60227
     51.345       -13.59886
     51.495       -13.59532
     51.645       -13.59174
     51.795       -13.58823
     51.945       -13.58487
     52.095       -13.58150
     52.245       -13.57815
     52.395       -13.57474
     52.545       -13.57120
     52.695       -13.56786
     52.845       -13.56447
     52.995       -13.56112
     53.145       -13.55782
     53.295       -13.55451
     53.445       -13.55113
     53.595       -13.54783
     53.745       -13.54451
     53.895       -13.54125
     54.045       -13.53786
     54.195       -13.53459
     54.345       -13.53137
     54.495       -13.52798
     54.645       -13.52473
     54.795       -13.52157
     54.945       -13.51825
     55.095       -13.51498
     59.433       -13.26104
     80.646       -12.89023
     111.21       -12.52925
     153.36       -12.17920
     211.49       -11.84165
     291.64       -11.51321
     402.18       -11.19771
     554.60       -10.89230
     764.80       -10.59762
     1054.7       -10.31370
     1454.4       -10.03890
     2005.6        -9.77444
     2765.8        -9.51843
     3814.0        -9.27209
     5259.5        -9.03704
     7252.9        -8.80878
     10002.        -8.58831
     13793.        -8.37449
     19020.        -8.16891
     26229.        -7.97069
     36170.        -7.78267
     49878.        -7.60123
     68782.        -7.42808
     94851.        -7.26334
    0.13080E+06    -7.10457
    0.18038E+06    -6.95421
    0.24874E+06    -6.81025
    0.34301E+06    -6.67334
    0.47302E+06    -6.54342
    0.65229E+06    -6.42059
    0.89952E+06    -6.30207
    0.12404E+07    -6.18959
    0.17106E+07    -6.08299
    0.23589E+07    -5.98078
    0.32529E+07    -5.88408
    0.44858E+07    -5.79199
    0.61860E+07    -5.70417
    0.85305E+07    -5.62014
    0.11764E+08    -5.54043
    0.16222E+08    -5.46484
    0.22370E+08    -5.39295
    0.30849E+08    -5.32442
    0.42541E+08    -5.25933
    0.58664E+08    -5.19774
    0.80898E+08    -5.14034
    0.11156E+09    -5.08632
    0.15384E+09    -5.03602
    0.21215E+09    -4.98894
    0.29255E+09    -4.94520
    0.40343E+09    -4.90347
    0.55633E+09    -4.86466
    0.76719E+09    -4.82989
    0.10580E+10    -4.79755
    0.14589E+10    -4.76796
    0.20119E+10    -4.74053
    0.27744E+10    -4.71524
    0.38259E+10    -4.69251
    0.52760E+10    -4.67146
    0.72756E+10    -4.65192
    0.10033E+11    -4.63361
    0.13836E+11    -4.61670
    0.19079E+11    -4.60126
    0.26311E+11    -4.58724
    0.36283E+11    -4.57431
    0.50034E+11    -4.56234
    0.68997E+11    -4.55112
    0.10000E+12    -4.41660
