    -159.95         0.00000
    -159.79         0.00000
    -159.65         0.00000
    -159.49         0.00000
    -159.34         0.00000
    -159.20         0.00000
    -159.04         0.00000
    -158.90         0.00000
    -158.74         0.00000
    -158.59         0.00000
    -158.45         0.00000
    -158.29         0.00000
    -158.15         0.00000
    -157.99         0.00000
    -157.84         0.00000
    -157.70         0.00000
    -157.54         0.00000
    -157.40         0.00000
    -157.24         0.00000
    -157.09         0.00000
    -156.95         0.00000
    -156.79         0.00000
    -156.65         0.00000
    -156.49         0.00000
    -156.34         0.00000
    -156.20         0.00000
    -156.04         0.00000
    -155.90         0.00000
    -155.74         0.00000
    -155.59         0.00000
    -155.45         0.00000
    -155.29         0.00000
    -155.15         0.00000
    -154.99         0.00000
    -154.84         0.00000
    -154.70         0.00000
    -154.54         0.00000
    -154.40         0.00000
    -154.24         0.00000
    -154.09         0.00000
    -153.95         0.00000
    -153.79         0.00000
    -153.65         0.00000
    -153.49         0.00000
    -153.34         0.00000
    -153.20         0.00000
    -153.04         0.00000
    -152.90         0.00000
    -152.74         0.00000
    -152.59         0.00000
    -152.45         0.00000
    -152.29         0.00000
    -152.15         0.00000
    -151.99         0.00000
    -151.84         0.00000
    -151.70         0.00000
    -151.54         0.00000
    -151.40         0.00000
    -151.24         0.00000
    -151.09         0.00000
    -150.95         0.00000
    -150.79         0.00000
    -150.65         0.00000
    -150.49         0.00000
    -150.34         0.00000
    -150.20         0.00000
    -150.04         0.00000
    -149.90         0.00000
    -149.74         0.00000
    -149.59         0.00000
    -149.45         0.00000
    -149.29         0.00000
    -149.15         0.00000
    -148.99         0.00000
    -148.84         0.00000
    -148.70         0.00000
    -148.54         0.00000
    -148.40         0.00000
    -148.24         0.00000
    -148.09         0.00000
    -147.95         0.00000
    -147.79         0.00000
    -147.65         0.00000
    -147.49         0.00000
    -147.34         0.00000
    -147.20         0.00000
    -147.04         0.00000
    -146.90         0.00000
    -146.74         0.00000
    -146.59         0.00000
    -146.45         0.00000
    -146.29         0.00000
    -146.15         0.00000
    -145.99         0.00000
    -145.84         0.00000
    -145.70         0.00000
    -145.54         0.00000
    -145.40         0.00000
    -145.24         0.00000
    -145.09         0.00000
    -144.95         0.00000
    -144.79         0.00000
    -144.65         0.00000
    -144.49         0.00000
    -144.34         0.00000
    -144.20         0.00000
    -144.04         0.00000
    -143.90         0.00000
    -143.74         0.00000
    -143.59         0.00000
    -143.45         0.00000
    -143.29         0.00000
    -143.15         0.00000
    -142.99         0.00000
    -142.84         0.00000
    -142.70         0.00000
    -142.54         0.00000
    -142.40         0.00000
    -142.24         0.00000
    -142.09         0.00000
    -141.95         0.00000
    -141.79         0.00000
    -141.65         0.00000
    -141.49         0.00000
    -141.34         0.00000
    -141.20         0.00000
    -141.04         0.00000
    -140.90         0.00000
    -140.74         0.00000
    -140.59         0.00000
    -140.45         0.00000
    -140.29         0.00000
    -140.15         0.00000
    -139.99         0.00000
    -139.84         0.00000
    -139.70         0.00000
    -139.54         0.00000
    -139.40         0.00000
    -139.24         0.00000
    -139.09         0.00000
    -138.95         0.00000
    -138.79         0.00000
    -138.65         0.00000
    -138.49         0.00000
    -138.34         0.00000
    -138.20         0.00000
    -138.04         0.00000
    -137.90         0.00000
    -137.74         0.00000
    -137.59         0.00000
    -137.45         0.00000
    -137.29         0.00000
    -137.15         0.00000
    -136.99         0.00000
    -136.84         0.00000
    -136.70         0.00000
    -136.54         0.00000
    -136.40         0.00000
    -136.24         0.00000
    -136.09         0.00000
    -135.95         0.00000
    -135.79         0.00000
    -135.65         0.00000
    -135.49         0.00000
    -135.34         0.00000
    -135.20         0.00000
    -135.04         0.00000
    -134.90         0.00000
    -134.74         0.00000
    -134.59         0.00000
    -134.45         0.00000
    -134.29         0.00000
    -134.15         0.00000
    -133.99         0.00000
    -133.84         0.00000
    -133.70         0.00000
    -133.54         0.00000
    -133.40         0.00000
    -133.24         0.00000
    -133.09         0.00000
    -132.95         0.00000
    -132.79         0.00000
    -132.65         0.00000
    -132.49         0.00000
    -132.34         0.00000
    -132.20         0.00000
    -132.04         0.00000
    -131.90         0.00000
    -131.74         0.00000
    -131.59         0.00000
    -131.45         0.00000
    -131.29         0.00000
    -131.15         0.00000
    -130.99         0.00000
    -130.84         0.00000
    -130.70         0.00000
    -130.54         0.00000
    -130.40         0.00000
    -130.24         0.00000
    -130.09         0.00000
    -129.95         0.00000
    -129.79         0.00000
    -129.65         0.00000
    -129.49         0.00000
    -129.34         0.00000
    -129.20         0.00000
    -129.04         0.00000
    -128.90         0.00000
    -128.74         0.00000
    -128.59         0.00000
    -128.45         0.00000
    -128.29         0.00000
    -128.15         0.00000
    -127.99         0.00000
    -127.85         0.00000
    -127.69         0.00000
    -127.55         0.00000
    -127.39         0.00000
    -127.25         0.00000
    -127.10         0.00000
    -126.94         0.00000
    -126.80         0.00000
    -126.64         0.00000
    -126.50         0.00000
    -126.35         0.00000
    -126.19         0.00000
    -126.05         0.00000
    -125.89         0.00000
    -125.75         0.00000
    -125.60         0.00000
    -125.44         0.00000
    -125.30         0.00000
    -125.14         0.00000
    -125.00         0.00000
    -124.85         0.00000
    -124.69         0.00000
    -124.55         0.00000
    -124.39         0.00000
    -124.25         0.00000
    -124.10         0.00000
    -123.94         0.00000
    -123.80         0.00000
    -123.64         0.00000
    -123.50         0.00000
    -123.35         0.00000
    -123.19         0.00000
    -123.05         0.00000
    -122.89         0.00000
    -122.75         0.00000
    -122.60         0.00000
    -122.44         0.00000
    -122.30         0.00000
    -122.14         0.00000
    -122.00         0.00000
    -121.85         0.00000
    -121.69         0.00000
    -121.55         0.00000
    -121.39         0.00000
    -121.25         0.00000
    -121.10         0.00000
    -120.94         0.00000
    -120.80         0.00000
    -120.64         0.00000
    -120.50         0.00000
    -120.35         0.00000
    -120.19         0.00000
    -120.05         0.00000
    -119.89         0.00000
    -119.75         0.00000
    -119.60         0.00000
    -119.44         0.00000
    -119.30         0.00000
    -119.14         0.00000
    -119.00         0.00000
    -118.85         0.00000
    -118.69         0.00000
    -118.55         0.00000
    -118.39         0.00000
    -118.25         0.00000
    -118.10         0.00000
    -117.94         0.00000
    -117.80         0.00000
    -117.64         0.00000
    -117.50         0.00000
    -117.35         0.00000
    -117.19         0.00000
    -117.05         0.00000
    -116.89         0.00000
    -116.75         0.00000
    -116.60         0.00000
    -116.44         0.00000
    -116.30         0.00000
    -116.14         0.00000
    -116.00         0.00000
    -115.85         0.00000
    -115.69         0.00000
    -115.55         0.00000
    -115.39         0.00000
    -115.25         0.00000
    -115.10         0.00000
    -114.94         0.00000
    -114.80         0.00000
    -114.64         0.00000
    -114.50         0.00000
    -114.35         0.00000
    -114.19         0.00000
    -114.05         0.00000
    -113.89         0.00000
    -113.75         0.00000
    -113.60         0.00000
    -113.44         0.00000
    -113.30         0.00000
    -113.14         0.00000
    -113.00         0.00000
    -112.85         0.00000
    -112.69         0.00000
    -112.55         0.00000
    -112.39         0.00000
    -112.25         0.00000
    -112.10         0.00000
    -111.94         0.00000
    -111.80         0.00000
    -111.64         0.00000
    -111.50         0.00000
    -111.35         0.00000
    -111.19         0.00000
    -111.05         0.00000
    -110.89         0.00000
    -110.75         0.00000
    -110.60         0.00000
    -110.44         0.00000
    -110.30         0.00000
    -110.14         0.00000
    -110.00         0.00000
    -109.85         0.00000
    -109.69         0.00000
    -109.55         0.00000
    -109.39         0.00000
    -109.25         0.00000
    -109.10         0.00000
    -108.94         0.00000
    -108.80         0.00000
    -108.64         0.00000
    -108.50         0.00000
    -108.35         0.00000
    -108.19         0.00000
    -108.05         0.00000
    -107.89         0.00000
    -107.75         0.00000
    -107.60         0.00000
    -107.44         0.00000
    -107.30         0.00000
    -107.14         0.00000
    -107.00         0.00000
    -106.85         0.00000
    -106.69         0.00000
    -106.55         0.00000
    -106.39         0.00000
    -106.25         0.00000
    -106.10         0.00000
    -105.94         0.00000
    -105.80         0.00000
    -105.64         0.00000
    -105.50         0.00000
    -105.35         0.00000
    -105.19         0.00000
    -105.05         0.00000
    -104.89         0.00000
    -104.75         0.00000
    -104.60         0.00000
    -104.44         0.00000
    -104.30         0.00000
    -104.14         0.00000
    -104.00         0.00000
    -103.85         0.00000
    -103.69         0.00000
    -103.55         0.00000
    -103.39         0.00000
    -103.25         0.00000
    -103.10         0.00000
    -102.94         0.00000
    -102.80         0.00000
    -102.64         0.00000
    -102.50         0.00000
    -102.35         0.00000
    -102.19         0.00000
    -102.05         0.00000
    -101.89         0.00000
    -101.75         0.00000
    -101.60         0.00000
    -101.44         0.00000
    -101.30         0.00000
    -101.14         0.00000
    -101.00         0.00000
    -100.85         0.00000
    -100.69         0.00000
    -100.55         0.00000
    -100.39         0.00000
    -100.25         0.00000
    -100.10         0.00000
    -99.945         0.00000
    -99.795         0.00000
    -99.645         0.00000
    -99.495         0.00000
    -99.345         0.00000
    -99.195         0.00000
    -99.045         0.00000
    -98.895         0.00000
    -98.745         0.00000
    -98.595         0.00000
    -98.445         0.00000
    -98.295         0.00000
    -98.145         0.00000
    -97.995         0.00000
    -97.845         0.00000
    -97.695         0.00000
    -97.545         0.00000
    -97.395         0.00000
    -97.245         0.00000
    -97.095         0.00000
    -96.945         0.00000
    -96.795         0.00000
    -96.645         0.00000
    -96.495         0.00000
    -96.345         0.00000
    -96.195         0.00000
    -96.045         0.00000
    -95.895         0.00000
    -95.745         0.00000
    -95.595         0.00000
    -95.445         0.00000
    -95.295         0.00000
    -95.145         0.00000
    -94.995         0.00000
    -94.845         0.00000
    -94.695         0.00000
    -94.545         0.00000
    -94.395         0.00000
    -94.245         0.00000
    -94.095         0.00000
    -93.945         0.00000
    -93.795         0.00000
    -93.645         0.00000
    -93.495         0.00000
    -93.345         0.00000
    -93.195         0.00000
    -93.045         0.00000
    -92.895         0.00000
    -92.745         0.00000
    -92.595         0.00000
    -92.445         0.00000
    -92.295         0.00000
    -92.145         0.00000
    -91.995         0.00000
    -91.845         0.00000
    -91.695         0.00000
    -91.545         0.00000
    -91.395         0.00000
    -91.245         0.00000
    -91.095         0.00000
    -90.945         0.00000
    -90.795         0.00000
    -90.645         0.00000
    -90.495         0.00000
    -90.345         0.00000
    -90.195         0.00000
    -90.045         0.00000
    -89.895         0.00000
    -89.745         0.00000
    -89.595         0.00000
    -89.445         0.00000
    -89.295         0.00000
    -89.145         0.00000
    -88.995         0.00000
    -88.845         0.00000
    -88.695         0.00000
    -88.545         0.00000
    -88.395         0.00000
    -88.245         0.00000
    -88.095         0.00000
    -87.945         0.00000
    -87.795         0.00000
    -87.645         0.00000
    -87.495         0.00000
    -87.345         0.00000
    -87.195         0.00000
    -87.045         0.00000
    -86.895         0.00000
    -86.745         0.00000
    -86.595         0.00000
    -86.445         0.00000
    -86.295         0.00000
    -86.145         0.00000
    -85.995         0.00000
    -85.845         0.00000
    -85.695         0.00000
    -85.545         0.00000
    -85.395         0.00000
    -85.245         0.00000
    -85.095         0.00000
    -84.945         0.00000
    -84.795         0.00000
    -84.645         0.00000
    -84.495         0.00000
    -84.345         0.00000
    -84.195         0.00000
    -84.045         0.00000
    -83.895         0.00000
    -83.745         0.00000
    -83.595         0.00000
    -83.445         0.00000
    -83.295         0.00000
    -83.145         0.00000
    -82.995         0.00000
    -82.845         0.00000
    -82.695         0.00000
    -82.545         0.00000
    -82.395         0.00000
    -82.245         0.00000
    -82.095         0.00000
    -81.945         0.00000
    -81.795         0.00000
    -81.645         0.00000
    -81.495         0.00000
    -81.345         0.00000
    -81.195         0.00000
    -81.045         0.00000
    -80.895         0.00000
    -80.745         0.00000
    -80.595         0.00000
    -80.445         0.00000
    -80.295         0.00000
    -80.145         0.00000
    -79.995         0.00000
    -79.845         0.00000
    -79.695         0.00000
    -79.545         0.00000
    -79.395         0.00000
    -79.245         0.00000
    -79.095         0.00000
    -78.945         0.00000
    -78.795         0.00000
    -78.645         0.00000
    -78.495         0.00000
    -78.345         0.00000
    -78.195         0.00000
    -78.045         0.00000
    -77.895         0.00000
    -77.745         0.00000
    -77.595         0.00000
    -77.445         0.00000
    -77.295         0.00000
    -77.145         0.00000
    -76.995         0.00000
    -76.845         0.00000
    -76.695         0.00000
    -76.545         0.00000
    -76.395         0.00000
    -76.245         0.00000
    -76.095         0.00000
    -75.945         0.00000
    -75.795         0.00000
    -75.645         0.00000
    -75.495         0.00000
    -75.345         0.00000
    -75.195         0.00000
    -75.045         0.00000
    -74.895         0.00000
    -74.745         0.00000
    -74.595         0.00000
    -74.445         0.00000
    -74.295         0.00000
    -74.145         0.00000
    -73.995         0.00000
    -73.845         0.00000
    -73.695         0.00000
    -73.545         0.00000
    -73.395         0.00000
    -73.245         0.00000
    -73.095         0.00000
    -72.945         0.00000
    -72.795         0.00000
    -72.645         0.00000
    -72.495         0.00000
    -72.345         0.00000
    -72.195         0.00000
    -72.045         0.00000
    -71.895         0.00000
    -71.745         0.00000
    -71.595         0.00000
    -71.445         0.00000
    -71.295         0.00000
    -71.145         0.00000
    -70.995         0.00000
    -70.845         0.00000
    -70.695         0.00000
    -70.545         0.00000
    -70.395         0.00000
    -70.245         0.00000
    -70.095         0.00000
    -69.945         0.00000
    -69.795         0.00000
    -69.645         0.00000
    -69.495         0.00000
    -69.345         0.00000
    -69.195         0.00000
    -69.045         0.00000
    -68.895         0.00000
    -68.745         0.00000
    -68.595         0.00000
    -68.445         0.00000
    -68.295         0.00000
    -68.145         0.00000
    -67.995         0.00000
    -67.845         0.00000
    -67.695         0.00000
    -67.545         0.00000
    -67.395         0.00000
    -67.245         0.00000
    -67.095         0.00000
    -66.945         0.00000
    -66.795         0.00000
    -66.645         0.00000
    -66.495         0.00000
    -66.345         0.00000
    -66.195         0.00000
    -66.045         0.00000
    -65.895         0.00000
    -65.745         0.00000
    -65.595         0.00000
    -65.445         0.00000
    -65.295         0.00000
    -65.145         0.00000
    -64.995         0.00000
    -64.845         0.00000
    -64.695         0.00000
    -64.545         0.00000
    -64.395         0.00000
    -64.245         0.00000
    -64.095         0.00000
    -63.945         0.00000
    -63.795         0.00000
    -63.645         0.00000
    -63.495         0.00000
    -63.345         0.00000
    -63.195         0.00000
    -63.045         0.00000
    -62.895         0.00000
    -62.745         0.00000
    -62.595         0.00000
    -62.445         0.00000
    -62.295         0.00000
    -62.145         0.00000
    -61.995         0.00000
    -61.845         0.00000
    -61.695         0.00000
    -61.545         0.00000
    -61.395         0.00000
    -61.245         0.00000
    -61.095         0.00000
    -60.945         0.00000
    -60.795         0.00000
    -60.645         0.00000
    -60.495         0.00000
    -60.345         0.00000
    -60.195         0.00000
    -60.045         0.00000
    -59.895         0.00000
    -59.745         0.00000
    -59.595         0.00000
    -59.445         0.00000
    -59.295         0.00000
    -59.145         0.00000
    -58.995         0.00000
    -58.845         0.00000
    -58.695         0.00000
    -58.545         0.00000
    -58.395         0.00000
    -58.245         0.00000
    -58.095         0.00000
    -57.945         0.00000
    -57.795         0.00000
    -57.645         0.00000
    -57.495         0.00000
    -57.345         0.00000
    -57.195         0.00000
    -57.045         0.00000
    -56.895         0.00000
    -56.745         0.00000
    -56.595         0.00000
    -56.445         0.00000
    -56.295         0.00000
    -56.145         0.00000
    -55.995         0.00000
    -55.845         0.00000
    -55.695         0.00000
    -55.545         0.00000
    -55.395         0.00000
    -55.245         0.00000
    -55.095         0.00000
    -54.945         0.00000
    -54.795         0.00000
    -54.645         0.00000
    -54.495         0.00000
    -54.345         0.00000
    -54.195         0.00000
    -54.045         0.00000
    -53.895         0.00000
    -53.745         0.00000
    -53.595         0.00000
    -53.445         0.00000
    -53.295         0.00000
    -53.145         0.00000
    -52.995         0.00000
    -52.845         0.00000
    -52.695         0.00000
    -52.545         0.00000
    -52.395         0.00000
    -52.245         0.00000
    -52.095         0.00000
    -51.945         0.00000
    -51.795         0.00000
    -51.645         0.00000
    -51.495         0.00000
    -51.345         0.00000
    -51.195         0.00000
    -51.045         0.00000
    -50.895         0.00000
    -50.745         0.00000
    -50.595         0.00000
    -50.445         0.00000
    -50.295         0.00000
    -50.145         0.00000
    -49.995         0.00000
    -49.845         0.00000
    -49.695         0.00000
    -49.545         0.00000
    -49.395         0.00000
    -49.245         0.00000
    -49.095         0.00000
    -48.945         0.00000
    -48.795         0.00000
    -48.645         0.00000
    -48.495         0.00000
    -48.345         0.00000
    -48.195         0.00000
    -48.045         0.00000
    -47.895         0.00000
    -47.745         0.00000
    -47.595         0.00000
    -47.445         0.00000
    -47.295         0.00000
    -47.145         0.00000
    -46.995         0.00000
    -46.845         0.00000
    -46.695         0.00000
    -46.545         0.00000
    -46.395         0.00000
    -46.245         0.00000
    -46.095         0.00000
    -45.945         0.00000
    -45.795         0.00000
    -45.645         0.00000
    -45.495         0.00000
    -45.345         0.00000
    -45.195         0.00000
    -45.045         0.00000
    -44.895         0.00000
    -44.745         0.00000
    -44.595         0.00000
    -44.445         0.00000
    -44.295         0.00000
    -44.145         0.00000
    -43.995         0.00000
    -43.845         0.00000
    -43.695         0.00000
    -43.545         0.00000
    -43.395         0.00000
    -43.245         0.00000
    -43.095         0.00000
    -42.945         0.00000
    -42.795         0.00000
    -42.645         0.00000
    -42.495         0.00000
    -42.345         0.00000
    -42.195         0.00000
    -42.045         0.00000
    -41.895         0.00000
    -41.745         0.00000
    -41.595         0.00000
    -41.445         0.00000
    -41.295         0.00000
    -41.145         0.00000
    -40.995         0.00000
    -40.845         0.00000
    -40.695         0.00000
    -40.545         0.00000
    -40.395         0.00000
    -40.245         0.00000
    -40.095         0.00000
    -39.945         0.00000
    -39.795         0.00000
    -39.645         0.00000
    -39.495         0.00000
    -39.345         0.00000
    -39.195         0.00000
    -39.045         0.00000
    -38.895         0.00000
    -38.745         0.00000
    -38.595         0.00000
    -38.445         0.00000
    -38.295         0.00000
    -38.145         0.00000
    -37.995         0.00000
    -37.845         0.00000
    -37.695         0.00000
    -37.545         0.00000
    -37.395         0.00000
    -37.245         0.00000
    -37.095         0.00000
    -36.945         0.00000
    -36.795         0.00000
    -36.645         0.00000
    -36.495         0.00000
    -36.345         0.00000
    -36.195         0.00000
    -36.045         0.00000
    -35.895         0.00000
    -35.745         0.00000
    -35.595         0.00000
    -35.445         0.00000
    -35.295         0.00000
    -35.145         0.00000
    -34.995         0.00000
    -34.845         0.00000
    -34.695         0.00000
    -34.545         0.00000
    -34.395         0.00000
    -34.245         0.00000
    -34.095         0.00000
    -33.945         0.00000
    -33.795         0.00000
    -33.645         0.00000
    -33.495         0.00000
    -33.345         0.00000
    -33.195         0.00000
    -33.045         0.00000
    -32.895         0.00000
    -32.745         0.00000
    -32.595         0.00000
    -32.445         0.00000
    -32.295         0.00000
    -32.145         0.00000
    -31.995         0.00000
    -31.845         0.00000
    -31.695         0.00000
    -31.545         0.00000
    -31.395         0.00000
    -31.245         0.00000
    -31.095         0.00000
    -30.945         0.00000
    -30.795         0.00000
    -30.645         0.00000
    -30.495         0.00000
    -30.345         0.00000
    -30.195         0.00000
    -30.045         0.00000
    -29.895         0.00000
    -29.745         0.00000
    -29.595         0.00000
    -29.445         0.00000
    -29.295         0.00000
    -29.145         0.00000
    -28.995         0.00000
    -28.845         0.00000
    -28.695         0.00000
    -28.545         0.00000
    -28.395         0.00000
    -28.245         0.00000
    -28.095         0.00000
    -27.945         0.00000
    -27.795         0.00000
    -27.645         0.00000
    -27.495         0.00000
    -27.345         0.00000
    -27.195         0.00000
    -27.045         0.00000
    -26.895         0.00000
    -26.745         0.00000
    -26.595         0.00000
    -26.445         0.00000
    -26.295         0.00000
    -26.145         0.00000
    -25.995         0.00000
    -25.845         0.00000
    -25.695         0.00000
    -25.545         0.00000
    -25.395         0.00000
    -25.245         0.00000
    -25.095         0.00000
    -24.945         0.00000
    -24.795         0.00000
    -24.645         0.00000
    -24.495         0.00000
    -24.345         0.00000
    -24.195         0.00000
    -24.045         0.00000
    -23.895         0.00000
    -23.745         0.00000
    -23.595         0.00000
    -23.445         0.00000
    -23.295         0.00000
    -23.145         0.00000
    -22.995         0.00000
    -22.845         0.00000
    -22.695         0.00000
    -22.545         0.00000
    -22.395         0.00000
    -22.245         0.00000
    -22.095         0.00000
    -21.945         0.00000
    -21.795         0.00000
    -21.645         0.00000
    -21.495         0.00000
    -21.345         0.00000
    -21.195         0.00000
    -21.045         0.00000
    -20.895         0.00000
    -20.745         0.00000
    -20.595         0.00000
    -20.445         0.00000
    -20.295         0.00000
    -20.145         0.00000
    -19.995         0.00000
    -19.845         0.00000
    -19.695         0.00000
    -19.545         0.00000
    -19.395         0.00000
    -19.245         0.00000
    -19.095         0.00000
    -18.945         0.00000
    -18.795         0.00000
    -18.645         0.00000
    -18.495         0.00000
    -18.345         0.00000
    -18.195         0.00000
    -18.045         0.00000
    -17.895         0.00000
    -17.745         0.00000
    -17.595         0.00000
    -17.445         0.00000
    -17.295         0.00000
    -17.145         0.00000
    -16.995         0.00000
    -16.845         0.00000
    -16.695         0.00000
    -16.545         0.00000
    -16.395         0.00000
    -16.245         0.00000
    -16.095         0.00000
    -15.945         0.00000
    -15.795         0.00000
    -15.645         0.00000
    -15.495         0.00000
    -15.345         0.00000
    -15.195         0.00000
    -15.045         0.00000
    -14.895         0.00000
    -14.745        -0.00336
    -14.595        -0.01677
    -14.445        -0.03821
    -14.295        -0.08249
    -14.145        -0.15690
    -13.995        -0.26508
    -13.845        -0.39496
    -13.695        -0.56468
    -13.545        -0.72221
    -13.395        -0.89245
    -13.245        -1.08424
    -13.095        -1.28061
    -12.945        -1.46800
    -12.795        -1.67542
    -12.645        -1.91362
    -12.495        -2.15774
    -12.345        -2.45564
    -12.195        -2.73268
    -12.045        -3.02290
    -11.895        -3.29879
    -11.745        -3.57948
    -11.595        -3.89148
    -11.445        -4.14730
    -11.295        -4.46318
    -11.145        -4.77202
    -10.995        -5.14581
    -10.845        -5.55921
    -10.695        -6.01930
    -10.545        -6.48286
    -10.395        -6.94293
    -10.245        -7.42087
    -10.095        -7.87126
    -9.9450        -8.31466
    -9.7950        -8.73805
    -9.6450        -9.11045
    -9.4950        -9.48473
    -9.3450        -9.86682
    -9.1950       -10.17154
    -9.0450       -10.49407
    -8.8950       -10.82357
    -8.7450       -11.16029
    -8.5950       -11.50573
    -8.4450       -11.83121
    -8.2950       -12.21912
    -8.1450       -12.61135
    -7.9950       -12.98264
    -7.8450       -13.40538
    -7.6950       -13.89302
    -7.5450       -14.35979
    -7.3950       -14.85476
    -7.2450       -15.38825
    -7.0950       -15.92968
    -6.9450       -16.46977
    -6.7950       -17.05155
    -6.6450       -17.62177
    -6.4950       -18.20631
    -6.3450       -18.79619
    -6.1950       -19.39249
    -6.0450       -19.96417
    -5.8950       -20.53351
    -5.7450       -21.13272
    -5.5950       -21.71294
    -5.4450       -22.28555
    -5.2950       -22.86397
    -5.1450       -23.42759
    -4.9950       -24.01717
    -4.8450       -24.60571
    -4.6950       -25.18543
    -4.5450       -25.78693
    -4.3950       -26.39006
    -4.2450       -27.01053
    -4.0950       -27.64137
    -3.9450       -28.29423
    -3.7950       -28.98049
    -3.6450       -29.68761
    -3.4950       -30.44915
    -3.3450       -31.20364
    -3.1950       -32.00474
    -3.0450       -32.85581
    -2.8950       -33.73606
    -2.7450       -34.66771
    -2.5950       -35.67666
    -2.4450       -36.77893
    -2.2950       -37.96600
    -2.1450       -39.28683
    -1.9950       -40.82964
    -1.8450       -42.57360
    -1.6950       -44.58200
    -1.5450       -46.92387
    -1.3950       -49.59751
    -1.2450       -52.62188
    -1.0950       -55.94815
   -0.94500       -59.48808
   -0.79500       -63.24117
   -0.64500       -67.24391
   -0.49500       -71.67296
   -0.34500       -77.13472
   -0.22700       -79.33944
   -0.21300       -79.62392
   -0.20700       -79.91066
   -0.20100       -80.20270
   -0.19500       -80.50407
   -0.18900       -80.80936
   -0.18300       -81.11716
   -0.17700       -81.43272
   -0.17100       -81.75736
   -0.16500       -82.08826
   -0.15900       -82.42235
   -0.15300       -82.76587
   -0.14700       -83.11701
   -0.14100       -83.47931
   -0.13500       -83.84650
   -0.12900       -84.22729
   -0.12300       -84.62054
   -0.11700       -85.02391
   -0.11100       -85.44195
   -0.10500       -85.87434
   -0.99000E-01   -86.32674
   -0.93000E-01   -86.79835
   -0.87000E-01   -87.28595
   -0.81000E-01   -87.79987
   -0.75000E-01   -88.34117
   -0.69000E-01   -88.91458
   -0.63000E-01   -89.52380
   -0.57000E-01   -90.17882
   -0.51000E-01   -90.89016
   -0.45000E-01   -91.66796
   -0.39000E-01   -92.53304
   -0.33000E-01   -93.52006
   -0.27000E-01   -94.67579
   -0.21300E-01   -95.60251
   -0.19500E-01   -95.75134
   -0.18900E-01   -95.90337
   -0.18300E-01   -96.05915
   -0.17700E-01   -96.21986
   -0.17100E-01   -96.38459
   -0.16500E-01   -96.55463
   -0.15900E-01   -96.73003
   -0.15300E-01   -96.91052
   -0.14700E-01   -97.09708
   -0.14100E-01   -97.29066
   -0.13500E-01   -97.49069
   -0.12900E-01   -97.69915
   -0.12300E-01   -97.91560
   -0.11700E-01   -98.14142
   -0.11100E-01   -98.37719
   -0.10500E-01   -98.62430
   -0.99000E-02   -98.88518
   -0.93000E-02   -99.16029
   -0.87000E-02   -99.45208
   -0.81000E-02   -99.76325
   -0.75000E-02  -100.09719
   -0.69000E-02  -100.45989
   -0.63000E-02  -100.85921
   -0.57000E-02  -101.30378
   -0.51000E-02  -101.80263
   -0.45000E-02  -102.36254
   -0.39000E-02  -102.98905
   -0.33000E-02  -103.68877
   -0.27000E-02  -104.47119
   -0.21000E-02  -105.34687
   -0.15000E-02  -106.30421
   -0.90000E-03  -107.16440
   -0.30000E-03  -107.52774
    0.30000E-03  -107.16481
    0.90000E-03  -106.31052
    0.15000E-02  -105.35774
    0.21000E-02  -104.48411
    0.27000E-02  -103.70190
    0.33000E-02  -103.00370
    0.39000E-02  -102.37839
    0.45000E-02  -101.82010
    0.51000E-02  -101.32278
    0.57000E-02  -100.87937
    0.63000E-02  -100.48101
    0.69000E-02  -100.11853
    0.75000E-02   -99.78443
    0.81000E-02   -99.47378
    0.87000E-02   -99.18236
    0.93000E-02   -98.90787
    0.99000E-02   -98.64786
    0.10500E-01   -98.40064
    0.11100E-01   -98.16576
    0.11700E-01   -97.94079
    0.12300E-01   -97.72450
    0.12900E-01   -97.51647
    0.13500E-01   -97.31673
    0.14100E-01   -97.12424
    0.14700E-01   -96.93813
    0.15300E-01   -96.75852
    0.15900E-01   -96.58478
    0.16500E-01   -96.41566
    0.17100E-01   -96.25191
    0.17700E-01   -96.09255
    0.18300E-01   -95.93742
    0.18900E-01   -95.78656
    0.19500E-01   -95.63976
    0.21300E-01   -94.71849
    0.27000E-01   -93.57352
    0.33000E-01   -92.60048
    0.39000E-01   -91.75356
    0.45000E-01   -91.00465
    0.51000E-01   -90.32899
    0.57000E-01   -89.71743
    0.63000E-01   -89.15569
    0.69000E-01   -88.63657
    0.75000E-01   -88.15238
    0.81000E-01   -87.70254
    0.87000E-01   -87.27945
    0.93000E-01   -86.88107
    0.99000E-01   -86.50221
    0.10500       -86.14278
    0.11100       -85.80005
    0.11700       -85.47526
    0.12300       -85.16291
    0.12900       -84.86573
    0.13500       -84.57995
    0.14100       -84.30738
    0.14700       -84.04318
    0.15300       -83.78759
    0.15900       -83.53902
    0.16500       -83.29983
    0.17100       -83.06996
    0.17700       -82.84813
    0.18300       -82.63310
    0.18900       -82.42439
    0.19500       -82.22109
    0.20100       -82.02621
    0.20700       -81.83558
    0.21300       -81.65242
    0.22700       -80.29798
    0.34500       -77.46432
    0.49500       -75.67188
    0.64500       -74.37429
    0.79500       -73.33011
    0.94500       -72.42614
     1.0950       -71.63487
     1.2450       -70.91125
     1.3950       -70.25157
     1.5450       -69.65009
     1.6950       -69.10000
     1.8450       -68.57527
     1.9950       -68.10948
     2.1450       -67.68008
     2.2950       -67.28997
     2.4450       -66.91814
     2.5950       -66.58358
     2.7450       -66.28505
     2.8950       -66.01378
     3.0450       -65.76735
     3.1950       -65.55017
     3.3450       -65.34931
     3.4950       -65.14807
     3.6450       -64.96406
     3.7950       -64.79758
     3.9450       -64.63806
     4.0950       -64.48073
     4.2450       -64.33541
     4.3950       -64.20382
     4.5450       -64.08016
     4.6950       -63.95995
     4.8450       -63.84071
     4.9950       -63.73277
     5.1450       -63.62368
     5.2950       -63.51999
     5.4450       -63.42464
     5.5950       -63.33074
     5.7450       -63.23826
     5.8950       -63.14673
     6.0450       -63.05718
     6.1950       -62.96755
     6.3450       -62.88301
     6.4950       -62.80116
     6.6450       -62.72028
     6.7950       -62.64071
     6.9450       -62.56287
     7.0950       -62.48877
     7.2450       -62.41496
     7.3950       -62.34281
     7.5450       -62.27404
     7.6950       -62.20556
     7.8450       -62.13807
     7.9950       -62.07000
     8.1450       -62.00484
     8.2950       -61.93948
     8.4450       -61.87677
     8.5950       -61.81538
     8.7450       -61.75411
     8.8950       -61.69520
     9.0450       -61.63575
     9.1950       -61.57782
     9.3450       -61.52216
     9.4950       -61.46700
     9.6450       -61.41165
     9.7950       -61.35716
     9.9450       -61.30222
     10.095       -61.24729
     10.245       -61.19630
     10.395       -61.14528
     10.545       -61.09489
     10.695       -61.04563
     10.845       -60.99677
     10.995       -60.94850
     11.145       -60.90083
     11.295       -60.85344
     11.445       -60.80745
     11.595       -60.76055
     11.745       -60.71431
     11.895       -60.67126
     12.045       -60.62699
     12.195       -60.58271
     12.345       -60.53820
     12.495       -60.49603
     12.645       -60.45366
     12.795       -60.40997
     12.945       -60.36893
     13.095       -60.32837
     13.245       -60.28670
     13.395       -60.24582
     13.545       -60.20636
     13.695       -60.16655
     13.845       -60.12638
     13.995       -60.08821
     14.145       -60.05055
     14.295       -60.01267
     14.445       -59.97477
     14.595       -59.93723
     14.745       -59.89883
     14.895       -59.86323
     15.045       -59.82796
     15.195       -59.79213
     15.345       -59.75551
     15.495       -59.72029
     15.645       -59.68521
     15.795       -59.65172
     15.945       -59.61783
     16.095       -59.58354
     16.245       -59.55008
     16.395       -59.51655
     16.545       -59.48408
     16.695       -59.45149
     16.845       -59.41985
     16.995       -59.38786
     17.145       -59.35548
     17.295       -59.32455
     17.445       -59.29293
     17.595       -59.26312
     17.745       -59.23137
     17.895       -59.20124
     18.045       -59.17181
     18.195       -59.14137
     18.345       -59.11284
     18.495       -59.08394
     18.645       -59.05455
     18.795       -59.02557
     18.945       -58.99642
     19.095       -58.96814
     19.245       -58.94022
     19.395       -58.91220
     19.545       -58.88421
     19.695       -58.85680
     19.845       -58.82877
     19.995       -58.80071
     20.145       -58.77457
     20.295       -58.74760
     20.445       -58.72128
     20.595       -58.69459
     20.745       -58.66848
     20.895       -58.64337
     21.045       -58.61766
     21.195       -58.59274
     21.345       -58.56813
     21.495       -58.54284
     21.645       -58.51841
     21.795       -58.49360
     21.945       -58.46886
     22.095       -58.44474
     22.245       -58.41993
     22.395       -58.39639
     22.545       -58.37226
     22.695       -58.34807
     22.845       -58.32391
     22.995       -58.30106
     23.145       -58.27753
     23.295       -58.25443
     23.445       -58.23070
     23.595       -58.20758
     23.745       -58.18363
     23.895       -58.16106
     24.045       -58.13799
     24.195       -58.11684
     24.345       -58.09494
     24.495       -58.07274
     24.645       -58.05081
     24.795       -58.02861
     24.945       -58.00642
     25.095       -57.98389
     25.245       -57.96260
     25.395       -57.94099
     25.545       -57.91969
     25.695       -57.89904
     25.845       -57.87772
     25.995       -57.85695
     26.145       -57.83675
     26.295       -57.81577
     26.445       -57.79518
     26.595       -57.77448
     26.745       -57.75461
     26.895       -57.73419
     27.045       -57.71484
     27.195       -57.69560
     27.345       -57.67607
     27.495       -57.65607
     27.645       -57.63635
     27.795       -57.61635
     27.945       -57.59646
     28.095       -57.57734
     28.245       -57.55809
     28.395       -57.53953
     28.545       -57.52017
     28.695       -57.50137
     28.845       -57.48257
     28.995       -57.46400
     29.145       -57.44583
     29.295       -57.42804
     29.445       -57.40995
     29.595       -57.39138
     29.745       -57.37261
     29.895       -57.35434
     30.045       -57.33652
     30.195       -57.31837
     30.345       -57.29996
     30.495       -57.28197
     30.645       -57.26401
     30.795       -57.24588
     30.945       -57.22866
     31.095       -57.21080
     31.245       -57.19324
     31.395       -57.17541
     31.545       -57.15871
     31.695       -57.14184
     31.845       -57.12457
     31.995       -57.10766
     32.145       -57.09101
     32.295       -57.07451
     32.445       -57.05789
     32.595       -57.04169
     32.745       -57.02481
     32.895       -57.00859
     33.045       -56.99267
     33.195       -56.97645
     33.345       -56.96047
     33.495       -56.94406
     33.645       -56.92796
     33.795       -56.91184
     33.945       -56.89549
     34.095       -56.87980
     34.245       -56.86376
     34.395       -56.84718
     34.545       -56.83154
     34.695       -56.81604
     34.845       -56.80159
     34.995       -56.78625
     35.145       -56.77112
     35.295       -56.75651
     35.445       -56.74111
     35.595       -56.72572
     35.745       -56.71020
     35.895       -56.69481
     36.045       -56.67955
     36.195       -56.66401
     36.345       -56.64989
     36.495       -56.63537
     36.645       -56.62033
     36.795       -56.60570
     36.945       -56.59097
     37.095       -56.57654
     37.245       -56.56125
     37.395       -56.54642
     37.545       -56.53221
     37.695       -56.51793
     37.845       -56.50332
     37.995       -56.48923
     38.145       -56.47497
     38.295       -56.46061
     38.445       -56.44600
     38.595       -56.43179
     38.745       -56.41782
     38.895       -56.40391
     39.045       -56.39001
     39.195       -56.37647
     39.345       -56.36216
     39.495       -56.34810
     39.645       -56.33397
     39.795       -56.32023
     39.945       -56.30679
     40.095       -56.29320
     40.245       -56.27994
     40.395       -56.26700
     40.545       -56.25387
     40.695       -56.24011
     40.845       -56.22667
     40.995       -56.21356
     41.145       -56.20070
     41.295       -56.18746
     41.445       -56.17434
     41.595       -56.16071
     41.745       -56.14749
     41.895       -56.13546
     42.045       -56.12238
     42.195       -56.10938
     42.345       -56.09646
     42.495       -56.08377
     42.645       -56.07163
     42.795       -56.05919
     42.945       -56.04648
     43.095       -56.03402
     43.245       -56.02206
     43.395       -56.00967
     43.545       -55.99759
     43.695       -55.98555
     43.845       -55.97293
     43.995       -55.96122
     44.145       -55.94924
     44.295       -55.93686
     44.445       -55.92487
     44.595       -55.91308
     44.745       -55.90090
     44.895       -55.88885
     45.045       -55.87695
     45.195       -55.86438
     45.345       -55.85215
     45.495       -55.84060
     45.645       -55.82849
     45.795       -55.81669
     45.945       -55.80490
     46.095       -55.79296
     46.245       -55.78128
     46.395       -55.76977
     46.545       -55.75840
     46.695       -55.74653
     46.845       -55.73480
     46.995       -55.72382
     47.145       -55.71281
     47.295       -55.70158
     47.445       -55.69024
     47.595       -55.67882
     47.745       -55.66800
     47.895       -55.65699
     48.045       -55.64567
     48.195       -55.63439
     48.345       -55.62250
     48.495       -55.61145
     48.645       -55.60074
     48.795       -55.58964
     48.945       -55.57866
     49.095       -55.56779
     49.245       -55.55765
     49.395       -55.54664
     49.545       -55.53551
     49.695       -55.52424
     49.845       -55.51356
     49.995       -55.50320
     50.145       -55.49250
     50.295       -55.48216
     50.445       -55.47137
     50.595       -55.46068
     50.745       -55.45027
     50.895       -55.43931
     51.045       -55.42846
     51.195       -55.41859
     51.345       -55.40743
     51.495       -55.39708
     51.645       -55.38660
     51.795       -55.37565
     51.945       -55.36516
     52.095       -55.35512
     52.245       -55.34471
     52.395       -55.33469
     52.545       -55.32465
     52.695       -55.31445
     52.845       -55.30459
     52.995       -55.29445
     53.145       -55.28420
     53.295       -55.27400
     53.445       -55.26417
     53.595       -55.25467
     53.745       -55.24442
     53.895       -55.23448
     54.045       -55.22483
     54.195       -55.21478
     54.345       -55.20512
     54.495       -55.19525
     54.645       -55.18546
     54.795       -55.17523
     54.945       -55.16520
     55.095       -55.15570
     59.433       -54.38810
     80.646       -53.26142
     111.21       -52.14956
     153.36       -51.05514
     211.49       -49.98875
     291.64       -48.93986
     402.18       -47.91052
     554.60       -46.90160
     764.80       -45.91273
     1054.7       -44.95539
     1454.4       -44.02482
     2005.6       -43.12702
     2765.8       -42.25518
     3814.0       -41.40487
     5259.5       -40.57697
     7252.9       -39.77474
     10002.       -38.99332
     13793.       -38.23421
     19020.       -37.49900
     26229.       -36.78591
     36170.       -36.09705
     49878.       -35.43862
     68782.       -34.80330
     94851.       -34.19509
    0.13080E+06   -33.61334
    0.18038E+06   -33.05657
    0.24874E+06   -32.52249
    0.34301E+06   -32.01498
    0.47302E+06   -31.53097
    0.65229E+06   -31.06996
    0.89952E+06   -30.62974
    0.12404E+07   -30.21108
    0.17106E+07   -29.80993
    0.23589E+07   -29.42956
    0.32529E+07   -29.06666
    0.44858E+07   -28.72173
    0.61860E+07   -28.39296
    0.85305E+07   -28.07942
    0.11764E+08   -27.78172
    0.16222E+08   -27.49722
    0.22370E+08   -27.22724
    0.30849E+08   -26.96779
    0.42541E+08   -26.72316
    0.58664E+08   -26.49469
    0.80898E+08   -26.28136
    0.11156E+09   -26.08161
    0.15384E+09   -25.89588
    0.21215E+09   -25.72331
    0.29255E+09   -25.55978
    0.40343E+09   -25.40611
    0.55633E+09   -25.26413
    0.76719E+09   -25.13525
    0.10580E+10   -25.01932
    0.14589E+10   -24.91065
    0.20119E+10   -24.81108
    0.27744E+10   -24.71941
    0.38259E+10   -24.63398
    0.52760E+10   -24.55601
    0.72756E+10   -24.48356
    0.10033E+11   -24.41692
    0.13836E+11   -24.35504
    0.19079E+11   -24.29730
    0.26311E+11   -24.24433
    0.36283E+11   -24.19617
    0.50034E+11   -24.15197
    0.68997E+11   -24.11045
    0.10000E+12   -23.61679
