    -159.95         0.00000
    -159.79         0.00000
    -159.65         0.00000
    -159.49         0.00000
    -159.34         0.00000
    -159.20         0.00000
    -159.04         0.00000
    -158.90         0.00000
    -158.74         0.00000
    -158.59         0.00000
    -158.45         0.00000
    -158.29         0.00000
    -158.15         0.00000
    -157.99         0.00000
    -157.84         0.00000
    -157.70         0.00000
    -157.54         0.00000
    -157.40         0.00000
    -157.24         0.00000
    -157.09         0.00000
    -156.95         0.00000
    -156.79         0.00000
    -156.65         0.00000
    -156.49         0.00000
    -156.34         0.00000
    -156.20         0.00000
    -156.04         0.00000
    -155.90         0.00000
    -155.74         0.00000
    -155.59         0.00000
    -155.45         0.00000
    -155.29         0.00000
    -155.15         0.00000
    -154.99         0.00000
    -154.84         0.00000
    -154.70         0.00000
    -154.54         0.00000
    -154.40         0.00000
    -154.24         0.00000
    -154.09         0.00000
    -153.95         0.00000
    -153.79         0.00000
    -153.65         0.00000
    -153.49         0.00000
    -153.34         0.00000
    -153.20         0.00000
    -153.04         0.00000
    -152.90         0.00000
    -152.74         0.00000
    -152.59         0.00000
    -152.45         0.00000
    -152.29         0.00000
    -152.15         0.00000
    -151.99         0.00000
    -151.84         0.00000
    -151.70         0.00000
    -151.54         0.00000
    -151.40         0.00000
    -151.24         0.00000
    -151.09         0.00000
    -150.95         0.00000
    -150.79         0.00000
    -150.65         0.00000
    -150.49         0.00000
    -150.34         0.00000
    -150.20         0.00000
    -150.04         0.00000
    -149.90         0.00000
    -149.74         0.00000
    -149.59         0.00000
    -149.45         0.00000
    -149.29         0.00000
    -149.15         0.00000
    -148.99         0.00000
    -148.84         0.00000
    -148.70         0.00000
    -148.54         0.00000
    -148.40         0.00000
    -148.24         0.00000
    -148.09         0.00000
    -147.95         0.00000
    -147.79         0.00000
    -147.65         0.00000
    -147.49         0.00000
    -147.34         0.00000
    -147.20         0.00000
    -147.04         0.00000
    -146.90         0.00000
    -146.74         0.00000
    -146.59         0.00000
    -146.45         0.00000
    -146.29         0.00000
    -146.15         0.00000
    -145.99         0.00000
    -145.84         0.00000
    -145.70         0.00000
    -145.54         0.00000
    -145.40         0.00000
    -145.24         0.00000
    -145.09         0.00000
    -144.95         0.00000
    -144.79         0.00000
    -144.65         0.00000
    -144.49         0.00000
    -144.34         0.00000
    -144.20         0.00000
    -144.04         0.00000
    -143.90         0.00000
    -143.74         0.00000
    -143.59         0.00000
    -143.45         0.00000
    -143.29         0.00000
    -143.15         0.00000
    -142.99         0.00000
    -142.84         0.00000
    -142.70         0.00000
    -142.54         0.00000
    -142.40         0.00000
    -142.24         0.00000
    -142.09         0.00000
    -141.95         0.00000
    -141.79         0.00000
    -141.65         0.00000
    -141.49         0.00000
    -141.34         0.00000
    -141.20         0.00000
    -141.04         0.00000
    -140.90         0.00000
    -140.74         0.00000
    -140.59         0.00000
    -140.45         0.00000
    -140.29         0.00000
    -140.15         0.00000
    -139.99         0.00000
    -139.84         0.00000
    -139.70         0.00000
    -139.54         0.00000
    -139.40         0.00000
    -139.24         0.00000
    -139.09         0.00000
    -138.95         0.00000
    -138.79         0.00000
    -138.65         0.00000
    -138.49         0.00000
    -138.34         0.00000
    -138.20         0.00000
    -138.04         0.00000
    -137.90         0.00000
    -137.74         0.00000
    -137.59         0.00000
    -137.45         0.00000
    -137.29         0.00000
    -137.15         0.00000
    -136.99         0.00000
    -136.84         0.00000
    -136.70         0.00000
    -136.54         0.00000
    -136.40         0.00000
    -136.24         0.00000
    -136.09         0.00000
    -135.95         0.00000
    -135.79         0.00000
    -135.65         0.00000
    -135.49         0.00000
    -135.34         0.00000
    -135.20         0.00000
    -135.04         0.00000
    -134.90         0.00000
    -134.74         0.00000
    -134.59         0.00000
    -134.45         0.00000
    -134.29         0.00000
    -134.15         0.00000
    -133.99         0.00000
    -133.84         0.00000
    -133.70         0.00000
    -133.54         0.00000
    -133.40         0.00000
    -133.24         0.00000
    -133.09         0.00000
    -132.95         0.00000
    -132.79         0.00000
    -132.65         0.00000
    -132.49         0.00000
    -132.34         0.00000
    -132.20         0.00000
    -132.04         0.00000
    -131.90         0.00000
    -131.74         0.00000
    -131.59         0.00000
    -131.45         0.00000
    -131.29         0.00000
    -131.15         0.00000
    -130.99         0.00000
    -130.84         0.00000
    -130.70         0.00000
    -130.54         0.00000
    -130.40         0.00000
    -130.24         0.00000
    -130.09         0.00000
    -129.95         0.00000
    -129.79         0.00000
    -129.65         0.00000
    -129.49         0.00000
    -129.34         0.00000
    -129.20         0.00000
    -129.04         0.00000
    -128.90         0.00000
    -128.74         0.00000
    -128.59         0.00000
    -128.45         0.00000
    -128.29         0.00000
    -128.15         0.00000
    -127.99         0.00000
    -127.85         0.00000
    -127.69         0.00000
    -127.55         0.00000
    -127.39         0.00000
    -127.25         0.00000
    -127.10         0.00000
    -126.94         0.00000
    -126.80         0.00000
    -126.64         0.00000
    -126.50         0.00000
    -126.35         0.00000
    -126.19         0.00000
    -126.05         0.00000
    -125.89         0.00000
    -125.75         0.00000
    -125.60         0.00000
    -125.44         0.00000
    -125.30         0.00000
    -125.14         0.00000
    -125.00         0.00000
    -124.85         0.00000
    -124.69         0.00000
    -124.55         0.00000
    -124.39         0.00000
    -124.25         0.00000
    -124.10         0.00000
    -123.94         0.00000
    -123.80         0.00000
    -123.64         0.00000
    -123.50         0.00000
    -123.35         0.00000
    -123.19         0.00000
    -123.05         0.00000
    -122.89         0.00000
    -122.75         0.00000
    -122.60         0.00000
    -122.44         0.00000
    -122.30         0.00000
    -122.14         0.00000
    -122.00         0.00000
    -121.85         0.00000
    -121.69         0.00000
    -121.55         0.00000
    -121.39         0.00000
    -121.25         0.00000
    -121.10         0.00000
    -120.94         0.00000
    -120.80         0.00000
    -120.64         0.00000
    -120.50         0.00000
    -120.35         0.00000
    -120.19         0.00000
    -120.05         0.00000
    -119.89         0.00000
    -119.75         0.00000
    -119.60         0.00000
    -119.44         0.00000
    -119.30         0.00000
    -119.14         0.00000
    -119.00         0.00000
    -118.85         0.00000
    -118.69         0.00000
    -118.55         0.00000
    -118.39         0.00000
    -118.25         0.00000
    -118.10         0.00000
    -117.94         0.00000
    -117.80         0.00000
    -117.64         0.00000
    -117.50         0.00000
    -117.35         0.00000
    -117.19         0.00000
    -117.05         0.00000
    -116.89         0.00000
    -116.75         0.00000
    -116.60         0.00000
    -116.44         0.00000
    -116.30         0.00000
    -116.14         0.00000
    -116.00         0.00000
    -115.85         0.00000
    -115.69         0.00000
    -115.55         0.00000
    -115.39         0.00000
    -115.25         0.00000
    -115.10         0.00000
    -114.94         0.00000
    -114.80         0.00000
    -114.64         0.00000
    -114.50         0.00000
    -114.35         0.00000
    -114.19         0.00000
    -114.05         0.00000
    -113.89         0.00000
    -113.75         0.00000
    -113.60         0.00000
    -113.44         0.00000
    -113.30         0.00000
    -113.14         0.00000
    -113.00         0.00000
    -112.85         0.00000
    -112.69         0.00000
    -112.55         0.00000
    -112.39         0.00000
    -112.25         0.00000
    -112.10         0.00000
    -111.94         0.00000
    -111.80         0.00000
    -111.64         0.00000
    -111.50         0.00000
    -111.35         0.00000
    -111.19         0.00000
    -111.05         0.00000
    -110.89         0.00000
    -110.75         0.00000
    -110.60         0.00000
    -110.44         0.00000
    -110.30         0.00000
    -110.14         0.00000
    -110.00         0.00000
    -109.85         0.00000
    -109.69         0.00000
    -109.55         0.00000
    -109.39         0.00000
    -109.25         0.00000
    -109.10         0.00000
    -108.94         0.00000
    -108.80         0.00000
    -108.64         0.00000
    -108.50         0.00000
    -108.35         0.00000
    -108.19         0.00000
    -108.05         0.00000
    -107.89         0.00000
    -107.75         0.00000
    -107.60         0.00000
    -107.44         0.00000
    -107.30         0.00000
    -107.14         0.00000
    -107.00         0.00000
    -106.85         0.00000
    -106.69         0.00000
    -106.55         0.00000
    -106.39         0.00000
    -106.25         0.00000
    -106.10         0.00000
    -105.94         0.00000
    -105.80         0.00000
    -105.64         0.00000
    -105.50         0.00000
    -105.35         0.00000
    -105.19         0.00000
    -105.05         0.00000
    -104.89         0.00000
    -104.75         0.00000
    -104.60         0.00000
    -104.44         0.00000
    -104.30         0.00000
    -104.14         0.00000
    -104.00         0.00000
    -103.85         0.00000
    -103.69         0.00000
    -103.55         0.00000
    -103.39         0.00000
    -103.25         0.00000
    -103.10         0.00000
    -102.94         0.00000
    -102.80         0.00000
    -102.64         0.00000
    -102.50         0.00000
    -102.35         0.00000
    -102.19         0.00000
    -102.05         0.00000
    -101.89         0.00000
    -101.75         0.00000
    -101.60         0.00000
    -101.44         0.00000
    -101.30         0.00000
    -101.14         0.00000
    -101.00         0.00000
    -100.85         0.00000
    -100.69         0.00000
    -100.55         0.00000
    -100.39         0.00000
    -100.25         0.00000
    -100.10         0.00000
    -99.945         0.00000
    -99.795         0.00000
    -99.645         0.00000
    -99.495         0.00000
    -99.345         0.00000
    -99.195         0.00000
    -99.045         0.00000
    -98.895         0.00000
    -98.745         0.00000
    -98.595         0.00000
    -98.445         0.00000
    -98.295         0.00000
    -98.145         0.00000
    -97.995         0.00000
    -97.845         0.00000
    -97.695         0.00000
    -97.545         0.00000
    -97.395         0.00000
    -97.245         0.00000
    -97.095         0.00000
    -96.945         0.00000
    -96.795         0.00000
    -96.645         0.00000
    -96.495         0.00000
    -96.345         0.00000
    -96.195         0.00000
    -96.045         0.00000
    -95.895         0.00000
    -95.745         0.00000
    -95.595         0.00000
    -95.445         0.00000
    -95.295         0.00000
    -95.145         0.00000
    -94.995         0.00000
    -94.845         0.00000
    -94.695         0.00000
    -94.545         0.00000
    -94.395         0.00000
    -94.245         0.00000
    -94.095         0.00000
    -93.945         0.00000
    -93.795         0.00000
    -93.645         0.00000
    -93.495         0.00000
    -93.345         0.00000
    -93.195         0.00000
    -93.045         0.00000
    -92.895         0.00000
    -92.745         0.00000
    -92.595         0.00000
    -92.445         0.00000
    -92.295         0.00000
    -92.145         0.00000
    -91.995         0.00000
    -91.845         0.00000
    -91.695         0.00000
    -91.545         0.00000
    -91.395         0.00000
    -91.245         0.00000
    -91.095         0.00000
    -90.945         0.00000
    -90.795         0.00000
    -90.645         0.00000
    -90.495         0.00000
    -90.345         0.00000
    -90.195         0.00000
    -90.045         0.00000
    -89.895         0.00000
    -89.745         0.00000
    -89.595         0.00000
    -89.445         0.00000
    -89.295         0.00000
    -89.145         0.00000
    -88.995         0.00000
    -88.845         0.00000
    -88.695         0.00000
    -88.545         0.00000
    -88.395         0.00000
    -88.245         0.00000
    -88.095         0.00000
    -87.945         0.00000
    -87.795         0.00000
    -87.645         0.00000
    -87.495         0.00000
    -87.345         0.00000
    -87.195         0.00000
    -87.045         0.00000
    -86.895         0.00000
    -86.745         0.00000
    -86.595         0.00000
    -86.445         0.00000
    -86.295         0.00000
    -86.145         0.00000
    -85.995         0.00000
    -85.845         0.00000
    -85.695         0.00000
    -85.545         0.00000
    -85.395         0.00000
    -85.245         0.00000
    -85.095         0.00000
    -84.945         0.00000
    -84.795         0.00000
    -84.645         0.00000
    -84.495         0.00000
    -84.345         0.00000
    -84.195         0.00000
    -84.045         0.00000
    -83.895         0.00000
    -83.745         0.00000
    -83.595         0.00000
    -83.445         0.00000
    -83.295         0.00000
    -83.145         0.00000
    -82.995         0.00000
    -82.845         0.00000
    -82.695         0.00000
    -82.545         0.00000
    -82.395         0.00000
    -82.245         0.00000
    -82.095         0.00000
    -81.945         0.00000
    -81.795         0.00000
    -81.645         0.00000
    -81.495         0.00000
    -81.345         0.00000
    -81.195         0.00000
    -81.045         0.00000
    -80.895         0.00000
    -80.745         0.00000
    -80.595         0.00000
    -80.445         0.00000
    -80.295         0.00000
    -80.145         0.00000
    -79.995         0.00000
    -79.845         0.00000
    -79.695         0.00000
    -79.545         0.00000
    -79.395         0.00000
    -79.245         0.00000
    -79.095         0.00000
    -78.945         0.00000
    -78.795         0.00000
    -78.645         0.00000
    -78.495         0.00000
    -78.345         0.00000
    -78.195         0.00000
    -78.045         0.00000
    -77.895         0.00000
    -77.745         0.00000
    -77.595         0.00000
    -77.445         0.00000
    -77.295         0.00000
    -77.145         0.00000
    -76.995         0.00000
    -76.845         0.00000
    -76.695         0.00000
    -76.545         0.00000
    -76.395         0.00000
    -76.245         0.00000
    -76.095         0.00000
    -75.945         0.00000
    -75.795         0.00000
    -75.645         0.00000
    -75.495         0.00000
    -75.345         0.00000
    -75.195         0.00000
    -75.045         0.00000
    -74.895         0.00000
    -74.745         0.00000
    -74.595         0.00000
    -74.445         0.00000
    -74.295         0.00000
    -74.145         0.00000
    -73.995         0.00000
    -73.845         0.00000
    -73.695         0.00000
    -73.545         0.00000
    -73.395         0.00000
    -73.245         0.00000
    -73.095         0.00000
    -72.945         0.00000
    -72.795         0.00000
    -72.645         0.00000
    -72.495         0.00000
    -72.345         0.00000
    -72.195         0.00000
    -72.045         0.00000
    -71.895         0.00000
    -71.745         0.00000
    -71.595         0.00000
    -71.445         0.00000
    -71.295         0.00000
    -71.145         0.00000
    -70.995         0.00000
    -70.845         0.00000
    -70.695         0.00000
    -70.545         0.00000
    -70.395         0.00000
    -70.245         0.00000
    -70.095         0.00000
    -69.945         0.00000
    -69.795         0.00000
    -69.645         0.00000
    -69.495         0.00000
    -69.345         0.00000
    -69.195         0.00000
    -69.045         0.00000
    -68.895         0.00000
    -68.745         0.00000
    -68.595         0.00000
    -68.445         0.00000
    -68.295         0.00000
    -68.145         0.00000
    -67.995         0.00000
    -67.845         0.00000
    -67.695         0.00000
    -67.545         0.00000
    -67.395         0.00000
    -67.245         0.00000
    -67.095         0.00000
    -66.945         0.00000
    -66.795         0.00000
    -66.645         0.00000
    -66.495         0.00000
    -66.345         0.00000
    -66.195         0.00000
    -66.045         0.00000
    -65.895         0.00000
    -65.745         0.00000
    -65.595         0.00000
    -65.445         0.00000
    -65.295         0.00000
    -65.145         0.00000
    -64.995         0.00000
    -64.845         0.00000
    -64.695         0.00000
    -64.545         0.00000
    -64.395         0.00000
    -64.245         0.00000
    -64.095         0.00000
    -63.945         0.00000
    -63.795         0.00000
    -63.645         0.00000
    -63.495         0.00000
    -63.345         0.00000
    -63.195         0.00000
    -63.045         0.00000
    -62.895         0.00000
    -62.745         0.00000
    -62.595         0.00000
    -62.445         0.00000
    -62.295         0.00000
    -62.145         0.00000
    -61.995         0.00000
    -61.845         0.00000
    -61.695         0.00000
    -61.545         0.00000
    -61.395         0.00000
    -61.245         0.00000
    -61.095         0.00000
    -60.945         0.00000
    -60.795         0.00000
    -60.645         0.00000
    -60.495         0.00000
    -60.345         0.00000
    -60.195         0.00000
    -60.045         0.00000
    -59.895         0.00000
    -59.745         0.00000
    -59.595         0.00000
    -59.445         0.00000
    -59.295         0.00000
    -59.145         0.00000
    -58.995         0.00000
    -58.845         0.00000
    -58.695         0.00000
    -58.545         0.00000
    -58.395         0.00000
    -58.245         0.00000
    -58.095         0.00000
    -57.945         0.00000
    -57.795         0.00000
    -57.645         0.00000
    -57.495         0.00000
    -57.345         0.00000
    -57.195         0.00000
    -57.045         0.00000
    -56.895         0.00000
    -56.745         0.00000
    -56.595         0.00000
    -56.445         0.00000
    -56.295         0.00000
    -56.145         0.00000
    -55.995         0.00000
    -55.845         0.00000
    -55.695         0.00000
    -55.545         0.00000
    -55.395         0.00000
    -55.245         0.00000
    -55.095         0.00000
    -54.945         0.00000
    -54.795         0.00000
    -54.645         0.00000
    -54.495         0.00000
    -54.345         0.00000
    -54.195         0.00000
    -54.045         0.00000
    -53.895         0.00000
    -53.745         0.00000
    -53.595         0.00000
    -53.445         0.00000
    -53.295         0.00000
    -53.145         0.00000
    -52.995         0.00000
    -52.845         0.00000
    -52.695         0.00000
    -52.545         0.00000
    -52.395         0.00000
    -52.245         0.00000
    -52.095         0.00000
    -51.945         0.00000
    -51.795         0.00000
    -51.645         0.00000
    -51.495         0.00000
    -51.345         0.00000
    -51.195         0.00000
    -51.045         0.00000
    -50.895         0.00000
    -50.745         0.00000
    -50.595         0.00000
    -50.445         0.00000
    -50.295         0.00000
    -50.145         0.00000
    -49.995         0.00000
    -49.845         0.00000
    -49.695         0.00000
    -49.545         0.00000
    -49.395         0.00000
    -49.245         0.00000
    -49.095         0.00000
    -48.945         0.00000
    -48.795         0.00000
    -48.645         0.00000
    -48.495         0.00000
    -48.345         0.00000
    -48.195         0.00000
    -48.045         0.00000
    -47.895         0.00000
    -47.745         0.00000
    -47.595         0.00000
    -47.445         0.00000
    -47.295         0.00000
    -47.145         0.00000
    -46.995         0.00000
    -46.845         0.00000
    -46.695         0.00000
    -46.545         0.00000
    -46.395         0.00000
    -46.245         0.00000
    -46.095         0.00000
    -45.945         0.00000
    -45.795         0.00000
    -45.645         0.00000
    -45.495         0.00000
    -45.345         0.00000
    -45.195         0.00000
    -45.045         0.00000
    -44.895         0.00000
    -44.745         0.00000
    -44.595         0.00000
    -44.445         0.00000
    -44.295         0.00000
    -44.145         0.00000
    -43.995         0.00000
    -43.845         0.00000
    -43.695         0.00000
    -43.545         0.00000
    -43.395         0.00000
    -43.245         0.00000
    -43.095         0.00000
    -42.945         0.00000
    -42.795         0.00000
    -42.645         0.00000
    -42.495         0.00000
    -42.345         0.00000
    -42.195         0.00000
    -42.045         0.00000
    -41.895         0.00000
    -41.745         0.00000
    -41.595         0.00000
    -41.445         0.00000
    -41.295         0.00000
    -41.145         0.00000
    -40.995         0.00000
    -40.845         0.00000
    -40.695         0.00000
    -40.545         0.00000
    -40.395         0.00000
    -40.245         0.00000
    -40.095         0.00000
    -39.945         0.00000
    -39.795         0.00000
    -39.645         0.00000
    -39.495         0.00000
    -39.345         0.00000
    -39.195         0.00000
    -39.045         0.00000
    -38.895         0.00000
    -38.745         0.00000
    -38.595         0.00000
    -38.445         0.00000
    -38.295         0.00000
    -38.145         0.00000
    -37.995         0.00000
    -37.845         0.00000
    -37.695         0.00000
    -37.545         0.00000
    -37.395         0.00000
    -37.245         0.00000
    -37.095         0.00000
    -36.945         0.00000
    -36.795         0.00000
    -36.645         0.00000
    -36.495         0.00000
    -36.345         0.00000
    -36.195         0.00000
    -36.045         0.00000
    -35.895         0.00000
    -35.745         0.00000
    -35.595         0.00000
    -35.445         0.00000
    -35.295         0.00000
    -35.145         0.00000
    -34.995         0.00000
    -34.845         0.00000
    -34.695         0.00000
    -34.545         0.00000
    -34.395         0.00000
    -34.245         0.00000
    -34.095         0.00000
    -33.945         0.00000
    -33.795         0.00000
    -33.645         0.00000
    -33.495         0.00000
    -33.345         0.00000
    -33.195         0.00000
    -33.045         0.00000
    -32.895         0.00000
    -32.745         0.00000
    -32.595         0.00000
    -32.445         0.00000
    -32.295         0.00000
    -32.145         0.00000
    -31.995         0.00000
    -31.845         0.00000
    -31.695         0.00000
    -31.545         0.00000
    -31.395         0.00000
    -31.245         0.00000
    -31.095         0.00000
    -30.945         0.00000
    -30.795         0.00000
    -30.645         0.00000
    -30.495         0.00000
    -30.345         0.00000
    -30.195         0.00000
    -30.045         0.00000
    -29.895         0.00000
    -29.745         0.00000
    -29.595         0.00000
    -29.445         0.00000
    -29.295         0.00000
    -29.145         0.00000
    -28.995         0.00000
    -28.845         0.00000
    -28.695         0.00000
    -28.545         0.00000
    -28.395         0.00000
    -28.245         0.00000
    -28.095         0.00000
    -27.945         0.00000
    -27.795         0.00000
    -27.645         0.00000
    -27.495         0.00000
    -27.345         0.00000
    -27.195         0.00000
    -27.045         0.00000
    -26.895         0.00000
    -26.745         0.00000
    -26.595         0.00000
    -26.445         0.00000
    -26.295         0.00000
    -26.145         0.00000
    -25.995         0.00000
    -25.845         0.00000
    -25.695         0.00000
    -25.545         0.00000
    -25.395         0.00000
    -25.245         0.00000
    -25.095         0.00000
    -24.945         0.00000
    -24.795         0.00000
    -24.645         0.00000
    -24.495         0.00000
    -24.345         0.00000
    -24.195         0.00000
    -24.045         0.00000
    -23.895         0.00000
    -23.745         0.00000
    -23.595         0.00000
    -23.445         0.00000
    -23.295         0.00000
    -23.145         0.00000
    -22.995         0.00000
    -22.845         0.00000
    -22.695         0.00000
    -22.545         0.00000
    -22.395         0.00000
    -22.245         0.00000
    -22.095         0.00000
    -21.945         0.00000
    -21.795         0.00000
    -21.645         0.00000
    -21.495         0.00000
    -21.345         0.00000
    -21.195         0.00000
    -21.045         0.00000
    -20.895         0.00000
    -20.745         0.00000
    -20.595         0.00000
    -20.445         0.00000
    -20.295         0.00000
    -20.145         0.00000
    -19.995         0.00000
    -19.845         0.00000
    -19.695         0.00000
    -19.545         0.00000
    -19.395         0.00000
    -19.245         0.00000
    -19.095         0.00000
    -18.945         0.00000
    -18.795         0.00000
    -18.645         0.00000
    -18.495         0.00000
    -18.345         0.00000
    -18.195         0.00000
    -18.045         0.00000
    -17.895         0.00000
    -17.745         0.00000
    -17.595         0.00000
    -17.445         0.00000
    -17.295         0.00000
    -17.145         0.00000
    -16.995         0.00000
    -16.845         0.00000
    -16.695         0.00000
    -16.545         0.00000
    -16.395         0.00000
    -16.245         0.00000
    -16.095         0.00000
    -15.945         0.00000
    -15.795         0.00000
    -15.645         0.00000
    -15.495         0.00000
    -15.345         0.00000
    -15.195         0.00000
    -15.045         0.00000
    -14.895         0.00000
    -14.745        -0.00562
    -14.595        -0.01584
    -14.445        -0.04131
    -14.295        -0.09445
    -14.145        -0.16381
    -13.995        -0.28027
    -13.845        -0.40303
    -13.695        -0.54491
    -13.545        -0.71015
    -13.395        -0.89110
    -13.245        -1.07996
    -13.095        -1.28706
    -12.945        -1.50523
    -12.795        -1.70196
    -12.645        -1.93057
    -12.495        -2.18961
    -12.345        -2.45194
    -12.195        -2.70651
    -12.045        -2.97651
    -11.895        -3.26064
    -11.745        -3.58074
    -11.595        -3.86315
    -11.445        -4.10750
    -11.295        -4.37427
    -11.145        -4.69863
    -10.995        -5.11960
    -10.845        -5.50823
    -10.695        -5.95520
    -10.545        -6.38556
    -10.395        -6.84241
    -10.245        -7.26566
    -10.095        -7.70025
    -9.9450        -8.09968
    -9.7950        -8.49501
    -9.6450        -8.85033
    -9.4950        -9.25070
    -9.3450        -9.59234
    -9.1950        -9.94352
    -9.0450       -10.28258
    -8.8950       -10.61502
    -8.7450       -10.97015
    -8.5950       -11.32637
    -8.4450       -11.69107
    -8.2950       -12.02985
    -8.1450       -12.39993
    -7.9950       -12.81468
    -7.8450       -13.26664
    -7.6950       -13.72231
    -7.5450       -14.23379
    -7.3950       -14.75257
    -7.2450       -15.29093
    -7.0950       -15.82568
    -6.9450       -16.40723
    -6.7950       -16.96288
    -6.6450       -17.52572
    -6.4950       -18.11073
    -6.3450       -18.68416
    -6.1950       -19.27178
    -6.0450       -19.87009
    -5.8950       -20.45449
    -5.7450       -21.04355
    -5.5950       -21.60982
    -5.4450       -22.18488
    -5.2950       -22.75806
    -5.1450       -23.34536
    -4.9950       -23.93314
    -4.8450       -24.52340
    -4.6950       -25.12370
    -4.5450       -25.71353
    -4.3950       -26.30577
    -4.2450       -26.92854
    -4.0950       -27.56618
    -3.9450       -28.20069
    -3.7950       -28.85392
    -3.6450       -29.54723
    -3.4950       -30.27206
    -3.3450       -31.02845
    -3.1950       -31.82988
    -3.0450       -32.67784
    -2.8950       -33.57619
    -2.7450       -34.51614
    -2.5950       -35.53673
    -2.4450       -36.64679
    -2.2950       -37.88353
    -2.1450       -39.22340
    -1.9950       -40.78443
    -1.8450       -42.55104
    -1.6950       -44.59285
    -1.5450       -46.94264
    -1.3950       -49.62171
    -1.2450       -52.64200
    -1.0950       -55.96508
   -0.94500       -59.48388
   -0.79500       -63.23295
   -0.64500       -67.22005
   -0.49500       -71.63431
   -0.34500       -77.07247
   -0.22700       -79.27227
   -0.21300       -79.55079
   -0.20700       -79.83765
   -0.20100       -80.12802
   -0.19500       -80.42310
   -0.18900       -80.72485
   -0.18300       -81.03094
   -0.17700       -81.34645
   -0.17100       -81.66996
   -0.16500       -81.99992
   -0.15900       -82.33631
   -0.15300       -82.67928
   -0.14700       -83.02821
   -0.14100       -83.38907
   -0.13500       -83.76100
   -0.12900       -84.13920
   -0.12300       -84.53189
   -0.11700       -84.93518
   -0.11100       -85.35416
   -0.10500       -85.78425
   -0.99000E-01   -86.23422
   -0.93000E-01   -86.70083
   -0.87000E-01   -87.19073
   -0.81000E-01   -87.70263
   -0.75000E-01   -88.24228
   -0.69000E-01   -88.81184
   -0.63000E-01   -89.42086
   -0.57000E-01   -90.07452
   -0.51000E-01   -90.78190
   -0.45000E-01   -91.56093
   -0.39000E-01   -92.42681
   -0.33000E-01   -93.40917
   -0.27000E-01   -94.56405
   -0.21300E-01   -95.49339
   -0.19500E-01   -95.64215
   -0.18900E-01   -95.79472
   -0.18300E-01   -95.95051
   -0.17700E-01   -96.11119
   -0.17100E-01   -96.27636
   -0.16500E-01   -96.44652
   -0.15900E-01   -96.62155
   -0.15300E-01   -96.80244
   -0.14700E-01   -96.98979
   -0.14100E-01   -97.18255
   -0.13500E-01   -97.38256
   -0.12900E-01   -97.59009
   -0.12300E-01   -97.80726
   -0.11700E-01   -98.03268
   -0.11100E-01   -98.26887
   -0.10500E-01   -98.51561
   -0.99000E-02   -98.77555
   -0.93000E-02   -99.05062
   -0.87000E-02   -99.34248
   -0.81000E-02   -99.65356
   -0.75000E-02   -99.98768
   -0.69000E-02  -100.35085
   -0.63000E-02  -100.75083
   -0.57000E-02  -101.19513
   -0.51000E-02  -101.69433
   -0.45000E-02  -102.25411
   -0.39000E-02  -102.88001
   -0.33000E-02  -103.58022
   -0.27000E-02  -104.36203
   -0.21000E-02  -105.23766
   -0.15000E-02  -106.19495
   -0.90000E-03  -107.05472
   -0.30000E-03  -107.41782
    0.30000E-03  -107.05470
    0.90000E-03  -106.19914
    0.15000E-02  -105.24607
    0.21000E-02  -104.37182
    0.27000E-02  -103.59022
    0.33000E-02  -102.89128
    0.39000E-02  -102.26672
    0.45000E-02  -101.70848
    0.51000E-02  -101.21163
    0.57000E-02  -100.76842
    0.63000E-02  -100.37009
    0.69000E-02  -100.00780
    0.75000E-02   -99.67405
    0.81000E-02   -99.36343
    0.87000E-02   -99.07209
    0.93000E-02   -98.79723
    0.99000E-02   -98.53701
    0.10500E-01   -98.29029
    0.11100E-01   -98.05436
    0.11700E-01   -97.82910
    0.12300E-01   -97.61286
    0.12900E-01   -97.40556
    0.13500E-01   -97.20598
    0.14100E-01   -97.01382
    0.14700E-01   -96.82754
    0.15300E-01   -96.64814
    0.15900E-01   -96.47355
    0.16500E-01   -96.30477
    0.17100E-01   -96.13989
    0.17700E-01   -95.97964
    0.18300E-01   -95.82380
    0.18900E-01   -95.67248
    0.19500E-01   -95.52521
    0.21300E-01   -94.60425
    0.27000E-01   -93.45799
    0.33000E-01   -92.48491
    0.39000E-01   -91.63752
    0.45000E-01   -90.88408
    0.51000E-01   -90.20814
    0.57000E-01   -89.59450
    0.63000E-01   -89.03227
    0.69000E-01   -88.51075
    0.75000E-01   -88.02636
    0.81000E-01   -87.57571
    0.87000E-01   -87.15230
    0.93000E-01   -86.75208
    0.99000E-01   -86.37265
    0.10500       -86.01346
    0.11100       -85.67040
    0.11700       -85.34265
    0.12300       -85.03290
    0.12900       -84.73465
    0.13500       -84.44680
    0.14100       -84.16912
    0.14700       -83.90207
    0.15300       -83.64627
    0.15900       -83.39897
    0.16500       -83.15962
    0.17100       -82.92997
    0.17700       -82.70406
    0.18300       -82.48790
    0.18900       -82.28037
    0.19500       -82.07728
    0.20100       -81.88111
    0.20700       -81.68757
    0.21300       -81.50240
    0.22700       -80.13973
    0.34500       -77.30817
    0.49500       -75.52674
    0.64500       -74.22835
    0.79500       -73.18424
    0.94500       -72.28800
     1.0950       -71.48286
     1.2450       -70.75625
     1.3950       -70.09489
     1.5450       -69.50309
     1.6950       -68.93829
     1.8450       -68.41217
     1.9950       -67.95840
     2.1450       -67.51058
     2.2950       -67.09757
     2.4450       -66.73153
     2.5950       -66.40177
     2.7450       -66.09337
     2.8950       -65.82376
     3.0450       -65.56986
     3.1950       -65.34242
     3.3450       -65.14717
     3.4950       -64.96135
     3.6450       -64.78942
     3.7950       -64.62422
     3.9450       -64.47578
     4.0950       -64.33150
     4.2450       -64.19074
     4.3950       -64.05607
     4.5450       -63.93544
     4.6950       -63.81178
     4.8450       -63.69997
     4.9950       -63.59066
     5.1450       -63.47764
     5.2950       -63.37602
     5.4450       -63.28051
     5.5950       -63.18751
     5.7450       -63.09185
     5.8950       -62.99602
     6.0450       -62.90516
     6.1950       -62.81810
     6.3450       -62.73365
     6.4950       -62.65169
     6.6450       -62.57092
     6.7950       -62.49148
     6.9450       -62.41352
     7.0950       -62.33933
     7.2450       -62.26555
     7.3950       -62.19342
     7.5450       -62.12474
     7.6950       -62.05628
     7.8450       -61.98884
     7.9950       -61.92079
     8.1450       -61.85572
     8.2950       -61.79035
     8.4450       -61.72765
     8.5950       -61.66636
     8.7450       -61.60515
     8.8950       -61.54624
     9.0450       -61.48682
     9.1950       -61.42896
     9.3450       -61.37343
     9.4950       -61.31833
     9.6450       -61.26289
     9.7950       -61.20850
     9.9450       -61.15361
     10.095       -61.09886
     10.245       -61.04795
     10.395       -60.99696
     10.545       -60.94668
     10.695       -60.89736
     10.845       -60.84840
     10.995       -60.80015
     11.145       -60.75262
     11.295       -60.70522
     11.445       -60.65926
     11.595       -60.61231
     11.745       -60.56608
     11.895       -60.52304
     12.045       -60.47872
     12.195       -60.43454
     12.345       -60.39004
     12.495       -60.34778
     12.645       -60.30543
     12.795       -60.26173
     12.945       -60.22066
     13.095       -60.18011
     13.245       -60.13841
     13.395       -60.09751
     13.545       -60.05803
     13.695       -60.01831
     13.845       -59.97801
     13.995       -59.93987
     14.145       -59.90234
     14.295       -59.86448
     14.445       -59.82653
     14.595       -59.78892
     14.745       -59.75058
     14.895       -59.71496
     15.045       -59.67968
     15.195       -59.64386
     15.345       -59.60715
     15.495       -59.57193
     15.645       -59.53683
     15.795       -59.50319
     15.945       -59.46924
     16.095       -59.43499
     16.245       -59.40155
     16.395       -59.36794
     16.545       -59.33551
     16.695       -59.30294
     16.845       -59.27130
     16.995       -59.23936
     17.145       -59.20704
     17.295       -59.17616
     17.445       -59.14458
     17.595       -59.11477
     17.745       -59.08314
     17.895       -59.05304
     18.045       -59.02369
     18.195       -58.99327
     18.345       -58.96476
     18.495       -58.93592
     18.645       -58.90650
     18.795       -58.87759
     18.945       -58.84843
     19.095       -58.82016
     19.245       -58.79218
     19.395       -58.76415
     19.545       -58.73621
     19.695       -58.70880
     19.845       -58.68083
     19.995       -58.65277
     20.145       -58.62662
     20.295       -58.59974
     20.445       -58.57347
     20.595       -58.54683
     20.745       -58.52073
     20.895       -58.49559
     21.045       -58.46989
     21.195       -58.44501
     21.345       -58.42035
     21.495       -58.39508
     21.645       -58.37069
     21.795       -58.34584
     21.945       -58.32117
     22.095       -58.29705
     22.245       -58.27218
     22.395       -58.24861
     22.545       -58.22452
     22.695       -58.20033
     22.845       -58.17622
     22.995       -58.15339
     23.145       -58.12995
     23.295       -58.10690
     23.445       -58.08304
     23.595       -58.05999
     23.745       -58.03605
     23.895       -58.01353
     24.045       -57.99043
     24.195       -57.96932
     24.345       -57.94745
     24.495       -57.92519
     24.645       -57.90327
     24.795       -57.88105
     24.945       -57.85889
     25.095       -57.83635
     25.245       -57.81513
     25.395       -57.79352
     25.545       -57.77226
     25.695       -57.75164
     25.845       -57.73030
     25.995       -57.70954
     26.145       -57.68934
     26.295       -57.66836
     26.445       -57.64777
     26.595       -57.62706
     26.745       -57.60714
     26.895       -57.58671
     27.045       -57.56740
     27.195       -57.54814
     27.345       -57.52862
     27.495       -57.50864
     27.645       -57.48891
     27.795       -57.46893
     27.945       -57.44904
     28.095       -57.42987
     28.245       -57.41054
     28.395       -57.39197
     28.545       -57.37263
     28.695       -57.35381
     28.845       -57.33503
     28.995       -57.31645
     29.145       -57.29833
     29.295       -57.28054
     29.445       -57.26245
     29.595       -57.24387
     29.745       -57.22511
     29.895       -57.20681
     30.045       -57.18905
     30.195       -57.17089
     30.345       -57.15245
     30.495       -57.13445
     30.645       -57.11651
     30.795       -57.09837
     30.945       -57.08113
     31.095       -57.06330
     31.245       -57.04581
     31.395       -57.02792
     31.545       -57.01122
     31.695       -56.99439
     31.845       -56.97710
     31.995       -56.96023
     32.145       -56.94358
     32.295       -56.92709
     32.445       -56.91047
     32.595       -56.89426
     32.745       -56.87740
     32.895       -56.86123
     33.045       -56.84528
     33.195       -56.82903
     33.345       -56.81311
     33.495       -56.79675
     33.645       -56.78064
     33.795       -56.76450
     33.945       -56.74814
     34.095       -56.73244
     34.245       -56.71647
     34.395       -56.69983
     34.545       -56.68417
     34.695       -56.66869
     34.845       -56.65418
     34.995       -56.63883
     35.145       -56.62370
     35.295       -56.60905
     35.445       -56.59373
     35.595       -56.57835
     35.745       -56.56285
     35.895       -56.54751
     36.045       -56.53223
     36.195       -56.51668
     36.345       -56.50256
     36.495       -56.48808
     36.645       -56.47308
     36.795       -56.45850
     36.945       -56.44378
     37.095       -56.42937
     37.245       -56.41412
     37.395       -56.39925
     37.545       -56.38506
     37.695       -56.37079
     37.845       -56.35616
     37.995       -56.34209
     38.145       -56.32787
     38.295       -56.31353
     38.445       -56.29891
     38.595       -56.28470
     38.745       -56.27072
     38.895       -56.25678
     39.045       -56.24289
     39.195       -56.22935
     39.345       -56.21508
     39.495       -56.20108
     39.645       -56.18698
     39.795       -56.17324
     39.945       -56.15978
     40.095       -56.14623
     40.245       -56.13297
     40.395       -56.12002
     40.545       -56.10685
     40.695       -56.09313
     40.845       -56.07965
     40.995       -56.06656
     41.145       -56.05371
     41.295       -56.04049
     41.445       -56.02738
     41.595       -56.01372
     41.745       -56.00048
     41.895       -55.98840
     42.045       -55.97532
     42.195       -55.96233
     42.345       -55.94942
     42.495       -55.93673
     42.645       -55.92462
     42.795       -55.91218
     42.945       -55.89947
     43.095       -55.88699
     43.245       -55.87503
     43.395       -55.86262
     43.545       -55.85056
     43.695       -55.83852
     43.845       -55.82591
     43.995       -55.81421
     44.145       -55.80222
     44.295       -55.78986
     44.445       -55.77783
     44.595       -55.76604
     44.745       -55.75386
     44.895       -55.74179
     45.045       -55.72989
     45.195       -55.71736
     45.345       -55.70513
     45.495       -55.69363
     45.645       -55.68151
     45.795       -55.66970
     45.945       -55.65789
     46.095       -55.64596
     46.245       -55.63429
     46.395       -55.62282
     46.545       -55.61149
     46.695       -55.59961
     46.845       -55.58789
     46.995       -55.57688
     47.145       -55.56583
     47.295       -55.55461
     47.445       -55.54325
     47.595       -55.53184
     47.745       -55.52103
     47.895       -55.50999
     48.045       -55.49868
     48.195       -55.48740
     48.345       -55.47548
     48.495       -55.46442
     48.645       -55.45370
     48.795       -55.44260
     48.945       -55.43164
     49.095       -55.42078
     49.245       -55.41067
     49.395       -55.39968
     49.545       -55.38858
     49.695       -55.37733
     49.845       -55.36663
     49.995       -55.35626
     50.145       -55.34555
     50.295       -55.33524
     50.445       -55.32446
     50.595       -55.31377
     50.745       -55.30334
     50.895       -55.29241
     51.045       -55.28156
     51.195       -55.27169
     51.345       -55.26056
     51.495       -55.25018
     51.645       -55.23973
     51.795       -55.22878
     51.945       -55.21829
     52.095       -55.20827
     52.245       -55.19785
     52.395       -55.18783
     52.545       -55.17778
     52.695       -55.16755
     52.845       -55.15770
     52.995       -55.14753
     53.145       -55.13727
     53.295       -55.12704
     53.445       -55.11721
     53.595       -55.10769
     53.745       -55.09746
     53.895       -55.08750
     54.045       -55.07785
     54.195       -55.06783
     54.345       -55.05818
     54.495       -55.04833
     54.645       -55.03856
     54.795       -55.02834
     54.945       -55.01832
     55.095       -55.00881
     59.433       -54.24133
     80.646       -53.11528
     111.21       -52.00323
     153.36       -50.90892
     211.49       -49.84241
     291.64       -48.79370
     402.18       -47.76448
     554.60       -46.75554
     764.80       -45.76667
     1054.7       -44.80943
     1454.4       -43.87950
     2005.6       -42.98177
     2765.8       -42.11004
     3814.0       -41.25982
     5259.5       -40.43208
     7252.9       -39.62984
     10002.       -38.84842
     13793.       -38.08928
     19020.       -37.35416
     26229.       -36.64107
     36170.       -35.95231
     49878.       -35.29401
     68782.       -34.65876
     94851.       -34.05057
    0.13080E+06   -33.46885
    0.18038E+06   -32.91232
    0.24874E+06   -32.37830
    0.34301E+06   -31.87078
    0.47302E+06   -31.38687
    0.65229E+06   -30.92600
    0.89952E+06   -30.48581
    0.12404E+07   -30.06724
    0.17106E+07   -29.66606
    0.23589E+07   -29.28579
    0.32529E+07   -28.92294
    0.44858E+07   -28.57799
    0.61860E+07   -28.24917
    0.85305E+07   -27.93577
    0.11764E+08   -27.63812
    0.16222E+08   -27.35379
    0.22370E+08   -27.08389
    0.30849E+08   -26.82455
    0.42541E+08   -26.58003
    0.58664E+08   -26.35170
    0.80898E+08   -26.13839
    0.11156E+09   -25.93873
    0.15384E+09   -25.75292
    0.21215E+09   -25.58041
    0.29255E+09   -25.41691
    0.40343E+09   -25.26326
    0.55633E+09   -25.12129
    0.76719E+09   -24.99244
    0.10580E+10   -24.87647
    0.14589E+10   -24.76781
    0.20119E+10   -24.66823
    0.27744E+10   -24.57656
    0.38259E+10   -24.49111
    0.52760E+10   -24.41311
    0.72756E+10   -24.34069
    0.10033E+11   -24.27404
    0.13836E+11   -24.21221
    0.19079E+11   -24.15451
    0.26311E+11   -24.10154
    0.36283E+11   -24.05338
    0.50034E+11   -24.00915
    0.68997E+11   -23.96762
    0.10000E+12   -23.47407
