    -159.95         0.00000
    -159.79         0.00000
    -159.65         0.00000
    -159.49         0.00000
    -159.34         0.00000
    -159.20         0.00000
    -159.04         0.00000
    -158.90         0.00000
    -158.74         0.00000
    -158.59         0.00000
    -158.45         0.00000
    -158.29         0.00000
    -158.15         0.00000
    -157.99         0.00000
    -157.84         0.00000
    -157.70         0.00000
    -157.54         0.00000
    -157.40         0.00000
    -157.24         0.00000
    -157.09         0.00000
    -156.95         0.00000
    -156.79         0.00000
    -156.65         0.00000
    -156.49         0.00000
    -156.34         0.00000
    -156.20         0.00000
    -156.04         0.00000
    -155.90         0.00000
    -155.74         0.00000
    -155.59         0.00000
    -155.45         0.00000
    -155.29         0.00000
    -155.15         0.00000
    -154.99         0.00000
    -154.84         0.00000
    -154.70         0.00000
    -154.54         0.00000
    -154.40         0.00000
    -154.24         0.00000
    -154.09         0.00000
    -153.95         0.00000
    -153.79         0.00000
    -153.65         0.00000
    -153.49         0.00000
    -153.34         0.00000
    -153.20         0.00000
    -153.04         0.00000
    -152.90         0.00000
    -152.74         0.00000
    -152.59         0.00000
    -152.45         0.00000
    -152.29         0.00000
    -152.15         0.00000
    -151.99         0.00000
    -151.84         0.00000
    -151.70         0.00000
    -151.54         0.00000
    -151.40         0.00000
    -151.24         0.00000
    -151.09         0.00000
    -150.95         0.00000
    -150.79         0.00000
    -150.65         0.00000
    -150.49         0.00000
    -150.34         0.00000
    -150.20         0.00000
    -150.04         0.00000
    -149.90         0.00000
    -149.74         0.00000
    -149.59         0.00000
    -149.45         0.00000
    -149.29         0.00000
    -149.15         0.00000
    -148.99         0.00000
    -148.84         0.00000
    -148.70         0.00000
    -148.54         0.00000
    -148.40         0.00000
    -148.24         0.00000
    -148.09         0.00000
    -147.95         0.00000
    -147.79         0.00000
    -147.65         0.00000
    -147.49         0.00000
    -147.34         0.00000
    -147.20         0.00000
    -147.04         0.00000
    -146.90         0.00000
    -146.74         0.00000
    -146.59         0.00000
    -146.45         0.00000
    -146.29         0.00000
    -146.15         0.00000
    -145.99         0.00000
    -145.84         0.00000
    -145.70         0.00000
    -145.54         0.00000
    -145.40         0.00000
    -145.24         0.00000
    -145.09         0.00000
    -144.95         0.00000
    -144.79         0.00000
    -144.65         0.00000
    -144.49         0.00000
    -144.34         0.00000
    -144.20         0.00000
    -144.04         0.00000
    -143.90         0.00000
    -143.74         0.00000
    -143.59         0.00000
    -143.45         0.00000
    -143.29         0.00000
    -143.15         0.00000
    -142.99         0.00000
    -142.84         0.00000
    -142.70         0.00000
    -142.54         0.00000
    -142.40         0.00000
    -142.24         0.00000
    -142.09         0.00000
    -141.95         0.00000
    -141.79         0.00000
    -141.65         0.00000
    -141.49         0.00000
    -141.34         0.00000
    -141.20         0.00000
    -141.04         0.00000
    -140.90         0.00000
    -140.74         0.00000
    -140.59         0.00000
    -140.45         0.00000
    -140.29         0.00000
    -140.15         0.00000
    -139.99         0.00000
    -139.84         0.00000
    -139.70         0.00000
    -139.54         0.00000
    -139.40         0.00000
    -139.24         0.00000
    -139.09         0.00000
    -138.95         0.00000
    -138.79         0.00000
    -138.65         0.00000
    -138.49         0.00000
    -138.34         0.00000
    -138.20         0.00000
    -138.04         0.00000
    -137.90         0.00000
    -137.74         0.00000
    -137.59         0.00000
    -137.45         0.00000
    -137.29         0.00000
    -137.15         0.00000
    -136.99         0.00000
    -136.84         0.00000
    -136.70         0.00000
    -136.54         0.00000
    -136.40         0.00000
    -136.24         0.00000
    -136.09         0.00000
    -135.95         0.00000
    -135.79         0.00000
    -135.65         0.00000
    -135.49         0.00000
    -135.34         0.00000
    -135.20         0.00000
    -135.04         0.00000
    -134.90         0.00000
    -134.74         0.00000
    -134.59         0.00000
    -134.45         0.00000
    -134.29         0.00000
    -134.15         0.00000
    -133.99         0.00000
    -133.84         0.00000
    -133.70         0.00000
    -133.54         0.00000
    -133.40         0.00000
    -133.24         0.00000
    -133.09         0.00000
    -132.95         0.00000
    -132.79         0.00000
    -132.65         0.00000
    -132.49         0.00000
    -132.34         0.00000
    -132.20         0.00000
    -132.04         0.00000
    -131.90         0.00000
    -131.74         0.00000
    -131.59         0.00000
    -131.45         0.00000
    -131.29         0.00000
    -131.15         0.00000
    -130.99         0.00000
    -130.84         0.00000
    -130.70         0.00000
    -130.54         0.00000
    -130.40         0.00000
    -130.24         0.00000
    -130.09         0.00000
    -129.95         0.00000
    -129.79         0.00000
    -129.65         0.00000
    -129.49         0.00000
    -129.34         0.00000
    -129.20         0.00000
    -129.04         0.00000
    -128.90         0.00000
    -128.74         0.00000
    -128.59         0.00000
    -128.45         0.00000
    -128.29         0.00000
    -128.15         0.00000
    -127.99         0.00000
    -127.85         0.00000
    -127.69         0.00000
    -127.55         0.00000
    -127.39         0.00000
    -127.25         0.00000
    -127.10         0.00000
    -126.94         0.00000
    -126.80         0.00000
    -126.64         0.00000
    -126.50         0.00000
    -126.35         0.00000
    -126.19         0.00000
    -126.05         0.00000
    -125.89         0.00000
    -125.75         0.00000
    -125.60         0.00000
    -125.44         0.00000
    -125.30         0.00000
    -125.14         0.00000
    -125.00         0.00000
    -124.85         0.00000
    -124.69         0.00000
    -124.55         0.00000
    -124.39         0.00000
    -124.25         0.00000
    -124.10         0.00000
    -123.94         0.00000
    -123.80         0.00000
    -123.64         0.00000
    -123.50         0.00000
    -123.35         0.00000
    -123.19         0.00000
    -123.05         0.00000
    -122.89         0.00000
    -122.75         0.00000
    -122.60         0.00000
    -122.44         0.00000
    -122.30         0.00000
    -122.14         0.00000
    -122.00         0.00000
    -121.85         0.00000
    -121.69         0.00000
    -121.55         0.00000
    -121.39         0.00000
    -121.25         0.00000
    -121.10         0.00000
    -120.94         0.00000
    -120.80         0.00000
    -120.64         0.00000
    -120.50         0.00000
    -120.35         0.00000
    -120.19         0.00000
    -120.05         0.00000
    -119.89         0.00000
    -119.75         0.00000
    -119.60         0.00000
    -119.44         0.00000
    -119.30         0.00000
    -119.14         0.00000
    -119.00         0.00000
    -118.85         0.00000
    -118.69         0.00000
    -118.55         0.00000
    -118.39         0.00000
    -118.25         0.00000
    -118.10         0.00000
    -117.94         0.00000
    -117.80         0.00000
    -117.64         0.00000
    -117.50         0.00000
    -117.35         0.00000
    -117.19         0.00000
    -117.05         0.00000
    -116.89         0.00000
    -116.75         0.00000
    -116.60         0.00000
    -116.44         0.00000
    -116.30         0.00000
    -116.14         0.00000
    -116.00         0.00000
    -115.85         0.00000
    -115.69         0.00000
    -115.55         0.00000
    -115.39         0.00000
    -115.25         0.00000
    -115.10         0.00000
    -114.94         0.00000
    -114.80         0.00000
    -114.64         0.00000
    -114.50         0.00000
    -114.35         0.00000
    -114.19         0.00000
    -114.05         0.00000
    -113.89         0.00000
    -113.75         0.00000
    -113.60         0.00000
    -113.44         0.00000
    -113.30         0.00000
    -113.14         0.00000
    -113.00         0.00000
    -112.85         0.00000
    -112.69         0.00000
    -112.55         0.00000
    -112.39         0.00000
    -112.25         0.00000
    -112.10         0.00000
    -111.94         0.00000
    -111.80         0.00000
    -111.64         0.00000
    -111.50         0.00000
    -111.35         0.00000
    -111.19         0.00000
    -111.05         0.00000
    -110.89         0.00000
    -110.75         0.00000
    -110.60         0.00000
    -110.44         0.00000
    -110.30         0.00000
    -110.14         0.00000
    -110.00         0.00000
    -109.85         0.00000
    -109.69         0.00000
    -109.55         0.00000
    -109.39         0.00000
    -109.25         0.00000
    -109.10         0.00000
    -108.94         0.00000
    -108.80         0.00000
    -108.64         0.00000
    -108.50         0.00000
    -108.35         0.00000
    -108.19         0.00000
    -108.05         0.00000
    -107.89         0.00000
    -107.75         0.00000
    -107.60         0.00000
    -107.44         0.00000
    -107.30         0.00000
    -107.14         0.00000
    -107.00         0.00000
    -106.85         0.00000
    -106.69         0.00000
    -106.55         0.00000
    -106.39         0.00000
    -106.25         0.00000
    -106.10         0.00000
    -105.94         0.00000
    -105.80         0.00000
    -105.64         0.00000
    -105.50         0.00000
    -105.35         0.00000
    -105.19         0.00000
    -105.05         0.00000
    -104.89         0.00000
    -104.75         0.00000
    -104.60         0.00000
    -104.44         0.00000
    -104.30         0.00000
    -104.14         0.00000
    -104.00         0.00000
    -103.85         0.00000
    -103.69         0.00000
    -103.55         0.00000
    -103.39         0.00000
    -103.25         0.00000
    -103.10         0.00000
    -102.94         0.00000
    -102.80         0.00000
    -102.64         0.00000
    -102.50         0.00000
    -102.35         0.00000
    -102.19         0.00000
    -102.05         0.00000
    -101.89         0.00000
    -101.75         0.00000
    -101.60         0.00000
    -101.44         0.00000
    -101.30         0.00000
    -101.14         0.00000
    -101.00         0.00000
    -100.85         0.00000
    -100.69         0.00000
    -100.55         0.00000
    -100.39         0.00000
    -100.25         0.00000
    -100.10         0.00000
    -99.945         0.00000
    -99.795         0.00000
    -99.645         0.00000
    -99.495         0.00000
    -99.345         0.00000
    -99.195         0.00000
    -99.045         0.00000
    -98.895         0.00000
    -98.745         0.00000
    -98.595         0.00000
    -98.445         0.00000
    -98.295         0.00000
    -98.145         0.00000
    -97.995         0.00000
    -97.845         0.00000
    -97.695         0.00000
    -97.545         0.00000
    -97.395         0.00000
    -97.245         0.00000
    -97.095         0.00000
    -96.945         0.00000
    -96.795         0.00000
    -96.645         0.00000
    -96.495         0.00000
    -96.345         0.00000
    -96.195         0.00000
    -96.045         0.00000
    -95.895         0.00000
    -95.745         0.00000
    -95.595         0.00000
    -95.445         0.00000
    -95.295         0.00000
    -95.145         0.00000
    -94.995         0.00000
    -94.845         0.00000
    -94.695         0.00000
    -94.545         0.00000
    -94.395         0.00000
    -94.245         0.00000
    -94.095         0.00000
    -93.945         0.00000
    -93.795         0.00000
    -93.645         0.00000
    -93.495         0.00000
    -93.345         0.00000
    -93.195         0.00000
    -93.045         0.00000
    -92.895         0.00000
    -92.745         0.00000
    -92.595         0.00000
    -92.445         0.00000
    -92.295         0.00000
    -92.145         0.00000
    -91.995         0.00000
    -91.845         0.00000
    -91.695         0.00000
    -91.545         0.00000
    -91.395         0.00000
    -91.245         0.00000
    -91.095         0.00000
    -90.945         0.00000
    -90.795         0.00000
    -90.645         0.00000
    -90.495         0.00000
    -90.345         0.00000
    -90.195         0.00000
    -90.045         0.00000
    -89.895         0.00000
    -89.745         0.00000
    -89.595         0.00000
    -89.445         0.00000
    -89.295         0.00000
    -89.145         0.00000
    -88.995         0.00000
    -88.845         0.00000
    -88.695         0.00000
    -88.545         0.00000
    -88.395         0.00000
    -88.245         0.00000
    -88.095         0.00000
    -87.945         0.00000
    -87.795         0.00000
    -87.645         0.00000
    -87.495         0.00000
    -87.345         0.00000
    -87.195         0.00000
    -87.045         0.00000
    -86.895         0.00000
    -86.745         0.00000
    -86.595         0.00000
    -86.445         0.00000
    -86.295         0.00000
    -86.145         0.00000
    -85.995         0.00000
    -85.845         0.00000
    -85.695         0.00000
    -85.545         0.00000
    -85.395         0.00000
    -85.245         0.00000
    -85.095         0.00000
    -84.945         0.00000
    -84.795         0.00000
    -84.645         0.00000
    -84.495         0.00000
    -84.345         0.00000
    -84.195         0.00000
    -84.045         0.00000
    -83.895         0.00000
    -83.745         0.00000
    -83.595         0.00000
    -83.445         0.00000
    -83.295         0.00000
    -83.145         0.00000
    -82.995         0.00000
    -82.845         0.00000
    -82.695         0.00000
    -82.545         0.00000
    -82.395         0.00000
    -82.245         0.00000
    -82.095         0.00000
    -81.945         0.00000
    -81.795         0.00000
    -81.645         0.00000
    -81.495         0.00000
    -81.345         0.00000
    -81.195         0.00000
    -81.045         0.00000
    -80.895         0.00000
    -80.745         0.00000
    -80.595         0.00000
    -80.445         0.00000
    -80.295         0.00000
    -80.145         0.00000
    -79.995         0.00000
    -79.845         0.00000
    -79.695         0.00000
    -79.545         0.00000
    -79.395         0.00000
    -79.245         0.00000
    -79.095         0.00000
    -78.945         0.00000
    -78.795         0.00000
    -78.645         0.00000
    -78.495         0.00000
    -78.345         0.00000
    -78.195         0.00000
    -78.045         0.00000
    -77.895         0.00000
    -77.745         0.00000
    -77.595         0.00000
    -77.445         0.00000
    -77.295         0.00000
    -77.145         0.00000
    -76.995         0.00000
    -76.845         0.00000
    -76.695         0.00000
    -76.545         0.00000
    -76.395         0.00000
    -76.245         0.00000
    -76.095         0.00000
    -75.945         0.00000
    -75.795         0.00000
    -75.645         0.00000
    -75.495         0.00000
    -75.345         0.00000
    -75.195         0.00000
    -75.045         0.00000
    -74.895         0.00000
    -74.745         0.00000
    -74.595         0.00000
    -74.445         0.00000
    -74.295         0.00000
    -74.145         0.00000
    -73.995         0.00000
    -73.845         0.00000
    -73.695         0.00000
    -73.545         0.00000
    -73.395         0.00000
    -73.245         0.00000
    -73.095         0.00000
    -72.945         0.00000
    -72.795         0.00000
    -72.645         0.00000
    -72.495         0.00000
    -72.345         0.00000
    -72.195         0.00000
    -72.045         0.00000
    -71.895         0.00000
    -71.745         0.00000
    -71.595         0.00000
    -71.445         0.00000
    -71.295         0.00000
    -71.145         0.00000
    -70.995         0.00000
    -70.845         0.00000
    -70.695         0.00000
    -70.545         0.00000
    -70.395         0.00000
    -70.245         0.00000
    -70.095         0.00000
    -69.945         0.00000
    -69.795         0.00000
    -69.645         0.00000
    -69.495         0.00000
    -69.345         0.00000
    -69.195         0.00000
    -69.045         0.00000
    -68.895         0.00000
    -68.745         0.00000
    -68.595         0.00000
    -68.445         0.00000
    -68.295         0.00000
    -68.145         0.00000
    -67.995         0.00000
    -67.845         0.00000
    -67.695         0.00000
    -67.545         0.00000
    -67.395         0.00000
    -67.245         0.00000
    -67.095         0.00000
    -66.945         0.00000
    -66.795         0.00000
    -66.645         0.00000
    -66.495         0.00000
    -66.345         0.00000
    -66.195         0.00000
    -66.045         0.00000
    -65.895         0.00000
    -65.745         0.00000
    -65.595         0.00000
    -65.445         0.00000
    -65.295         0.00000
    -65.145         0.00000
    -64.995         0.00000
    -64.845         0.00000
    -64.695         0.00000
    -64.545         0.00000
    -64.395         0.00000
    -64.245         0.00000
    -64.095         0.00000
    -63.945         0.00000
    -63.795         0.00000
    -63.645         0.00000
    -63.495         0.00000
    -63.345         0.00000
    -63.195         0.00000
    -63.045         0.00000
    -62.895         0.00000
    -62.745         0.00000
    -62.595         0.00000
    -62.445         0.00000
    -62.295         0.00000
    -62.145         0.00000
    -61.995         0.00000
    -61.845         0.00000
    -61.695         0.00000
    -61.545         0.00000
    -61.395         0.00000
    -61.245         0.00000
    -61.095         0.00000
    -60.945         0.00000
    -60.795         0.00000
    -60.645         0.00000
    -60.495         0.00000
    -60.345         0.00000
    -60.195         0.00000
    -60.045         0.00000
    -59.895         0.00000
    -59.745         0.00000
    -59.595         0.00000
    -59.445         0.00000
    -59.295         0.00000
    -59.145         0.00000
    -58.995         0.00000
    -58.845         0.00000
    -58.695         0.00000
    -58.545         0.00000
    -58.395         0.00000
    -58.245         0.00000
    -58.095         0.00000
    -57.945         0.00000
    -57.795         0.00000
    -57.645         0.00000
    -57.495         0.00000
    -57.345         0.00000
    -57.195         0.00000
    -57.045         0.00000
    -56.895         0.00000
    -56.745         0.00000
    -56.595         0.00000
    -56.445         0.00000
    -56.295         0.00000
    -56.145         0.00000
    -55.995         0.00000
    -55.845         0.00000
    -55.695         0.00000
    -55.545         0.00000
    -55.395         0.00000
    -55.245         0.00000
    -55.095         0.00000
    -54.945         0.00000
    -54.795         0.00000
    -54.645         0.00000
    -54.495         0.00000
    -54.345         0.00000
    -54.195         0.00000
    -54.045         0.00000
    -53.895         0.00000
    -53.745         0.00000
    -53.595         0.00000
    -53.445         0.00000
    -53.295         0.00000
    -53.145         0.00000
    -52.995         0.00000
    -52.845         0.00000
    -52.695         0.00000
    -52.545         0.00000
    -52.395         0.00000
    -52.245         0.00000
    -52.095         0.00000
    -51.945         0.00000
    -51.795         0.00000
    -51.645         0.00000
    -51.495         0.00000
    -51.345         0.00000
    -51.195         0.00000
    -51.045         0.00000
    -50.895         0.00000
    -50.745         0.00000
    -50.595         0.00000
    -50.445         0.00000
    -50.295         0.00000
    -50.145         0.00000
    -49.995         0.00000
    -49.845         0.00000
    -49.695         0.00000
    -49.545         0.00000
    -49.395         0.00000
    -49.245         0.00000
    -49.095         0.00000
    -48.945         0.00000
    -48.795         0.00000
    -48.645         0.00000
    -48.495         0.00000
    -48.345         0.00000
    -48.195         0.00000
    -48.045         0.00000
    -47.895         0.00000
    -47.745         0.00000
    -47.595         0.00000
    -47.445         0.00000
    -47.295         0.00000
    -47.145         0.00000
    -46.995         0.00000
    -46.845         0.00000
    -46.695         0.00000
    -46.545         0.00000
    -46.395         0.00000
    -46.245         0.00000
    -46.095         0.00000
    -45.945         0.00000
    -45.795         0.00000
    -45.645         0.00000
    -45.495         0.00000
    -45.345         0.00000
    -45.195         0.00000
    -45.045         0.00000
    -44.895         0.00000
    -44.745         0.00000
    -44.595         0.00000
    -44.445         0.00000
    -44.295         0.00000
    -44.145         0.00000
    -43.995         0.00000
    -43.845         0.00000
    -43.695         0.00000
    -43.545         0.00000
    -43.395         0.00000
    -43.245         0.00000
    -43.095         0.00000
    -42.945         0.00000
    -42.795         0.00000
    -42.645         0.00000
    -42.495         0.00000
    -42.345         0.00000
    -42.195         0.00000
    -42.045         0.00000
    -41.895         0.00000
    -41.745         0.00000
    -41.595         0.00000
    -41.445         0.00000
    -41.295         0.00000
    -41.145         0.00000
    -40.995         0.00000
    -40.845         0.00000
    -40.695         0.00000
    -40.545         0.00000
    -40.395         0.00000
    -40.245         0.00000
    -40.095         0.00000
    -39.945         0.00000
    -39.795         0.00000
    -39.645         0.00000
    -39.495         0.00000
    -39.345         0.00000
    -39.195         0.00000
    -39.045         0.00000
    -38.895         0.00000
    -38.745         0.00000
    -38.595         0.00000
    -38.445         0.00000
    -38.295         0.00000
    -38.145         0.00000
    -37.995         0.00000
    -37.845         0.00000
    -37.695         0.00000
    -37.545         0.00000
    -37.395         0.00000
    -37.245         0.00000
    -37.095         0.00000
    -36.945         0.00000
    -36.795         0.00000
    -36.645         0.00000
    -36.495         0.00000
    -36.345         0.00000
    -36.195         0.00000
    -36.045         0.00000
    -35.895         0.00000
    -35.745         0.00000
    -35.595         0.00000
    -35.445         0.00000
    -35.295         0.00000
    -35.145         0.00000
    -34.995         0.00000
    -34.845         0.00000
    -34.695         0.00000
    -34.545         0.00000
    -34.395         0.00000
    -34.245         0.00000
    -34.095         0.00000
    -33.945         0.00000
    -33.795         0.00000
    -33.645         0.00000
    -33.495         0.00000
    -33.345         0.00000
    -33.195         0.00000
    -33.045         0.00000
    -32.895         0.00000
    -32.745         0.00000
    -32.595         0.00000
    -32.445         0.00000
    -32.295         0.00000
    -32.145         0.00000
    -31.995         0.00000
    -31.845         0.00000
    -31.695         0.00000
    -31.545         0.00000
    -31.395         0.00000
    -31.245         0.00000
    -31.095         0.00000
    -30.945         0.00000
    -30.795         0.00000
    -30.645         0.00000
    -30.495         0.00000
    -30.345         0.00000
    -30.195         0.00000
    -30.045         0.00000
    -29.895         0.00000
    -29.745         0.00000
    -29.595         0.00000
    -29.445         0.00000
    -29.295         0.00000
    -29.145         0.00000
    -28.995         0.00000
    -28.845         0.00000
    -28.695         0.00000
    -28.545         0.00000
    -28.395         0.00000
    -28.245         0.00000
    -28.095         0.00000
    -27.945         0.00000
    -27.795         0.00000
    -27.645         0.00000
    -27.495         0.00000
    -27.345         0.00000
    -27.195         0.00000
    -27.045         0.00000
    -26.895         0.00000
    -26.745         0.00000
    -26.595         0.00000
    -26.445         0.00000
    -26.295         0.00000
    -26.145         0.00000
    -25.995         0.00000
    -25.845         0.00000
    -25.695         0.00000
    -25.545         0.00000
    -25.395         0.00000
    -25.245         0.00000
    -25.095         0.00000
    -24.945         0.00000
    -24.795         0.00000
    -24.645         0.00000
    -24.495         0.00000
    -24.345         0.00000
    -24.195         0.00000
    -24.045         0.00000
    -23.895         0.00000
    -23.745         0.00000
    -23.595         0.00000
    -23.445         0.00000
    -23.295         0.00000
    -23.145         0.00000
    -22.995         0.00000
    -22.845         0.00000
    -22.695         0.00000
    -22.545         0.00000
    -22.395         0.00000
    -22.245         0.00000
    -22.095         0.00000
    -21.945         0.00000
    -21.795         0.00000
    -21.645         0.00000
    -21.495         0.00000
    -21.345         0.00000
    -21.195         0.00000
    -21.045         0.00000
    -20.895         0.00000
    -20.745         0.00000
    -20.595         0.00000
    -20.445         0.00000
    -20.295         0.00000
    -20.145         0.00000
    -19.995         0.00000
    -19.845         0.00000
    -19.695         0.00000
    -19.545         0.00000
    -19.395         0.00000
    -19.245         0.00000
    -19.095         0.00000
    -18.945         0.00000
    -18.795         0.00000
    -18.645         0.00000
    -18.495         0.00000
    -18.345         0.00000
    -18.195         0.00000
    -18.045         0.00000
    -17.895         0.00000
    -17.745         0.00000
    -17.595         0.00000
    -17.445         0.00000
    -17.295         0.00000
    -17.145         0.00000
    -16.995         0.00000
    -16.845         0.00000
    -16.695         0.00000
    -16.545         0.00000
    -16.395         0.00000
    -16.245         0.00000
    -16.095         0.00000
    -15.945         0.00000
    -15.795         0.00000
    -15.645         0.00000
    -15.495         0.00000
    -15.345         0.00000
    -15.195         0.00000
    -15.045         0.00000
    -14.895         0.00000
    -14.745         0.00000
    -14.595         0.00000
    -14.445         0.00000
    -14.295         0.00000
    -14.145         0.00000
    -13.995         0.00000
    -13.845         0.00000
    -13.695         0.00000
    -13.545         0.00000
    -13.395         0.00000
    -13.245         0.00000
    -13.095         0.00000
    -12.945         0.00000
    -12.795         0.00000
    -12.645         0.00000
    -12.495         0.00000
    -12.345         0.00000
    -12.195         0.00000
    -12.045         0.00000
    -11.895         0.00000
    -11.745         0.00000
    -11.595        -0.00278
    -11.445        -0.00992
    -11.295        -0.02214
    -11.145        -0.04199
    -10.995        -0.06340
    -10.845        -0.09353
    -10.695        -0.12774
    -10.545        -0.17207
    -10.395        -0.21893
    -10.245        -0.25916
    -10.095        -0.32126
    -9.9450        -0.38335
    -9.7950        -0.44431
    -9.6450        -0.50524
    -9.4950        -0.55980
    -9.3450        -0.61801
    -9.1950        -0.67371
    -9.0450        -0.74433
    -8.8950        -0.80662
    -8.7450        -0.87641
    -8.5950        -0.94342
    -8.4450        -1.02350
    -8.2950        -1.10189
    -8.1450        -1.19740
    -7.9950        -1.30294
    -7.8450        -1.41841
    -7.6950        -1.55597
    -7.5450        -1.70290
    -7.3950        -1.87331
    -7.2450        -2.08104
    -7.0950        -2.29528
    -6.9450        -2.55745
    -6.7950        -2.87676
    -6.6450        -3.18188
    -6.4950        -3.54557
    -6.3450        -3.93649
    -6.1950        -4.35042
    -6.0450        -4.78350
    -5.8950        -5.25200
    -5.7450        -5.71001
    -5.5950        -6.16663
    -5.4450        -6.64630
    -5.2950        -7.09446
    -5.1450        -7.54485
    -4.9950        -7.99521
    -4.8450        -8.43764
    -4.6950        -8.83323
    -4.5450        -9.25079
    -4.3950        -9.63312
    -4.2450       -10.01063
    -4.0950       -10.36665
    -3.9450       -10.70785
    -3.7950       -11.04628
    -3.6450       -11.38600
    -3.4950       -11.70791
    -3.3450       -12.05021
    -3.1950       -12.39056
    -3.0450       -12.76987
    -2.8950       -13.17884
    -2.7450       -13.63779
    -2.5950       -14.11805
    -2.4450       -14.66968
    -2.2950       -15.27519
    -2.1450       -15.95556
    -1.9950       -16.77440
    -1.8450       -17.76887
    -1.6950       -18.94261
    -1.5450       -20.32908
    -1.3950       -21.91436
    -1.2450       -23.69981
    -1.0950       -25.70381
   -0.94500       -27.89761
   -0.79500       -30.31221
   -0.64500       -32.94938
   -0.49500       -35.96827
   -0.34500       -39.79010
   -0.22700       -41.36212
   -0.21300       -41.56426
   -0.20700       -41.77176
   -0.20100       -41.98460
   -0.19500       -42.19985
   -0.18900       -42.41755
   -0.18300       -42.64304
   -0.17700       -42.87258
   -0.17100       -43.10980
   -0.16500       -43.35371
   -0.15900       -43.60104
   -0.15300       -43.85483
   -0.14700       -44.11824
   -0.14100       -44.39426
   -0.13500       -44.67255
   -0.12900       -44.96409
   -0.12300       -45.26716
   -0.11700       -45.58122
   -0.11100       -45.90886
   -0.10500       -46.25073
   -0.99000E-01   -46.60592
   -0.93000E-01   -46.98215
   -0.87000E-01   -47.37624
   -0.81000E-01   -47.79269
   -0.75000E-01   -48.23797
   -0.69000E-01   -48.71567
   -0.63000E-01   -49.23096
   -0.57000E-01   -49.79496
   -0.51000E-01   -50.41243
   -0.45000E-01   -51.10309
   -0.39000E-01   -51.89231
   -0.33000E-01   -52.81917
   -0.27000E-01   -53.94425
   -0.21300E-01   -54.87997
   -0.19500E-01   -55.03294
   -0.18900E-01   -55.19092
   -0.18300E-01   -55.35397
   -0.17700E-01   -55.52231
   -0.17100E-01   -55.69734
   -0.16500E-01   -55.87781
   -0.15900E-01   -56.06659
   -0.15300E-01   -56.26184
   -0.14700E-01   -56.46582
   -0.14100E-01   -56.67898
   -0.13500E-01   -56.90184
   -0.12900E-01   -57.13594
   -0.12300E-01   -57.38298
   -0.11700E-01   -57.64374
   -0.11100E-01   -57.92167
   -0.10500E-01   -58.21909
   -0.99000E-02   -58.53754
   -0.93000E-02   -58.88102
   -0.87000E-02   -59.25025
   -0.81000E-02   -59.64928
   -0.75000E-02   -60.07892
   -0.69000E-02   -60.54530
   -0.63000E-02   -61.05297
   -0.57000E-02   -61.60924
   -0.51000E-02   -62.22223
   -0.45000E-02   -62.89603
   -0.39000E-02   -63.63520
   -0.33000E-02   -64.44644
   -0.27000E-02   -65.35103
   -0.21000E-02   -66.36008
   -0.15000E-02   -67.39144
   -0.90000E-03   -68.17738
   -0.30000E-03   -68.48200
    0.30000E-03   -68.21945
    0.90000E-03   -67.43675
    0.15000E-02   -66.40573
    0.21000E-02   -65.39768
    0.27000E-02   -64.49358
    0.33000E-02   -63.68164
    0.39000E-02   -62.94264
    0.45000E-02   -62.26948
    0.51000E-02   -61.65742
    0.57000E-02   -61.10275
    0.63000E-02   -60.59625
    0.69000E-02   -60.13011
    0.75000E-02   -59.70062
    0.81000E-02   -59.30336
    0.87000E-02   -58.93570
    0.93000E-02   -58.59341
    0.99000E-02   -58.27584
    0.10500E-01   -57.97899
    0.11100E-01   -57.70252
    0.11700E-01   -57.44266
    0.12300E-01   -57.19688
    0.12900E-01   -56.96392
    0.13500E-01   -56.74249
    0.14100E-01   -56.53144
    0.14700E-01   -56.32896
    0.15300E-01   -56.13456
    0.15900E-01   -55.94807
    0.16500E-01   -55.76836
    0.17100E-01   -55.59468
    0.17700E-01   -55.42780
    0.18300E-01   -55.26662
    0.18900E-01   -55.11021
    0.19500E-01   -54.95966
    0.21300E-01   -54.03560
    0.27000E-01   -52.93332
    0.33000E-01   -52.03280
    0.39000E-01   -51.26928
    0.45000E-01   -50.60417
    0.51000E-01   -50.01588
    0.57000E-01   -49.48855
    0.63000E-01   -49.01181
    0.69000E-01   -48.57438
    0.75000E-01   -48.17321
    0.81000E-01   -47.79968
    0.87000E-01   -47.45300
    0.93000E-01   -47.12849
    0.99000E-01   -46.82439
    0.10500       -46.53707
    0.11100       -46.26553
    0.11700       -46.00877
    0.12300       -45.76430
    0.12900       -45.53460
    0.13500       -45.31146
    0.14100       -45.09874
    0.14700       -44.89750
    0.15300       -44.70402
    0.15900       -44.51619
    0.16500       -44.33264
    0.17100       -44.15624
    0.17700       -43.98779
    0.18300       -43.82566
    0.18900       -43.66760
    0.19500       -43.51679
    0.20100       -43.36952
    0.20700       -43.22604
    0.21300       -43.08672
    0.22700       -42.06669
    0.34500       -39.96743
    0.49500       -38.67701
    0.64500       -37.74339
    0.79500       -37.01514
    0.94500       -36.40223
     1.0950       -35.87550
     1.2450       -35.39522
     1.3950       -34.95812
     1.5450       -34.55322
     1.6950       -34.18285
     1.8450       -33.83815
     1.9950       -33.52017
     2.1450       -33.24109
     2.2950       -32.98467
     2.4450       -32.75309
     2.5950       -32.56035
     2.7450       -32.37330
     2.8950       -32.20419
     3.0450       -32.05400
     3.1950       -31.91613
     3.3450       -31.79356
     3.4950       -31.68880
     3.6450       -31.58355
     3.7950       -31.49113
     3.9450       -31.40300
     4.0950       -31.31781
     4.2450       -31.23400
     4.3950       -31.15480
     4.5450       -31.08035
     4.6950       -31.00956
     4.8450       -30.93800
     4.9950       -30.87136
     5.1450       -30.80850
     5.2950       -30.74712
     5.4450       -30.68807
     5.5950       -30.62969
     5.7450       -30.57343
     5.8950       -30.51737
     6.0450       -30.46297
     6.1950       -30.41129
     6.3450       -30.36094
     6.4950       -30.31143
     6.6450       -30.26279
     6.7950       -30.21529
     6.9450       -30.16876
     7.0950       -30.12402
     7.2450       -30.07979
     7.3950       -30.03571
     7.5450       -29.99361
     7.6950       -29.95238
     7.8450       -29.91157
     7.9950       -29.87179
     8.1450       -29.83326
     8.2950       -29.79500
     8.4450       -29.75693
     8.5950       -29.71970
     8.7450       -29.68272
     8.8950       -29.64704
     9.0450       -29.61093
     9.1950       -29.57600
     9.3450       -29.54152
     9.4950       -29.50805
     9.6450       -29.47452
     9.7950       -29.44181
     9.9450       -29.40938
     10.095       -29.37748
     10.245       -29.34599
     10.395       -29.31519
     10.545       -29.28484
     10.695       -29.25434
     10.845       -29.22448
     10.995       -29.19572
     11.145       -29.16644
     11.295       -29.13779
     11.445       -29.10921
     11.595       -29.08157
     11.745       -29.05447
     11.895       -29.02747
     12.045       -29.00027
     12.195       -28.97402
     12.345       -28.94787
     12.495       -28.92235
     12.645       -28.89730
     12.795       -28.87284
     12.945       -28.84854
     13.095       -28.82362
     13.245       -28.79922
     13.395       -28.77554
     13.545       -28.75197
     13.695       -28.72805
     13.845       -28.70523
     13.995       -28.68245
     14.145       -28.65971
     14.295       -28.63730
     14.445       -28.61544
     14.595       -28.59346
     14.745       -28.57210
     14.895       -28.55102
     15.045       -28.52981
     15.195       -28.50873
     15.345       -28.48782
     15.495       -28.46732
     15.645       -28.44651
     15.795       -28.42642
     15.945       -28.40589
     16.095       -28.38557
     16.245       -28.36583
     16.395       -28.34620
     16.545       -28.32700
     16.695       -28.30754
     16.845       -28.28858
     16.995       -28.26991
     17.145       -28.25134
     17.295       -28.23287
     17.445       -28.21505
     17.595       -28.19700
     17.745       -28.17918
     17.895       -28.16140
     18.045       -28.14389
     18.195       -28.12636
     18.345       -28.10948
     18.495       -28.09237
     18.645       -28.07500
     18.795       -28.05807
     18.945       -28.04107
     19.095       -28.02433
     19.245       -28.00719
     19.395       -27.99125
     19.545       -27.97497
     19.695       -27.95845
     19.845       -27.94257
     19.995       -27.92688
     20.145       -27.91093
     20.295       -27.89519
     20.445       -27.87936
     20.595       -27.86409
     20.745       -27.84930
     20.895       -27.83395
     21.045       -27.81865
     21.195       -27.80360
     21.345       -27.78828
     21.495       -27.77349
     21.645       -27.75916
     21.795       -27.74441
     21.945       -27.73007
     22.095       -27.71577
     22.245       -27.70160
     22.395       -27.68769
     22.545       -27.67366
     22.695       -27.65936
     22.845       -27.64522
     22.995       -27.63150
     23.145       -27.61817
     23.295       -27.60452
     23.445       -27.59126
     23.595       -27.57765
     23.745       -27.56440
     23.895       -27.55124
     24.045       -27.53776
     24.195       -27.52452
     24.345       -27.51160
     24.495       -27.49848
     24.645       -27.48599
     24.795       -27.47353
     24.945       -27.46110
     25.095       -27.44833
     25.245       -27.43588
     25.395       -27.42348
     25.545       -27.41111
     25.695       -27.39873
     25.845       -27.38614
     25.995       -27.37419
     26.145       -27.36230
     26.295       -27.35025
     26.445       -27.33842
     26.595       -27.32661
     26.745       -27.31513
     26.895       -27.30351
     27.045       -27.29119
     27.195       -27.27952
     27.345       -27.26830
     27.495       -27.25703
     27.645       -27.24566
     27.795       -27.23421
     27.945       -27.22259
     28.095       -27.21108
     28.245       -27.20023
     28.395       -27.18899
     28.545       -27.17809
     28.695       -27.16704
     28.845       -27.15612
     28.995       -27.14527
     29.145       -27.13463
     29.295       -27.12414
     29.445       -27.11357
     29.595       -27.10310
     29.745       -27.09250
     29.895       -27.08165
     30.045       -27.07106
     30.195       -27.06070
     30.345       -27.05049
     30.495       -27.04008
     30.645       -27.02953
     30.795       -27.01961
     30.945       -27.00970
     31.095       -26.99955
     31.245       -26.98950
     31.395       -26.97941
     31.545       -26.96951
     31.695       -26.95943
     31.845       -26.94967
     31.995       -26.94011
     32.145       -26.93018
     32.295       -26.92061
     32.445       -26.91118
     32.595       -26.90188
     32.745       -26.89226
     32.895       -26.88271
     33.045       -26.87328
     33.195       -26.86401
     33.345       -26.85461
     33.495       -26.84539
     33.645       -26.83624
     33.795       -26.82698
     33.945       -26.81780
     34.095       -26.80873
     34.245       -26.79962
     34.395       -26.79050
     34.545       -26.78129
     34.695       -26.77213
     34.845       -26.76303
     34.995       -26.75418
     35.145       -26.74519
     35.295       -26.73635
     35.445       -26.72760
     35.595       -26.71865
     35.745       -26.70992
     35.895       -26.70135
     36.045       -26.69260
     36.195       -26.68421
     36.345       -26.67551
     36.495       -26.66674
     36.645       -26.65817
     36.795       -26.64979
     36.945       -26.64145
     37.095       -26.63296
     37.245       -26.62491
     37.395       -26.61679
     37.545       -26.60870
     37.695       -26.60048
     37.845       -26.59252
     37.995       -26.58426
     38.145       -26.57601
     38.295       -26.56779
     38.445       -26.55985
     38.595       -26.55188
     38.745       -26.54350
     38.895       -26.53525
     39.045       -26.52759
     39.195       -26.51948
     39.345       -26.51148
     39.495       -26.50360
     39.645       -26.49585
     39.795       -26.48820
     39.945       -26.48030
     40.095       -26.47286
     40.245       -26.46504
     40.395       -26.45749
     40.545       -26.45006
     40.695       -26.44212
     40.845       -26.43462
     40.995       -26.42732
     41.145       -26.41977
     41.295       -26.41218
     41.445       -26.40476
     41.595       -26.39753
     41.745       -26.38995
     41.895       -26.38241
     42.045       -26.37521
     42.195       -26.36792
     42.345       -26.36054
     42.495       -26.35324
     42.645       -26.34608
     42.795       -26.33872
     42.945       -26.33173
     43.095       -26.32441
     43.245       -26.31725
     43.395       -26.31027
     43.545       -26.30334
     43.695       -26.29617
     43.845       -26.28914
     43.995       -26.28222
     44.145       -26.27536
     44.295       -26.26835
     44.445       -26.26147
     44.595       -26.25445
     44.745       -26.24750
     44.895       -26.24067
     45.045       -26.23373
     45.195       -26.22708
     45.345       -26.22012
     45.495       -26.21340
     45.645       -26.20678
     45.795       -26.20006
     45.945       -26.19346
     46.095       -26.18685
     46.245       -26.18021
     46.395       -26.17351
     46.545       -26.16692
     46.695       -26.16036
     46.845       -26.15385
     46.995       -26.14758
     47.145       -26.14107
     47.295       -26.13437
     47.445       -26.12786
     47.595       -26.12146
     47.745       -26.11507
     47.895       -26.10869
     48.045       -26.10211
     48.195       -26.09561
     48.345       -26.08923
     48.495       -26.08283
     48.645       -26.07667
     48.795       -26.07031
     48.945       -26.06415
     49.095       -26.05782
     49.245       -26.05180
     49.395       -26.04539
     49.545       -26.03919
     49.695       -26.03312
     49.845       -26.02694
     49.995       -26.02060
     50.145       -26.01435
     50.295       -26.00834
     50.445       -26.00217
     50.595       -25.99621
     50.745       -25.99001
     50.895       -25.98402
     51.045       -25.97804
     51.195       -25.97191
     51.345       -25.96597
     51.495       -25.96015
     51.645       -25.95427
     51.795       -25.94847
     51.945       -25.94241
     52.095       -25.93655
     52.245       -25.93094
     52.395       -25.92494
     52.545       -25.91905
     52.695       -25.91330
     52.845       -25.90752
     52.995       -25.90157
     53.145       -25.89569
     53.295       -25.88995
     53.445       -25.88426
     53.595       -25.87871
     53.745       -25.87293
     53.895       -25.86728
     54.045       -25.86176
     54.195       -25.85613
     54.345       -25.85061
     54.495       -25.84507
     54.645       -25.83963
     54.795       -25.83402
     54.945       -25.82853
     55.095       -25.82304
     59.433       -25.38760
     80.646       -24.75057
     111.21       -24.12661
     153.36       -23.51866
     211.49       -22.92627
     291.64       -22.35002
     402.18       -21.79118
     554.60       -21.24850
     764.80       -20.72023
     1054.7       -20.20747
     1454.4       -19.70988
     2005.6       -19.22790
     2765.8       -18.76213
     3814.0       -18.31082
     5259.5       -17.87266
     7252.9       -17.44565
     10002.       -17.02883
     13793.       -16.62796
     19020.       -16.24266
     26229.       -15.87029
     36170.       -15.51204
     49878.       -15.16724
     68782.       -14.83765
     94851.       -14.52133
    0.13080E+06   -14.22075
    0.18038E+06   -13.93044
    0.24874E+06   -13.65632
    0.34301E+06   -13.39305
    0.47302E+06   -13.14276
    0.65229E+06   -12.90390
    0.89952E+06   -12.67674
    0.12404E+07   -12.46102
    0.17106E+07   -12.25422
    0.23589E+07   -12.05724
    0.32529E+07   -11.87022
    0.44858E+07   -11.69160
    0.61860E+07   -11.52198
    0.85305E+07   -11.36069
    0.11764E+08   -11.20730
    0.16222E+08   -11.06183
    0.22370E+08   -10.92280
    0.30849E+08   -10.79052
    0.42541E+08   -10.66546
    0.58664E+08   -10.54926
    0.80898E+08   -10.44079
    0.11156E+09   -10.33938
    0.15384E+09   -10.24442
    0.21215E+09   -10.15469
    0.29255E+09   -10.07119
    0.40343E+09    -9.99307
    0.55633E+09    -9.91971
    0.76719E+09    -9.85386
    0.10580E+10    -9.79372
    0.14589E+10    -9.73810
    0.20119E+10    -9.68646
    0.27744E+10    -9.63916
    0.38259E+10    -9.59554
    0.52760E+10    -9.55472
    0.72756E+10    -9.51782
    0.10033E+11    -9.48387
    0.13836E+11    -9.45237
    0.19079E+11    -9.42289
    0.26311E+11    -9.39586
    0.36283E+11    -9.37049
    0.50034E+11    -9.34764
    0.68997E+11    -9.32659
    0.10000E+12    -9.07404
