    -29.945        1     0.00000
    -29.795        1     0.00000
    -29.645        1     0.00000
    -29.495        1     0.00000
    -29.345        1     0.00000
    -29.195        1     0.00000
    -29.045        1     0.00000
    -28.895        1     0.00000
    -28.745        1     0.00000
    -28.595        1     0.00000
    -28.445        1     0.00000
    -28.295        1     0.00000
    -28.145        1     0.00000
    -27.995        1     0.00000
    -27.845        1     0.00000
    -27.695        1     0.00000
    -27.545        1     0.00000
    -27.395        1     0.00000
    -27.245        1     0.00000
    -27.095        1     0.00000
    -26.945        1     0.00000
    -26.795        1     0.00000
    -26.645        1     0.00000
    -26.495        1     0.00000
    -26.345        1     0.00000
    -26.195        1     0.00000
    -26.045        1     0.00000
    -25.895        1     0.00000
    -25.745        1     0.00000
    -25.595        1     0.00000
    -25.445        1     0.00000
    -25.295        1     0.00000
    -25.145        1     0.00000
    -24.995        1     0.00000
    -24.845        1     0.00000
    -24.695        1     0.00000
    -24.545        1     0.00000
    -24.395        1     0.00000
    -24.245        1     0.00000
    -24.095        1     0.00000
    -23.945        1     0.00000
    -23.795        1     0.00000
    -23.645        1     0.00000
    -23.495        1     0.00000
    -23.345        1     0.00000
    -23.195        1     0.00000
    -23.045        1     0.00000
    -22.895        1     0.00000
    -22.745        1     0.00000
    -22.595        1     0.00000
    -22.445        1     0.00000
    -22.295        1     0.00000
    -22.145        1     0.00000
    -21.995        1     0.00000
    -21.845        1     0.00000
    -21.695        1     0.00000
    -21.545        1     0.00000
    -21.395        1     0.00000
    -21.245        1     0.00000
    -21.095        1     0.00000
    -20.945        1     0.00000
    -20.795        1     0.00000
    -20.645        1     0.00000
    -20.495        1     0.00000
    -20.345        1     0.00000
    -20.195        1     0.00000
    -20.045        1     0.00000
    -19.895        1     0.00000
    -19.745        1     0.00000
    -19.595        1     0.00000
    -19.445        1     0.00000
    -19.295        1     0.00000
    -19.145        1     0.00000
    -18.995        1     0.00000
    -18.845        1     0.00000
    -18.695        1     0.00000
    -18.545        1     0.00000
    -18.395        1     0.00000
    -18.245        1     0.00000
    -18.095        1     0.00000
    -17.945        1     0.00000
    -17.795        1     0.00000
    -17.645        1     0.00000
    -17.495        1     0.00000
    -17.345        1     0.00000
    -17.195        1     0.00000
    -17.045        1     0.00000
    -16.895        1     0.00000
    -16.745        1     0.00000
    -16.595        1     0.00000
    -16.445        1     0.00000
    -16.295        1     0.00000
    -16.145        1     0.00000
    -15.995        1     0.00000
    -15.845        1     0.00000
    -15.695        1     0.00000
    -15.545        1     0.00000
    -15.395        1     0.00000
    -15.245        1     0.00000
    -15.095        1     0.00000
    -14.945        1     0.00000
    -14.795        1     0.00000
    -14.645        1     0.00000
    -14.495        1     0.00000
    -14.345        1     0.00000
    -14.195        1     0.00000
    -14.045        1     0.00000
    -13.895        1     0.00000
    -13.745        1     0.00000
    -13.595        1     0.00000
    -13.445        1     0.00000
    -13.295        1     0.00000
    -13.145        1     0.00000
    -12.995        1     0.00000
    -12.845        1     0.00000
    -12.695        1     0.00000
    -12.545        1     0.00000
    -12.395        1     0.00000
    -12.245        1     0.00000
    -12.095        1     0.00000
    -11.945        1     0.00000
    -11.795        1     0.00000
    -11.645        1     0.00000
    -11.495        1     0.00000
    -11.345        1     0.00000
    -11.195        1     0.00000
    -11.045        1     0.00000
    -10.895        1     0.00000
    -10.745        1     0.00000
    -10.595        1     0.00000
    -10.445        1     0.00000
    -10.295        1     0.00000
    -10.145        1     0.00000
    -9.9950        1     0.00000
    -9.8450        1     0.00000
    -9.6950        1     0.00000
    -9.5450        1     0.00000
    -9.3950        1     0.00000
    -9.2450        1     0.00000
    -9.0950        1     0.00000
    -8.9450        1     0.00000
    -8.7950        1     0.00000
    -8.6450        1     0.00000
    -8.4950        1     0.00000
    -8.3450        1     0.00000
    -8.1950        1     0.00000
    -8.0450        1    -0.00000
    -7.8950        1    -0.00487
    -7.7450        1    -0.01621
    -7.5950        1    -0.03147
    -7.4450        1    -0.04954
    -7.2950        1    -0.07042
    -7.1450        1    -0.09371
    -6.9950        1    -0.12114
    -6.8450        1    -0.15090
    -6.6950        1    -0.18473
    -6.5450        1    -0.22918
    -6.3950        1    -0.28409
    -6.2450        1    -0.34905
    -6.0950        1    -0.42815
    -5.9450        1    -0.52351
    -5.7950        1    -0.65256
    -5.6450        1    -0.80775
    -5.4950        1    -0.99956
    -5.3450        1    -1.23981
    -5.1950        1    -1.52312
    -5.0450        1    -1.86993
    -4.8950        1    -2.29105
    -4.7450        1    -2.76864
    -4.5950        1    -3.29981
    -4.4450        1    -3.89014
    -4.2950        1    -4.56703
    -4.1450        1    -5.35829
    -3.9950        1    -6.24263
    -3.8450        1    -7.18236
    -3.6950        1    -8.21762
    -3.5450        1    -9.31161
    -3.3950        1   -10.43892
    -3.2450        1   -11.58629
    -3.0950        1   -12.76334
    -2.9450        1   -13.97101
    -2.7950        1   -15.21652
    -2.6450        1   -16.50108
    -2.4950        1   -17.83886
    -2.3450        1   -19.25336
    -2.1950        1   -20.76014
    -2.0450        1   -22.37951
    -1.8950        1   -24.14845
    -1.7450        1   -26.11315
    -1.5950        1   -28.31562
    -1.4450        1   -30.82594
    -1.2950        1   -33.76111
    -1.1450        1   -37.31422
   -0.99500        1   -41.83957
   -0.84500        1   -48.11059
   -0.69500        1   -58.07813
   -0.54500        1   -78.90941
   -0.39500        1  -135.69794
   -0.25300        1  -203.37304
   -0.21500        1  -206.51241
   -0.20900        1  -209.34310
   -0.20300        1  -211.91879
   -0.19700        1  -214.26870
   -0.19100        1  -216.41692
   -0.18500        1  -218.38187
   -0.17900        1  -220.18175
   -0.17300        1  -221.83383
   -0.16700        1  -223.35093
   -0.16100        1  -224.73839
   -0.15500        1  -226.00344
   -0.14900        1  -227.15267
   -0.14300        1  -228.19473
   -0.13700        1  -229.13595
   -0.13100        1  -229.98581
   -0.12500        1  -230.75231
   -0.11900        1  -231.44507
   -0.11300        1  -232.06956
   -0.10700        1  -232.63162
   -0.10100        1  -233.13651
   -0.95000E-01    1  -233.58807
   -0.89000E-01    1  -233.97943
   -0.83000E-01    1  -234.32008
   -0.77000E-01    1  -234.60937
   -0.71000E-01    1  -234.85692
   -0.65000E-01    1  -235.06881
   -0.59000E-01    1  -235.24963
   -0.53000E-01    1  -235.40249
   -0.47000E-01    1  -235.53033
   -0.41000E-01    1  -235.63581
   -0.35000E-01    1  -235.72096
   -0.29000E-01    1  -235.78771
   -0.23000E-01    1  -235.83799
   -0.19700E-01    1  -235.84218
   -0.19100E-01    1  -235.84622
   -0.18500E-01    1  -235.85010
   -0.17900E-01    1  -235.85384
   -0.17300E-01    1  -235.85746
   -0.16700E-01    1  -235.86093
   -0.16100E-01    1  -235.86426
   -0.15500E-01    1  -235.86745
   -0.14900E-01    1  -235.87049
   -0.14300E-01    1  -235.87340
   -0.13700E-01    1  -235.87617
   -0.13100E-01    1  -235.87879
   -0.12500E-01    1  -235.88130
   -0.11900E-01    1  -235.88367
   -0.11300E-01    1  -235.88591
   -0.10700E-01    1  -235.88802
   -0.10100E-01    1  -235.89000
   -0.95000E-02    1  -235.89186
   -0.89000E-02    1  -235.89359
   -0.83000E-02    1  -235.89520
   -0.77000E-02    1  -235.89668
   -0.71000E-02    1  -235.89805
   -0.65000E-02    1  -235.89929
   -0.59000E-02    1  -235.90042
   -0.53000E-02    1  -235.90142
   -0.47000E-02    1  -235.90231
   -0.41000E-02    1  -235.90308
   -0.35000E-02    1  -235.90373
   -0.29000E-02    1  -235.90427
   -0.23000E-02    1  -235.90469
   -0.17000E-02    1  -235.90501
   -0.11000E-02    1  -235.90521
   -0.50000E-03    1  -235.90530
    0.10000E-03    1  -235.90528
    0.70000E-03    1  -235.90515
    0.13000E-02    1  -235.90492
    0.19000E-02    1  -235.90458
    0.25000E-02    1  -235.90414
    0.31000E-02    1  -235.90359
    0.37000E-02    1  -235.90294
    0.43000E-02    1  -235.90218
    0.49000E-02    1  -235.90133
    0.55000E-02    1  -235.90037
    0.61000E-02    1  -235.89931
    0.67000E-02    1  -235.89816
    0.73000E-02    1  -235.89691
    0.79000E-02    1  -235.89556
    0.85000E-02    1  -235.89412
    0.91000E-02    1  -235.89258
    0.97000E-02    1  -235.89095
    0.10300E-01    1  -235.88922
    0.10900E-01    1  -235.88741
    0.11500E-01    1  -235.88550
    0.12100E-01    1  -235.88350
    0.12700E-01    1  -235.88142
    0.13300E-01    1  -235.87924
    0.13900E-01    1  -235.87698
    0.14500E-01    1  -235.87463
    0.15100E-01    1  -235.87219
    0.15700E-01    1  -235.86967
    0.16300E-01    1  -235.86705
    0.16900E-01    1  -235.86436
    0.17500E-01    1  -235.86159
    0.18100E-01    1  -235.85873
    0.18700E-01    1  -235.85579
    0.19300E-01    1  -235.85277
    0.20200E-01    1  -235.84024
    0.25000E-01    1  -235.80266
    0.31000E-01    1  -235.75795
    0.37000E-01    1  -235.70696
    0.43000E-01    1  -235.65018
    0.49000E-01    1  -235.58813
    0.55000E-01    1  -235.52117
    0.61000E-01    1  -235.44998
    0.67000E-01    1  -235.37504
    0.73000E-01    1  -235.29671
    0.79000E-01    1  -235.21526
    0.85000E-01    1  -235.13094
    0.91000E-01    1  -235.04466
    0.97000E-01    1  -234.95639
    0.10300        1  -234.86644
    0.10900        1  -234.77500
    0.11500        1  -234.68211
    0.12100        1  -234.58782
    0.12700        1  -234.49235
    0.13300        1  -234.39566
    0.13900        1  -234.29788
    0.14500        1  -234.19945
    0.15100        1  -234.10013
    0.15700        1  -233.99999
    0.16300        1  -233.89940
    0.16900        1  -233.79842
    0.17500        1  -233.69688
    0.18100        1  -233.59479
    0.18700        1  -233.49235
    0.19300        1  -233.38988
    0.19900        1  -233.28710
    0.20500        1  -233.18401
    0.21100        1  -233.08072
    0.21700        1  -232.97740
    0.29500        1  -230.38964
    0.44500        1  -228.05641
    0.59500        1  -225.96504
    0.74500        1  -224.07773
    0.89500        1  -222.35324
     1.0450        1  -220.80629
     1.1950        1  -219.39693
     1.3450        1  -218.10952
     1.4950        1  -216.96247
     1.6450        1  -215.91557
     1.7950        1  -214.94869
     1.9450        1  -214.04641
     2.0950        1  -213.19832
     2.2450        1  -212.39824
     2.3950        1  -211.63902
     2.5450        1  -210.91639
     2.6950        1  -210.22570
     2.8450        1  -209.56411
     2.9950        1  -208.92899
     3.1450        1  -208.31716
     3.2950        1  -207.72698
     3.4450        1  -207.15783
     3.5950        1  -206.60789
     3.7450        1  -206.07503
     3.8950        1  -205.55729
     4.0450        1  -205.05545
     4.1950        1  -204.56746
     4.3450        1  -204.09223
     4.4950        1  -203.62973
     4.6450        1  -203.17888
     4.7950        1  -202.73948
     4.9450        1  -202.31239
     5.0950        1  -201.89455
     5.2450        1  -201.48570
     5.3950        1  -201.08866
     5.5450        1  -200.69988
     5.6950        1  -200.31983
     5.8450        1  -199.95025
     5.9950        1  -199.58894
     6.1450        1  -199.23430
     6.2950        1  -198.88852
     6.4450        1  -198.54698
     6.5950        1  -198.21693
     6.7450        1  -197.89399
     6.8950        1  -197.57830
     7.0450        1  -197.27112
     7.1950        1  -196.96946
     7.3450        1  -196.67238
     7.4950        1  -196.38369
     7.6450        1  -196.10241
     7.7950        1  -195.82164
     7.9450        1  -195.54918
     8.0950        1  -195.28179
     8.2450        1  -195.01684
     8.3950        1  -194.76042
     8.5450        1  -194.50559
     8.6950        1  -194.25848
     8.8450        1  -194.01261
     8.9950        1  -193.77051
     9.1450        1  -193.53480
     9.2950        1  -193.31378
     9.4450        1  -193.09057
     9.5950        1  -192.87352
     9.7450        1  -192.66200
     9.8950        1  -192.45589
     10.045        1  -192.25018
     10.195        1  -192.05749
     10.345        1  -191.86346
     10.495        1  -191.67935
     10.645        1  -191.50102
     10.795        1  -191.32625
     10.945        1  -191.15799
     11.095        1  -190.98782
     11.245        1  -190.82677
     11.395        1  -190.67007
     11.545        1  -190.51608
     11.695        1  -190.36773
     11.845        1  -190.22542
     11.995        1  -190.08659
     12.145        1  -189.95346
     12.295        1  -189.81918
     12.445        1  -189.69029
     12.595        1  -189.56798
     12.745        1  -189.44832
     12.895        1  -189.33480
     13.045        1  -189.22256
     13.195        1  -189.11109
     13.345        1  -189.00686
     13.495        1  -188.89831
     13.645        1  -188.79234
     13.795        1  -188.69230
     13.945        1  -188.59023
     14.095        1  -188.49118
     14.245        1  -188.39407
     14.395        1  -188.29470
     14.545        1  -188.19168
     14.695        1  -188.09418
     14.845        1  -187.99522
     14.995        1  -187.89123
     15.145        1  -187.79195
     15.295        1  -187.68959
     15.445        1  -187.58020
     15.595        1  -187.47066
     15.745        1  -187.35777
     15.895        1  -187.25039
     16.045        1  -187.14222
     16.195        1  -187.03107
     16.345        1  -186.92053
     16.495        1  -186.80528
     16.645        1  -186.69128
     16.795        1  -186.57437
     16.945        1  -186.45672
     17.095        1  -186.34067
     17.245        1  -186.22329
     17.395        1  -186.10178
     17.545        1  -185.97963
     17.695        1  -185.85539
     17.845        1  -185.73529
     17.995        1  -185.61202
     18.145        1  -185.49438
     18.295        1  -185.36850
     18.445        1  -185.24279
     18.595        1  -185.12137
     18.745        1  -185.00191
     18.895        1  -184.88293
     19.045        1  -184.76061
     19.195        1  -184.63721
     19.345        1  -184.51226
     19.495        1  -184.39377
     19.645        1  -184.27639
     19.795        1  -184.16162
     19.945        1  -184.05103
     20.095        1  -183.93848
     20.245        1  -183.82270
     20.395        1  -183.71494
     20.545        1  -183.60384
     20.695        1  -183.49616
     20.845        1  -183.38828
     20.995        1  -183.27820
     21.145        1  -183.17326
     21.295        1  -183.07052
     21.445        1  -182.96941
     21.595        1  -182.87011
     21.745        1  -182.77614
     21.895        1  -182.67805
     22.045        1  -182.58130
     22.195        1  -182.49110
     22.345        1  -182.40555
     22.495        1  -182.31947
     22.645        1  -182.23943
     22.795        1  -182.15715
     22.945        1  -182.08036
     23.095        1  -182.00729
     23.245        1  -181.93310
     23.395        1  -181.86278
     23.545        1  -181.79660
     23.695        1  -181.73214
     23.845        1  -181.67041
     23.995        1  -181.60705
     24.145        1  -181.54780
     24.295        1  -181.49160
     24.445        1  -181.43540
     24.595        1  -181.38369
     24.745        1  -181.33373
     24.895        1  -181.28932
     25.045        1  -181.23977
     25.195        1  -181.19899
     25.345        1  -181.16019
     25.495        1  -181.11876
     25.645        1  -181.08205
     25.795        1  -181.04890
     25.945        1  -181.01498
     26.095        1  -180.98296
     26.245        1  -180.95343
     26.395        1  -180.92279
     26.545        1  -180.89534
     26.695        1  -180.87170
     26.845        1  -180.84418
     26.995        1  -180.82195
     27.145        1  -180.80380
     27.295        1  -180.77971
     27.445        1  -180.75898
     27.595        1  -180.73930
     27.745        1  -180.72699
     27.895        1  -180.70926
     28.045        1  -180.69374
     28.195        1  -180.67480
     28.345        1  -180.65820
     28.495        1  -180.64357
     28.645        1  -180.63048
     28.795        1  -180.61810
     28.945        1  -180.60620
     29.095        1  -180.59392
     29.245        1  -180.58309
     29.395        1  -180.57168
     29.545        1  -180.56027
     29.695        1  -180.54919
     29.845        1  -180.53854
     29.995        1  -180.52801
     30.145        1  -180.51840
     30.295        1  -180.50839
     30.445        1  -180.49881
     30.595        1  -180.48865
     30.745        1  -180.47992
     30.895        1  -180.47002
     31.045        1  -180.46066
     31.195        1  -180.45001
     31.345        1  -180.44125
     31.495        1  -180.43166
     31.645        1  -180.42308
     31.795        1  -180.41445
     31.945        1  -180.40599
     32.095        1  -180.39709
     32.245        1  -180.38857
     32.395        1  -180.38026
     32.545        1  -180.37210
     32.695        1  -180.36382
     32.845        1  -180.35553
     32.995        1  -180.34730
     33.145        1  -180.33857
     33.295        1  -180.33055
     33.445        1  -180.32246
     33.595        1  -180.31429
     33.745        1  -180.30615
     33.895        1  -180.29813
     34.045        1  -180.29014
     34.195        1  -180.28220
     34.345        1  -180.27428
     34.495        1  -180.26647
     34.645        1  -180.25882
     34.795        1  -180.25082
     34.945        1  -180.24303
     35.095        1  -180.23546
     35.245        1  -180.22794
     35.395        1  -180.22021
     35.545        1  -180.21271
     35.695        1  -180.20518
     35.845        1  -180.19767
     35.995        1  -180.19019
     36.145        1  -180.18264
     36.295        1  -180.17547
     36.445        1  -180.16814
     36.595        1  -180.16095
     36.745        1  -180.15358
     36.895        1  -180.14631
     37.045        1  -180.13917
     37.195        1  -180.13214
     37.345        1  -180.12494
     37.495        1  -180.11781
     37.645        1  -180.11071
     37.795        1  -180.10374
     37.945        1  -180.09676
     38.095        1  -180.08968
     38.245        1  -180.08280
     38.395        1  -180.07588
     38.545        1  -180.06907
     38.695        1  -180.06212
     38.845        1  -180.05528
     38.995        1  -180.04851
     39.145        1  -180.04182
     39.295        1  -180.03520
     39.445        1  -180.02847
     39.595        1  -180.02169
     39.745        1  -180.01506
     39.895        1  -180.00831
     40.045        1  -180.00185
     40.195        1  -179.99527
     40.345        1  -179.98876
     40.495        1  -179.98225
     40.645        1  -179.97578
     40.795        1  -179.96948
     40.945        1  -179.96294
     41.095        1  -179.95679
     41.245        1  -179.95047
     41.395        1  -179.94402
     41.545        1  -179.93768
     41.695        1  -179.93130
     41.845        1  -179.92502
     41.995        1  -179.91886
     42.145        1  -179.91251
     42.295        1  -179.90645
     42.445        1  -179.90026
     42.595        1  -179.89411
     42.745        1  -179.88804
     42.895        1  -179.88212
     43.045        1  -179.87595
     43.195        1  -179.87003
     43.345        1  -179.86399
     43.495        1  -179.85799
     43.645        1  -179.85204
     43.795        1  -179.84611
     43.945        1  -179.84019
     44.095        1  -179.83429
     44.245        1  -179.82846
     44.395        1  -179.82260
     44.545        1  -179.81673
     44.695        1  -179.81105
     44.845        1  -179.80532
     44.995        1  -179.79958
     45.145        1  -179.79379
     45.295        1  -179.78806
     45.445        1  -179.78210
     45.595        1  -179.77650
     45.745        1  -179.77087
     45.895        1  -179.76526
     46.045        1  -179.75963
     46.195        1  -179.75411
     46.345        1  -179.74854
     46.495        1  -179.74304
     46.645        1  -179.73748
     46.795        1  -179.73198
     46.945        1  -179.72652
     47.095        1  -179.72109
     47.245        1  -179.71548
     47.395        1  -179.71002
     47.545        1  -179.70461
     47.695        1  -179.69934
     47.845        1  -179.69392
     47.995        1  -179.68866
     48.145        1  -179.68339
     48.295        1  -179.67794
     48.445        1  -179.67255
     48.595        1  -179.66733
     48.745        1  -179.66203
     48.895        1  -179.65676
     49.045        1  -179.65154
     49.195        1  -179.64640
     49.345        1  -179.64124
     49.495        1  -179.63604
     49.645        1  -179.63092
     49.795        1  -179.62573
     49.945        1  -179.62069
     50.095        1  -179.61565
     50.245        1  -179.61058
     50.395        1  -179.60556
     50.545        1  -179.60052
     50.695        1  -179.59552
     50.845        1  -179.59059
     50.995        1  -179.58552
     51.145        1  -179.58062
     51.295        1  -179.57559
     51.445        1  -179.57071
     51.595        1  -179.56580
     51.745        1  -179.56091
     51.895        1  -179.55608
     52.045        1  -179.55121
     52.195        1  -179.54631
     52.345        1  -179.54137
     52.495        1  -179.53651
     52.645        1  -179.53160
     52.795        1  -179.52665
     52.945        1  -179.52199
     53.095        1  -179.51731
     53.245        1  -179.51260
     53.395        1  -179.50794
     53.545        1  -179.50328
     53.695        1  -179.49858
     53.845        1  -179.49388
     53.995        1  -179.48902
     54.145        1  -179.48436
     54.295        1  -179.47964
     54.445        1  -179.47511
     54.595        1  -179.47059
     54.745        1  -179.46595
     54.895        1  -179.46136
     55.045        1  -179.45673
     55.195        1  -179.45218
     55.345        1  -179.44774
     55.495        1  -179.44325
     55.645        1  -179.43879
     55.795        1  -179.43424
     55.945        1  -179.42977
     56.095        1  -179.42533
     56.245        1  -179.42077
     56.395        1  -179.41633
     56.545        1  -179.41191
     56.695        1  -179.40767
     56.845        1  -179.40326
     56.995        1  -179.39880
     57.145        1  -179.39437
     57.295        1  -179.39011
     57.445        1  -179.38574
     57.595        1  -179.38141
     57.745        1  -179.37706
     57.895        1  -179.37270
     58.045        1  -179.36844
     58.195        1  -179.36416
     58.345        1  -179.35977
     58.495        1  -179.35549
     58.645        1  -179.35124
     58.795        1  -179.34706
     58.945        1  -179.34289
     59.095        1  -179.33878
     59.245        1  -179.33459
     59.395        1  -179.33055
     59.545        1  -179.32629
     59.695        1  -179.32215
     59.845        1  -179.31800
     59.995        1  -179.31391
     60.145        1  -179.30977
     60.295        1  -179.30561
     60.445        1  -179.30152
     60.595        1  -179.29738
     60.745        1  -179.29331
     60.895        1  -179.28928
     61.045        1  -179.28534
     61.195        1  -179.28138
     61.345        1  -179.27740
     61.495        1  -179.27333
     61.645        1  -179.26942
     61.795        1  -179.26543
     61.945        1  -179.26134
     62.095        1  -179.25730
     62.245        1  -179.25329
     62.395        1  -179.24944
     62.545        1  -179.24540
     62.695        1  -179.24150
     62.845        1  -179.23760
     62.995        1  -179.23369
     63.145        1  -179.22981
     63.295        1  -179.22595
     63.445        1  -179.22210
     63.595        1  -179.21824
     63.745        1  -179.21435
     63.895        1  -179.21061
     64.045        1  -179.20688
     64.195        1  -179.20299
     64.345        1  -179.19906
     64.495        1  -179.19533
     64.645        1  -179.19147
     64.795        1  -179.18766
     64.945        1  -179.18387
     65.095        1  -179.18008
     70.156        1  -178.83281
     94.967        1  -178.32822
     130.63        1  -177.83713
     179.69        1  -177.35829
     247.17        1  -176.89069
     340.00        1  -176.43494
     467.69        1  -175.98806
     643.33        1  -175.55171
     884.93        1  -175.12371
     1217.3        1  -174.70330
     1674.4        1  -174.29068
     2303.2        1  -173.88084
     3168.2        1  -173.47952
     4358.0        1  -173.08638
     5994.7        1  -172.70273
     8246.0        1  -172.32713
     11343.        1  -171.96108
     15603.        1  -171.60475
     21462.        1  -171.25707
     29522.        1  -170.91790
     40609.        1  -170.58789
     55860.        1  -170.26619
     76839.        1  -169.95265
    0.10570E+06    1  -169.64924
    0.14539E+06    1  -169.35574
    0.19999E+06    1  -169.07167
    0.27510E+06    1  -168.79774
    0.37841E+06    1  -168.53454
    0.52052E+06    1  -168.28207
    0.71601E+06    1  -168.04014
    0.98490E+06    1  -167.80932
    0.13548E+07    1  -167.58915
    0.18636E+07    1  -167.37942
    0.25634E+07    1  -167.17861
    0.35262E+07    1  -166.98748
    0.48504E+07    1  -166.80506
    0.66720E+07    1  -166.63142
    0.91776E+07    1  -166.46577
    0.12624E+08    1  -166.30811
    0.17365E+08    1  -166.15748
    0.23887E+08    1  -166.01414
    0.32858E+08    1  -165.87743
    0.45197E+08    1  -165.74750
    0.62171E+08    1  -165.62406
    0.85520E+08    1  -165.50613
    0.11764E+09    1  -165.39379
    0.16182E+09    1  -165.28654
    0.22259E+09    1  -165.18481
    0.30618E+09    1  -165.08917
    0.42116E+09    1  -164.99965
    0.57933E+09    1  -164.91632
    0.79690E+09    1  -164.83894
    0.10962E+10    1  -164.76649
    0.15078E+10    1  -164.69828
    0.20741E+10    1  -164.63465
    0.28531E+10    1  -164.57484
    0.39245E+10    1  -164.51934
    0.53984E+10    1  -164.46910
    0.74258E+10    1  -164.42287
    0.10215E+11    1  -164.38048
    0.14051E+11    1  -164.34128
    0.19327E+11    1  -164.30516
    0.26586E+11    1  -164.27186
    0.36570E+11    1  -164.24102
    0.50304E+11    1  -164.21248
    0.69195E+11    1  -164.18643
    0.10000E+12    1  -163.86963
    -149.95        2     0.00000
    -149.79        2     0.00000
    -149.65        2     0.00000
    -149.49        2     0.00000
    -149.34        2     0.00000
    -149.20        2     0.00000
    -149.04        2     0.00000
    -148.90        2     0.00000
    -148.74        2     0.00000
    -148.59        2     0.00000
    -148.45        2     0.00000
    -148.29        2     0.00000
    -148.15        2     0.00000
    -147.99        2     0.00000
    -147.84        2     0.00000
    -147.70        2     0.00000
    -147.54        2     0.00000
    -147.40        2     0.00000
    -147.24        2     0.00000
    -147.09        2     0.00000
    -146.95        2     0.00000
    -146.79        2     0.00000
    -146.65        2     0.00000
    -146.49        2     0.00000
    -146.34        2     0.00000
    -146.20        2     0.00000
    -146.04        2     0.00000
    -145.90        2     0.00000
    -145.74        2     0.00000
    -145.59        2     0.00000
    -145.45        2     0.00000
    -145.29        2     0.00000
    -145.15        2     0.00000
    -144.99        2     0.00000
    -144.84        2     0.00000
    -144.70        2     0.00000
    -144.54        2     0.00000
    -144.40        2     0.00000
    -144.24        2     0.00000
    -144.09        2     0.00000
    -143.95        2     0.00000
    -143.79        2     0.00000
    -143.65        2     0.00000
    -143.49        2     0.00000
    -143.34        2     0.00000
    -143.20        2     0.00000
    -143.04        2     0.00000
    -142.90        2     0.00000
    -142.74        2     0.00000
    -142.59        2     0.00000
    -142.45        2     0.00000
    -142.29        2     0.00000
    -142.15        2     0.00000
    -141.99        2     0.00000
    -141.84        2     0.00000
    -141.70        2     0.00000
    -141.54        2     0.00000
    -141.40        2     0.00000
    -141.24        2     0.00000
    -141.09        2     0.00000
    -140.95        2     0.00000
    -140.79        2     0.00000
    -140.65        2     0.00000
    -140.49        2     0.00000
    -140.34        2     0.00000
    -140.20        2     0.00000
    -140.04        2     0.00000
    -139.90        2     0.00000
    -139.74        2     0.00000
    -139.59        2     0.00000
    -139.45        2     0.00000
    -139.29        2     0.00000
    -139.15        2     0.00000
    -138.99        2     0.00000
    -138.84        2     0.00000
    -138.70        2     0.00000
    -138.54        2     0.00000
    -138.40        2     0.00000
    -138.24        2     0.00000
    -138.09        2     0.00000
    -137.95        2     0.00000
    -137.79        2     0.00000
    -137.65        2     0.00000
    -137.49        2     0.00000
    -137.34        2     0.00000
    -137.20        2     0.00000
    -137.04        2     0.00000
    -136.90        2     0.00000
    -136.74        2     0.00000
    -136.59        2     0.00000
    -136.45        2     0.00000
    -136.29        2     0.00000
    -136.15        2     0.00000
    -135.99        2     0.00000
    -135.84        2     0.00000
    -135.70        2     0.00000
    -135.54        2     0.00000
    -135.40        2     0.00000
    -135.24        2     0.00000
    -135.09        2     0.00000
    -134.95        2     0.00000
    -134.79        2     0.00000
    -134.65        2     0.00000
    -134.49        2     0.00000
    -134.34        2     0.00000
    -134.20        2     0.00000
    -134.04        2     0.00000
    -133.90        2     0.00000
    -133.74        2     0.00000
    -133.59        2     0.00000
    -133.45        2     0.00000
    -133.29        2     0.00000
    -133.15        2     0.00000
    -132.99        2     0.00000
    -132.84        2     0.00000
    -132.70        2     0.00000
    -132.54        2     0.00000
    -132.40        2     0.00000
    -132.24        2     0.00000
    -132.09        2     0.00000
    -131.95        2     0.00000
    -131.79        2     0.00000
    -131.65        2     0.00000
    -131.49        2     0.00000
    -131.34        2     0.00000
    -131.20        2     0.00000
    -131.04        2     0.00000
    -130.90        2     0.00000
    -130.74        2     0.00000
    -130.59        2     0.00000
    -130.45        2     0.00000
    -130.29        2     0.00000
    -130.15        2     0.00000
    -129.99        2     0.00000
    -129.84        2     0.00000
    -129.70        2     0.00000
    -129.54        2     0.00000
    -129.40        2     0.00000
    -129.24        2     0.00000
    -129.09        2     0.00000
    -128.95        2     0.00000
    -128.79        2     0.00000
    -128.65        2     0.00000
    -128.49        2     0.00000
    -128.34        2     0.00000
    -128.20        2     0.00000
    -128.04        2     0.00000
    -127.89        2     0.00000
    -127.75        2     0.00000
    -127.60        2     0.00000
    -127.44        2     0.00000
    -127.30        2     0.00000
    -127.14        2     0.00000
    -127.00        2     0.00000
    -126.85        2     0.00000
    -126.69        2     0.00000
    -126.55        2     0.00000
    -126.39        2     0.00000
    -126.25        2     0.00000
    -126.10        2     0.00000
    -125.94        2     0.00000
    -125.80        2     0.00000
    -125.64        2     0.00000
    -125.50        2     0.00000
    -125.35        2     0.00000
    -125.19        2     0.00000
    -125.05        2     0.00000
    -124.89        2     0.00000
    -124.75        2     0.00000
    -124.60        2     0.00000
    -124.44        2     0.00000
    -124.30        2     0.00000
    -124.14        2     0.00000
    -124.00        2     0.00000
    -123.85        2     0.00000
    -123.69        2     0.00000
    -123.55        2     0.00000
    -123.39        2     0.00000
    -123.25        2     0.00000
    -123.10        2     0.00000
    -122.94        2     0.00000
    -122.80        2     0.00000
    -122.64        2     0.00000
    -122.50        2     0.00000
    -122.35        2     0.00000
    -122.19        2     0.00000
    -122.05        2     0.00000
    -121.89        2     0.00000
    -121.75        2     0.00000
    -121.60        2     0.00000
    -121.44        2     0.00000
    -121.30        2     0.00000
    -121.14        2     0.00000
    -121.00        2     0.00000
    -120.85        2     0.00000
    -120.69        2     0.00000
    -120.55        2     0.00000
    -120.39        2     0.00000
    -120.25        2     0.00000
    -120.10        2     0.00000
    -119.94        2     0.00000
    -119.80        2     0.00000
    -119.64        2     0.00000
    -119.50        2     0.00000
    -119.35        2     0.00000
    -119.19        2    -0.00023
    -119.05        2    -0.75634
    -118.89        2    -5.54501
    -118.75        2   -11.74600
    -118.60        2   -17.99365
    -118.44        2   -23.77266
    -118.30        2   -28.98794
    -118.14        2   -33.53834
    -118.00        2   -37.51426
    -117.85        2   -40.81968
    -117.69        2   -43.65456
    -117.55        2   -46.06601
    -117.39        2   -48.04596
    -117.25        2   -49.69023
    -117.10        2   -51.05287
    -116.94        2   -52.16620
    -116.80        2   -53.07526
    -116.64        2   -53.83038
    -116.50        2   -54.47773
    -116.35        2   -54.98463
    -116.19        2   -55.41722
    -116.05        2   -55.75869
    -115.89        2   -56.03862
    -115.75        2   -56.25770
    -115.60        2   -56.43599
    -115.44        2   -56.57728
    -115.30        2   -56.69920
    -115.14        2   -56.79555
    -115.00        2   -56.86354
    -114.85        2   -56.93210
    -114.69        2   -56.98161
    -114.55        2   -57.02125
    -114.39        2   -57.05556
    -114.25        2   -57.08209
    -114.10        2   -57.10979
    -113.94        2   -57.13389
    -113.80        2   -57.15049
    -113.64        2   -57.15986
    -113.50        2   -57.16792
    -113.35        2   -57.17942
    -113.19        2   -57.18468
    -113.05        2   -57.19123
    -112.89        2   -57.19538
    -112.75        2   -57.19845
    -112.60        2   -57.20089
    -112.44        2   -57.20254
    -112.30        2   -57.20425
    -112.14        2   -57.20515
    -112.00        2   -57.20748
    -111.85        2   -57.20810
    -111.69        2   -57.20898
    -111.55        2   -57.20903
    -111.39        2   -57.20940
    -111.25        2   -57.20946
    -111.10        2   -57.20953
    -110.94        2   -57.20990
    -110.80        2   -57.20996
    -110.64        2   -57.21007
    -110.50        2   -57.21016
    -110.35        2   -57.21022
    -110.19        2   -57.21032
    -110.05        2   -57.21042
    -109.89        2   -57.21049
    -109.75        2   -57.21058
    -109.60        2   -57.21068
    -109.44        2   -57.21075
    -109.30        2   -57.21080
    -109.14        2   -57.21085
    -109.00        2   -57.21098
    -108.85        2   -57.21107
    -108.69        2   -57.21117
    -108.55        2   -57.21125
    -108.39        2   -57.21134
    -108.25        2   -57.21147
    -108.10        2   -57.21156
    -107.94        2   -57.21163
    -107.80        2   -57.21170
    -107.64        2   -57.21182
    -107.50        2   -57.21193
    -107.35        2   -57.21198
    -107.19        2   -57.21209
    -107.05        2   -57.21212
    -106.89        2   -57.21221
    -106.75        2   -57.21225
    -106.60        2   -57.21232
    -106.44        2   -57.21246
    -106.30        2   -57.21257
    -106.14        2   -57.21266
    -106.00        2   -57.21274
    -105.85        2   -57.21289
    -105.69        2   -57.21301
    -105.55        2   -57.21313
    -105.39        2   -57.21326
    -105.25        2   -57.21330
    -105.10        2   -57.21341
    -104.94        2   -57.21354
    -104.80        2   -57.21367
    -104.64        2   -57.21380
    -104.50        2   -57.21395
    -104.35        2   -57.21407
    -104.19        2   -57.21420
    -104.05        2   -57.21436
    -103.89        2   -57.21447
    -103.75        2   -57.21461
    -103.60        2   -57.21471
    -103.44        2   -57.21487
    -103.30        2   -57.21497
    -103.14        2   -57.21510
    -103.00        2   -57.21523
    -102.85        2   -57.21538
    -102.69        2   -57.21552
    -102.55        2   -57.21559
    -102.39        2   -57.21575
    -102.25        2   -57.21591
    -102.10        2   -57.21609
    -101.94        2   -57.21621
    -101.80        2   -57.21632
    -101.64        2   -57.21647
    -101.50        2   -57.21663
    -101.35        2   -57.21677
    -101.19        2   -57.21691
    -101.05        2   -57.21704
    -100.89        2   -57.21718
    -100.75        2   -57.21726
    -100.60        2   -57.21743
    -100.44        2   -57.21758
    -100.30        2   -57.21773
    -100.14        2   -57.21788
    -99.995        2   -57.21798
    -99.845        2   -57.21806
    -99.695        2   -57.21824
    -99.545        2   -57.21836
    -99.395        2   -57.21844
    -99.245        2   -57.21859
    -99.095        2   -57.21870
    -98.945        2   -57.21885
    -98.795        2   -57.21897
    -98.645        2   -57.21907
    -98.495        2   -57.21925
    -98.345        2   -57.21940
    -98.195        2   -57.21955
    -98.045        2   -57.21968
    -97.895        2   -57.21984
    -97.745        2   -57.21999
    -97.595        2   -57.22013
    -97.445        2   -57.22028
    -97.295        2   -57.22046
    -97.145        2   -57.22060
    -96.995        2   -57.22072
    -96.845        2   -57.22086
    -96.695        2   -57.22106
    -96.545        2   -57.22129
    -96.395        2   -57.22145
    -96.245        2   -57.22158
    -96.095        2   -57.22179
    -95.945        2   -57.22194
    -95.795        2   -57.22212
    -95.645        2   -57.22226
    -95.495        2   -57.22242
    -95.345        2   -57.22254
    -95.195        2   -57.22270
    -95.045        2   -57.22278
    -94.895        2   -57.22290
    -94.745        2   -57.22312
    -94.595        2   -57.22323
    -94.445        2   -57.22339
    -94.295        2   -57.22356
    -94.145        2   -57.22373
    -93.995        2   -57.22389
    -93.845        2   -57.22401
    -93.695        2   -57.22423
    -93.545        2   -57.22438
    -93.395        2   -57.22455
    -93.245        2   -57.22468
    -93.095        2   -57.22485
    -92.945        2   -57.22502
    -92.795        2   -57.22520
    -92.645        2   -57.22533
    -92.495        2   -57.22552
    -92.345        2   -57.22572
    -92.195        2   -57.22583
    -92.045        2   -57.22601
    -91.895        2   -57.22618
    -91.745        2   -57.22637
    -91.595        2   -57.22654
    -91.445        2   -57.22671
    -91.295        2   -57.22683
    -91.145        2   -57.22702
    -90.995        2   -57.22720
    -90.845        2   -57.22741
    -90.695        2   -57.22770
    -90.545        2   -57.22790
    -90.395        2   -57.22805
    -90.245        2   -57.22826
    -90.095        2   -57.22841
    -89.945        2   -57.22862
    -89.795        2   -57.22882
    -89.645        2   -57.22903
    -89.495        2   -57.22922
    -89.345        2   -57.22944
    -89.195        2   -57.22967
    -89.045        2   -57.22982
    -88.895        2   -57.23006
    -88.745        2   -57.23027
    -88.595        2   -57.23045
    -88.445        2   -57.23066
    -88.295        2   -57.23088
    -88.145        2   -57.23105
    -87.995        2   -57.23122
    -87.845        2   -57.23139
    -87.695        2   -57.23157
    -87.545        2   -57.23179
    -87.395        2   -57.23201
    -87.245        2   -57.23220
    -87.095        2   -57.23241
    -86.945        2   -57.23259
    -86.795        2   -57.23282
    -86.645        2   -57.23300
    -86.495        2   -57.23314
    -86.345        2   -57.23332
    -86.195        2   -57.23350
    -86.045        2   -57.23374
    -85.895        2   -57.23399
    -85.745        2   -57.23426
    -85.595        2   -57.23449
    -85.445        2   -57.23467
    -85.295        2   -57.23486
    -85.145        2   -57.23511
    -84.995        2   -57.23535
    -84.845        2   -57.23560
    -84.695        2   -57.23577
    -84.545        2   -57.23596
    -84.395        2   -57.23619
    -84.245        2   -57.23642
    -84.095        2   -57.23661
    -83.945        2   -57.23679
    -83.795        2   -57.23699
    -83.645        2   -57.23717
    -83.495        2   -57.23742
    -83.345        2   -57.23761
    -83.195        2   -57.23775
    -83.045        2   -57.23792
    -82.895        2   -57.23814
    -82.745        2   -57.23835
    -82.595        2   -57.23859
    -82.445        2   -57.23889
    -82.295        2   -57.23911
    -82.145        2   -57.23936
    -81.995        2   -57.23956
    -81.845        2   -57.23980
    -81.695        2   -57.23995
    -81.545        2   -57.24020
    -81.395        2   -57.24047
    -81.245        2   -57.24065
    -81.095        2   -57.24091
    -80.945        2   -57.24110
    -80.795        2   -57.24136
    -80.645        2   -57.24157
    -80.495        2   -57.24182
    -80.345        2   -57.24207
    -80.195        2   -57.24226
    -80.045        2   -57.24244
    -79.895        2   -57.24263
    -79.745        2   -57.24285
    -79.595        2   -57.24312
    -79.445        2   -57.24329
    -79.295        2   -57.24353
    -79.145        2   -57.24373
    -78.995        2   -57.24397
    -78.845        2   -57.24422
    -78.695        2   -57.24449
    -78.545        2   -57.24473
    -78.395        2   -57.24498
    -78.245        2   -57.24527
    -78.095        2   -57.24547
    -77.945        2   -57.24571
    -77.795        2   -57.24597
    -77.645        2   -57.24620
    -77.495        2   -57.24642
    -77.345        2   -57.24668
    -77.195        2   -57.24691
    -77.045        2   -57.24714
    -76.895        2   -57.24740
    -76.745        2   -57.24769
    -76.595        2   -57.24797
    -76.445        2   -57.24824
    -76.295        2   -57.24848
    -76.145        2   -57.24874
    -75.995        2   -57.24899
    -75.845        2   -57.24930
    -75.695        2   -57.24954
    -75.545        2   -57.24976
    -75.395        2   -57.25002
    -75.245        2   -57.25029
    -75.095        2   -57.25055
    -74.945        2   -57.25086
    -74.795        2   -57.25114
    -74.645        2   -57.25140
    -74.495        2   -57.25162
    -74.345        2   -57.25188
    -74.195        2   -57.25209
    -74.045        2   -57.25231
    -73.895        2   -57.25258
    -73.745        2   -57.25278
    -73.595        2   -57.25304
    -73.445        2   -57.25331
    -73.295        2   -57.25351
    -73.145        2   -57.25380
    -72.995        2   -57.25401
    -72.845        2   -57.25403
    -72.695        2   -57.25429
    -72.545        2   -57.25455
    -72.395        2   -57.25510
    -72.245        2   -57.25541
    -72.095        2   -57.25574
    -71.945        2   -57.25602
    -71.795        2   -57.25660
    -71.645        2   -57.25672
    -71.495        2   -57.25696
    -71.345        2   -57.25721
    -71.195        2   -57.25753
    -71.045        2   -57.25775
    -70.895        2   -57.25804
    -70.745        2   -57.25836
    -70.595        2   -57.25861
    -70.445        2   -57.25890
    -70.295        2   -57.25917
    -70.145        2   -57.25944
    -69.995        2   -57.25966
    -69.845        2   -57.25992
    -69.695        2   -57.26023
    -69.545        2   -57.26056
    -69.395        2   -57.26083
    -69.245        2   -57.26112
    -69.095        2   -57.26143
    -68.945        2   -57.26173
    -68.795        2   -57.26207
    -68.645        2   -57.26229
    -68.495        2   -57.26286
    -68.345        2   -57.26313
    -68.195        2   -57.26345
    -68.045        2   -57.26379
    -67.895        2   -57.26451
    -67.745        2   -57.26502
    -67.595        2   -57.26584
    -67.445        2   -57.26640
    -67.295        2   -57.26695
    -67.145        2   -57.26731
    -66.995        2   -57.26789
    -66.845        2   -57.26877
    -66.695        2   -57.26914
    -66.545        2   -57.26967
    -66.395        2   -57.38715
    -66.245        2   -58.12277
    -66.095        2   -59.01935
    -65.945        2   -59.95151
    -65.795        2   -60.83137
    -65.645        2   -61.59629
    -65.495        2   -62.26676
    -65.345        2   -62.85365
    -65.195        2   -63.35802
    -65.045        2   -63.80987
    -64.895        2   -64.17140
    -64.745        2   -64.49684
    -64.595        2   -64.77478
    -64.445        2   -65.01343
    -64.295        2   -65.21579
    -64.145        2   -65.39003
    -63.995        2   -65.53873
    -63.845        2   -65.66748
    -63.695        2   -65.78121
    -63.545        2   -65.87484
    -63.395        2   -65.96117
    -63.245        2   -66.03698
    -63.095        2   -66.09879
    -62.945        2   -66.15888
    -62.795        2   -66.20633
    -62.645        2   -66.25097
    -62.495        2   -66.29267
    -62.345        2   -66.32909
    -62.195        2   -66.36659
    -62.045        2   -66.39433
    -61.895        2   -66.42363
    -61.745        2   -66.44996
    -61.595        2   -66.47212
    -61.445        2   -66.49473
    -61.295        2   -66.51521
    -61.145        2   -66.53438
    -60.995        2   -66.55238
    -60.845        2   -66.75701
    -60.695        2   -67.51797
    -60.545        2   -68.58379
    -60.395        2   -69.78762
    -60.245        2   -71.03954
    -60.095        2   -72.29272
    -59.945        2   -73.53233
    -59.795        2   -74.75032
    -59.645        2   -75.95757
    -59.495        2   -77.11961
    -59.345        2   -78.26048
    -59.195        2   -79.34443
    -59.045        2   -80.37325
    -58.895        2   -81.35316
    -58.745        2   -82.29495
    -58.595        2   -83.19121
    -58.445        2   -84.06781
    -58.295        2   -84.89645
    -58.145        2   -85.66426
    -57.995        2   -86.38734
    -57.845        2   -87.07993
    -57.695        2   -87.73251
    -57.545        2   -88.35987
    -57.395        2   -88.96842
    -57.245        2   -89.52466
    -57.095        2   -90.05700
    -56.945        2   -90.56391
    -56.795        2   -91.04662
    -56.645        2   -91.50807
    -56.495        2   -91.96092
    -56.345        2   -92.39017
    -56.195        2   -92.80210
    -56.045        2   -93.19123
    -55.895        2   -93.56428
    -55.745        2   -93.93677
    -55.595        2   -94.29511
    -55.445        2   -94.64323
    -55.295        2   -94.96904
    -55.145        2   -95.28731
    -54.995        2   -95.59716
    -54.845        2   -95.89807
    -54.695        2   -96.18024
    -54.545        2   -96.44862
    -54.395        2   -96.70610
    -54.245        2   -96.96323
    -54.095        2   -97.20622
    -53.945        2   -97.43093
    -53.795        2   -97.65197
    -53.645        2   -97.85916
    -53.495        2   -98.05599
    -53.345        2   -98.24859
    -53.195        2   -98.43189
    -53.045        2   -98.60126
    -52.895        2   -98.76467
    -52.745        2   -98.92401
    -52.595        2   -99.06971
    -52.445        2   -99.20524
    -52.295        2   -99.33706
    -52.145        2   -99.46294
    -51.995        2   -99.58051
    -51.845        2   -99.69926
    -51.695        2   -99.80946
    -51.545        2   -99.92494
    -51.395        2  -100.28225
    -51.245        2  -100.78450
    -51.095        2  -101.38049
    -50.945        2  -102.01583
    -50.795        2  -102.68097
    -50.645        2  -103.36673
    -50.495        2  -104.04360
    -50.345        2  -104.76006
    -50.195        2  -105.44441
    -50.045        2  -106.12345
    -49.895        2  -106.77416
    -49.745        2  -107.37903
    -49.595        2  -107.97976
    -49.445        2  -108.54718
    -49.295        2  -109.08098
    -49.145        2  -109.59411
    -48.995        2  -110.08073
    -48.845        2  -110.54421
    -48.695        2  -110.98683
    -48.545        2  -111.39115
    -48.395        2  -111.78222
    -48.245        2  -112.15922
    -48.095        2  -112.51160
    -47.945        2  -112.84283
    -47.795        2  -113.14761
    -47.645        2  -113.43866
    -47.495        2  -113.71483
    -47.345        2  -113.98526
    -47.195        2  -114.23689
    -47.045        2  -114.47876
    -46.895        2  -114.70506
    -46.745        2  -114.91836
    -46.595        2  -115.12255
    -46.445        2  -115.32163
    -46.295        2  -115.51002
    -46.145        2  -115.68831
    -45.995        2  -115.86165
    -45.845        2  -116.03124
    -45.695        2  -116.18214
    -45.545        2  -116.33806
    -45.395        2  -116.48336
    -45.245        2  -116.62378
    -45.095        2  -116.76373
    -44.945        2  -116.90311
    -44.795        2  -117.03202
    -44.645        2  -117.16326
    -44.495        2  -117.29251
    -44.345        2  -117.41782
    -44.195        2  -117.55016
    -44.045        2  -117.67894
    -43.895        2  -117.79835
    -43.745        2  -117.92237
    -43.595        2  -118.04223
    -43.445        2  -118.16338
    -43.295        2  -118.28707
    -43.145        2  -118.41027
    -42.995        2  -118.53178
    -42.845        2  -118.65856
    -42.695        2  -118.78185
    -42.545        2  -118.90810
    -42.395        2  -119.03632
    -42.245        2  -119.16813
    -42.095        2  -119.30065
    -41.945        2  -119.42756
    -41.795        2  -119.55015
    -41.645        2  -119.67968
    -41.495        2  -119.80946
    -41.345        2  -119.94098
    -41.195        2  -120.07671
    -41.045        2  -120.20931
    -40.895        2  -120.34196
    -40.745        2  -120.47371
    -40.595        2  -120.61092
    -40.445        2  -120.77081
    -40.295        2  -120.94862
    -40.145        2  -121.13175
    -39.995        2  -121.32384
    -39.845        2  -121.51623
    -39.695        2  -121.71717
    -39.545        2  -121.91845
    -39.395        2  -122.11598
    -39.245        2  -122.31831
    -39.095        2  -122.51668
    -38.945        2  -122.70855
    -38.795        2  -122.90081
    -38.645        2  -123.08887
    -38.495        2  -123.27469
    -38.345        2  -123.46034
    -38.195        2  -123.64221
    -38.045        2  -123.81901
    -37.895        2  -123.99222
    -37.745        2  -124.15878
    -37.595        2  -124.31919
    -37.445        2  -124.47647
    -37.295        2  -124.63616
    -37.145        2  -124.79434
    -36.995        2  -124.94440
    -36.845        2  -125.09157
    -36.695        2  -125.23902
    -36.545        2  -125.37914
    -36.395        2  -125.51530
    -36.245        2  -125.64863
    -36.095        2  -125.77773
    -35.945        2  -125.90244
    -35.795        2  -126.02696
    -35.645        2  -126.14743
    -35.495        2  -126.26399
    -35.345        2  -126.37950
    -35.195        2  -126.48747
    -35.045        2  -126.59689
    -34.895        2  -126.70556
    -34.745        2  -126.80995
    -34.595        2  -126.91307
    -34.445        2  -127.01419
    -34.295        2  -127.11246
    -34.145        2  -127.20874
    -33.995        2  -127.29923
    -33.845        2  -127.39128
    -33.695        2  -127.47786
    -33.545        2  -127.56629
    -33.395        2  -127.64928
    -33.245        2  -127.73566
    -33.095        2  -127.81757
    -32.945        2  -127.89849
    -32.795        2  -127.97966
    -32.645        2  -128.05309
    -32.495        2  -128.12707
    -32.345        2  -128.20617
    -32.195        2  -128.27771
    -32.045        2  -128.35502
    -31.895        2  -128.42581
    -31.745        2  -128.49474
    -31.595        2  -128.56387
    -31.445        2  -128.63510
    -31.295        2  -128.70831
    -31.145        2  -128.77472
    -30.995        2  -128.83968
    -30.845        2  -128.90371
    -30.695        2  -128.96977
    -30.545        2  -129.03587
    -30.395        2  -129.09849
    -30.245        2  -129.16766
    -30.095        2  -129.23330
    -29.945        2  -129.30425
    -29.795        2  -129.36999
    -29.645        2  -129.43739
    -29.495        2  -129.49975
    -29.345        2  -129.56776
    -29.195        2  -129.63801
    -29.045        2  -129.70668
    -28.895        2  -129.77089
    -28.745        2  -129.83584
    -28.595        2  -129.90884
    -28.445        2  -129.97529
    -28.295        2  -130.04002
    -28.145        2  -130.11108
    -27.995        2  -130.17764
    -27.845        2  -130.24469
    -27.695        2  -130.31373
    -27.545        2  -130.37740
    -27.395        2  -130.44646
    -27.245        2  -130.51494
    -27.095        2  -130.57988
    -26.945        2  -130.64875
    -26.795        2  -130.71564
    -26.645        2  -130.78121
    -26.495        2  -130.85289
    -26.345        2  -130.92354
    -26.195        2  -130.98973
    -26.045        2  -131.05922
    -25.895        2  -131.12266
    -25.745        2  -131.19180
    -25.595        2  -131.26207
    -25.445        2  -131.33130
    -25.295        2  -131.40162
    -25.145        2  -131.46910
    -24.995        2  -131.53640
    -24.845        2  -131.60622
    -24.695        2  -131.67449
    -24.545        2  -131.74560
    -24.395        2  -131.81908
    -24.245        2  -131.88911
    -24.095        2  -131.95714
    -23.945        2  -132.03299
    -23.795        2  -132.10627
    -23.645        2  -132.17497
    -23.495        2  -132.24772
    -23.345        2  -132.31792
    -23.195        2  -132.38665
    -23.045        2  -132.46246
    -22.895        2  -132.53004
    -22.745        2  -132.59931
    -22.595        2  -132.67524
    -22.445        2  -132.74994
    -22.295        2  -132.82345
    -22.145        2  -132.90161
    -21.995        2  -132.97702
    -21.845        2  -133.04902
    -21.695        2  -133.12685
    -21.545        2  -133.20694
    -21.395        2  -133.28690
    -21.245        2  -133.36992
    -21.095        2  -133.45636
    -20.945        2  -133.54122
    -20.795        2  -133.63162
    -20.645        2  -133.71856
    -20.495        2  -133.80153
    -20.345        2  -133.88434
    -20.195        2  -133.97300
    -20.045        2  -134.06036
    -19.895        2  -134.15033
    -19.745        2  -134.24120
    -19.595        2  -134.33387
    -19.445        2  -134.43077
    -19.295        2  -134.52721
    -19.145        2  -134.62772
    -18.995        2  -134.72461
    -18.845        2  -134.82172
    -18.695        2  -134.92600
    -18.545        2  -135.02933
    -18.395        2  -135.13722
    -18.245        2  -135.24883
    -18.095        2  -135.36419
    -17.945        2  -135.48092
    -17.795        2  -135.59517
    -17.645        2  -135.70920
    -17.495        2  -135.82940
    -17.345        2  -135.95089
    -17.195        2  -136.07956
    -17.045        2  -136.21337
    -16.895        2  -136.34362
    -16.745        2  -136.47410
    -16.595        2  -136.60462
    -16.445        2  -136.74368
    -16.295        2  -136.87989
    -16.145        2  -137.01924
    -15.995        2  -137.15859
    -15.845        2  -137.30177
    -15.695        2  -137.44258
    -15.545        2  -137.59245
    -15.395        2  -137.74523
    -15.245        2  -137.89675
    -15.095        2  -138.04689
    -14.945        2  -138.20412
    -14.795        2  -138.35656
    -14.645        2  -138.51192
    -14.495        2  -138.67068
    -14.345        2  -138.83055
    -14.195        2  -138.99030
    -14.045        2  -139.15103
    -13.895        2  -139.31212
    -13.745        2  -139.48058
    -13.595        2  -139.64890
    -13.445        2  -139.82319
    -13.295        2  -139.99059
    -13.145        2  -140.16348
    -12.995        2  -140.34184
    -12.845        2  -140.51992
    -12.695        2  -140.69945
    -12.545        2  -140.88153
    -12.395        2  -141.06979
    -12.245        2  -141.25691
    -12.095        2  -141.44787
    -11.945        2  -141.64098
    -11.795        2  -141.83731
    -11.645        2  -142.03529
    -11.495        2  -142.23685
    -11.345        2  -142.44067
    -11.195        2  -142.64767
    -11.045        2  -142.86149
    -10.895        2  -143.07174
    -10.745        2  -143.28930
    -10.595        2  -143.50913
    -10.445        2  -143.73077
    -10.295        2  -143.95378
    -10.145        2  -144.18062
    -9.9950        2  -144.40979
    -9.8450        2  -144.64342
    -9.6950        2  -144.87815
    -9.5450        2  -145.11169
    -9.3950        2  -145.35013
    -9.2450        2  -145.59367
    -9.0950        2  -145.84240
    -8.9450        2  -146.09026
    -8.7950        2  -146.33964
    -8.6450        2  -146.59526
    -8.4950        2  -146.85504
    -8.3450        2  -147.11516
    -8.1950        2  -147.38066
    -8.0450        2  -147.64911
    -7.8950        2  -147.92638
    -7.7450        2  -148.20778
    -7.5950        2  -148.49545
    -7.4450        2  -148.78743
    -7.2950        2  -149.08913
    -7.1450        2  -149.39634
    -6.9950        2  -149.71034
    -6.8450        2  -150.03189
    -6.6950        2  -150.35979
    -6.5450        2  -150.69625
    -6.3950        2  -151.03964
    -6.2450        2  -151.39318
    -6.0950        2  -151.75288
    -5.9450        2  -152.12113
    -5.7950        2  -152.49886
    -5.6450        2  -152.88775
    -5.4950        2  -153.28512
    -5.3450        2  -153.69273
    -5.1950        2  -154.10831
    -5.0450        2  -154.53504
    -4.8950        2  -154.97744
    -4.7450        2  -155.43146
    -4.5950        2  -155.89573
    -4.4450        2  -156.37554
    -4.2950        2  -156.86961
    -4.1450        2  -157.37863
    -3.9950        2  -157.90206
    -3.8450        2  -158.44610
    -3.6950        2  -159.00760
    -3.5450        2  -159.58674
    -3.3950        2  -160.18369
    -3.2450        2  -160.80578
    -3.0950        2  -161.45471
    -2.9450        2  -162.12626
    -2.7950        2  -162.82835
    -2.6450        2  -163.56205
    -2.4950        2  -164.33279
    -2.3450        2  -165.14367
    -2.1950        2  -166.00070
    -2.0450        2  -166.91278
    -1.8950        2  -167.88781
    -1.7450        2  -168.93935
    -1.5950        2  -170.08256
    -1.4450        2  -171.35935
    -1.2950        2  -172.76262
    -1.1450        2  -174.28489
   -0.99500        2  -175.92682
   -0.84500        2  -177.71889
   -0.69500        2  -179.69415
   -0.54500        2  -181.88608
   -0.39500        2  -184.33715
   -0.25300        2  -186.00525
   -0.21500        2  -186.10945
   -0.20900        2  -186.21332
   -0.20300        2  -186.31722
   -0.19700        2  -186.42061
   -0.19100        2  -186.52370
   -0.18500        2  -186.62694
   -0.17900        2  -186.72958
   -0.17300        2  -186.83206
   -0.16700        2  -186.93374
   -0.16100        2  -187.03496
   -0.15500        2  -187.13518
   -0.14900        2  -187.23483
   -0.14300        2  -187.33396
   -0.13700        2  -187.43206
   -0.13100        2  -187.52927
   -0.12500        2  -187.62521
   -0.11900        2  -187.71988
   -0.11300        2  -187.81322
   -0.10700        2  -187.90511
   -0.10100        2  -187.99531
   -0.95000E-01    2  -188.08364
   -0.89000E-01    2  -188.16985
   -0.83000E-01    2  -188.25373
   -0.77000E-01    2  -188.33476
   -0.71000E-01    2  -188.41243
   -0.65000E-01    2  -188.48660
   -0.59000E-01    2  -188.55667
   -0.53000E-01    2  -188.62226
   -0.47000E-01    2  -188.68282
   -0.41000E-01    2  -188.73787
   -0.35000E-01    2  -188.78696
   -0.29000E-01    2  -188.82947
   -0.23000E-01    2  -188.86459
   -0.19700E-01    2  -188.86767
   -0.19100E-01    2  -188.87067
   -0.18500E-01    2  -188.87358
   -0.17900E-01    2  -188.87643
   -0.17300E-01    2  -188.87919
   -0.16700E-01    2  -188.88185
   -0.16100E-01    2  -188.88444
   -0.15500E-01    2  -188.88695
   -0.14900E-01    2  -188.88936
   -0.14300E-01    2  -188.89168
   -0.13700E-01    2  -188.89392
   -0.13100E-01    2  -188.89607
   -0.12500E-01    2  -188.89813
   -0.11900E-01    2  -188.90011
   -0.11300E-01    2  -188.90198
   -0.10700E-01    2  -188.90377
   -0.10100E-01    2  -188.90547
   -0.95000E-02    2  -188.90708
   -0.89000E-02    2  -188.90859
   -0.83000E-02    2  -188.91000
   -0.77000E-02    2  -188.91132
   -0.71000E-02    2  -188.91254
   -0.65000E-02    2  -188.91366
   -0.59000E-02    2  -188.91468
   -0.53000E-02    2  -188.91560
   -0.47000E-02    2  -188.91642
   -0.41000E-02    2  -188.91714
   -0.35000E-02    2  -188.91776
   -0.29000E-02    2  -188.91827
   -0.23000E-02    2  -188.91868
   -0.17000E-02    2  -188.91899
   -0.11000E-02    2  -188.91919
   -0.50000E-03    2  -188.91928
    0.10000E-03    2  -188.91926
    0.70000E-03    2  -188.91913
    0.13000E-02    2  -188.91889
    0.19000E-02    2  -188.91854
    0.25000E-02    2  -188.91808
    0.31000E-02    2  -188.91750
    0.37000E-02    2  -188.91681
    0.43000E-02    2  -188.91601
    0.49000E-02    2  -188.91508
    0.55000E-02    2  -188.91404
    0.61000E-02    2  -188.91287
    0.67000E-02    2  -188.91159
    0.73000E-02    2  -188.91019
    0.79000E-02    2  -188.90866
    0.85000E-02    2  -188.90700
    0.91000E-02    2  -188.90522
    0.97000E-02    2  -188.90331
    0.10300E-01    2  -188.90128
    0.10900E-01    2  -188.89911
    0.11500E-01    2  -188.89682
    0.12100E-01    2  -188.89439
    0.12700E-01    2  -188.89184
    0.13300E-01    2  -188.88914
    0.13900E-01    2  -188.88631
    0.14500E-01    2  -188.88335
    0.15100E-01    2  -188.88025
    0.15700E-01    2  -188.87700
    0.16300E-01    2  -188.87361
    0.16900E-01    2  -188.87009
    0.17500E-01    2  -188.86642
    0.18100E-01    2  -188.86260
    0.18700E-01    2  -188.85864
    0.19300E-01    2  -188.85452
    0.20200E-01    2  -188.83712
    0.25000E-01    2  -188.78133
    0.31000E-01    2  -188.70854
    0.37000E-01    2  -188.61694
    0.43000E-01    2  -188.50434
    0.49000E-01    2  -188.36871
    0.55000E-01    2  -188.20725
    0.61000E-01    2  -188.01677
    0.67000E-01    2  -187.79391
    0.73000E-01    2  -187.53361
    0.79000E-01    2  -187.22939
    0.85000E-01    2  -186.87524
    0.91000E-01    2  -186.46748
    0.97000E-01    2  -186.00260
    0.10300        2  -185.48437
    0.10900        2  -184.90738
    0.11500        2  -184.26618
    0.12100        2  -183.55529
    0.12700        2  -182.76595
    0.13300        2  -181.89139
    0.13900        2  -180.92433
    0.14500        2  -179.85329
    0.15100        2  -178.67229
    0.15700        2  -177.37324
    0.16300        2  -175.94891
    0.16900        2  -174.39087
    0.17500        2  -172.69263
    0.18100        2  -170.84073
    0.18700        2  -168.81970
    0.19300        2  -166.61100
    0.19900        2  -164.19273
    0.20500        2  -161.53463
    0.21100        2  -158.60418
    0.21700        2  -155.33903
    0.29500        2   -56.87652
    0.44500        2   -16.79175
    0.59500        2    -1.32355
    0.74500        2     7.09092
    0.89500        2    12.72606
     1.0450        2    16.91503
     1.1950        2    20.24012
     1.3450        2    22.98376
     1.4950        2    25.30213
     1.6450        2    27.31128
     1.7950        2    29.07946
     1.9450        2    30.65612
     2.0950        2    32.07738
     2.2450        2    33.37380
     2.3950        2    34.55932
     2.5450        2    35.64829
     2.6950        2    36.65163
     2.8450        2    37.57629
     2.9950        2    38.42000
     3.1450        2    39.19462
     3.2950        2    39.89428
     3.4450        2    40.52041
     3.5950        2    41.08097
     3.7450        2    41.57147
     3.8950        2    41.99968
     4.0450        2    42.37479
     4.1950        2    42.69833
     4.3450        2    42.96325
     4.4950        2    43.18836
     4.6450        2    43.37611
     4.7950        2    43.52906
     4.9450        2    43.65725
     5.0950        2    43.76554
     5.2450        2    43.85491
     5.3950        2    43.93136
     5.5450        2    43.99057
     5.6950        2    44.04216
     5.8450        2    44.08545
     5.9950        2    44.12180
     6.1450        2    44.15056
     6.2950        2    44.17851
     6.4450        2    44.20210
     6.5950        2    44.22424
     6.7450        2    44.24636
     6.8950        2    44.26739
     7.0450        2    44.28597
     7.1950        2    44.30350
     7.3450        2    44.31827
     7.4950        2    44.33257
     7.6450        2    44.34797
     7.7950        2    44.36184
     7.9450        2    44.37517
     8.0950        2    44.38625
     8.2450        2    44.39800
     8.3950        2    44.40972
     8.5450        2    44.42253
     8.6950        2    44.43243
     8.8450        2    44.44130
     8.9950        2    44.45243
     9.1450        2    44.46313
     9.2950        2    44.47181
     9.4450        2    44.48090
     9.5950        2    44.49000
     9.7450        2    44.49972
     9.8950        2    44.50888
     10.045        2    44.51673
     10.195        2    44.52541
     10.345        2    44.53206
     10.495        2    44.53981
     10.645        2    44.54804
     10.795        2    44.55532
     10.945        2    44.56267
     11.095        2    44.56972
     11.245        2    44.57640
     11.395        2    44.58316
     11.545        2    44.58985
     11.695        2    44.59644
     11.845        2    44.60411
     11.995        2    44.61003
     12.145        2    44.61540
     12.295        2    44.62218
     12.445        2    44.62737
     12.595        2    44.63357
     12.745        2    44.63886
     12.895        2    44.64509
     13.045        2    44.64967
     13.195        2    44.65566
     13.345        2    44.66060
     13.495        2    44.66665
     13.645        2    44.67210
     13.795        2    44.67702
     13.945        2    44.68261
     14.095        2    44.68792
     14.245        2    44.69293
     14.395        2    44.69860
     14.545        2    44.70300
     14.695        2    44.70835
     14.845        2    44.71274
     14.995        2    44.71799
     15.145        2    44.72173
     15.295        2    44.72557
     15.445        2    44.72998
     15.595        2    44.73469
     15.745        2    44.73907
     15.895        2    44.74253
     16.045        2    44.74678
     16.195        2    44.75099
     16.345        2    44.75485
     16.495        2    44.75913
     16.645        2    44.76315
     16.795        2    44.76765
     16.945        2    44.77122
     17.095        2    44.77461
     17.245        2    44.77760
     17.395        2    44.78128
     17.545        2    44.78464
     17.695        2    44.78847
     17.845        2    44.79238
     17.995        2    44.79544
     18.145        2    44.79952
     18.295        2    44.80310
     18.445        2    44.80589
     18.595        2    44.80832
     18.745        2    44.81212
     18.895        2    44.81539
     19.045        2    44.81883
     19.195        2    44.82277
     19.345        2    44.82567
     19.495        2    44.82904
     19.645        2    44.83214
     19.795        2    44.83478
     19.945        2    44.83775
     20.095        2    44.84132
     21.836        2    44.93016
     30.068        2    45.05004
     42.097        2    45.16564
     58.937        2    45.27371
     82.515        2    45.37378
     115.53        2    45.47091
     161.74        2    45.55777
     226.45        2    45.64507
     317.04        2    45.72938
     443.87        2    45.80915
     621.44        2    45.88659
     870.05        2    45.96275
     1218.1        2    46.03505
     1705.4        2    46.10772
     2387.7        2    46.18054
     3342.9        2    46.24479
     4680.2        2    46.31265
     6552.5        2    46.37377
     9173.8        2    46.43472
     12844.        2    46.48901
     17982.        2    46.54586
     25176.        2    46.59720
     35247.        2    46.64592
     49348.        2    46.68771
     69090.        2    46.72843
     96729.        2    46.76610
    0.13543E+06    2    46.80161
    0.18960E+06    2    46.83451
    0.26545E+06    2    46.86481
    0.37165E+06    2    46.88996
    0.52033E+06    2    46.91867
    0.72849E+06    2    46.94235
    0.10199E+07    2    46.96021
    0.14279E+07    2    46.97586
    0.19992E+07    2    46.99557
    0.27990E+07    2    47.01087
    0.39187E+07    2    47.02572
    0.54864E+07    2    47.03688
    0.76812E+07    2    47.04931
    0.10754E+08    2    47.06079
    0.15056E+08    2    47.07152
    0.21080E+08    2    47.08049
    0.29513E+08    2    47.08942
    0.41319E+08    2    47.09890
    0.57849E+08    2    47.10618
    0.80991E+08    2    47.11242
    0.11339E+09    2    47.11789
    0.15875E+09    2    47.12285
    0.22226E+09    2    47.12831
    0.31118E+09    2    47.13211
    0.43567E+09    2    47.13669
    0.60996E+09    2    47.14030
    0.85398E+09    2    47.14355
    0.11956E+10    2    47.14615
    0.16739E+10    2    47.14836
    0.23436E+10    2    47.15026
    0.32811E+10    2    47.15227
    0.45937E+10    2    47.15420
    0.64315E+10    2    47.15694
    0.90044E+10    2    47.15875
    0.12607E+11    2    47.16025
    0.17650E+11    2    47.16135
    0.24711E+11    2    47.16254
    0.34596E+11    2    47.16398
    0.48437E+11    2    47.16405
    0.67814E+11    2    47.16457
    0.10000E+12    2    47.17775
    -29.945        3     0.00000
    -29.795        3     0.00000
    -29.645        3     0.00000
    -29.495        3     0.00000
    -29.345        3     0.00000
    -29.195        3     0.00000
    -29.045        3     0.00000
    -28.895        3     0.00000
    -28.745        3     0.00000
    -28.595        3     0.00000
    -28.445        3     0.00000
    -28.295        3     0.00000
    -28.145        3     0.00000
    -27.995        3     0.00000
    -27.845        3     0.00000
    -27.695        3     0.00000
    -27.545        3     0.00000
    -27.395        3     0.00000
    -27.245        3     0.00000
    -27.095        3     0.00000
    -26.945        3     0.00000
    -26.795        3     0.00000
    -26.645        3     0.00000
    -26.495        3     0.00000
    -26.345        3     0.00000
    -26.195        3     0.00000
    -26.045        3     0.00000
    -25.895        3     0.00000
    -25.745        3     0.00000
    -25.595        3     0.00000
    -25.445        3     0.00000
    -25.295        3     0.00000
    -25.145        3     0.00000
    -24.995        3     0.00000
    -24.845        3     0.00000
    -24.695        3     0.00000
    -24.545        3     0.00000
    -24.395        3     0.00000
    -24.245        3     0.00000
    -24.095        3     0.00000
    -23.945        3     0.00000
    -23.795        3     0.00000
    -23.645        3     0.00000
    -23.495        3     0.00000
    -23.345        3     0.00000
    -23.195        3     0.00000
    -23.045        3     0.00000
    -22.895        3     0.00000
    -22.745        3     0.00000
    -22.595        3     0.00000
    -22.445        3     0.00000
    -22.295        3     0.00000
    -22.145        3     0.00000
    -21.995        3     0.00000
    -21.845        3     0.00000
    -21.695        3     0.00000
    -21.545        3     0.00000
    -21.395        3     0.00000
    -21.245        3     0.00000
    -21.095        3     0.00000
    -20.945        3     0.00000
    -20.795        3     0.00000
    -20.645        3     0.00000
    -20.495        3     0.00000
    -20.345        3     0.00000
    -20.195        3     0.00000
    -20.045        3     0.00000
    -19.895        3     0.00000
    -19.745        3     0.00000
    -19.595        3     0.00000
    -19.445        3     0.00000
    -19.295        3     0.00000
    -19.145        3     0.00000
    -18.995        3     0.00000
    -18.845        3     0.00000
    -18.695        3     0.00000
    -18.545        3     0.00000
    -18.395        3     0.00000
    -18.245        3     0.00000
    -18.095        3     0.00000
    -17.945        3     0.00000
    -17.795        3     0.00000
    -17.645        3     0.00000
    -17.495        3     0.00000
    -17.345        3     0.00000
    -17.195        3    -0.00003
    -17.045        3    -0.00018
    -16.895        3    -0.00091
    -16.745        3    -0.00259
    -16.595        3    -0.00643
    -16.445        3    -0.01621
    -16.295        3    -0.04693
    -16.145        3    -0.10970
    -15.995        3    -0.21230
    -15.845        3    -0.35615
    -15.695        3    -0.53806
    -15.545        3    -0.74656
    -15.395        3    -0.97695
    -15.245        3    -1.23007
    -15.095        3    -1.48907
    -14.945        3    -1.77360
    -14.795        3    -2.08364
    -14.645        3    -2.41605
    -14.495        3    -2.77252
    -14.345        3    -3.14773
    -14.195        3    -3.55425
    -14.045        3    -4.01080
    -13.895        3    -4.54521
    -13.745        3    -5.17321
    -13.595        3    -5.87500
    -13.445        3    -6.65811
    -13.295        3    -7.51457
    -13.145        3    -8.44074
    -12.995        3    -9.40164
    -12.845        3   -10.39718
    -12.695        3   -11.39430
    -12.545        3   -12.38097
    -12.395        3   -13.34160
    -12.245        3   -14.27669
    -12.095        3   -15.18184
    -11.945        3   -16.04855
    -11.795        3   -16.88793
    -11.645        3   -17.70719
    -11.495        3   -18.49871
    -11.345        3   -19.26284
    -11.195        3   -20.01455
    -11.045        3   -20.75684
    -10.895        3   -21.48202
    -10.745        3   -22.20171
    -10.595        3   -22.91885
    -10.445        3   -23.63366
    -10.295        3   -24.35777
    -10.145        3   -25.10525
    -9.9950        3   -25.89109
    -9.8450        3   -26.71121
    -9.6950        3   -27.57175
    -9.5450        3   -28.47063
    -9.3950        3   -29.39994
    -9.2450        3   -30.34819
    -9.0950        3   -31.30633
    -8.9450        3   -32.27262
    -8.7950        3   -33.25147
    -8.6450        3   -34.23234
    -8.4950        3   -35.21847
    -8.3450        3   -36.22349
    -8.1950        3   -37.24590
    -8.0450        3   -38.28439
    -7.8950        3   -39.35110
    -7.7450        3   -40.45054
    -7.5950        3   -41.58033
    -7.4450        3   -42.74575
    -7.2950        3   -43.94685
    -7.1450        3   -45.19386
    -6.9950        3   -46.47806
    -6.8450        3   -47.79222
    -6.6950        3   -49.14546
    -6.5450        3   -50.53756
    -6.3950        3   -51.96298
    -6.2450        3   -53.41843
    -6.0950        3   -54.89357
    -5.9450        3   -56.40320
    -5.7950        3   -57.92811
    -5.6450        3   -59.47903
    -5.4950        3   -61.05389
    -5.3450        3   -62.64933
    -5.1950        3   -64.27232
    -5.0450        3   -65.91361
    -4.8950        3   -67.57826
    -4.7450        3   -69.25760
    -4.5950        3   -70.96395
    -4.4450        3   -72.69466
    -4.2950        3   -74.44328
    -4.1450        3   -76.22523
    -3.9950        3   -78.04488
    -3.8450        3   -79.91421
    -3.6950        3   -81.82513
    -3.5450        3   -83.79575
    -3.3950        3   -85.84192
    -3.2450        3   -87.97066
    -3.0950        3   -90.19785
    -2.9450        3   -92.53957
    -2.7950        3   -95.01192
    -2.6450        3   -97.64166
    -2.4950        3  -100.46339
    -2.3450        3  -103.53047
    -2.1950        3  -106.91078
    -2.0450        3  -110.69253
    -1.8950        3  -114.99137
    -1.7450        3  -119.95910
    -1.5950        3  -125.76989
    -1.4450        3  -132.58719
    -1.2950        3  -140.45486
    -1.1450        3  -149.33433
   -0.99500        3  -159.03210
   -0.84500        3  -169.27953
   -0.69500        3  -179.89643
   -0.54500        3  -190.97145
   -0.39500        3  -203.14221
   -0.25300        3  -212.25372
   -0.21500        3  -212.87163
   -0.20900        3  -213.49803
   -0.20300        3  -214.13229
   -0.19700        3  -214.77504
   -0.19100        3  -215.42669
   -0.18500        3  -216.08785
   -0.17900        3  -216.76001
   -0.17300        3  -217.44219
   -0.16700        3  -218.13601
   -0.16100        3  -218.84046
   -0.15500        3  -219.55814
   -0.14900        3  -220.28927
   -0.14300        3  -221.03497
   -0.13700        3  -221.79551
   -0.13100        3  -222.57283
   -0.12500        3  -223.36717
   -0.11900        3  -224.18085
   -0.11300        3  -225.01510
   -0.10700        3  -225.87240
   -0.10100        3  -226.75453
   -0.95000E-01    3  -227.66421
   -0.89000E-01    3  -228.60488
   -0.83000E-01    3  -229.58090
   -0.77000E-01    3  -230.59659
   -0.71000E-01    3  -231.65734
   -0.65000E-01    3  -232.77121
   -0.59000E-01    3  -233.94838
   -0.53000E-01    3  -235.20275
   -0.47000E-01    3  -236.55149
   -0.41000E-01    3  -238.01893
   -0.35000E-01    3  -239.64370
   -0.29000E-01    3  -241.49418
   -0.23000E-01    3  -243.69692
   -0.19700E-01    3  -243.94197
   -0.19100E-01    3  -244.19293
   -0.18500E-01    3  -244.45046
   -0.17900E-01    3  -244.71479
   -0.17300E-01    3  -244.98649
   -0.16700E-01    3  -245.26585
   -0.16100E-01    3  -245.55337
   -0.15500E-01    3  -245.84979
   -0.14900E-01    3  -246.15601
   -0.14300E-01    3  -246.47258
   -0.13700E-01    3  -246.80049
   -0.13100E-01    3  -247.14111
   -0.12500E-01    3  -247.49545
   -0.11900E-01    3  -247.86530
   -0.11300E-01    3  -248.25243
   -0.10700E-01    3  -248.65886
   -0.10100E-01    3  -249.08650
   -0.95000E-02    3  -249.53822
   -0.89000E-02    3  -250.01736
   -0.83000E-02    3  -250.52816
   -0.77000E-02    3  -251.07485
   -0.71000E-02    3  -251.66230
   -0.65000E-02    3  -252.29644
   -0.59000E-02    3  -252.98528
   -0.53000E-02    3  -253.73664
   -0.47000E-02    3  -254.55791
   -0.41000E-02    3  -255.45382
   -0.35000E-02    3  -256.41384
   -0.29000E-02    3  -257.41392
   -0.23000E-02    3  -258.38791
   -0.17000E-02    3  -259.24081
   -0.11000E-02    3  -259.86526
   -0.50000E-03    3  -260.17587
    0.10000E-03    3  -260.12128
    0.70000E-03    3  -259.70451
    0.13000E-02    3  -258.99314
    0.19000E-02    3  -258.08777
    0.25000E-02    3  -257.09575
    0.31000E-02    3  -256.10420
    0.37000E-02    3  -255.16394
    0.43000E-02    3  -254.29234
    0.49000E-02    3  -253.49521
    0.55000E-02    3  -252.76561
    0.61000E-02    3  -252.09619
    0.67000E-02    3  -251.47871
    0.73000E-02    3  -250.90589
    0.79000E-02    3  -250.37198
    0.85000E-02    3  -249.87247
    0.91000E-02    3  -249.40327
    0.97000E-02    3  -248.96006
    0.10300E-01    3  -248.54009
    0.10900E-01    3  -248.14072
    0.11500E-01    3  -247.76008
    0.12100E-01    3  -247.39612
    0.12700E-01    3  -247.04700
    0.13300E-01    3  -246.71136
    0.13900E-01    3  -246.38803
    0.14500E-01    3  -246.07579
    0.15100E-01    3  -245.77389
    0.15700E-01    3  -245.48145
    0.16300E-01    3  -245.19779
    0.16900E-01    3  -244.92232
    0.17500E-01    3  -244.65441
    0.18100E-01    3  -244.39373
    0.18700E-01    3  -244.13977
    0.19300E-01    3  -243.89225
    0.20200E-01    3  -242.98465
    0.25000E-01    3  -240.94083
    0.31000E-01    3  -239.20415
    0.37000E-01    3  -237.67860
    0.43000E-01    3  -236.31325
    0.49000E-01    3  -235.07420
    0.55000E-01    3  -233.93904
    0.61000E-01    3  -232.89116
    0.67000E-01    3  -231.91784
    0.73000E-01    3  -231.00974
    0.79000E-01    3  -230.15796
    0.85000E-01    3  -229.35539
    0.91000E-01    3  -228.59646
    0.97000E-01    3  -227.87633
    0.10300        3  -227.19040
    0.10900        3  -226.53566
    0.11500        3  -225.91013
    0.12100        3  -225.31009
    0.12700        3  -224.73415
    0.13300        3  -224.18126
    0.13900        3  -223.64950
    0.14500        3  -223.13786
    0.15100        3  -222.64434
    0.15700        3  -222.16842
    0.16300        3  -221.70975
    0.16900        3  -221.26636
    0.17500        3  -220.83788
    0.18100        3  -220.42385
    0.18700        3  -220.02284
    0.19300        3  -219.63492
    0.19900        3  -219.25943
    0.20500        3  -218.89495
    0.21100        3  -218.54168
    0.21700        3  -218.19830
    0.29500        3  -211.55154
    0.44500        3  -207.28041
    0.59500        3  -203.94987
    0.74500        3  -201.12816
    0.89500        3  -198.62345
     1.0450        3  -196.34129
     1.1950        3  -194.22338
     1.3450        3  -192.22975
     1.4950        3  -190.34136
     1.6450        3  -188.53558
     1.7950        3  -186.80637
     1.9450        3  -185.14101
     2.0950        3  -183.53389
     2.2450        3  -181.97734
     2.3950        3  -180.46386
     2.5450        3  -178.98585
     2.6950        3  -177.53511
     2.8450        3  -176.10743
     2.9950        3  -174.69422
     3.1450        3  -173.28712
     3.2950        3  -171.87957
     3.4450        3  -170.46796
     3.5950        3  -169.06020
     3.7450        3  -167.64375
     3.8950        3  -166.21730
     4.0450        3  -164.79675
     4.1950        3  -163.37234
     4.3450        3  -161.95707
     4.4950        3  -160.54996
     4.6450        3  -159.15810
     4.7950        3  -157.77964
     4.9450        3  -156.40699
     5.0950        3  -155.04438
     5.2450        3  -153.69174
     5.3950        3  -152.34272
     5.5450        3  -151.00929
     5.6950        3  -149.68702
     5.8450        3  -148.38161
     5.9950        3  -147.10447
     6.1450        3  -145.84686
     6.2950        3  -144.62677
     6.4450        3  -143.44020
     6.5950        3  -142.30699
     6.7450        3  -141.23114
     6.8950        3  -140.21947
     7.0450        3  -139.26478
     7.1950        3  -138.38085
     7.3450        3  -137.57899
     7.4950        3  -136.83403
     7.6450        3  -136.16239
     7.7950        3  -135.55260
     7.9450        3  -135.00269
     8.0950        3  -134.50110
     8.2450        3  -134.04465
     8.3950        3  -133.63814
     8.5450        3  -133.26186
     8.6950        3  -132.91773
     8.8450        3  -132.59682
     8.9950        3  -132.30558
     9.1450        3  -132.02747
     9.2950        3  -131.76896
     9.4450        3  -131.51869
     9.5950        3  -131.28221
     9.7450        3  -131.05519
     9.8950        3  -130.83246
     10.045        3  -130.61866
     10.195        3  -130.41167
     10.345        3  -130.21093
     10.495        3  -130.01493
     10.645        3  -129.82246
     10.795        3  -129.63498
     10.945        3  -129.44855
     11.095        3  -129.26497
     11.245        3  -129.08589
     11.395        3  -128.91072
     11.545        3  -128.73675
     11.695        3  -128.56493
     11.845        3  -128.39618
     11.995        3  -128.23133
     12.145        3  -128.06685
     12.295        3  -127.90539
     12.445        3  -127.74515
     12.595        3  -127.58584
     12.745        3  -127.42898
     12.895        3  -127.27381
     13.045        3  -127.11929
     13.195        3  -126.96777
     13.345        3  -126.81812
     13.495        3  -126.67025
     13.645        3  -126.52376
     13.795        3  -126.37914
     13.945        3  -126.23556
     14.095        3  -126.09398
     14.245        3  -125.95391
     14.395        3  -125.81505
     14.545        3  -125.67680
     14.695        3  -125.54080
     14.845        3  -125.40655
     14.995        3  -125.27238
     15.145        3  -125.13920
     15.295        3  -125.00781
     15.445        3  -124.87896
     15.595        3  -124.75066
     15.745        3  -124.62337
     15.895        3  -124.49723
     16.045        3  -124.37268
     16.195        3  -124.24838
     16.345        3  -124.12526
     16.495        3  -124.00431
     16.645        3  -123.88256
     16.795        3  -123.76270
     16.945        3  -123.64438
     17.095        3  -123.52627
     17.245        3  -123.40951
     17.395        3  -123.29317
     17.545        3  -123.17767
     17.695        3  -123.06422
     17.845        3  -122.95073
     17.995        3  -122.83913
     18.145        3  -122.72744
     18.295        3  -122.61798
     18.445        3  -122.50938
     18.595        3  -122.40101
     18.745        3  -122.29285
     18.895        3  -122.18588
     19.045        3  -122.08059
     19.195        3  -121.97492
     19.345        3  -121.87126
     19.495        3  -121.76680
     19.645        3  -121.66345
     19.795        3  -121.56152
     19.945        3  -121.45996
     20.095        3  -121.35962
     21.836        3  -118.29494
     30.068        3  -113.74316
     42.097        3  -109.17682
     58.937        3  -104.62103
     82.515        3  -100.09001
     115.53        3   -95.58963
     161.74        3   -91.12941
     226.45        3   -86.69158
     317.04        3   -82.26772
     443.87        3   -77.91169
     621.44        3   -73.63704
     870.05        3   -69.44562
     1218.1        3   -65.34833
     1705.4        3   -61.35328
     2387.7        3   -57.45146
     3342.9        3   -53.64960
     4680.2        3   -49.94074
     6552.5        3   -46.32767
     9173.8        3   -42.81901
     12844.        3   -39.41458
     17982.        3   -36.12040
     25176.        3   -32.94138
     35247.        3   -29.87910
     49348.        3   -26.93434
     69090.        3   -24.11224
     96729.        3   -21.41780
    0.13543E+06    3   -18.84528
    0.18960E+06    3   -16.39386
    0.26545E+06    3   -14.05856
    0.37165E+06    3   -11.83546
    0.52033E+06    3    -9.71871
    0.72849E+06    3    -7.70507
    0.10199E+07    3    -5.79081
    0.14279E+07    3    -3.97039
    0.19992E+07    3    -2.23753
    0.27990E+07    3    -0.59114
    0.39187E+07    3     0.97489
    0.54864E+07    3     2.46092
    0.76812E+07    3     3.87492
    0.10754E+08    3     5.21858
    0.15056E+08    3     6.49486
    0.21080E+08    3     7.70903
    0.29513E+08    3     8.86131
    0.41319E+08    3     9.94906
    0.57849E+08    3    10.96709
    0.80991E+08    3    11.91026
    0.11339E+09    3    12.78481
    0.15875E+09    3    13.59797
    0.22226E+09    3    14.35835
    0.31118E+09    3    15.06767
    0.43567E+09    3    15.73185
    0.60996E+09    3    16.33992
    0.85398E+09    3    16.88948
    0.11956E+10    3    17.39229
    0.16739E+10    3    17.85317
    0.23436E+10    3    18.27683
    0.32811E+10    3    18.66586
    0.45937E+10    3    19.02418
    0.64315E+10    3    19.35320
    0.90044E+10    3    19.65546
    0.12607E+11    3    19.93337
    0.17650E+11    3    20.18903
    0.24711E+11    3    20.42403
    0.34596E+11    3    20.64002
    0.48437E+11    3    20.83780
    0.67814E+11    3    21.02044
    0.10000E+12    3    23.10497
