    -159.95         0.00000
    -159.79         0.00000
    -159.65         0.00000
    -159.49         0.00000
    -159.34         0.00000
    -159.20         0.00000
    -159.04         0.00000
    -158.90         0.00000
    -158.74         0.00000
    -158.59         0.00000
    -158.45         0.00000
    -158.29         0.00000
    -158.15         0.00000
    -157.99         0.00000
    -157.84         0.00000
    -157.70         0.00000
    -157.54         0.00000
    -157.40         0.00000
    -157.24         0.00000
    -157.09         0.00000
    -156.95         0.00000
    -156.79         0.00000
    -156.65         0.00000
    -156.49         0.00000
    -156.34         0.00000
    -156.20         0.00000
    -156.04         0.00000
    -155.90         0.00000
    -155.74         0.00000
    -155.59         0.00000
    -155.45         0.00000
    -155.29         0.00000
    -155.15         0.00000
    -154.99         0.00000
    -154.84         0.00000
    -154.70         0.00000
    -154.54         0.00000
    -154.40         0.00000
    -154.24         0.00000
    -154.09         0.00000
    -153.95         0.00000
    -153.79         0.00000
    -153.65         0.00000
    -153.49         0.00000
    -153.34         0.00000
    -153.20         0.00000
    -153.04         0.00000
    -152.90         0.00000
    -152.74         0.00000
    -152.59         0.00000
    -152.45         0.00000
    -152.29         0.00000
    -152.15         0.00000
    -151.99         0.00000
    -151.84         0.00000
    -151.70         0.00000
    -151.54         0.00000
    -151.40         0.00000
    -151.24         0.00000
    -151.09         0.00000
    -150.95         0.00000
    -150.79         0.00000
    -150.65         0.00000
    -150.49         0.00000
    -150.34         0.00000
    -150.20         0.00000
    -150.04         0.00000
    -149.90         0.00000
    -149.74         0.00000
    -149.59         0.00000
    -149.45         0.00000
    -149.29         0.00000
    -149.15         0.00000
    -148.99         0.00000
    -148.84         0.00000
    -148.70         0.00000
    -148.54         0.00000
    -148.40         0.00000
    -148.24         0.00000
    -148.09         0.00000
    -147.95         0.00000
    -147.79         0.00000
    -147.65         0.00000
    -147.49         0.00000
    -147.34         0.00000
    -147.20         0.00000
    -147.04         0.00000
    -146.90         0.00000
    -146.74         0.00000
    -146.59         0.00000
    -146.45         0.00000
    -146.29         0.00000
    -146.15         0.00000
    -145.99         0.00000
    -145.84         0.00000
    -145.70         0.00000
    -145.54         0.00000
    -145.40         0.00000
    -145.24         0.00000
    -145.09         0.00000
    -144.95         0.00000
    -144.79         0.00000
    -144.65         0.00000
    -144.49         0.00000
    -144.34         0.00000
    -144.20         0.00000
    -144.04         0.00000
    -143.90         0.00000
    -143.74         0.00000
    -143.59         0.00000
    -143.45         0.00000
    -143.29         0.00000
    -143.15         0.00000
    -142.99         0.00000
    -142.84         0.00000
    -142.70         0.00000
    -142.54         0.00000
    -142.40         0.00000
    -142.24         0.00000
    -142.09         0.00000
    -141.95         0.00000
    -141.79         0.00000
    -141.65         0.00000
    -141.49         0.00000
    -141.34         0.00000
    -141.20         0.00000
    -141.04         0.00000
    -140.90         0.00000
    -140.74         0.00000
    -140.59         0.00000
    -140.45         0.00000
    -140.29         0.00000
    -140.15         0.00000
    -139.99         0.00000
    -139.84         0.00000
    -139.70         0.00000
    -139.54         0.00000
    -139.40         0.00000
    -139.24         0.00000
    -139.09         0.00000
    -138.95         0.00000
    -138.79         0.00000
    -138.65         0.00000
    -138.49         0.00000
    -138.34         0.00000
    -138.20         0.00000
    -138.04         0.00000
    -137.90         0.00000
    -137.74         0.00000
    -137.59         0.00000
    -137.45         0.00000
    -137.29         0.00000
    -137.15         0.00000
    -136.99         0.00000
    -136.84         0.00000
    -136.70         0.00000
    -136.54         0.00000
    -136.40         0.00000
    -136.24         0.00000
    -136.09         0.00000
    -135.95         0.00000
    -135.79         0.00000
    -135.65         0.00000
    -135.49         0.00000
    -135.34         0.00000
    -135.20         0.00000
    -135.04         0.00000
    -134.90         0.00000
    -134.74         0.00000
    -134.59         0.00000
    -134.45         0.00000
    -134.29         0.00000
    -134.15         0.00000
    -133.99         0.00000
    -133.84         0.00000
    -133.70         0.00000
    -133.54         0.00000
    -133.40         0.00000
    -133.24         0.00000
    -133.09         0.00000
    -132.95         0.00000
    -132.79         0.00000
    -132.65         0.00000
    -132.49         0.00000
    -132.34         0.00000
    -132.20         0.00000
    -132.04         0.00000
    -131.90         0.00000
    -131.74         0.00000
    -131.59         0.00000
    -131.45         0.00000
    -131.29         0.00000
    -131.15         0.00000
    -130.99         0.00000
    -130.84         0.00000
    -130.70         0.00000
    -130.54         0.00000
    -130.40         0.00000
    -130.24         0.00000
    -130.09         0.00000
    -129.95         0.00000
    -129.79         0.00000
    -129.65         0.00000
    -129.49         0.00000
    -129.34         0.00000
    -129.20         0.00000
    -129.04         0.00000
    -128.90         0.00000
    -128.74         0.00000
    -128.59         0.00000
    -128.45         0.00000
    -128.29         0.00000
    -128.15         0.00000
    -127.99         0.00000
    -127.85         0.00000
    -127.69         0.00000
    -127.55         0.00000
    -127.39         0.00000
    -127.25         0.00000
    -127.10         0.00000
    -126.94         0.00000
    -126.80         0.00000
    -126.64         0.00000
    -126.50         0.00000
    -126.35         0.00000
    -126.19         0.00000
    -126.05         0.00000
    -125.89         0.00000
    -125.75         0.00000
    -125.60         0.00000
    -125.44         0.00000
    -125.30         0.00000
    -125.14         0.00000
    -125.00         0.00000
    -124.85         0.00000
    -124.69         0.00000
    -124.55         0.00000
    -124.39         0.00000
    -124.25         0.00000
    -124.10         0.00000
    -123.94         0.00000
    -123.80         0.00000
    -123.64         0.00000
    -123.50         0.00000
    -123.35         0.00000
    -123.19         0.00000
    -123.05         0.00000
    -122.89         0.00000
    -122.75         0.00000
    -122.60         0.00000
    -122.44         0.00000
    -122.30         0.00000
    -122.14         0.00000
    -122.00         0.00000
    -121.85         0.00000
    -121.69         0.00000
    -121.55         0.00000
    -121.39         0.00000
    -121.25         0.00000
    -121.10         0.00000
    -120.94         0.00000
    -120.80         0.00000
    -120.64         0.00000
    -120.50         0.00000
    -120.35         0.00000
    -120.19         0.00000
    -120.05         0.00000
    -119.89         0.00000
    -119.75         0.00000
    -119.60         0.00000
    -119.44         0.00000
    -119.30         0.00000
    -119.14         0.00000
    -119.00         0.00000
    -118.85         0.00000
    -118.69         0.00000
    -118.55         0.00000
    -118.39         0.00000
    -118.25         0.00000
    -118.10         0.00000
    -117.94         0.00000
    -117.80         0.00000
    -117.64         0.00000
    -117.50         0.00000
    -117.35         0.00000
    -117.19         0.00000
    -117.05         0.00000
    -116.89         0.00000
    -116.75         0.00000
    -116.60         0.00000
    -116.44         0.00000
    -116.30         0.00000
    -116.14         0.00000
    -116.00         0.00000
    -115.85         0.00000
    -115.69         0.00000
    -115.55         0.00000
    -115.39         0.00000
    -115.25         0.00000
    -115.10         0.00000
    -114.94         0.00000
    -114.80         0.00000
    -114.64         0.00000
    -114.50         0.00000
    -114.35         0.00000
    -114.19         0.00000
    -114.05         0.00000
    -113.89         0.00000
    -113.75         0.00000
    -113.60         0.00000
    -113.44         0.00000
    -113.30         0.00000
    -113.14         0.00000
    -113.00         0.00000
    -112.85         0.00000
    -112.69         0.00000
    -112.55         0.00000
    -112.39         0.00000
    -112.25         0.00000
    -112.10         0.00000
    -111.94         0.00000
    -111.80         0.00000
    -111.64         0.00000
    -111.50         0.00000
    -111.35         0.00000
    -111.19         0.00000
    -111.05         0.00000
    -110.89         0.00000
    -110.75         0.00000
    -110.60         0.00000
    -110.44         0.00000
    -110.30         0.00000
    -110.14         0.00000
    -110.00         0.00000
    -109.85         0.00000
    -109.69         0.00000
    -109.55         0.00000
    -109.39         0.00000
    -109.25         0.00000
    -109.10         0.00000
    -108.94         0.00000
    -108.80         0.00000
    -108.64         0.00000
    -108.50         0.00000
    -108.35         0.00000
    -108.19         0.00000
    -108.05         0.00000
    -107.89         0.00000
    -107.75         0.00000
    -107.60         0.00000
    -107.44         0.00000
    -107.30         0.00000
    -107.14         0.00000
    -107.00         0.00000
    -106.85         0.00000
    -106.69         0.00000
    -106.55         0.00000
    -106.39         0.00000
    -106.25         0.00000
    -106.10         0.00000
    -105.94         0.00000
    -105.80         0.00000
    -105.64         0.00000
    -105.50         0.00000
    -105.35         0.00000
    -105.19         0.00000
    -105.05         0.00000
    -104.89         0.00000
    -104.75         0.00000
    -104.60         0.00000
    -104.44         0.00000
    -104.30         0.00000
    -104.14         0.00000
    -104.00         0.00000
    -103.85         0.00000
    -103.69         0.00000
    -103.55         0.00000
    -103.39         0.00000
    -103.25         0.00000
    -103.10         0.00000
    -102.94         0.00000
    -102.80         0.00000
    -102.64         0.00000
    -102.50         0.00000
    -102.35         0.00000
    -102.19         0.00000
    -102.05         0.00000
    -101.89         0.00000
    -101.75         0.00000
    -101.60         0.00000
    -101.44         0.00000
    -101.30         0.00000
    -101.14         0.00000
    -101.00         0.00000
    -100.85         0.00000
    -100.69         0.00000
    -100.55         0.00000
    -100.39         0.00000
    -100.25         0.00000
    -100.10         0.00000
    -99.945         0.00000
    -99.795         0.00000
    -99.645         0.00000
    -99.495         0.00000
    -99.345         0.00000
    -99.195         0.00000
    -99.045         0.00000
    -98.895         0.00000
    -98.745         0.00000
    -98.595         0.00000
    -98.445         0.00000
    -98.295         0.00000
    -98.145         0.00000
    -97.995         0.00000
    -97.845         0.00000
    -97.695         0.00000
    -97.545         0.00000
    -97.395         0.00000
    -97.245         0.00000
    -97.095         0.00000
    -96.945         0.00000
    -96.795         0.00000
    -96.645         0.00000
    -96.495         0.00000
    -96.345         0.00000
    -96.195         0.00000
    -96.045         0.00000
    -95.895         0.00000
    -95.745         0.00000
    -95.595         0.00000
    -95.445         0.00000
    -95.295         0.00000
    -95.145         0.00000
    -94.995         0.00000
    -94.845         0.00000
    -94.695         0.00000
    -94.545         0.00000
    -94.395         0.00000
    -94.245         0.00000
    -94.095         0.00000
    -93.945         0.00000
    -93.795         0.00000
    -93.645         0.00000
    -93.495         0.00000
    -93.345         0.00000
    -93.195         0.00000
    -93.045         0.00000
    -92.895         0.00000
    -92.745         0.00000
    -92.595         0.00000
    -92.445         0.00000
    -92.295         0.00000
    -92.145         0.00000
    -91.995         0.00000
    -91.845         0.00000
    -91.695         0.00000
    -91.545         0.00000
    -91.395         0.00000
    -91.245         0.00000
    -91.095         0.00000
    -90.945         0.00000
    -90.795         0.00000
    -90.645         0.00000
    -90.495         0.00000
    -90.345         0.00000
    -90.195         0.00000
    -90.045         0.00000
    -89.895         0.00000
    -89.745         0.00000
    -89.595         0.00000
    -89.445         0.00000
    -89.295         0.00000
    -89.145         0.00000
    -88.995         0.00000
    -88.845         0.00000
    -88.695         0.00000
    -88.545         0.00000
    -88.395         0.00000
    -88.245         0.00000
    -88.095         0.00000
    -87.945         0.00000
    -87.795         0.00000
    -87.645         0.00000
    -87.495         0.00000
    -87.345         0.00000
    -87.195         0.00000
    -87.045         0.00000
    -86.895         0.00000
    -86.745         0.00000
    -86.595         0.00000
    -86.445         0.00000
    -86.295         0.00000
    -86.145         0.00000
    -85.995         0.00000
    -85.845         0.00000
    -85.695         0.00000
    -85.545         0.00000
    -85.395         0.00000
    -85.245         0.00000
    -85.095         0.00000
    -84.945         0.00000
    -84.795         0.00000
    -84.645         0.00000
    -84.495         0.00000
    -84.345         0.00000
    -84.195         0.00000
    -84.045         0.00000
    -83.895         0.00000
    -83.745         0.00000
    -83.595         0.00000
    -83.445         0.00000
    -83.295         0.00000
    -83.145         0.00000
    -82.995         0.00000
    -82.845         0.00000
    -82.695         0.00000
    -82.545         0.00000
    -82.395         0.00000
    -82.245         0.00000
    -82.095         0.00000
    -81.945         0.00000
    -81.795         0.00000
    -81.645         0.00000
    -81.495         0.00000
    -81.345         0.00000
    -81.195         0.00000
    -81.045         0.00000
    -80.895         0.00000
    -80.745         0.00000
    -80.595         0.00000
    -80.445         0.00000
    -80.295         0.00000
    -80.145         0.00000
    -79.995         0.00000
    -79.845         0.00000
    -79.695         0.00000
    -79.545         0.00000
    -79.395         0.00000
    -79.245         0.00000
    -79.095         0.00000
    -78.945         0.00000
    -78.795         0.00000
    -78.645         0.00000
    -78.495         0.00000
    -78.345         0.00000
    -78.195         0.00000
    -78.045         0.00000
    -77.895         0.00000
    -77.745         0.00000
    -77.595         0.00000
    -77.445         0.00000
    -77.295         0.00000
    -77.145         0.00000
    -76.995         0.00000
    -76.845         0.00000
    -76.695         0.00000
    -76.545         0.00000
    -76.395         0.00000
    -76.245         0.00000
    -76.095         0.00000
    -75.945         0.00000
    -75.795         0.00000
    -75.645         0.00000
    -75.495         0.00000
    -75.345         0.00000
    -75.195         0.00000
    -75.045         0.00000
    -74.895         0.00000
    -74.745         0.00000
    -74.595         0.00000
    -74.445         0.00000
    -74.295         0.00000
    -74.145         0.00000
    -73.995         0.00000
    -73.845         0.00000
    -73.695         0.00000
    -73.545         0.00000
    -73.395         0.00000
    -73.245         0.00000
    -73.095         0.00000
    -72.945         0.00000
    -72.795         0.00000
    -72.645         0.00000
    -72.495         0.00000
    -72.345         0.00000
    -72.195         0.00000
    -72.045         0.00000
    -71.895         0.00000
    -71.745         0.00000
    -71.595         0.00000
    -71.445         0.00000
    -71.295         0.00000
    -71.145         0.00000
    -70.995         0.00000
    -70.845         0.00000
    -70.695         0.00000
    -70.545         0.00000
    -70.395         0.00000
    -70.245         0.00000
    -70.095         0.00000
    -69.945         0.00000
    -69.795         0.00000
    -69.645         0.00000
    -69.495         0.00000
    -69.345         0.00000
    -69.195         0.00000
    -69.045         0.00000
    -68.895         0.00000
    -68.745         0.00000
    -68.595         0.00000
    -68.445         0.00000
    -68.295         0.00000
    -68.145         0.00000
    -67.995         0.00000
    -67.845         0.00000
    -67.695         0.00000
    -67.545         0.00000
    -67.395         0.00000
    -67.245         0.00000
    -67.095         0.00000
    -66.945         0.00000
    -66.795         0.00000
    -66.645         0.00000
    -66.495         0.00000
    -66.345         0.00000
    -66.195         0.00000
    -66.045         0.00000
    -65.895         0.00000
    -65.745         0.00000
    -65.595         0.00000
    -65.445         0.00000
    -65.295         0.00000
    -65.145         0.00000
    -64.995         0.00000
    -64.845         0.00000
    -64.695         0.00000
    -64.545         0.00000
    -64.395         0.00000
    -64.245         0.00000
    -64.095         0.00000
    -63.945         0.00000
    -63.795         0.00000
    -63.645         0.00000
    -63.495         0.00000
    -63.345         0.00000
    -63.195         0.00000
    -63.045         0.00000
    -62.895         0.00000
    -62.745         0.00000
    -62.595         0.00000
    -62.445         0.00000
    -62.295         0.00000
    -62.145         0.00000
    -61.995         0.00000
    -61.845         0.00000
    -61.695         0.00000
    -61.545         0.00000
    -61.395         0.00000
    -61.245         0.00000
    -61.095         0.00000
    -60.945         0.00000
    -60.795         0.00000
    -60.645         0.00000
    -60.495         0.00000
    -60.345         0.00000
    -60.195         0.00000
    -60.045         0.00000
    -59.895         0.00000
    -59.745         0.00000
    -59.595         0.00000
    -59.445         0.00000
    -59.295         0.00000
    -59.145         0.00000
    -58.995         0.00000
    -58.845         0.00000
    -58.695         0.00000
    -58.545         0.00000
    -58.395         0.00000
    -58.245         0.00000
    -58.095         0.00000
    -57.945         0.00000
    -57.795         0.00000
    -57.645         0.00000
    -57.495         0.00000
    -57.345         0.00000
    -57.195         0.00000
    -57.045         0.00000
    -56.895         0.00000
    -56.745         0.00000
    -56.595         0.00000
    -56.445         0.00000
    -56.295         0.00000
    -56.145         0.00000
    -55.995         0.00000
    -55.845         0.00000
    -55.695         0.00000
    -55.545         0.00000
    -55.395         0.00000
    -55.245         0.00000
    -55.095         0.00000
    -54.945         0.00000
    -54.795         0.00000
    -54.645         0.00000
    -54.495         0.00000
    -54.345         0.00000
    -54.195         0.00000
    -54.045         0.00000
    -53.895         0.00000
    -53.745         0.00000
    -53.595         0.00000
    -53.445         0.00000
    -53.295         0.00000
    -53.145         0.00000
    -52.995         0.00000
    -52.845         0.00000
    -52.695         0.00000
    -52.545         0.00000
    -52.395         0.00000
    -52.245         0.00000
    -52.095         0.00000
    -51.945         0.00000
    -51.795         0.00000
    -51.645         0.00000
    -51.495         0.00000
    -51.345         0.00000
    -51.195         0.00000
    -51.045         0.00000
    -50.895         0.00000
    -50.745         0.00000
    -50.595         0.00000
    -50.445         0.00000
    -50.295         0.00000
    -50.145         0.00000
    -49.995         0.00000
    -49.845         0.00000
    -49.695         0.00000
    -49.545         0.00000
    -49.395         0.00000
    -49.245         0.00000
    -49.095         0.00000
    -48.945         0.00000
    -48.795         0.00000
    -48.645         0.00000
    -48.495         0.00000
    -48.345         0.00000
    -48.195         0.00000
    -48.045         0.00000
    -47.895         0.00000
    -47.745         0.00000
    -47.595         0.00000
    -47.445         0.00000
    -47.295         0.00000
    -47.145         0.00000
    -46.995         0.00000
    -46.845         0.00000
    -46.695         0.00000
    -46.545         0.00000
    -46.395         0.00000
    -46.245         0.00000
    -46.095         0.00000
    -45.945         0.00000
    -45.795         0.00000
    -45.645         0.00000
    -45.495         0.00000
    -45.345         0.00000
    -45.195         0.00000
    -45.045         0.00000
    -44.895         0.00000
    -44.745         0.00000
    -44.595         0.00000
    -44.445         0.00000
    -44.295         0.00000
    -44.145         0.00000
    -43.995         0.00000
    -43.845         0.00000
    -43.695         0.00000
    -43.545         0.00000
    -43.395         0.00000
    -43.245         0.00000
    -43.095         0.00000
    -42.945         0.00000
    -42.795         0.00000
    -42.645         0.00000
    -42.495         0.00000
    -42.345         0.00000
    -42.195         0.00000
    -42.045         0.00000
    -41.895         0.00000
    -41.745         0.00000
    -41.595         0.00000
    -41.445         0.00000
    -41.295         0.00000
    -41.145         0.00000
    -40.995         0.00000
    -40.845         0.00000
    -40.695         0.00000
    -40.545         0.00000
    -40.395         0.00000
    -40.245         0.00000
    -40.095         0.00000
    -39.945         0.00000
    -39.795         0.00000
    -39.645         0.00000
    -39.495         0.00000
    -39.345         0.00000
    -39.195         0.00000
    -39.045         0.00000
    -38.895         0.00000
    -38.745         0.00000
    -38.595         0.00000
    -38.445         0.00000
    -38.295         0.00000
    -38.145         0.00000
    -37.995         0.00000
    -37.845         0.00000
    -37.695         0.00000
    -37.545         0.00000
    -37.395         0.00000
    -37.245         0.00000
    -37.095         0.00000
    -36.945         0.00000
    -36.795         0.00000
    -36.645         0.00000
    -36.495         0.00000
    -36.345         0.00000
    -36.195         0.00000
    -36.045         0.00000
    -35.895         0.00000
    -35.745         0.00000
    -35.595         0.00000
    -35.445         0.00000
    -35.295         0.00000
    -35.145         0.00000
    -34.995         0.00000
    -34.845         0.00000
    -34.695         0.00000
    -34.545         0.00000
    -34.395         0.00000
    -34.245         0.00000
    -34.095         0.00000
    -33.945         0.00000
    -33.795         0.00000
    -33.645         0.00000
    -33.495         0.00000
    -33.345         0.00000
    -33.195         0.00000
    -33.045         0.00000
    -32.895         0.00000
    -32.745         0.00000
    -32.595         0.00000
    -32.445         0.00000
    -32.295         0.00000
    -32.145         0.00000
    -31.995         0.00000
    -31.845         0.00000
    -31.695         0.00000
    -31.545         0.00000
    -31.395         0.00000
    -31.245         0.00000
    -31.095         0.00000
    -30.945         0.00000
    -30.795         0.00000
    -30.645         0.00000
    -30.495         0.00000
    -30.345         0.00000
    -30.195         0.00000
    -30.045         0.00000
    -29.895         0.00000
    -29.745         0.00000
    -29.595         0.00000
    -29.445         0.00000
    -29.295         0.00000
    -29.145         0.00000
    -28.995         0.00000
    -28.845         0.00000
    -28.695         0.00000
    -28.545         0.00000
    -28.395         0.00000
    -28.245         0.00000
    -28.095         0.00000
    -27.945         0.00000
    -27.795         0.00000
    -27.645         0.00000
    -27.495         0.00000
    -27.345         0.00000
    -27.195         0.00000
    -27.045         0.00000
    -26.895         0.00000
    -26.745         0.00000
    -26.595         0.00000
    -26.445         0.00000
    -26.295         0.00000
    -26.145         0.00000
    -25.995         0.00000
    -25.845         0.00000
    -25.695         0.00000
    -25.545         0.00000
    -25.395         0.00000
    -25.245         0.00000
    -25.095         0.00000
    -24.945         0.00000
    -24.795         0.00000
    -24.645         0.00000
    -24.495         0.00000
    -24.345         0.00000
    -24.195         0.00000
    -24.045         0.00000
    -23.895         0.00000
    -23.745         0.00000
    -23.595         0.00000
    -23.445         0.00000
    -23.295         0.00000
    -23.145         0.00000
    -22.995         0.00000
    -22.845         0.00000
    -22.695         0.00000
    -22.545         0.00000
    -22.395         0.00000
    -22.245         0.00000
    -22.095         0.00000
    -21.945         0.00000
    -21.795         0.00000
    -21.645         0.00000
    -21.495         0.00000
    -21.345         0.00000
    -21.195         0.00000
    -21.045         0.00000
    -20.895         0.00000
    -20.745         0.00000
    -20.595         0.00000
    -20.445         0.00000
    -20.295         0.00000
    -20.145         0.00000
    -19.995         0.00000
    -19.845         0.00000
    -19.695         0.00000
    -19.545         0.00000
    -19.395         0.00000
    -19.245         0.00000
    -19.095         0.00000
    -18.945         0.00000
    -18.795         0.00000
    -18.645         0.00000
    -18.495         0.00000
    -18.345         0.00000
    -18.195         0.00000
    -18.045         0.00000
    -17.895         0.00000
    -17.745         0.00000
    -17.595         0.00000
    -17.445        -0.00532
    -17.295        -0.03048
    -17.145        -0.08245
    -16.995        -0.20676
    -16.845        -0.36999
    -16.695        -0.54199
    -16.545        -0.80798
    -16.395        -1.13803
    -16.245        -1.44739
    -16.095        -1.76660
    -15.945        -2.13594
    -15.795        -2.51455
    -15.645        -2.92013
    -15.495        -3.32215
    -15.345        -3.72326
    -15.195        -4.08119
    -15.045        -4.44337
    -14.895        -4.77512
    -14.745        -5.12766
    -14.595        -5.45694
    -14.445        -5.79163
    -14.295        -6.14803
    -14.145        -6.48323
    -13.995        -6.87445
    -13.845        -7.33800
    -13.695        -7.89801
    -13.545        -8.62189
    -13.395        -9.41706
    -13.245       -10.36889
    -13.095       -11.35832
    -12.945       -12.35218
    -12.795       -13.37742
    -12.645       -14.41857
    -12.495       -15.45771
    -12.345       -16.46215
    -12.195       -17.45471
    -12.045       -18.40235
    -11.895       -19.34224
    -11.745       -20.19970
    -11.595       -21.08900
    -11.445       -21.90357
    -11.295       -22.70227
    -11.145       -23.53004
    -10.995       -24.30069
    -10.845       -25.05350
    -10.695       -25.82136
    -10.545       -26.63912
    -10.395       -27.47717
    -10.245       -28.41426
    -10.095       -29.31631
    -9.9450       -30.26934
    -9.7950       -31.29787
    -9.6450       -32.29688
    -9.4950       -33.38464
    -9.3450       -34.41029
    -9.1950       -35.51711
    -9.0450       -36.76662
    -8.8950       -38.00824
    -8.7450       -39.38100
    -8.5950       -40.73497
    -8.4450       -42.12512
    -8.2950       -43.66557
    -8.1450       -45.25947
    -7.9950       -46.93413
    -7.8450       -48.70949
    -7.6950       -50.51968
    -7.5450       -52.42511
    -7.3950       -54.37597
    -7.2450       -56.40718
    -7.0950       -58.48004
    -6.9450       -60.57606
    -6.7950       -62.76505
    -6.6450       -65.01675
    -6.4950       -67.39085
    -6.3450       -69.76748
    -6.1950       -72.25355
    -6.0450       -74.80873
    -5.8950       -77.38981
    -5.7450       -80.04727
    -5.5950       -82.69859
    -5.4450       -85.38438
    -5.2950       -88.13289
    -5.1450       -90.81599
    -4.9950       -93.53249
    -4.8450       -96.25314
    -4.6950       -99.04644
    -4.5450      -101.87161
    -4.3950      -104.76751
    -4.2450      -107.70240
    -4.0950      -110.67664
    -3.9450      -113.70028
    -3.7950      -116.75962
    -3.6450      -119.90452
    -3.4950      -123.17296
    -3.3450      -126.51995
    -3.1950      -130.00726
    -3.0450      -133.61212
    -2.8950      -137.36109
    -2.7450      -141.30391
    -2.5950      -145.44560
    -2.4450      -149.95872
    -2.2950      -154.83339
    -2.1450      -160.18465
    -1.9950      -166.14602
    -1.8450      -172.77671
    -1.6950      -180.29891
    -1.5450      -188.71758
    -1.3950      -198.02264
    -1.2450      -208.17495
    -1.0950      -219.08943
   -0.94500      -230.53131
   -0.79500      -242.39556
   -0.64500      -254.73774
   -0.49500      -267.92796
   -0.34500      -283.08605
   -0.22700      -288.89063
   -0.21300      -289.62175
   -0.20700      -290.35950
   -0.20100      -291.10798
   -0.19500      -291.86790
   -0.18900      -292.63712
   -0.18300      -293.41369
   -0.17700      -294.20549
   -0.17100      -295.00755
   -0.16500      -295.82246
   -0.15900      -296.65503
   -0.15300      -297.50060
   -0.14700      -298.36789
   -0.14100      -299.25150
   -0.13500      -300.15340
   -0.12900      -301.07213
   -0.12300      -302.01499
   -0.11700      -302.99135
   -0.11100      -303.98905
   -0.10500      -305.01978
   -0.99000E-01  -306.08435
   -0.93000E-01  -307.18968
   -0.87000E-01  -308.33908
   -0.81000E-01  -309.53896
   -0.75000E-01  -310.80121
   -0.69000E-01  -312.12970
   -0.63000E-01  -313.53784
   -0.57000E-01  -315.04744
   -0.51000E-01  -316.67499
   -0.45000E-01  -318.45580
   -0.39000E-01  -320.43207
   -0.33000E-01  -322.67363
   -0.27000E-01  -325.28787
   -0.21300E-01  -327.37542
   -0.19500E-01  -327.70890
   -0.18900E-01  -328.05086
   -0.18300E-01  -328.40211
   -0.17700E-01  -328.76260
   -0.17100E-01  -329.13233
   -0.16500E-01  -329.51220
   -0.15900E-01  -329.90324
   -0.15300E-01  -330.30637
   -0.14700E-01  -330.72124
   -0.14100E-01  -331.14976
   -0.13500E-01  -331.59302
   -0.12900E-01  -332.05258
   -0.12300E-01  -332.52897
   -0.11700E-01  -333.02313
   -0.11100E-01  -333.53991
   -0.10500E-01  -334.07730
   -0.99000E-02  -334.64060
   -0.93000E-02  -335.23265
   -0.87000E-02  -335.85833
   -0.81000E-02  -336.51991
   -0.75000E-02  -337.22072
   -0.69000E-02  -337.96027
   -0.63000E-02  -338.73917
   -0.57000E-02  -339.55793
   -0.51000E-02  -340.41294
   -0.45000E-02  -341.30227
   -0.39000E-02  -342.21592
   -0.33000E-02  -343.13521
   -0.27000E-02  -344.02947
   -0.21000E-02  -344.83888
   -0.15000E-02  -345.49676
   -0.90000E-03  -345.95706
   -0.30000E-03  -346.16296
    0.30000E-03  -346.06568
    0.90000E-03  -345.67054
    0.15000E-02  -345.02332
    0.21000E-02  -344.21362
    0.27000E-02  -343.31962
    0.33000E-02  -342.40031
    0.39000E-02  -341.48698
    0.45000E-02  -340.59774
    0.51000E-02  -339.74272
    0.57000E-02  -338.92491
    0.63000E-02  -338.14646
    0.69000E-02  -337.40659
    0.75000E-02  -336.70700
    0.81000E-02  -336.04670
    0.87000E-02  -335.42195
    0.93000E-02  -334.83073
    0.99000E-02  -334.26806
    0.10500E-01  -333.73055
    0.11100E-01  -333.21667
    0.11700E-01  -332.72320
    0.12300E-01  -332.24901
    0.12900E-01  -331.79101
    0.13500E-01  -331.34879
    0.14100E-01  -330.92256
    0.14700E-01  -330.50855
    0.15300E-01  -330.10709
    0.15900E-01  -329.71751
    0.16500E-01  -329.33888
    0.17100E-01  -328.97063
    0.17700E-01  -328.61132
    0.18300E-01  -328.26357
    0.18900E-01  -327.92442
    0.19500E-01  -327.59317
    0.21300E-01  -325.52882
    0.27000E-01  -322.95212
    0.33000E-01  -320.76685
    0.39000E-01  -318.85927
    0.45000E-01  -317.16790
    0.51000E-01  -315.64929
    0.57000E-01  -314.26873
    0.63000E-01  -313.00641
    0.69000E-01  -311.84340
    0.75000E-01  -310.76381
    0.81000E-01  -309.75958
    0.87000E-01  -308.81603
    0.93000E-01  -307.92857
    0.99000E-01  -307.08861
    0.10500      -306.29258
    0.11100      -305.53619
    0.11700      -304.80834
    0.12300      -304.11599
    0.12900      -303.44906
    0.13500      -302.80398
    0.14100      -302.18181
    0.14700      -301.57912
    0.15300      -300.99644
    0.15900      -300.43355
    0.16500      -299.89089
    0.17100      -299.36064
    0.17700      -298.85038
    0.18300      -298.35471
    0.18900      -297.87235
    0.19500      -297.39936
    0.20100      -296.93924
    0.20700      -296.49450
    0.21300      -296.06006
    0.22700      -292.78234
    0.34500      -285.53201
    0.49500      -280.54934
    0.64500      -276.73698
    0.79500      -273.59180
    0.94500      -270.89927
     1.0950      -268.49255
     1.2450      -266.31117
     1.3950      -264.32279
     1.5450      -262.47352
     1.6950      -260.77041
     1.8450      -259.18362
     1.9950      -257.71931
     2.1450      -256.38069
     2.2950      -255.11834
     2.4450      -253.97323
     2.5950      -252.91564
     2.7450      -251.92549
     2.8950      -251.00478
     3.0450      -250.15644
     3.1950      -249.39894
     3.3450      -248.71239
     3.4950      -248.04659
     3.6450      -247.42647
     3.7950      -246.84531
     3.9450      -246.32310
     4.0950      -245.82218
     4.2450      -245.33830
     4.3950      -244.88259
     4.5450      -244.45090
     4.6950      -244.01368
     4.8450      -243.60061
     4.9950      -243.19894
     5.1450      -242.81366
     5.2950      -242.44378
     5.4450      -242.08139
     5.5950      -241.73845
     5.7450      -241.39328
     5.8950      -241.05602
     6.0450      -240.72993
     6.1950      -240.40635
     6.3450      -240.09763
     6.4950      -239.78989
     6.6450      -239.49114
     6.7950      -239.19686
     6.9450      -238.91172
     7.0950      -238.63774
     7.2450      -238.36790
     7.3950      -238.10179
     7.5450      -237.84155
     7.6950      -237.58282
     7.8450      -237.33698
     7.9950      -237.08784
     8.1450      -236.84218
     8.2950      -236.60340
     8.4450      -236.36454
     8.5950      -236.13121
     8.7450      -235.89997
     8.8950      -235.67696
     9.0450      -235.45160
     9.1950      -235.23218
     9.3450      -235.01875
     9.4950      -234.80845
     9.6450      -234.60819
     9.7950      -234.39727
     9.9450      -234.19620
     10.095      -233.99317
     10.245      -233.79511
     10.395      -233.60819
     10.545      -233.41818
     10.695      -233.23308
     10.845      -233.04972
     10.995      -232.86603
     11.145      -232.68273
     11.295      -232.50322
     11.445      -232.32582
     11.595      -232.14411
     11.745      -231.96869
     11.895      -231.79343
     12.045      -231.62053
     12.195      -231.44896
     12.345      -231.28383
     12.495      -231.12538
     12.645      -230.97143
     12.795      -230.80696
     12.945      -230.65076
     13.095      -230.49359
     13.245      -230.33960
     13.395      -230.18355
     13.545      -230.02953
     13.695      -229.88031
     13.845      -229.72882
     13.995      -229.58382
     14.145      -229.43661
     14.295      -229.29080
     14.445      -229.14763
     14.595      -229.00108
     14.745      -228.86154
     14.895      -228.72636
     15.045      -228.58900
     15.195      -228.45756
     15.345      -228.32700
     15.495      -228.19702
     15.645      -228.06790
     15.795      -227.94065
     15.945      -227.81558
     16.095      -227.69091
     16.245      -227.56765
     16.395      -227.44365
     16.545      -227.32057
     16.695      -227.19580
     16.845      -227.06934
     16.995      -226.95171
     17.145      -226.82903
     17.295      -226.71119
     17.445      -226.59740
     17.595      -226.48255
     17.745      -226.36894
     17.895      -226.25979
     18.045      -226.14423
     18.195      -226.02962
     18.345      -225.91812
     18.495      -225.80722
     18.645      -225.69326
     18.795      -225.58556
     18.945      -225.47153
     19.095      -225.36496
     19.245      -225.25647
     19.395      -225.14842
     19.545      -225.04365
     19.695      -224.93473
     19.845      -224.83582
     19.995      -224.73346
     20.145      -224.63269
     20.295      -224.53011
     20.445      -224.42856
     20.595      -224.32590
     20.745      -224.22687
     20.895      -224.12797
     21.045      -224.03417
     21.195      -223.93445
     21.345      -223.83503
     21.495      -223.73957
     21.645      -223.64085
     21.795      -223.54549
     21.945      -223.45113
     22.095      -223.36016
     22.245      -223.26441
     22.395      -223.17947
     22.545      -223.08701
     22.695      -223.00015
     22.845      -222.90917
     22.995      -222.81989
     23.145      -222.73048
     23.295      -222.63940
     23.445      -222.54954
     23.595      -222.46099
     23.745      -222.36949
     23.895      -222.28223
     24.045      -222.19420
     24.195      -222.11009
     24.345      -222.02802
     24.495      -221.94372
     24.645      -221.85846
     24.795      -221.77365
     24.945      -221.68771
     25.095      -221.60773
     25.245      -221.52200
     25.395      -221.44165
     25.545      -221.35958
     25.695      -221.28096
     25.845      -221.20562
     25.995      -221.12201
     26.145      -221.04079
     26.295      -220.96199
     26.445      -220.88383
     26.595      -220.80473
     26.745      -220.72541
     26.895      -220.65021
     27.045      -220.57089
     27.195      -220.49571
     27.345      -220.42113
     27.495      -220.34155
     27.645      -220.26397
     27.795      -220.18816
     27.945      -220.11534
     28.095      -220.03868
     28.245      -219.96636
     28.395      -219.89336
     28.545      -219.81959
     28.695      -219.74645
     28.845      -219.66938
     28.995      -219.59953
     29.145      -219.53193
     29.295      -219.46009
     29.445      -219.38860
     29.595      -219.31651
     29.745      -219.24849
     29.895      -219.17781
     30.045      -219.11007
     30.195      -219.03828
     30.345      -218.96994
     30.495      -218.89975
     30.645      -218.83097
     30.795      -218.76433
     30.945      -218.69794
     31.095      -218.62981
     31.245      -218.56270
     31.395      -218.49737
     31.545      -218.42657
     31.695      -218.36026
     31.845      -218.29655
     31.995      -218.23060
     32.145      -218.16332
     32.295      -218.09820
     32.445      -218.03298
     32.595      -217.97422
     32.745      -217.90959
     32.895      -217.84685
     33.045      -217.78402
     33.195      -217.72389
     33.345      -217.65930
     33.495      -217.59652
     33.645      -217.53474
     33.795      -217.47390
     33.945      -217.41301
     34.095      -217.35066
     34.245      -217.28805
     34.395      -217.22596
     34.545      -217.16515
     34.695      -217.10435
     34.845      -217.04496
     34.995      -216.98829
     35.145      -216.92971
     35.295      -216.87235
     35.445      -216.81342
     35.595      -216.75216
     35.745      -216.69177
     35.895      -216.63423
     36.045      -216.57462
     36.195      -216.51665
     36.345      -216.45874
     36.495      -216.40235
     36.645      -216.34484
     36.795      -216.28941
     36.945      -216.23570
     37.095      -216.17960
     37.245      -216.12502
     37.395      -216.07034
     37.545      -216.01248
     37.695      -215.95898
     37.845      -215.90286
     37.995      -215.84513
     38.145      -215.78968
     38.295      -215.73429
     38.445      -215.67956
     38.595      -215.62400
     38.745      -215.56977
     38.895      -215.51288
     39.045      -215.46149
     39.195      -215.40676
     39.345      -215.35347
     39.495      -215.30175
     39.645      -215.25026
     39.795      -215.19681
     39.945      -215.14378
     40.095      -215.09321
     40.245      -215.04272
     40.395      -214.99323
     40.545      -214.94158
     40.695      -214.88886
     40.845      -214.83838
     40.995      -214.78683
     41.145      -214.73694
     41.295      -214.68621
     41.445      -214.63557
     41.595      -214.58367
     41.745      -214.53333
     41.895      -214.48440
     42.045      -214.43363
     42.195      -214.38348
     42.345      -214.33489
     42.495      -214.28462
     42.645      -214.23443
     42.795      -214.18414
     42.945      -214.13559
     43.095      -214.08623
     43.245      -214.03623
     43.395      -213.98830
     43.545      -213.94172
     43.695      -213.89366
     43.845      -213.84414
     43.995      -213.79806
     44.145      -213.75237
     44.295      -213.70475
     44.445      -213.65760
     44.595      -213.61090
     44.745      -213.56434
     44.895      -213.51691
     45.045      -213.47260
     45.195      -213.42520
     45.345      -213.37906
     45.495      -213.33465
     45.645      -213.28829
     45.795      -213.24342
     45.945      -213.20048
     46.095      -213.15451
     46.245      -213.10865
     46.395      -213.06535
     46.545      -213.01983
     46.695      -212.97589
     46.845      -212.93151
     46.995      -212.88666
     47.145      -212.84277
     47.295      -212.79835
     47.445      -212.75623
     47.595      -212.71151
     47.745      -212.66565
     47.895      -212.62164
     48.045      -212.57674
     48.195      -212.53329
     48.345      -212.49136
     48.495      -212.44760
     48.645      -212.40405
     48.795      -212.35837
     48.945      -212.31686
     49.095      -212.27579
     49.245      -212.23206
     49.395      -212.19078
     49.545      -212.14838
     49.695      -212.10588
     49.845      -212.06362
     49.995      -212.02211
     50.145      -211.98212
     50.295      -211.93932
     50.445      -211.89632
     50.595      -211.85595
     50.745      -211.81489
     50.895      -211.77427
     51.045      -211.73292
     51.195      -211.69248
     51.345      -211.65179
     51.495      -211.61005
     51.645      -211.57011
     51.795      -211.53166
     51.945      -211.49139
     52.095      -211.45355
     52.245      -211.41432
     52.395      -211.37547
     52.545      -211.33649
     52.695      -211.29867
     52.845      -211.25814
     52.995      -211.21875
     53.145      -211.18155
     53.295      -211.14162
     53.445      -211.10222
     53.595      -211.06386
     53.745      -211.02500
     53.895      -210.98696
     54.045      -210.94899
     54.195      -210.91072
     54.345      -210.87353
     54.495      -210.83584
     54.645      -210.79812
     54.795      -210.76088
     54.945      -210.72280
     55.095      -210.68544
     59.433      -207.68591
     80.646      -203.21376
     111.21      -198.78815
     153.36      -194.37593
     211.49      -190.03001
     291.64      -185.73147
     402.18      -181.50182
     554.60      -177.34262
     764.80      -173.25427
     1054.7      -169.23395
     1454.4      -165.27681
     2005.6      -161.39654
     2765.8      -157.57471
     3814.0      -153.85099
     5259.5      -150.22438
     7252.9      -146.67978
     10002.      -143.22974
     13793.      -139.86717
     19020.      -136.58995
     26229.      -133.41412
     36170.      -130.35349
     49878.      -127.40597
     68782.      -124.58153
     94851.      -121.87240
    0.13080E+06  -119.27917
    0.18038E+06  -116.80761
    0.24874E+06  -114.44208
    0.34301E+06  -112.19027
    0.47302E+06  -110.04216
    0.65229E+06  -107.98334
    0.89952E+06  -106.02883
    0.12404E+07  -104.16466
    0.17106E+07  -102.38296
    0.23589E+07  -100.68192
    0.32529E+07   -99.05923
    0.44858E+07   -97.51620
    0.61860E+07   -96.05316
    0.85305E+07   -94.65133
    0.11764E+08   -93.31992
    0.16222E+08   -92.05161
    0.22370E+08   -90.84457
    0.30849E+08   -89.69729
    0.42541E+08   -88.61082
    0.58664E+08   -87.59345
    0.80898E+08   -86.64554
    0.11156E+09   -85.76484
    0.15384E+09   -84.94568
    0.21215E+09   -84.17737
    0.29255E+09   -83.45627
    0.40343E+09   -82.78146
    0.55633E+09   -82.15391
    0.76719E+09   -81.58529
    0.10580E+10   -81.06671
    0.14589E+10   -80.58997
    0.20119E+10   -80.14818
    0.27744E+10   -79.74376
    0.38259E+10   -79.36731
    0.52760E+10   -79.02190
    0.72756E+10   -78.70327
    0.10033E+11   -78.40801
    0.13836E+11   -78.13399
    0.19079E+11   -77.88190
    0.26311E+11   -77.65160
    0.36283E+11   -77.43765
    0.50034E+11   -77.24122
    0.68997E+11   -77.05885
    0.10000E+12   -74.87662
