    -159.95         0.00000
    -159.79         0.00000
    -159.65         0.00000
    -159.49         0.00000
    -159.34         0.00000
    -159.20         0.00000
    -159.04         0.00000
    -158.90         0.00000
    -158.74         0.00000
    -158.59         0.00000
    -158.45         0.00000
    -158.29         0.00000
    -158.15         0.00000
    -157.99         0.00000
    -157.84         0.00000
    -157.70         0.00000
    -157.54         0.00000
    -157.40         0.00000
    -157.24         0.00000
    -157.09         0.00000
    -156.95         0.00000
    -156.79         0.00000
    -156.65         0.00000
    -156.49         0.00000
    -156.34         0.00000
    -156.20         0.00000
    -156.04         0.00000
    -155.90         0.00000
    -155.74         0.00000
    -155.59         0.00000
    -155.45         0.00000
    -155.29         0.00000
    -155.15         0.00000
    -154.99         0.00000
    -154.84         0.00000
    -154.70         0.00000
    -154.54         0.00000
    -154.40         0.00000
    -154.24         0.00000
    -154.09         0.00000
    -153.95         0.00000
    -153.79         0.00000
    -153.65         0.00000
    -153.49         0.00000
    -153.34         0.00000
    -153.20         0.00000
    -153.04         0.00000
    -152.90         0.00000
    -152.74         0.00000
    -152.59         0.00000
    -152.45         0.00000
    -152.29         0.00000
    -152.15         0.00000
    -151.99         0.00000
    -151.84         0.00000
    -151.70         0.00000
    -151.54         0.00000
    -151.40         0.00000
    -151.24         0.00000
    -151.09         0.00000
    -150.95         0.00000
    -150.79         0.00000
    -150.65         0.00000
    -150.49         0.00000
    -150.34         0.00000
    -150.20         0.00000
    -150.04         0.00000
    -149.90         0.00000
    -149.74         0.00000
    -149.59         0.00000
    -149.45         0.00000
    -149.29         0.00000
    -149.15         0.00000
    -148.99         0.00000
    -148.84         0.00000
    -148.70         0.00000
    -148.54         0.00000
    -148.40         0.00000
    -148.24         0.00000
    -148.09         0.00000
    -147.95         0.00000
    -147.79         0.00000
    -147.65         0.00000
    -147.49         0.00000
    -147.34         0.00000
    -147.20         0.00000
    -147.04         0.00000
    -146.90         0.00000
    -146.74         0.00000
    -146.59         0.00000
    -146.45         0.00000
    -146.29         0.00000
    -146.15         0.00000
    -145.99         0.00000
    -145.84         0.00000
    -145.70         0.00000
    -145.54         0.00000
    -145.40         0.00000
    -145.24         0.00000
    -145.09         0.00000
    -144.95         0.00000
    -144.79         0.00000
    -144.65         0.00000
    -144.49         0.00000
    -144.34         0.00000
    -144.20         0.00000
    -144.04         0.00000
    -143.90         0.00000
    -143.74         0.00000
    -143.59         0.00000
    -143.45         0.00000
    -143.29         0.00000
    -143.15         0.00000
    -142.99         0.00000
    -142.84         0.00000
    -142.70         0.00000
    -142.54         0.00000
    -142.40         0.00000
    -142.24         0.00000
    -142.09         0.00000
    -141.95         0.00000
    -141.79         0.00000
    -141.65         0.00000
    -141.49         0.00000
    -141.34         0.00000
    -141.20         0.00000
    -141.04         0.00000
    -140.90         0.00000
    -140.74         0.00000
    -140.59         0.00000
    -140.45         0.00000
    -140.29         0.00000
    -140.15         0.00000
    -139.99         0.00000
    -139.84         0.00000
    -139.70         0.00000
    -139.54         0.00000
    -139.40         0.00000
    -139.24         0.00000
    -139.09         0.00000
    -138.95         0.00000
    -138.79         0.00000
    -138.65         0.00000
    -138.49         0.00000
    -138.34         0.00000
    -138.20         0.00000
    -138.04         0.00000
    -137.90         0.00000
    -137.74         0.00000
    -137.59         0.00000
    -137.45         0.00000
    -137.29         0.00000
    -137.15         0.00000
    -136.99         0.00000
    -136.84         0.00000
    -136.70         0.00000
    -136.54         0.00000
    -136.40         0.00000
    -136.24         0.00000
    -136.09         0.00000
    -135.95         0.00000
    -135.79         0.00000
    -135.65         0.00000
    -135.49         0.00000
    -135.34         0.00000
    -135.20         0.00000
    -135.04         0.00000
    -134.90         0.00000
    -134.74         0.00000
    -134.59         0.00000
    -134.45         0.00000
    -134.29         0.00000
    -134.15         0.00000
    -133.99         0.00000
    -133.84         0.00000
    -133.70         0.00000
    -133.54         0.00000
    -133.40         0.00000
    -133.24         0.00000
    -133.09         0.00000
    -132.95         0.00000
    -132.79         0.00000
    -132.65         0.00000
    -132.49         0.00000
    -132.34         0.00000
    -132.20         0.00000
    -132.04         0.00000
    -131.90         0.00000
    -131.74         0.00000
    -131.59         0.00000
    -131.45         0.00000
    -131.29         0.00000
    -131.15         0.00000
    -130.99         0.00000
    -130.84         0.00000
    -130.70         0.00000
    -130.54         0.00000
    -130.40         0.00000
    -130.24         0.00000
    -130.09         0.00000
    -129.95         0.00000
    -129.79         0.00000
    -129.65         0.00000
    -129.49         0.00000
    -129.34         0.00000
    -129.20         0.00000
    -129.04         0.00000
    -128.90         0.00000
    -128.74         0.00000
    -128.59         0.00000
    -128.45         0.00000
    -128.29         0.00000
    -128.15         0.00000
    -127.99         0.00000
    -127.85         0.00000
    -127.69         0.00000
    -127.55         0.00000
    -127.39         0.00000
    -127.25         0.00000
    -127.10         0.00000
    -126.94         0.00000
    -126.80         0.00000
    -126.64         0.00000
    -126.50         0.00000
    -126.35         0.00000
    -126.19         0.00000
    -126.05         0.00000
    -125.89         0.00000
    -125.75         0.00000
    -125.60         0.00000
    -125.44         0.00000
    -125.30         0.00000
    -125.14         0.00000
    -125.00         0.00000
    -124.85         0.00000
    -124.69         0.00000
    -124.55         0.00000
    -124.39         0.00000
    -124.25         0.00000
    -124.10         0.00000
    -123.94         0.00000
    -123.80         0.00000
    -123.64         0.00000
    -123.50         0.00000
    -123.35         0.00000
    -123.19         0.00000
    -123.05         0.00000
    -122.89         0.00000
    -122.75         0.00000
    -122.60         0.00000
    -122.44         0.00000
    -122.30         0.00000
    -122.14         0.00000
    -122.00         0.00000
    -121.85         0.00000
    -121.69         0.00000
    -121.55         0.00000
    -121.39         0.00000
    -121.25         0.00000
    -121.10         0.00000
    -120.94         0.00000
    -120.80         0.00000
    -120.64         0.00000
    -120.50         0.00000
    -120.35         0.00000
    -120.19         0.00000
    -120.05         0.00000
    -119.89         0.00000
    -119.75         0.00000
    -119.60         0.00000
    -119.44         0.00000
    -119.30         0.00000
    -119.14         0.00000
    -119.00         0.00000
    -118.85         0.00000
    -118.69         0.00000
    -118.55         0.00000
    -118.39         0.00000
    -118.25         0.00000
    -118.10         0.00000
    -117.94         0.00000
    -117.80         0.00000
    -117.64         0.00000
    -117.50         0.00000
    -117.35         0.00000
    -117.19         0.00000
    -117.05         0.00000
    -116.89         0.00000
    -116.75         0.00000
    -116.60         0.00000
    -116.44         0.00000
    -116.30         0.00000
    -116.14         0.00000
    -116.00         0.00000
    -115.85         0.00000
    -115.69         0.00000
    -115.55         0.00000
    -115.39         0.00000
    -115.25         0.00000
    -115.10         0.00000
    -114.94         0.00000
    -114.80         0.00000
    -114.64         0.00000
    -114.50         0.00000
    -114.35         0.00000
    -114.19         0.00000
    -114.05         0.00000
    -113.89         0.00000
    -113.75         0.00000
    -113.60         0.00000
    -113.44         0.00000
    -113.30         0.00000
    -113.14         0.00000
    -113.00         0.00000
    -112.85         0.00000
    -112.69         0.00000
    -112.55         0.00000
    -112.39         0.00000
    -112.25         0.00000
    -112.10         0.00000
    -111.94         0.00000
    -111.80         0.00000
    -111.64         0.00000
    -111.50         0.00000
    -111.35         0.00000
    -111.19         0.00000
    -111.05         0.00000
    -110.89         0.00000
    -110.75         0.00000
    -110.60         0.00000
    -110.44         0.00000
    -110.30         0.00000
    -110.14         0.00000
    -110.00         0.00000
    -109.85         0.00000
    -109.69         0.00000
    -109.55         0.00000
    -109.39         0.00000
    -109.25         0.00000
    -109.10         0.00000
    -108.94         0.00000
    -108.80         0.00000
    -108.64         0.00000
    -108.50         0.00000
    -108.35         0.00000
    -108.19         0.00000
    -108.05         0.00000
    -107.89         0.00000
    -107.75         0.00000
    -107.60         0.00000
    -107.44         0.00000
    -107.30         0.00000
    -107.14         0.00000
    -107.00         0.00000
    -106.85         0.00000
    -106.69         0.00000
    -106.55         0.00000
    -106.39         0.00000
    -106.25         0.00000
    -106.10         0.00000
    -105.94         0.00000
    -105.80         0.00000
    -105.64         0.00000
    -105.50         0.00000
    -105.35         0.00000
    -105.19         0.00000
    -105.05         0.00000
    -104.89         0.00000
    -104.75         0.00000
    -104.60         0.00000
    -104.44         0.00000
    -104.30         0.00000
    -104.14         0.00000
    -104.00         0.00000
    -103.85         0.00000
    -103.69         0.00000
    -103.55         0.00000
    -103.39         0.00000
    -103.25         0.00000
    -103.10         0.00000
    -102.94         0.00000
    -102.80         0.00000
    -102.64         0.00000
    -102.50         0.00000
    -102.35         0.00000
    -102.19         0.00000
    -102.05         0.00000
    -101.89         0.00000
    -101.75         0.00000
    -101.60         0.00000
    -101.44         0.00000
    -101.30         0.00000
    -101.14         0.00000
    -101.00         0.00000
    -100.85         0.00000
    -100.69         0.00000
    -100.55         0.00000
    -100.39         0.00000
    -100.25         0.00000
    -100.10         0.00000
    -99.945         0.00000
    -99.795         0.00000
    -99.645         0.00000
    -99.495         0.00000
    -99.345         0.00000
    -99.195         0.00000
    -99.045         0.00000
    -98.895         0.00000
    -98.745         0.00000
    -98.595         0.00000
    -98.445         0.00000
    -98.295         0.00000
    -98.145         0.00000
    -97.995         0.00000
    -97.845         0.00000
    -97.695         0.00000
    -97.545         0.00000
    -97.395         0.00000
    -97.245         0.00000
    -97.095         0.00000
    -96.945         0.00000
    -96.795         0.00000
    -96.645         0.00000
    -96.495         0.00000
    -96.345         0.00000
    -96.195         0.00000
    -96.045         0.00000
    -95.895         0.00000
    -95.745         0.00000
    -95.595         0.00000
    -95.445         0.00000
    -95.295         0.00000
    -95.145         0.00000
    -94.995         0.00000
    -94.845         0.00000
    -94.695         0.00000
    -94.545         0.00000
    -94.395         0.00000
    -94.245         0.00000
    -94.095         0.00000
    -93.945         0.00000
    -93.795         0.00000
    -93.645         0.00000
    -93.495         0.00000
    -93.345         0.00000
    -93.195         0.00000
    -93.045         0.00000
    -92.895         0.00000
    -92.745         0.00000
    -92.595         0.00000
    -92.445         0.00000
    -92.295         0.00000
    -92.145         0.00000
    -91.995         0.00000
    -91.845         0.00000
    -91.695         0.00000
    -91.545         0.00000
    -91.395         0.00000
    -91.245         0.00000
    -91.095         0.00000
    -90.945         0.00000
    -90.795         0.00000
    -90.645         0.00000
    -90.495         0.00000
    -90.345         0.00000
    -90.195         0.00000
    -90.045         0.00000
    -89.895         0.00000
    -89.745         0.00000
    -89.595         0.00000
    -89.445         0.00000
    -89.295         0.00000
    -89.145         0.00000
    -88.995         0.00000
    -88.845         0.00000
    -88.695         0.00000
    -88.545         0.00000
    -88.395         0.00000
    -88.245         0.00000
    -88.095         0.00000
    -87.945         0.00000
    -87.795         0.00000
    -87.645         0.00000
    -87.495         0.00000
    -87.345         0.00000
    -87.195         0.00000
    -87.045         0.00000
    -86.895         0.00000
    -86.745         0.00000
    -86.595         0.00000
    -86.445         0.00000
    -86.295         0.00000
    -86.145         0.00000
    -85.995         0.00000
    -85.845         0.00000
    -85.695         0.00000
    -85.545         0.00000
    -85.395         0.00000
    -85.245         0.00000
    -85.095         0.00000
    -84.945         0.00000
    -84.795         0.00000
    -84.645         0.00000
    -84.495         0.00000
    -84.345         0.00000
    -84.195         0.00000
    -84.045         0.00000
    -83.895         0.00000
    -83.745         0.00000
    -83.595         0.00000
    -83.445         0.00000
    -83.295         0.00000
    -83.145         0.00000
    -82.995         0.00000
    -82.845         0.00000
    -82.695         0.00000
    -82.545         0.00000
    -82.395         0.00000
    -82.245         0.00000
    -82.095         0.00000
    -81.945         0.00000
    -81.795         0.00000
    -81.645         0.00000
    -81.495         0.00000
    -81.345         0.00000
    -81.195         0.00000
    -81.045         0.00000
    -80.895         0.00000
    -80.745         0.00000
    -80.595         0.00000
    -80.445         0.00000
    -80.295         0.00000
    -80.145         0.00000
    -79.995         0.00000
    -79.845         0.00000
    -79.695         0.00000
    -79.545         0.00000
    -79.395         0.00000
    -79.245         0.00000
    -79.095         0.00000
    -78.945         0.00000
    -78.795         0.00000
    -78.645         0.00000
    -78.495         0.00000
    -78.345         0.00000
    -78.195         0.00000
    -78.045         0.00000
    -77.895         0.00000
    -77.745         0.00000
    -77.595         0.00000
    -77.445         0.00000
    -77.295         0.00000
    -77.145         0.00000
    -76.995         0.00000
    -76.845         0.00000
    -76.695         0.00000
    -76.545         0.00000
    -76.395         0.00000
    -76.245         0.00000
    -76.095         0.00000
    -75.945         0.00000
    -75.795         0.00000
    -75.645         0.00000
    -75.495         0.00000
    -75.345         0.00000
    -75.195         0.00000
    -75.045         0.00000
    -74.895         0.00000
    -74.745         0.00000
    -74.595         0.00000
    -74.445         0.00000
    -74.295         0.00000
    -74.145         0.00000
    -73.995         0.00000
    -73.845         0.00000
    -73.695         0.00000
    -73.545         0.00000
    -73.395         0.00000
    -73.245         0.00000
    -73.095         0.00000
    -72.945         0.00000
    -72.795         0.00000
    -72.645         0.00000
    -72.495         0.00000
    -72.345         0.00000
    -72.195         0.00000
    -72.045         0.00000
    -71.895         0.00000
    -71.745         0.00000
    -71.595         0.00000
    -71.445         0.00000
    -71.295         0.00000
    -71.145         0.00000
    -70.995         0.00000
    -70.845         0.00000
    -70.695         0.00000
    -70.545         0.00000
    -70.395         0.00000
    -70.245         0.00000
    -70.095         0.00000
    -69.945         0.00000
    -69.795         0.00000
    -69.645         0.00000
    -69.495         0.00000
    -69.345         0.00000
    -69.195         0.00000
    -69.045         0.00000
    -68.895         0.00000
    -68.745         0.00000
    -68.595         0.00000
    -68.445         0.00000
    -68.295         0.00000
    -68.145         0.00000
    -67.995         0.00000
    -67.845         0.00000
    -67.695         0.00000
    -67.545         0.00000
    -67.395         0.00000
    -67.245         0.00000
    -67.095         0.00000
    -66.945         0.00000
    -66.795         0.00000
    -66.645         0.00000
    -66.495         0.00000
    -66.345         0.00000
    -66.195         0.00000
    -66.045         0.00000
    -65.895         0.00000
    -65.745         0.00000
    -65.595         0.00000
    -65.445         0.00000
    -65.295         0.00000
    -65.145         0.00000
    -64.995         0.00000
    -64.845         0.00000
    -64.695         0.00000
    -64.545         0.00000
    -64.395         0.00000
    -64.245         0.00000
    -64.095         0.00000
    -63.945         0.00000
    -63.795         0.00000
    -63.645         0.00000
    -63.495         0.00000
    -63.345         0.00000
    -63.195         0.00000
    -63.045         0.00000
    -62.895         0.00000
    -62.745         0.00000
    -62.595         0.00000
    -62.445         0.00000
    -62.295         0.00000
    -62.145         0.00000
    -61.995         0.00000
    -61.845         0.00000
    -61.695         0.00000
    -61.545         0.00000
    -61.395         0.00000
    -61.245         0.00000
    -61.095         0.00000
    -60.945         0.00000
    -60.795         0.00000
    -60.645         0.00000
    -60.495         0.00000
    -60.345         0.00000
    -60.195         0.00000
    -60.045         0.00000
    -59.895         0.00000
    -59.745         0.00000
    -59.595         0.00000
    -59.445         0.00000
    -59.295         0.00000
    -59.145         0.00000
    -58.995         0.00000
    -58.845         0.00000
    -58.695         0.00000
    -58.545         0.00000
    -58.395         0.00000
    -58.245         0.00000
    -58.095         0.00000
    -57.945         0.00000
    -57.795         0.00000
    -57.645         0.00000
    -57.495         0.00000
    -57.345         0.00000
    -57.195         0.00000
    -57.045         0.00000
    -56.895         0.00000
    -56.745         0.00000
    -56.595         0.00000
    -56.445         0.00000
    -56.295         0.00000
    -56.145         0.00000
    -55.995         0.00000
    -55.845         0.00000
    -55.695         0.00000
    -55.545         0.00000
    -55.395         0.00000
    -55.245         0.00000
    -55.095         0.00000
    -54.945         0.00000
    -54.795         0.00000
    -54.645         0.00000
    -54.495         0.00000
    -54.345         0.00000
    -54.195         0.00000
    -54.045         0.00000
    -53.895         0.00000
    -53.745         0.00000
    -53.595         0.00000
    -53.445         0.00000
    -53.295         0.00000
    -53.145         0.00000
    -52.995         0.00000
    -52.845         0.00000
    -52.695         0.00000
    -52.545         0.00000
    -52.395         0.00000
    -52.245         0.00000
    -52.095         0.00000
    -51.945         0.00000
    -51.795         0.00000
    -51.645         0.00000
    -51.495         0.00000
    -51.345         0.00000
    -51.195         0.00000
    -51.045         0.00000
    -50.895         0.00000
    -50.745         0.00000
    -50.595         0.00000
    -50.445         0.00000
    -50.295         0.00000
    -50.145         0.00000
    -49.995         0.00000
    -49.845         0.00000
    -49.695         0.00000
    -49.545         0.00000
    -49.395         0.00000
    -49.245         0.00000
    -49.095         0.00000
    -48.945         0.00000
    -48.795         0.00000
    -48.645         0.00000
    -48.495         0.00000
    -48.345         0.00000
    -48.195         0.00000
    -48.045         0.00000
    -47.895         0.00000
    -47.745         0.00000
    -47.595         0.00000
    -47.445         0.00000
    -47.295         0.00000
    -47.145         0.00000
    -46.995         0.00000
    -46.845         0.00000
    -46.695         0.00000
    -46.545         0.00000
    -46.395         0.00000
    -46.245         0.00000
    -46.095         0.00000
    -45.945         0.00000
    -45.795         0.00000
    -45.645         0.00000
    -45.495         0.00000
    -45.345         0.00000
    -45.195         0.00000
    -45.045         0.00000
    -44.895         0.00000
    -44.745         0.00000
    -44.595         0.00000
    -44.445         0.00000
    -44.295         0.00000
    -44.145         0.00000
    -43.995         0.00000
    -43.845         0.00000
    -43.695         0.00000
    -43.545         0.00000
    -43.395         0.00000
    -43.245         0.00000
    -43.095         0.00000
    -42.945         0.00000
    -42.795         0.00000
    -42.645         0.00000
    -42.495         0.00000
    -42.345         0.00000
    -42.195         0.00000
    -42.045         0.00000
    -41.895         0.00000
    -41.745         0.00000
    -41.595         0.00000
    -41.445         0.00000
    -41.295         0.00000
    -41.145         0.00000
    -40.995         0.00000
    -40.845         0.00000
    -40.695         0.00000
    -40.545         0.00000
    -40.395         0.00000
    -40.245         0.00000
    -40.095         0.00000
    -39.945         0.00000
    -39.795         0.00000
    -39.645         0.00000
    -39.495         0.00000
    -39.345         0.00000
    -39.195         0.00000
    -39.045         0.00000
    -38.895         0.00000
    -38.745         0.00000
    -38.595         0.00000
    -38.445         0.00000
    -38.295         0.00000
    -38.145         0.00000
    -37.995         0.00000
    -37.845         0.00000
    -37.695         0.00000
    -37.545         0.00000
    -37.395         0.00000
    -37.245         0.00000
    -37.095         0.00000
    -36.945         0.00000
    -36.795         0.00000
    -36.645         0.00000
    -36.495         0.00000
    -36.345         0.00000
    -36.195         0.00000
    -36.045         0.00000
    -35.895         0.00000
    -35.745         0.00000
    -35.595         0.00000
    -35.445         0.00000
    -35.295         0.00000
    -35.145         0.00000
    -34.995         0.00000
    -34.845         0.00000
    -34.695         0.00000
    -34.545         0.00000
    -34.395         0.00000
    -34.245         0.00000
    -34.095         0.00000
    -33.945         0.00000
    -33.795         0.00000
    -33.645         0.00000
    -33.495         0.00000
    -33.345         0.00000
    -33.195         0.00000
    -33.045         0.00000
    -32.895         0.00000
    -32.745         0.00000
    -32.595         0.00000
    -32.445         0.00000
    -32.295         0.00000
    -32.145         0.00000
    -31.995         0.00000
    -31.845         0.00000
    -31.695         0.00000
    -31.545         0.00000
    -31.395         0.00000
    -31.245         0.00000
    -31.095         0.00000
    -30.945         0.00000
    -30.795         0.00000
    -30.645         0.00000
    -30.495         0.00000
    -30.345         0.00000
    -30.195         0.00000
    -30.045         0.00000
    -29.895         0.00000
    -29.745         0.00000
    -29.595         0.00000
    -29.445         0.00000
    -29.295         0.00000
    -29.145         0.00000
    -28.995         0.00000
    -28.845         0.00000
    -28.695         0.00000
    -28.545         0.00000
    -28.395         0.00000
    -28.245         0.00000
    -28.095         0.00000
    -27.945         0.00000
    -27.795         0.00000
    -27.645         0.00000
    -27.495         0.00000
    -27.345         0.00000
    -27.195         0.00000
    -27.045         0.00000
    -26.895         0.00000
    -26.745         0.00000
    -26.595         0.00000
    -26.445         0.00000
    -26.295         0.00000
    -26.145         0.00000
    -25.995         0.00000
    -25.845         0.00000
    -25.695         0.00000
    -25.545         0.00000
    -25.395         0.00000
    -25.245         0.00000
    -25.095         0.00000
    -24.945         0.00000
    -24.795         0.00000
    -24.645         0.00000
    -24.495         0.00000
    -24.345         0.00000
    -24.195         0.00000
    -24.045         0.00000
    -23.895         0.00000
    -23.745         0.00000
    -23.595         0.00000
    -23.445         0.00000
    -23.295         0.00000
    -23.145         0.00000
    -22.995         0.00000
    -22.845         0.00000
    -22.695         0.00000
    -22.545         0.00000
    -22.395         0.00000
    -22.245         0.00000
    -22.095         0.00000
    -21.945         0.00000
    -21.795         0.00000
    -21.645         0.00000
    -21.495         0.00000
    -21.345         0.00000
    -21.195         0.00000
    -21.045         0.00000
    -20.895         0.00000
    -20.745         0.00000
    -20.595         0.00000
    -20.445         0.00000
    -20.295         0.00000
    -20.145         0.00000
    -19.995         0.00000
    -19.845         0.00000
    -19.695         0.00000
    -19.545         0.00000
    -19.395         0.00000
    -19.245         0.00000
    -19.095         0.00000
    -18.945         0.00000
    -18.795         0.00000
    -18.645         0.00000
    -18.495         0.00000
    -18.345         0.00000
    -18.195         0.00000
    -18.045         0.00000
    -17.895         0.00000
    -17.745         0.00000
    -17.595        -0.00134
    -17.445        -0.00534
    -17.295        -0.03450
    -17.145        -0.09633
    -16.995        -0.20632
    -16.845        -0.38041
    -16.695        -0.59799
    -16.545        -0.85793
    -16.395        -1.11570
    -16.245        -1.43598
    -16.095        -1.79409
    -15.945        -2.11456
    -15.795        -2.47529
    -15.645        -2.82403
    -15.495        -3.22839
    -15.345        -3.60601
    -15.195        -3.98421
    -15.045        -4.34411
    -14.895        -4.69224
    -14.745        -5.06099
    -14.595        -5.44178
    -14.445        -5.75372
    -14.295        -6.08647
    -14.145        -6.41611
    -13.995        -6.80955
    -13.845        -7.28826
    -13.695        -7.86943
    -13.545        -8.56932
    -13.395        -9.34311
    -13.245       -10.26300
    -13.095       -11.20681
    -12.945       -12.28852
    -12.795       -13.35548
    -12.645       -14.39372
    -12.495       -15.46910
    -12.345       -16.46029
    -12.195       -17.43603
    -12.045       -18.38637
    -11.895       -19.35765
    -11.745       -20.23082
    -11.595       -21.07989
    -11.445       -21.93640
    -11.295       -22.75048
    -11.145       -23.54153
    -10.995       -24.34234
    -10.845       -25.15608
    -10.695       -25.97464
    -10.545       -26.81747
    -10.395       -27.67104
    -10.245       -28.57019
    -10.095       -29.49563
    -9.9450       -30.43459
    -9.7950       -31.43236
    -9.6450       -32.40810
    -9.4950       -33.45558
    -9.3450       -34.50243
    -9.1950       -35.65379
    -9.0450       -36.83125
    -8.8950       -38.06762
    -8.7450       -39.35223
    -8.5950       -40.73817
    -8.4450       -42.21080
    -8.2950       -43.75216
    -8.1450       -45.30281
    -7.9950       -47.04202
    -7.8450       -48.84893
    -7.6950       -50.69936
    -7.5450       -52.60027
    -7.3950       -54.52856
    -7.2450       -56.50266
    -7.0950       -58.61392
    -6.9450       -60.79266
    -6.7950       -62.94163
    -6.6450       -65.18762
    -6.4950       -67.50401
    -6.3450       -69.97890
    -6.1950       -72.45663
    -6.0450       -74.94741
    -5.8950       -77.49343
    -5.7450       -80.14886
    -5.5950       -82.81651
    -5.4450       -85.55571
    -5.2950       -88.20478
    -5.1450       -90.93192
    -4.9950       -93.66678
    -4.8450       -96.39006
    -4.6950       -99.11463
    -4.5450      -101.92203
    -4.3950      -104.77761
    -4.2450      -107.73106
    -4.0950      -110.66496
    -3.9450      -113.69821
    -3.7950      -116.73186
    -3.6450      -119.88438
    -3.4950      -123.14174
    -3.3450      -126.55264
    -3.1950      -130.04061
    -3.0450      -133.66123
    -2.8950      -137.47059
    -2.7450      -141.50415
    -2.5950      -145.70962
    -2.4450      -150.17594
    -2.2950      -154.98032
    -2.1450      -160.25360
    -1.9950      -166.15028
    -1.8450      -172.78317
    -1.6950      -180.21022
    -1.5450      -188.61102
    -1.3950      -197.89484
    -1.2450      -208.05498
    -1.0950      -218.91903
   -0.94500      -230.40510
   -0.79500      -242.25379
   -0.64500      -254.68570
   -0.49500      -267.87786
   -0.34500      -283.07869
   -0.22700      -288.87959
   -0.21300      -289.60611
   -0.20700      -290.33936
   -0.20100      -291.08723
   -0.19500      -291.84572
   -0.18900      -292.61358
   -0.18300      -293.39405
   -0.17700      -294.18511
   -0.17100      -294.98744
   -0.16500      -295.80628
   -0.15900      -296.64101
   -0.15300      -297.49049
   -0.14700      -298.35459
   -0.14100      -299.23404
   -0.13500      -300.13361
   -0.12900      -301.05573
   -0.12300      -301.99975
   -0.11700      -302.97262
   -0.11100      -303.97369
   -0.10500      -305.00741
   -0.99000E-01  -306.07071
   -0.93000E-01  -307.17305
   -0.87000E-01  -308.32176
   -0.81000E-01  -309.52442
   -0.75000E-01  -310.78512
   -0.69000E-01  -312.11329
   -0.63000E-01  -313.52169
   -0.57000E-01  -315.02832
   -0.51000E-01  -316.65227
   -0.45000E-01  -318.42541
   -0.39000E-01  -320.40193
   -0.33000E-01  -322.64371
   -0.27000E-01  -325.25700
   -0.21300E-01  -327.34745
   -0.19500E-01  -327.68118
   -0.18900E-01  -328.02410
   -0.18300E-01  -328.37563
   -0.17700E-01  -328.73631
   -0.17100E-01  -329.10804
   -0.16500E-01  -329.48913
   -0.15900E-01  -329.88041
   -0.15300E-01  -330.28395
   -0.14700E-01  -330.69961
   -0.14100E-01  -331.12941
   -0.13500E-01  -331.57185
   -0.12900E-01  -332.03184
   -0.12300E-01  -332.50786
   -0.11700E-01  -333.00265
   -0.11100E-01  -333.51852
   -0.10500E-01  -334.05675
   -0.99000E-02  -334.62094
   -0.93000E-02  -335.21333
   -0.87000E-02  -335.83801
   -0.81000E-02  -336.50046
   -0.75000E-02  -337.20184
   -0.69000E-02  -337.94288
   -0.63000E-02  -338.72285
   -0.57000E-02  -339.54239
   -0.51000E-02  -340.39992
   -0.45000E-02  -341.29026
   -0.39000E-02  -342.20436
   -0.33000E-02  -343.12429
   -0.27000E-02  -344.01861
   -0.21000E-02  -344.82850
   -0.15000E-02  -345.48649
   -0.90000E-03  -345.94604
   -0.30000E-03  -346.14914
    0.30000E-03  -346.05181
    0.90000E-03  -345.65799
    0.15000E-02  -345.01123
    0.21000E-02  -344.20242
    0.27000E-02  -343.30909
    0.33000E-02  -342.38988
    0.39000E-02  -341.47702
    0.45000E-02  -340.58966
    0.51000E-02  -339.73505
    0.57000E-02  -338.91762
    0.63000E-02  -338.14027
    0.69000E-02  -337.40246
    0.75000E-02  -336.70372
    0.81000E-02  -336.04340
    0.87000E-02  -335.42010
    0.93000E-02  -334.83051
    0.99000E-02  -334.26932
    0.10500E-01  -333.73360
    0.11100E-01  -333.22062
    0.11700E-01  -332.72858
    0.12300E-01  -332.25459
    0.12900E-01  -331.79847
    0.13500E-01  -331.35825
    0.14100E-01  -330.93170
    0.14700E-01  -330.51935
    0.15300E-01  -330.11896
    0.15900E-01  -329.72979
    0.16500E-01  -329.35256
    0.17100E-01  -328.98473
    0.17700E-01  -328.62746
    0.18300E-01  -328.27979
    0.18900E-01  -327.94088
    0.19500E-01  -327.61042
    0.21300E-01  -325.54333
    0.27000E-01  -322.97006
    0.33000E-01  -320.78019
    0.39000E-01  -318.87107
    0.45000E-01  -317.17970
    0.51000E-01  -315.65902
    0.57000E-01  -314.27732
    0.63000E-01  -313.01204
    0.69000E-01  -311.84699
    0.75000E-01  -310.76928
    0.81000E-01  -309.76483
    0.87000E-01  -308.82176
    0.93000E-01  -307.93326
    0.99000E-01  -307.09358
    0.10500      -306.29596
    0.11100      -305.53171
    0.11700      -304.80084
    0.12300      -304.10233
    0.12900      -303.43366
    0.13500      -302.79051
    0.14100      -302.17048
    0.14700      -301.56872
    0.15300      -300.98822
    0.15900      -300.42625
    0.16500      -299.87998
    0.17100      -299.35269
    0.17700      -298.84008
    0.18300      -298.34020
    0.18900      -297.85546
    0.19500      -297.38293
    0.20100      -296.92382
    0.20700      -296.47766
    0.21300      -296.04068
    0.22700      -292.75770
    0.34500      -285.49059
    0.49500      -280.50552
    0.64500      -276.68004
    0.79500      -273.54537
    0.94500      -270.84588
     1.0950      -268.46444
     1.2450      -266.29609
     1.3950      -264.30980
     1.5450      -262.48562
     1.6950      -260.77807
     1.8450      -259.16619
     1.9950      -257.71506
     2.1450      -256.35753
     2.2950      -255.09524
     2.4450      -253.95455
     2.5950      -252.89306
     2.7450      -251.94175
     2.8950      -251.02323
     3.0450      -250.21228
     3.1950      -249.45914
     3.3450      -248.73909
     3.4950      -248.10294
     3.6450      -247.51478
     3.7950      -246.94970
     3.9450      -246.42536
     4.0950      -245.91633
     4.2450      -245.43520
     4.3950      -244.97970
     4.5450      -244.53803
     4.6950      -244.11023
     4.8450      -243.69391
     4.9950      -243.29486
     5.1450      -242.91154
     5.2950      -242.54004
     5.4450      -242.17887
     5.5950      -241.83702
     5.7450      -241.48968
     5.8950      -241.15179
     6.0450      -240.82660
     6.1950      -240.50384
     6.3450      -240.19658
     6.4950      -239.88846
     6.6450      -239.58972
     6.7950      -239.29761
     6.9450      -239.01450
     7.0950      -238.74096
     7.2450      -238.47173
     7.3950      -238.20587
     7.5450      -237.94606
     7.6950      -237.68770
     7.8450      -237.44171
     7.9950      -237.19314
     8.1450      -236.94669
     8.2950      -236.70703
     8.4450      -236.46891
     8.5950      -236.23647
     8.7450      -236.00491
     8.8950      -235.78226
     9.0450      -235.55610
     9.1950      -235.33705
     9.3450      -235.12383
     9.4950      -234.91345
     9.6450      -234.71294
     9.7950      -234.50114
     9.9450      -234.29911
     10.095      -234.09568
     10.245      -233.89772
     10.395      -233.71121
     10.545      -233.52190
     10.695      -233.33652
     10.845      -233.15342
     10.995      -232.96894
     11.145      -232.78581
     11.295      -232.60666
     11.445      -232.42915
     11.595      -232.24709
     11.745      -232.07122
     11.895      -231.89625
     12.045      -231.72411
     12.195      -231.55280
     12.345      -231.38841
     12.495      -231.23021
     12.645      -231.07609
     12.795      -230.91184
     12.945      -230.75538
     13.095      -230.59839
     13.245      -230.44445
     13.395      -230.28865
     13.545      -230.13487
     13.695      -229.98595
     13.845      -229.83489
     13.995      -229.68973
     14.145      -229.54285
     14.295      -229.39711
     14.445      -229.25402
     14.595      -229.10641
     14.745      -228.96668
     14.895      -228.83167
     15.045      -228.69362
     15.195      -228.56225
     15.345      -228.43190
     15.495      -228.30204
     15.645      -228.17302
     15.795      -228.04579
     15.945      -227.92058
     16.095      -227.79600
     16.245      -227.67299
     16.395      -227.54906
     16.545      -227.42610
     16.695      -227.30153
     16.845      -227.17522
     16.995      -227.05725
     17.145      -226.93483
     17.295      -226.81720
     17.445      -226.70334
     17.595      -226.58861
     17.745      -226.47498
     17.895      -226.36591
     18.045      -226.25022
     18.195      -226.13544
     18.345      -226.02414
     18.495      -225.91256
     18.645      -225.79802
     18.795      -225.69020
     18.945      -225.57611
     19.095      -225.46951
     19.245      -225.36128
     19.395      -225.25321
     19.545      -225.14824
     19.695      -225.03965
     19.845      -224.94081
     19.995      -224.83839
     20.145      -224.73794
     20.295      -224.63545
     20.445      -224.53380
     20.595      -224.43041
     20.745      -224.33162
     20.895      -224.23288
     21.045      -224.13898
     21.195      -224.03987
     21.345      -223.94085
     21.495      -223.84523
     21.645      -223.74590
     21.795      -223.65071
     21.945      -223.55618
     22.095      -223.46528
     22.245      -223.36951
     22.395      -223.28452
     22.545      -223.19213
     22.695      -223.10518
     22.845      -223.01441
     22.995      -222.92504
     23.145      -222.83569
     23.295      -222.74473
     23.445      -222.65506
     23.595      -222.56651
     23.745      -222.47413
     23.895      -222.38692
     24.045      -222.29880
     24.195      -222.21478
     24.345      -222.13304
     24.495      -222.04874
     24.645      -221.96343
     24.795      -221.87889
     24.945      -221.79318
     25.095      -221.71325
     25.245      -221.62743
     25.395      -221.54724
     25.545      -221.46567
     25.695      -221.38696
     25.845      -221.31184
     25.995      -221.22755
     26.145      -221.14636
     26.295      -221.06746
     26.445      -220.98950
     26.595      -220.91028
     26.745      -220.83103
     26.895      -220.75568
     27.045      -220.67644
     27.195      -220.60133
     27.345      -220.52680
     27.495      -220.44739
     27.645      -220.36980
     27.795      -220.29375
     27.945      -220.22092
     28.095      -220.14442
     28.245      -220.07202
     28.395      -219.99912
     28.545      -219.92560
     28.695      -219.85235
     28.845      -219.77488
     28.995      -219.70503
     29.145      -219.63750
     29.295      -219.56571
     29.445      -219.49424
     29.595      -219.42230
     29.745      -219.35433
     29.895      -219.28383
     30.045      -219.21609
     30.195      -219.14431
     30.345      -219.07604
     30.495      -219.00513
     30.645      -218.93639
     30.795      -218.86965
     30.945      -218.80346
     31.095      -218.73540
     31.245      -218.66846
     31.395      -218.60322
     31.545      -218.53176
     31.695      -218.46572
     31.845      -218.40202
     31.995      -218.33592
     32.145      -218.26798
     32.295      -218.20302
     32.445      -218.13785
     32.595      -218.07914
     32.745      -218.01442
     32.895      -217.95163
     33.045      -217.88886
     33.195      -217.82867
     33.345      -217.76340
     33.495      -217.70082
     33.645      -217.63906
     33.795      -217.57822
     33.945      -217.51745
     34.095      -217.45485
     34.245      -217.39260
     34.395      -217.33074
     34.545      -217.26993
     34.695      -217.20914
     34.845      -217.14975
     34.995      -217.09308
     35.145      -217.03460
     35.295      -216.97720
     35.445      -216.91830
     35.595      -216.85714
     35.745      -216.79677
     35.895      -216.73918
     36.045      -216.67959
     36.195      -216.62156
     36.345      -216.56364
     36.495      -216.50733
     36.645      -216.44989
     36.795      -216.39461
     36.945      -216.34126
     37.095      -216.28512
     37.245      -216.23048
     37.395      -216.17599
     37.545      -216.11823
     37.695      -216.06474
     37.845      -216.00875
     37.995      -215.95110
     38.145      -215.89567
     38.295      -215.84038
     38.445      -215.78563
     38.595      -215.72935
     38.745      -215.67511
     38.895      -215.61749
     39.045      -215.56613
     39.195      -215.51175
     39.345      -215.45866
     39.495      -215.40710
     39.645      -215.35557
     39.795      -215.30224
     39.945      -215.24907
     40.095      -215.19854
     40.245      -215.14799
     40.395      -215.09846
     40.545      -215.04709
     40.695      -214.99432
     40.845      -214.94384
     40.995      -214.89215
     41.145      -214.84243
     41.295      -214.79168
     41.445      -214.74103
     41.595      -214.68916
     41.745      -214.63871
     41.895      -214.58979
     42.045      -214.53907
     42.195      -214.48896
     42.345      -214.44050
     42.495      -214.39016
     42.645      -214.34010
     42.795      -214.28979
     42.945      -214.24123
     43.095      -214.19199
     43.245      -214.14197
     43.395      -214.09399
     43.545      -214.04741
     43.695      -213.99929
     43.845      -213.94966
     43.995      -213.90361
     44.145      -213.85787
     44.295      -213.81025
     44.445      -213.76334
     44.595      -213.71665
     44.745      -213.67003
     44.895      -213.62269
     45.045      -213.57829
     45.195      -213.53086
     45.345      -213.48473
     45.495      -213.44053
     45.645      -213.39437
     45.795      -213.34958
     45.945      -213.30663
     46.095      -213.26070
     46.245      -213.21491
     46.395      -213.17155
     46.545      -213.12607
     46.695      -213.08214
     46.845      -213.03776
     46.995      -212.99316
     47.145      -212.94943
     47.295      -212.90498
     47.445      -212.86267
     47.595      -212.81788
     47.745      -212.77216
     47.895      -212.72842
     48.045      -212.68343
     48.195      -212.63991
     48.345      -212.59806
     48.495      -212.55436
     48.645      -212.51086
     48.795      -212.46522
     48.945      -212.42377
     49.095      -212.38264
     49.245      -212.33895
     49.395      -212.29759
     49.545      -212.25514
     49.695      -212.21249
     49.845      -212.17020
     49.995      -212.12882
     50.145      -212.08882
     50.295      -212.04625
     50.445      -212.00325
     50.595      -211.96284
     50.745      -211.92190
     50.895      -211.88123
     51.045      -211.83991
     51.195      -211.79954
     51.345      -211.75882
     51.495      -211.71707
     51.645      -211.67716
     51.795      -211.63865
     51.945      -211.59855
     52.095      -211.56054
     52.245      -211.52139
     52.395      -211.48259
     52.545      -211.44367
     52.695      -211.40577
     52.845      -211.36534
     52.995      -211.32599
     53.145      -211.28871
     53.295      -211.24904
     53.445      -211.20966
     53.595      -211.17131
     53.745      -211.13254
     53.895      -211.09445
     54.045      -211.05648
     54.195      -211.01821
     54.345      -210.98119
     54.495      -210.94341
     54.645      -210.90565
     54.795      -210.86841
     54.945      -210.83051
     55.095      -210.79289
     59.433      -207.79209
     80.646      -203.31930
     111.21      -198.89273
     153.36      -194.47975
     211.49      -190.13366
     291.64      -185.83474
     402.18      -181.60298
     554.60      -177.44205
     764.80      -173.35286
     1054.7      -169.33275
     1454.4      -165.37597
     2005.6      -161.49401
     2765.8      -157.67043
     3814.0      -153.94802
     5259.5      -150.32021
     7252.9      -146.77427
     10002.      -143.32414
     13793.      -139.96164
     19020.      -136.68539
     26229.      -133.51065
     36170.      -130.44946
     49878.      -127.50283
     68782.      -124.67827
     94851.      -121.96977
    0.13080E+06  -119.37680
    0.18038E+06  -116.90550
    0.24874E+06  -114.53971
    0.34301E+06  -112.28710
    0.47302E+06  -110.13917
    0.65229E+06  -108.07964
    0.89952E+06  -106.12520
    0.12404E+07  -104.26065
    0.17106E+07  -102.47858
    0.23589E+07  -100.77731
    0.32529E+07   -99.15500
    0.44858E+07   -97.61184
    0.61860E+07   -96.14927
    0.85305E+07   -94.74768
    0.11764E+08   -93.41667
    0.16222E+08   -92.14883
    0.22370E+08   -90.94140
    0.30849E+08   -89.79356
    0.42541E+08   -88.70667
    0.58664E+08   -87.68860
    0.80898E+08   -86.74049
    0.11156E+09   -85.86021
    0.15384E+09   -85.04080
    0.21215E+09   -84.27235
    0.29255E+09   -83.55155
    0.40343E+09   -82.87674
    0.55633E+09   -82.24881
    0.76719E+09   -81.68038
    0.10580E+10   -81.16185
    0.14589E+10   -80.68518
    0.20119E+10   -80.24380
    0.27744E+10   -79.83911
    0.38259E+10   -79.46236
    0.52760E+10   -79.11713
    0.72756E+10   -78.79859
    0.10033E+11   -78.50370
    0.13836E+11   -78.22978
    0.19079E+11   -77.97773
    0.26311E+11   -77.74750
    0.36283E+11   -77.53358
    0.50034E+11   -77.33730
    0.68997E+11   -77.15499
    0.10000E+12   -74.97217
