      1   C   -0.10000    1 0	4.770	51.790	3.970
      2   O   -0.34000    2 0	5.890	51.440	4.760
      3   C   -0.01000    3 0	6.220	52.380	5.820
      4   H    0.09000    4 0	4.810	52.880	3.770
      5   H    0.09000    4 0	3.820	51.620	4.520
      6   H    0.09000    4 0	4.840	51.240	3.010
      7   H    0.09000    5 0	6.310	53.430	5.450
      8   H    0.09000    5 0	5.420	52.430	6.590
      9   C   -0.01000    3 0	7.520	52.040	6.460
     10   O   -0.34000    2 0	7.480	50.830	7.200
     11   C   -0.01000    3 0	8.640	50.280	7.780
     12   H    0.09000    5 0	8.220	51.990	5.600
     13   H    0.09000    5 0	7.920	52.850	7.110
     14   H    0.09000    5 0	9.430	49.990	7.070
     15   H    0.09000    5 0	9.210	50.930	8.490
     16   C   -0.01000    3 0	8.340	49.060	8.660
     17   O   -0.34000    2 0	7.320	49.400	9.640
     18   C   -0.01000    3 0	6.950	48.450	10.530
     19   H    0.09000    5 0	7.820	48.300	8.040
     20   H    0.09000    5 0	9.320	48.680	9.030
     21   H    0.09000    5 0	6.860	47.460	10.030
     22   H    0.09000    5 0	7.700	48.410	11.350
     23   C   -0.01000    3 0	5.580	48.720	11.160
     24   O   -0.34000    2 0	5.660	49.650	12.270
     25   C   -0.01000    3 0	5.830	50.970	11.860
     26   H    0.09000    5 0	4.900	48.940	10.310
     27   H    0.09000    5 0	5.170	47.830	11.670
     28   H    0.09000    5 0	6.700	51.180	11.200
     29   H    0.09000    5 0	4.950	51.340	11.290
     30   C   -0.01000    3 0	6.030	51.880	13.080
     31   O   -0.34000    2 0	4.950	51.510	13.890
     32   C   -0.01000    3 0	5.190	52.000	15.250
     33   H    0.09000    5 0	7.000	51.560	13.510
     34   H    0.09000    5 0	5.900	52.950	12.840
     35   H    0.09000    5 0	6.040	51.480	15.740
     36   H    0.09000    5 0	5.410	53.080	15.350
     37   C   -0.01000    3 0	4.000	51.640	16.120
     38   O   -0.34000    2 0	4.060	50.230	16.360
     39   C   -0.01000    3 0	3.190	49.660	17.290
     40   H    0.09000    5 0	3.990	52.260	17.050
     41   H    0.09000    5 0	3.120	51.960	15.520
     42   H    0.09000    5 0	3.480	50.050	18.290
     43   H    0.09000    5 0	2.100	49.770	17.070
     44   C   -0.01000    3 0	3.430	48.140	17.320
     45   O   -0.34000    2 0	4.700	47.710	17.730
     46   C   -0.01000    3 0	4.860	46.310	17.750
     47   H    0.09000    5 0	2.830	47.670	18.130
     48   H    0.09000    5 0	3.150	47.770	16.310
     49   H    0.09000    5 0	4.410	45.920	18.690
     50   H    0.09000    5 0	4.340	45.800	16.920
     51   C   -0.01000    3 0	6.380	46.030	17.720
     52   O   -0.34000    2 0	6.950	46.600	18.910
     53   C   -0.10000    1 0	8.190	47.310	18.790
     54   H    0.09000    5 0	6.480	44.920	17.710
     55   H    0.09000    5 0	6.900	46.510	16.860
     56   H    0.09000    4 0	8.820	46.690	18.130
     57   H    0.09000    4 0	8.020	48.310	18.340
     58   H    0.09000    4 0	8.540	47.530	19.820
			
			
			
			
			
			
			
			
			
			
			
			
			
			
			
			
			
			
			
			
			
			
			
			
			
			
			
			
			
			
			
			
			
			
			
			
			
			
			
			
			
			
			
			
			
			
			
			
			
			
			
			
			
			
			
			
			
			
			
			
			
