    -29.945         0.00000
    -29.795         0.00000
    -29.645         0.00000
    -29.495         0.00000
    -29.345         0.00000
    -29.195         0.00000
    -29.045         0.00000
    -28.895         0.00000
    -28.745         0.00000
    -28.595         0.00000
    -28.445         0.00000
    -28.295         0.00000
    -28.145         0.00000
    -27.995         0.00000
    -27.845         0.00000
    -27.695         0.00000
    -27.545         0.00000
    -27.395         0.00000
    -27.245         0.00000
    -27.095         0.00000
    -26.945         0.00000
    -26.795         0.00000
    -26.645         0.00000
    -26.495         0.00000
    -26.345         0.00000
    -26.195         0.00000
    -26.045         0.00000
    -25.895         0.00000
    -25.745         0.00000
    -25.595         0.00000
    -25.445         0.00000
    -25.295         0.00000
    -25.145         0.00000
    -24.995         0.00000
    -24.845         0.00000
    -24.695         0.00000
    -24.545         0.00000
    -24.395         0.00000
    -24.245         0.00000
    -24.095         0.00000
    -23.945         0.00000
    -23.795         0.00000
    -23.645         0.00000
    -23.495         0.00000
    -23.345         0.00000
    -23.195         0.00000
    -23.045         0.00000
    -22.895         0.00000
    -22.745         0.00000
    -22.595         0.00000
    -22.445         0.00000
    -22.295         0.00000
    -22.145         0.00000
    -21.995         0.00000
    -21.845         0.00000
    -21.695         0.00000
    -21.545         0.00000
    -21.395         0.00000
    -21.245         0.00000
    -21.095         0.00000
    -20.945         0.00000
    -20.795         0.00000
    -20.645         0.00000
    -20.495         0.00000
    -20.345         0.00000
    -20.195         0.00000
    -20.045         0.00000
    -19.895         0.00000
    -19.745         0.00000
    -19.595         0.00000
    -19.445         0.00000
    -19.295         0.00000
    -19.145         0.00000
    -18.995         0.00000
    -18.845         0.00000
    -18.695         0.00000
    -18.545         0.00000
    -18.395         0.00000
    -18.245         0.00000
    -18.095         0.00000
    -17.945        -0.00002
    -17.795        -0.00159
    -17.645        -0.01426
    -17.495        -0.05357
    -17.345        -0.14367
    -17.195        -0.28847
    -17.045        -0.48900
    -16.895        -0.75501
    -16.745        -1.11044
    -16.595        -1.56444
    -16.445        -2.12552
    -16.295        -2.80011
    -16.145        -3.57117
    -15.995        -4.43239
    -15.845        -5.36267
    -15.695        -6.35462
    -15.545        -7.37288
    -15.395        -8.40554
    -15.245        -9.45198
    -15.095       -10.49904
    -14.945       -11.54927
    -14.795       -12.60058
    -14.645       -13.64629
    -14.495       -14.69310
    -14.345       -15.72899
    -14.195       -16.76308
    -14.045       -17.82227
    -13.895       -18.90479
    -13.745       -20.01370
    -13.595       -21.11872
    -13.445       -22.20553
    -13.295       -23.30174
    -13.145       -24.43885
    -12.995       -25.66193
    -12.845       -26.98801
    -12.695       -28.48466
    -12.545       -30.18469
    -12.395       -32.05855
    -12.245       -34.06098
    -12.095       -36.14970
    -11.945       -38.29673
    -11.795       -40.45391
    -11.645       -42.58998
    -11.495       -44.68893
    -11.345       -46.71492
    -11.195       -48.68758
    -11.045       -50.62790
    -10.895       -52.52442
    -10.745       -54.40369
    -10.595       -56.24244
    -10.445       -58.03763
    -10.295       -59.77739
    -10.145       -61.45966
    -9.9950       -63.06877
    -9.8450       -64.61841
    -9.6950       -66.10828
    -9.5450       -67.54325
    -9.3950       -68.93187
    -9.2450       -70.29106
    -9.0950       -71.62144
    -8.9450       -72.93556
    -8.7950       -74.23767
    -8.6450       -75.53428
    -8.4950       -76.83111
    -8.3450       -78.12813
    -8.1950       -79.42775
    -8.0450       -80.73882
    -7.8950       -82.06074
    -7.7450       -83.40273
    -7.5950       -84.77447
    -7.4450       -86.17490
    -7.2950       -87.60812
    -7.1450       -89.07495
    -6.9950       -90.58731
    -6.8450       -92.14529
    -6.6950       -93.73141
    -6.5450       -95.35948
    -6.3950       -97.02737
    -6.2450       -98.73769
    -6.0950      -100.48216
    -5.9450      -102.26051
    -5.7950      -104.07447
    -5.6450      -105.91382
    -5.4950      -107.78752
    -5.3450      -109.68667
    -5.1950      -111.61415
    -5.0450      -113.58343
    -4.8950      -115.59662
    -4.7450      -117.66739
    -4.5950      -119.79857
    -4.4450      -122.00384
    -4.2950      -124.28157
    -4.1450      -126.63983
    -3.9950      -129.06921
    -3.8450      -131.55585
    -3.6950      -134.08844
    -3.5450      -136.65101
    -3.3950      -139.22578
    -3.2450      -141.81781
    -3.0950      -144.43018
    -2.9450      -147.07865
    -2.7950      -149.78021
    -2.6450      -152.56357
    -2.4950      -155.47464
    -2.3450      -158.56152
    -2.1950      -161.88725
    -2.0450      -165.54096
    -1.8950      -169.65099
    -1.7450      -174.33532
    -1.5950      -179.72297
    -1.4450      -185.96054
    -1.2950      -193.19112
    -1.1450      -201.41813
   -0.99500      -210.42475
   -0.84500      -219.98376
   -0.69500      -229.95055
   -0.54500      -240.41093
   -0.39500      -251.98674
   -0.25300      -260.73865
   -0.21500      -261.33614
   -0.20900      -261.94217
   -0.20300      -262.55792
   -0.19700      -263.18269
   -0.19100      -263.81873
   -0.18500      -264.46549
   -0.17900      -265.12410
   -0.17300      -265.79435
   -0.16700      -266.47709
   -0.16100      -267.17493
   -0.15500      -267.88780
   -0.14900      -268.61626
   -0.14300      -269.36286
   -0.13700      -270.12770
   -0.13100      -270.91344
   -0.12500      -271.72217
   -0.11900      -272.55761
   -0.11300      -273.42128
   -0.10700      -274.31661
   -0.10100      -275.24677
   -0.95000E-01  -276.21627
   -0.89000E-01  -277.23103
   -0.83000E-01  -278.29671
   -0.77000E-01  -279.42018
   -0.71000E-01  -280.61166
   -0.65000E-01  -281.88260
   -0.59000E-01  -283.24925
   -0.53000E-01  -284.73425
   -0.47000E-01  -286.36604
   -0.41000E-01  -288.18939
   -0.35000E-01  -290.27524
   -0.29000E-01  -292.75677
   -0.23000E-01  -295.84025
   -0.19700E-01  -296.18717
   -0.19100E-01  -296.54327
   -0.18500E-01  -296.90865
   -0.17900E-01  -297.28400
   -0.17300E-01  -297.66958
   -0.16700E-01  -298.06614
   -0.16100E-01  -298.47417
   -0.15500E-01  -298.89461
   -0.14900E-01  -299.32800
   -0.14300E-01  -299.77501
   -0.13700E-01  -300.23681
   -0.13100E-01  -300.71436
   -0.12500E-01  -301.20883
   -0.11900E-01  -301.72185
   -0.11300E-01  -302.25499
   -0.10700E-01  -302.81095
   -0.10100E-01  -303.39168
   -0.95000E-02  -303.99878
   -0.89000E-02  -304.63387
   -0.83000E-02  -305.29931
   -0.77000E-02  -305.99836
   -0.71000E-02  -306.73522
   -0.65000E-02  -307.51409
   -0.59000E-02  -308.33677
   -0.53000E-02  -309.20280
   -0.47000E-02  -310.10895
   -0.41000E-02  -311.04511
   -0.35000E-02  -311.99394
   -0.29000E-02  -312.92805
   -0.23000E-02  -313.80104
   -0.17000E-02  -314.53441
   -0.11000E-02  -315.04313
   -0.50000E-03  -315.28258
    0.10000E-03  -315.23423
    0.70000E-03  -314.90208
    0.13000E-02  -314.31221
    0.19000E-02  -313.52222
    0.25000E-02  -312.62351
    0.31000E-02  -311.68265
    0.37000E-02  -310.74317
    0.43000E-02  -309.82810
    0.49000E-02  -308.95437
    0.55000E-02  -308.12711
    0.61000E-02  -307.34024
    0.67000E-02  -306.59272
    0.73000E-02  -305.88251
    0.79000E-02  -305.20470
    0.85000E-02  -304.55711
    0.91000E-02  -303.93776
    0.97000E-02  -303.34503
    0.10300E-01  -302.77759
    0.10900E-01  -302.23457
    0.11500E-01  -301.71330
    0.12100E-01  -301.21109
    0.12700E-01  -300.72650
    0.13300E-01  -300.25809
    0.13900E-01  -299.80513
    0.14500E-01  -299.36635
    0.15100E-01  -298.94094
    0.15700E-01  -298.52812
    0.16300E-01  -298.12730
    0.16900E-01  -297.73784
    0.17500E-01  -297.35920
    0.18100E-01  -296.99088
    0.18700E-01  -296.63233
    0.19300E-01  -296.28305
    0.20200E-01  -295.00731
    0.25000E-01  -292.19490
    0.31000E-01  -289.91814
    0.37000E-01  -287.99610
    0.43000E-01  -286.32267
    0.49000E-01  -284.83880
    0.55000E-01  -283.50755
    0.61000E-01  -282.30158
    0.67000E-01  -281.20140
    0.73000E-01  -280.19341
    0.79000E-01  -279.26574
    0.85000E-01  -278.40955
    0.91000E-01  -277.61532
    0.97000E-01  -276.87458
    0.10300      -276.18034
    0.10900      -275.52768
    0.11500      -274.91190
    0.12100      -274.32854
    0.12700      -273.77501
    0.13300      -273.24811
    0.13900      -272.74640
    0.14500      -272.26709
    0.15100      -271.80886
    0.15700      -271.37064
    0.16300      -270.95049
    0.16900      -270.54755
    0.17500      -270.16096
    0.18100      -269.78989
    0.18700      -269.43363
    0.19300      -269.09068
    0.19900      -268.76113
    0.20500      -268.44361
    0.21100      -268.13773
    0.21700      -267.84280
    0.29500      -262.40062
    0.44500      -259.16267
    0.59500      -256.71443
    0.74500      -254.65505
    0.89500      -252.84401
     1.0450      -251.21753
     1.1950      -249.74329
     1.3450      -248.39569
     1.4950      -247.15899
     1.6450      -246.02283
     1.7950      -244.98162
     1.9450      -244.01562
     2.0950      -243.12384
     2.2450      -242.29496
     2.3950      -241.52285
     2.5450      -240.80651
     2.6950      -240.13148
     2.8450      -239.49906
     2.9950      -238.90456
     3.1450      -238.33474
     3.2950      -237.79875
     3.4450      -237.28826
     3.5950      -236.80602
     3.7450      -236.34532
     3.8950      -235.89845
     4.0450      -235.47085
     4.1950      -235.05968
     4.3450      -234.66356
     4.4950      -234.27638
     4.6450      -233.90445
     4.7950      -233.54102
     4.9450      -233.18816
     5.0950      -232.84292
     5.2450      -232.50907
     5.3950      -232.18715
     5.5450      -231.87034
     5.6950      -231.56089
     5.8450      -231.25809
     5.9950      -230.96265
     6.1450      -230.67189
     6.2950      -230.38993
     6.4450      -230.11371
     6.5950      -229.84337
     6.7450      -229.57882
     6.8950      -229.31993
     7.0450      -229.06788
     7.1950      -228.81313
     7.3450      -228.57081
     7.4950      -228.33070
     7.6450      -228.09469
     7.7950      -227.86441
     7.9450      -227.63621
     8.0950      -227.41498
     8.2450      -227.19676
     8.3950      -226.98002
     8.5450      -226.76577
     8.6950      -226.55857
     8.8450      -226.35052
     8.9950      -226.14965
     9.1450      -225.94963
     9.2950      -225.75287
     9.4450      -225.56058
     9.5950      -225.37007
     9.7450      -225.18190
     9.8950      -224.99594
     10.045      -224.81099
     10.195      -224.63122
     10.345      -224.44996
     10.495      -224.27804
     10.645      -224.10191
     10.795      -223.93058
     10.945      -223.76160
     11.095      -223.59293
     11.245      -223.42686
     11.395      -223.26330
     11.545      -223.10406
     11.695      -222.94604
     11.845      -222.79034
     11.995      -222.63471
     12.145      -222.48004
     12.295      -222.32937
     12.445      -222.17928
     12.595      -222.03120
     12.745      -221.88411
     12.895      -221.74045
     13.045      -221.59725
     13.195      -221.45700
     13.345      -221.31650
     13.495      -221.17423
     13.645      -221.03349
     13.795      -220.89610
     13.945      -220.76149
     14.095      -220.62977
     14.245      -220.49701
     14.395      -220.36659
     14.545      -220.23630
     14.695      -220.10752
     14.845      -219.98209
     14.995      -219.85747
     15.145      -219.73322
     15.295      -219.60805
     15.445      -219.48341
     15.595      -219.36217
     15.745      -219.24156
     15.895      -219.12296
     16.045      -219.00689
     16.195      -218.88922
     16.345      -218.77357
     16.495      -218.65567
     16.645      -218.54191
     16.795      -218.42833
     16.945      -218.31329
     17.095      -218.20169
     17.245      -218.09034
     17.395      -217.98083
     17.545      -217.86982
     17.695      -217.76267
     17.845      -217.65646
     17.995      -217.55220
     18.145      -217.44617
     18.295      -217.34176
     18.445      -217.23794
     18.595      -217.13645
     18.745      -217.03501
     18.895      -216.93481
     19.045      -216.83347
     19.195      -216.73298
     19.345      -216.63504
     19.495      -216.53644
     19.645      -216.43885
     19.795      -216.34205
     19.945      -216.24607
     20.095      -216.14777
     20.245      -216.05466
     20.395      -215.95990
     20.545      -215.86579
     20.695      -215.77292
     20.845      -215.67936
     20.995      -215.58820
     21.145      -215.49762
     21.295      -215.40782
     21.445      -215.31778
     21.595      -215.22799
     21.745      -215.13758
     21.895      -215.04870
     22.045      -214.95993
     22.195      -214.87416
     22.345      -214.78779
     22.495      -214.70240
     22.645      -214.61665
     22.795      -214.53201
     22.945      -214.44722
     23.095      -214.36369
     23.245      -214.27990
     23.395      -214.19821
     23.545      -214.11710
     23.695      -214.03609
     23.845      -213.95379
     23.995      -213.87310
     24.145      -213.79223
     24.295      -213.71176
     24.445      -213.63182
     24.595      -213.55414
     24.745      -213.47694
     24.895      -213.39879
     25.045      -213.32127
     25.195      -213.24489
     25.345      -213.16820
     25.495      -213.09300
     25.645      -213.01757
     25.795      -212.94207
     25.945      -212.86870
     26.095      -212.79298
     26.245      -212.71764
     26.395      -212.64446
     26.545      -212.57169
     26.695      -212.49979
     26.845      -212.42831
     26.995      -212.35740
     27.145      -212.28587
     27.295      -212.21414
     27.445      -212.14332
     27.595      -212.07203
     27.745      -212.00187
     27.895      -211.93262
     28.045      -211.86252
     28.195      -211.79430
     28.345      -211.72447
     28.495      -211.65656
     28.645      -211.58756
     28.795      -211.51941
     28.945      -211.45192
     29.095      -211.38511
     29.245      -211.31768
     29.395      -211.25186
     29.545      -211.18725
     29.695      -211.12200
     29.845      -211.05690
     29.995      -210.99202
     30.145      -210.92621
     30.295      -210.85996
     30.445      -210.79591
     30.595      -210.73034
     30.745      -210.66699
     30.895      -210.60381
     31.045      -210.53998
     31.195      -210.47621
     31.345      -210.41278
     31.495      -210.35073
     31.645      -210.28798
     31.795      -210.22628
     31.945      -210.16431
     32.095      -210.10364
     32.245      -210.04182
     32.395      -209.98024
     32.545      -209.91875
     32.695      -209.85708
     32.845      -209.79683
     32.995      -209.73793
     33.145      -209.67980
     33.295      -209.62140
     33.445      -209.56123
     33.595      -209.50352
     33.745      -209.44600
     33.895      -209.38869
     34.045      -209.33177
     34.195      -209.27546
     34.345      -209.21881
     34.495      -209.16314
     34.645      -209.10760
     34.795      -209.05158
     34.945      -208.99429
     35.095      -208.93748
     35.245      -208.88044
     35.395      -208.82523
     35.545      -208.77077
     35.695      -208.71581
     35.845      -208.66113
     35.995      -208.60672
     36.145      -208.55230
     36.295      -208.49944
     36.445      -208.44505
     36.595      -208.39247
     36.745      -208.33798
     36.895      -208.28488
     37.045      -208.23141
     37.195      -208.18013
     37.345      -208.12783
     37.495      -208.07457
     37.645      -208.02304
     37.795      -207.97083
     37.945      -207.91964
     38.095      -207.86823
     38.245      -207.81687
     38.395      -207.76671
     38.545      -207.71583
     38.695      -207.66396
     38.845      -207.61340
     38.995      -207.56110
     39.145      -207.51108
     39.295      -207.45941
     39.445      -207.40889
     39.595      -207.35851
     39.745      -207.30861
     39.895      -207.26040
     40.045      -207.21109
     40.195      -207.16199
     40.345      -207.11313
     40.495      -207.06410
     40.645      -207.01466
     40.795      -206.96588
     40.945      -206.91664
     41.095      -206.86830
     41.245      -206.82084
     41.395      -206.77252
     41.545      -206.72531
     41.695      -206.67690
     41.845      -206.62988
     41.995      -206.58274
     42.145      -206.53569
     42.295      -206.49019
     42.445      -206.44385
     42.595      -206.39842
     42.745      -206.35235
     42.895      -206.30664
     43.045      -206.26046
     43.195      -206.21542
     43.345      -206.16936
     43.495      -206.12421
     43.645      -206.07872
     43.795      -206.03328
     43.945      -205.98841
     44.095      -205.94374
     44.245      -205.90003
     44.395      -205.85569
     44.545      -205.81102
     44.695      -205.76604
     44.845      -205.72153
     44.995      -205.67779
     45.145      -205.63369
     45.295      -205.58969
     45.445      -205.54696
     45.595      -205.50401
     45.745      -205.46088
     45.895      -205.41751
     46.045      -205.37385
     46.195      -205.33084
     46.345      -205.28870
     46.495      -205.24617
     46.645      -205.20430
     46.795      -205.16137
     46.945      -205.11908
     47.095      -205.07725
     47.245      -205.03599
     47.395      -204.99427
     47.545      -204.95286
     47.695      -204.91129
     47.845      -204.87039
     47.995      -204.82940
     48.145      -204.78914
     48.295      -204.74777
     48.445      -204.70623
     48.595      -204.66504
     48.745      -204.62442
     48.895      -204.58491
     49.045      -204.54473
     49.195      -204.50472
     49.345      -204.46487
     49.495      -204.42455
     49.645      -204.38470
     49.795      -204.34510
     49.945      -204.30559
     50.095      -204.26647
     50.245      -204.22725
     50.395      -204.18777
     50.545      -204.14828
     50.695      -204.10972
     50.845      -204.07165
     50.995      -204.03327
     51.145      -203.99468
     51.295      -203.95587
     51.445      -203.91767
     51.595      -203.87779
     51.745      -203.83984
     51.895      -203.80122
     52.045      -203.76335
     52.195      -203.72505
     52.345      -203.68789
     52.495      -203.64971
     52.645      -203.61229
     52.795      -203.57434
     52.945      -203.53710
     53.095      -203.49940
     53.245      -203.46325
     53.395      -203.42714
     53.545      -203.38990
     53.695      -203.35252
     53.845      -203.31671
     53.995      -203.28097
     54.145      -203.24391
     54.295      -203.20732
     54.445      -203.17144
     54.595      -203.13464
     54.745      -203.09792
     54.895      -203.06253
     55.045      -203.02712
     55.195      -202.99110
     55.345      -202.95593
     55.495      -202.92011
     55.645      -202.88530
     55.795      -202.84940
     55.945      -202.81248
     56.095      -202.77718
     56.245      -202.74170
     56.395      -202.70720
     56.545      -202.67278
     56.695      -202.63790
     56.845      -202.60379
     56.995      -202.56907
     57.145      -202.53387
     57.295      -202.50000
     57.445      -202.46604
     57.595      -202.43216
     57.745      -202.39807
     57.895      -202.36433
     58.045      -202.33168
     58.195      -202.29742
     58.345      -202.26330
     58.495      -202.22944
     58.645      -202.19609
     58.795      -202.16242
     58.945      -202.12759
     59.095      -202.09462
     59.245      -202.06063
     59.395      -202.02703
     59.545      -201.99371
     59.695      -201.96054
     59.845      -201.92802
     59.995      -201.89539
     60.145      -201.86219
     70.939      -197.64277
     97.698      -193.43921
     134.55      -189.23918
     185.30      -185.07661
     255.20      -180.94670
     351.46      -176.84921
     484.04      -172.77957
     666.62      -168.76316
     918.07      -164.77602
     1264.4      -160.82874
     1741.3      -156.92599
     2398.1      -153.07459
     3302.7      -149.29173
     4548.5      -145.58695
     6264.3      -141.96357
     8627.2      -138.42637
     11881.      -134.98394
     16363.      -131.64007
     22535.      -128.40292
     31036.      -125.28072
     42743.      -122.27254
     58866.      -119.38426
     81070.      -116.61245
    0.11165E+06  -113.96382
    0.15377E+06  -111.43550
    0.21177E+06  -109.01438
    0.29165E+06  -106.70946
    0.40166E+06  -104.50330
    0.55317E+06  -102.40241
    0.76182E+06  -100.39733
    0.10492E+07   -98.48489
    0.14449E+07   -96.66188
    0.19900E+07   -94.92110
    0.27406E+07   -93.26276
    0.37744E+07   -91.68799
    0.51981E+07   -90.18229
    0.71589E+07   -88.74778
    0.98593E+07   -87.38039
    0.13578E+08   -86.07812
    0.18700E+08   -84.83554
    0.25754E+08   -83.65576
    0.35468E+08   -82.53565
    0.48847E+08   -81.48203
    0.67273E+08   -80.50200
    0.92648E+08   -79.58936
    0.12760E+09   -78.74010
    0.17573E+09   -77.94289
    0.24201E+09   -77.19729
    0.33330E+09   -76.49773
    0.45902E+09   -75.84187
    0.63217E+09   -75.24210
    0.87062E+09   -74.69358
    0.11990E+10   -74.19398
    0.16513E+10   -73.73051
    0.22742E+10   -73.30438
    0.31320E+10   -72.91035
    0.43134E+10   -72.54643
    0.59405E+10   -72.21076
    0.81813E+10   -71.90026
    0.11267E+11   -71.61488
    0.15517E+11   -71.35211
    0.21371E+11   -71.10912
    0.29432E+11   -70.88452
    0.40534E+11   -70.67742
    0.55823E+11   -70.48614
    0.10000E+12   -68.18107
