    -159.95         0.00000
    -159.79         0.00000
    -159.65         0.00000
    -159.49         0.00000
    -159.34         0.00000
    -159.20         0.00000
    -159.04         0.00000
    -158.90         0.00000
    -158.74         0.00000
    -158.59         0.00000
    -158.45         0.00000
    -158.29         0.00000
    -158.15         0.00000
    -157.99         0.00000
    -157.84         0.00000
    -157.70         0.00000
    -157.54         0.00000
    -157.40         0.00000
    -157.24         0.00000
    -157.09         0.00000
    -156.95         0.00000
    -156.79         0.00000
    -156.65         0.00000
    -156.49         0.00000
    -156.34         0.00000
    -156.20         0.00000
    -156.04         0.00000
    -155.90         0.00000
    -155.74         0.00000
    -155.59         0.00000
    -155.45         0.00000
    -155.29         0.00000
    -155.15         0.00000
    -154.99         0.00000
    -154.84         0.00000
    -154.70         0.00000
    -154.54         0.00000
    -154.40         0.00000
    -154.24         0.00000
    -154.09         0.00000
    -153.95         0.00000
    -153.79         0.00000
    -153.65         0.00000
    -153.49         0.00000
    -153.34         0.00000
    -153.20         0.00000
    -153.04         0.00000
    -152.90         0.00000
    -152.74         0.00000
    -152.59         0.00000
    -152.45         0.00000
    -152.29         0.00000
    -152.15         0.00000
    -151.99         0.00000
    -151.84         0.00000
    -151.70         0.00000
    -151.54         0.00000
    -151.40         0.00000
    -151.24         0.00000
    -151.09         0.00000
    -150.95         0.00000
    -150.79         0.00000
    -150.65         0.00000
    -150.49         0.00000
    -150.34         0.00000
    -150.20         0.00000
    -150.04         0.00000
    -149.90         0.00000
    -149.74         0.00000
    -149.59         0.00000
    -149.45         0.00000
    -149.29         0.00000
    -149.15         0.00000
    -148.99         0.00000
    -148.84         0.00000
    -148.70         0.00000
    -148.54         0.00000
    -148.40         0.00000
    -148.24         0.00000
    -148.09         0.00000
    -147.95         0.00000
    -147.79         0.00000
    -147.65         0.00000
    -147.49         0.00000
    -147.34         0.00000
    -147.20         0.00000
    -147.04         0.00000
    -146.90         0.00000
    -146.74         0.00000
    -146.59         0.00000
    -146.45         0.00000
    -146.29         0.00000
    -146.15         0.00000
    -145.99         0.00000
    -145.84         0.00000
    -145.70         0.00000
    -145.54         0.00000
    -145.40         0.00000
    -145.24         0.00000
    -145.09         0.00000
    -144.95         0.00000
    -144.79         0.00000
    -144.65         0.00000
    -144.49         0.00000
    -144.34         0.00000
    -144.20         0.00000
    -144.04         0.00000
    -143.90         0.00000
    -143.74         0.00000
    -143.59         0.00000
    -143.45         0.00000
    -143.29         0.00000
    -143.15         0.00000
    -142.99         0.00000
    -142.84         0.00000
    -142.70         0.00000
    -142.54         0.00000
    -142.40         0.00000
    -142.24         0.00000
    -142.09         0.00000
    -141.95         0.00000
    -141.79         0.00000
    -141.65         0.00000
    -141.49         0.00000
    -141.34         0.00000
    -141.20         0.00000
    -141.04         0.00000
    -140.90         0.00000
    -140.74         0.00000
    -140.59         0.00000
    -140.45         0.00000
    -140.29         0.00000
    -140.15         0.00000
    -139.99         0.00000
    -139.84         0.00000
    -139.70         0.00000
    -139.54         0.00000
    -139.40         0.00000
    -139.24         0.00000
    -139.09         0.00000
    -138.95         0.00000
    -138.79         0.00000
    -138.65         0.00000
    -138.49         0.00000
    -138.34         0.00000
    -138.20         0.00000
    -138.04         0.00000
    -137.90         0.00000
    -137.74         0.00000
    -137.59         0.00000
    -137.45         0.00000
    -137.29         0.00000
    -137.15         0.00000
    -136.99         0.00000
    -136.84         0.00000
    -136.70         0.00000
    -136.54         0.00000
    -136.40         0.00000
    -136.24         0.00000
    -136.09         0.00000
    -135.95         0.00000
    -135.79         0.00000
    -135.65         0.00000
    -135.49         0.00000
    -135.34         0.00000
    -135.20         0.00000
    -135.04         0.00000
    -134.90         0.00000
    -134.74         0.00000
    -134.59         0.00000
    -134.45         0.00000
    -134.29         0.00000
    -134.15         0.00000
    -133.99         0.00000
    -133.84         0.00000
    -133.70         0.00000
    -133.54         0.00000
    -133.40         0.00000
    -133.24         0.00000
    -133.09         0.00000
    -132.95         0.00000
    -132.79         0.00000
    -132.65         0.00000
    -132.49         0.00000
    -132.34         0.00000
    -132.20         0.00000
    -132.04         0.00000
    -131.90         0.00000
    -131.74         0.00000
    -131.59         0.00000
    -131.45         0.00000
    -131.29         0.00000
    -131.15         0.00000
    -130.99         0.00000
    -130.84         0.00000
    -130.70         0.00000
    -130.54         0.00000
    -130.40         0.00000
    -130.24         0.00000
    -130.09         0.00000
    -129.95         0.00000
    -129.79         0.00000
    -129.65         0.00000
    -129.49         0.00000
    -129.34         0.00000
    -129.20         0.00000
    -129.04         0.00000
    -128.90         0.00000
    -128.74         0.00000
    -128.59         0.00000
    -128.45         0.00000
    -128.29         0.00000
    -128.15         0.00000
    -127.99         0.00000
    -127.85         0.00000
    -127.69         0.00000
    -127.55         0.00000
    -127.39         0.00000
    -127.25         0.00000
    -127.10         0.00000
    -126.94         0.00000
    -126.80         0.00000
    -126.64         0.00000
    -126.50         0.00000
    -126.35         0.00000
    -126.19         0.00000
    -126.05         0.00000
    -125.89         0.00000
    -125.75         0.00000
    -125.60         0.00000
    -125.44         0.00000
    -125.30         0.00000
    -125.14         0.00000
    -125.00         0.00000
    -124.85         0.00000
    -124.69         0.00000
    -124.55         0.00000
    -124.39         0.00000
    -124.25         0.00000
    -124.10         0.00000
    -123.94         0.00000
    -123.80         0.00000
    -123.64         0.00000
    -123.50         0.00000
    -123.35         0.00000
    -123.19         0.00000
    -123.05         0.00000
    -122.89         0.00000
    -122.75         0.00000
    -122.60         0.00000
    -122.44         0.00000
    -122.30         0.00000
    -122.14         0.00000
    -122.00         0.00000
    -121.85         0.00000
    -121.69         0.00000
    -121.55         0.00000
    -121.39         0.00000
    -121.25         0.00000
    -121.10         0.00000
    -120.94         0.00000
    -120.80         0.00000
    -120.64         0.00000
    -120.50         0.00000
    -120.35         0.00000
    -120.19         0.00000
    -120.05         0.00000
    -119.89         0.00000
    -119.75         0.00000
    -119.60         0.00000
    -119.44         0.00000
    -119.30         0.00000
    -119.14         0.00000
    -119.00         0.00000
    -118.85         0.00000
    -118.69         0.00000
    -118.55         0.00000
    -118.39         0.00000
    -118.25         0.00000
    -118.10         0.00000
    -117.94         0.00000
    -117.80         0.00000
    -117.64         0.00000
    -117.50         0.00000
    -117.35         0.00000
    -117.19         0.00000
    -117.05         0.00000
    -116.89         0.00000
    -116.75         0.00000
    -116.60         0.00000
    -116.44         0.00000
    -116.30         0.00000
    -116.14         0.00000
    -116.00         0.00000
    -115.85         0.00000
    -115.69         0.00000
    -115.55         0.00000
    -115.39         0.00000
    -115.25         0.00000
    -115.10         0.00000
    -114.94         0.00000
    -114.80         0.00000
    -114.64         0.00000
    -114.50         0.00000
    -114.35         0.00000
    -114.19         0.00000
    -114.05         0.00000
    -113.89         0.00000
    -113.75         0.00000
    -113.60         0.00000
    -113.44         0.00000
    -113.30         0.00000
    -113.14         0.00000
    -113.00         0.00000
    -112.85         0.00000
    -112.69         0.00000
    -112.55         0.00000
    -112.39         0.00000
    -112.25         0.00000
    -112.10         0.00000
    -111.94         0.00000
    -111.80         0.00000
    -111.64         0.00000
    -111.50         0.00000
    -111.35         0.00000
    -111.19         0.00000
    -111.05         0.00000
    -110.89         0.00000
    -110.75         0.00000
    -110.60         0.00000
    -110.44         0.00000
    -110.30         0.00000
    -110.14         0.00000
    -110.00         0.00000
    -109.85         0.00000
    -109.69         0.00000
    -109.55         0.00000
    -109.39         0.00000
    -109.25         0.00000
    -109.10         0.00000
    -108.94         0.00000
    -108.80         0.00000
    -108.64         0.00000
    -108.50         0.00000
    -108.35         0.00000
    -108.19         0.00000
    -108.05         0.00000
    -107.89         0.00000
    -107.75         0.00000
    -107.60         0.00000
    -107.44         0.00000
    -107.30         0.00000
    -107.14         0.00000
    -107.00         0.00000
    -106.85         0.00000
    -106.69         0.00000
    -106.55         0.00000
    -106.39         0.00000
    -106.25         0.00000
    -106.10         0.00000
    -105.94         0.00000
    -105.80         0.00000
    -105.64         0.00000
    -105.50         0.00000
    -105.35         0.00000
    -105.19         0.00000
    -105.05         0.00000
    -104.89         0.00000
    -104.75         0.00000
    -104.60         0.00000
    -104.44         0.00000
    -104.30         0.00000
    -104.14         0.00000
    -104.00         0.00000
    -103.85         0.00000
    -103.69         0.00000
    -103.55         0.00000
    -103.39         0.00000
    -103.25         0.00000
    -103.10         0.00000
    -102.94         0.00000
    -102.80         0.00000
    -102.64         0.00000
    -102.50         0.00000
    -102.35         0.00000
    -102.19         0.00000
    -102.05         0.00000
    -101.89         0.00000
    -101.75         0.00000
    -101.60         0.00000
    -101.44         0.00000
    -101.30         0.00000
    -101.14         0.00000
    -101.00         0.00000
    -100.85         0.00000
    -100.69         0.00000
    -100.55         0.00000
    -100.39         0.00000
    -100.25         0.00000
    -100.10         0.00000
    -99.945         0.00000
    -99.795         0.00000
    -99.645         0.00000
    -99.495         0.00000
    -99.345         0.00000
    -99.195         0.00000
    -99.045         0.00000
    -98.895         0.00000
    -98.745         0.00000
    -98.595         0.00000
    -98.445         0.00000
    -98.295         0.00000
    -98.145         0.00000
    -97.995         0.00000
    -97.845         0.00000
    -97.695         0.00000
    -97.545         0.00000
    -97.395         0.00000
    -97.245         0.00000
    -97.095         0.00000
    -96.945         0.00000
    -96.795         0.00000
    -96.645         0.00000
    -96.495         0.00000
    -96.345         0.00000
    -96.195         0.00000
    -96.045         0.00000
    -95.895         0.00000
    -95.745         0.00000
    -95.595         0.00000
    -95.445         0.00000
    -95.295         0.00000
    -95.145         0.00000
    -94.995         0.00000
    -94.845         0.00000
    -94.695         0.00000
    -94.545         0.00000
    -94.395         0.00000
    -94.245         0.00000
    -94.095         0.00000
    -93.945         0.00000
    -93.795         0.00000
    -93.645         0.00000
    -93.495         0.00000
    -93.345         0.00000
    -93.195         0.00000
    -93.045         0.00000
    -92.895         0.00000
    -92.745         0.00000
    -92.595         0.00000
    -92.445         0.00000
    -92.295         0.00000
    -92.145         0.00000
    -91.995         0.00000
    -91.845         0.00000
    -91.695         0.00000
    -91.545         0.00000
    -91.395         0.00000
    -91.245         0.00000
    -91.095         0.00000
    -90.945         0.00000
    -90.795         0.00000
    -90.645         0.00000
    -90.495         0.00000
    -90.345         0.00000
    -90.195         0.00000
    -90.045         0.00000
    -89.895         0.00000
    -89.745         0.00000
    -89.595         0.00000
    -89.445         0.00000
    -89.295         0.00000
    -89.145         0.00000
    -88.995         0.00000
    -88.845         0.00000
    -88.695         0.00000
    -88.545         0.00000
    -88.395         0.00000
    -88.245         0.00000
    -88.095         0.00000
    -87.945         0.00000
    -87.795         0.00000
    -87.645         0.00000
    -87.495         0.00000
    -87.345         0.00000
    -87.195         0.00000
    -87.045         0.00000
    -86.895         0.00000
    -86.745         0.00000
    -86.595         0.00000
    -86.445         0.00000
    -86.295         0.00000
    -86.145         0.00000
    -85.995         0.00000
    -85.845         0.00000
    -85.695         0.00000
    -85.545         0.00000
    -85.395         0.00000
    -85.245         0.00000
    -85.095         0.00000
    -84.945         0.00000
    -84.795         0.00000
    -84.645         0.00000
    -84.495         0.00000
    -84.345         0.00000
    -84.195         0.00000
    -84.045         0.00000
    -83.895         0.00000
    -83.745         0.00000
    -83.595         0.00000
    -83.445         0.00000
    -83.295         0.00000
    -83.145         0.00000
    -82.995         0.00000
    -82.845         0.00000
    -82.695         0.00000
    -82.545         0.00000
    -82.395         0.00000
    -82.245         0.00000
    -82.095         0.00000
    -81.945         0.00000
    -81.795         0.00000
    -81.645         0.00000
    -81.495         0.00000
    -81.345         0.00000
    -81.195         0.00000
    -81.045         0.00000
    -80.895         0.00000
    -80.745         0.00000
    -80.595         0.00000
    -80.445         0.00000
    -80.295         0.00000
    -80.145         0.00000
    -79.995         0.00000
    -79.845         0.00000
    -79.695         0.00000
    -79.545         0.00000
    -79.395         0.00000
    -79.245         0.00000
    -79.095         0.00000
    -78.945         0.00000
    -78.795         0.00000
    -78.645         0.00000
    -78.495         0.00000
    -78.345         0.00000
    -78.195         0.00000
    -78.045         0.00000
    -77.895         0.00000
    -77.745         0.00000
    -77.595         0.00000
    -77.445         0.00000
    -77.295         0.00000
    -77.145         0.00000
    -76.995         0.00000
    -76.845         0.00000
    -76.695         0.00000
    -76.545         0.00000
    -76.395         0.00000
    -76.245         0.00000
    -76.095         0.00000
    -75.945         0.00000
    -75.795         0.00000
    -75.645         0.00000
    -75.495         0.00000
    -75.345         0.00000
    -75.195         0.00000
    -75.045         0.00000
    -74.895         0.00000
    -74.745         0.00000
    -74.595         0.00000
    -74.445         0.00000
    -74.295         0.00000
    -74.145         0.00000
    -73.995         0.00000
    -73.845         0.00000
    -73.695         0.00000
    -73.545         0.00000
    -73.395         0.00000
    -73.245         0.00000
    -73.095         0.00000
    -72.945         0.00000
    -72.795         0.00000
    -72.645         0.00000
    -72.495         0.00000
    -72.345         0.00000
    -72.195         0.00000
    -72.045         0.00000
    -71.895         0.00000
    -71.745         0.00000
    -71.595         0.00000
    -71.445         0.00000
    -71.295         0.00000
    -71.145         0.00000
    -70.995         0.00000
    -70.845         0.00000
    -70.695         0.00000
    -70.545         0.00000
    -70.395         0.00000
    -70.245         0.00000
    -70.095         0.00000
    -69.945         0.00000
    -69.795         0.00000
    -69.645         0.00000
    -69.495         0.00000
    -69.345         0.00000
    -69.195         0.00000
    -69.045         0.00000
    -68.895         0.00000
    -68.745         0.00000
    -68.595         0.00000
    -68.445         0.00000
    -68.295         0.00000
    -68.145         0.00000
    -67.995         0.00000
    -67.845         0.00000
    -67.695         0.00000
    -67.545         0.00000
    -67.395         0.00000
    -67.245         0.00000
    -67.095         0.00000
    -66.945         0.00000
    -66.795         0.00000
    -66.645         0.00000
    -66.495         0.00000
    -66.345         0.00000
    -66.195         0.00000
    -66.045         0.00000
    -65.895         0.00000
    -65.745         0.00000
    -65.595         0.00000
    -65.445         0.00000
    -65.295         0.00000
    -65.145         0.00000
    -64.995         0.00000
    -64.845         0.00000
    -64.695         0.00000
    -64.545         0.00000
    -64.395         0.00000
    -64.245         0.00000
    -64.095         0.00000
    -63.945         0.00000
    -63.795         0.00000
    -63.645         0.00000
    -63.495         0.00000
    -63.345         0.00000
    -63.195         0.00000
    -63.045         0.00000
    -62.895         0.00000
    -62.745         0.00000
    -62.595         0.00000
    -62.445         0.00000
    -62.295         0.00000
    -62.145         0.00000
    -61.995         0.00000
    -61.845         0.00000
    -61.695         0.00000
    -61.545         0.00000
    -61.395         0.00000
    -61.245         0.00000
    -61.095         0.00000
    -60.945         0.00000
    -60.795         0.00000
    -60.645         0.00000
    -60.495         0.00000
    -60.345         0.00000
    -60.195         0.00000
    -60.045         0.00000
    -59.895         0.00000
    -59.745         0.00000
    -59.595         0.00000
    -59.445         0.00000
    -59.295         0.00000
    -59.145         0.00000
    -58.995         0.00000
    -58.845         0.00000
    -58.695         0.00000
    -58.545         0.00000
    -58.395         0.00000
    -58.245         0.00000
    -58.095         0.00000
    -57.945         0.00000
    -57.795         0.00000
    -57.645         0.00000
    -57.495         0.00000
    -57.345         0.00000
    -57.195         0.00000
    -57.045         0.00000
    -56.895         0.00000
    -56.745         0.00000
    -56.595         0.00000
    -56.445         0.00000
    -56.295         0.00000
    -56.145         0.00000
    -55.995         0.00000
    -55.845         0.00000
    -55.695         0.00000
    -55.545         0.00000
    -55.395         0.00000
    -55.245         0.00000
    -55.095         0.00000
    -54.945         0.00000
    -54.795         0.00000
    -54.645         0.00000
    -54.495         0.00000
    -54.345         0.00000
    -54.195         0.00000
    -54.045         0.00000
    -53.895         0.00000
    -53.745         0.00000
    -53.595         0.00000
    -53.445         0.00000
    -53.295         0.00000
    -53.145         0.00000
    -52.995         0.00000
    -52.845         0.00000
    -52.695         0.00000
    -52.545         0.00000
    -52.395         0.00000
    -52.245         0.00000
    -52.095         0.00000
    -51.945         0.00000
    -51.795         0.00000
    -51.645         0.00000
    -51.495         0.00000
    -51.345         0.00000
    -51.195         0.00000
    -51.045         0.00000
    -50.895         0.00000
    -50.745         0.00000
    -50.595         0.00000
    -50.445         0.00000
    -50.295         0.00000
    -50.145         0.00000
    -49.995         0.00000
    -49.845         0.00000
    -49.695         0.00000
    -49.545         0.00000
    -49.395         0.00000
    -49.245         0.00000
    -49.095         0.00000
    -48.945         0.00000
    -48.795         0.00000
    -48.645         0.00000
    -48.495         0.00000
    -48.345         0.00000
    -48.195         0.00000
    -48.045         0.00000
    -47.895         0.00000
    -47.745         0.00000
    -47.595         0.00000
    -47.445         0.00000
    -47.295         0.00000
    -47.145         0.00000
    -46.995         0.00000
    -46.845         0.00000
    -46.695         0.00000
    -46.545         0.00000
    -46.395         0.00000
    -46.245         0.00000
    -46.095         0.00000
    -45.945         0.00000
    -45.795         0.00000
    -45.645         0.00000
    -45.495         0.00000
    -45.345         0.00000
    -45.195         0.00000
    -45.045         0.00000
    -44.895         0.00000
    -44.745         0.00000
    -44.595         0.00000
    -44.445         0.00000
    -44.295         0.00000
    -44.145         0.00000
    -43.995         0.00000
    -43.845         0.00000
    -43.695         0.00000
    -43.545         0.00000
    -43.395         0.00000
    -43.245         0.00000
    -43.095         0.00000
    -42.945         0.00000
    -42.795         0.00000
    -42.645         0.00000
    -42.495         0.00000
    -42.345         0.00000
    -42.195         0.00000
    -42.045         0.00000
    -41.895         0.00000
    -41.745         0.00000
    -41.595         0.00000
    -41.445         0.00000
    -41.295         0.00000
    -41.145         0.00000
    -40.995         0.00000
    -40.845         0.00000
    -40.695         0.00000
    -40.545         0.00000
    -40.395         0.00000
    -40.245         0.00000
    -40.095         0.00000
    -39.945         0.00000
    -39.795         0.00000
    -39.645         0.00000
    -39.495         0.00000
    -39.345         0.00000
    -39.195         0.00000
    -39.045         0.00000
    -38.895         0.00000
    -38.745         0.00000
    -38.595         0.00000
    -38.445         0.00000
    -38.295         0.00000
    -38.145         0.00000
    -37.995         0.00000
    -37.845         0.00000
    -37.695         0.00000
    -37.545         0.00000
    -37.395         0.00000
    -37.245         0.00000
    -37.095         0.00000
    -36.945         0.00000
    -36.795         0.00000
    -36.645         0.00000
    -36.495         0.00000
    -36.345         0.00000
    -36.195         0.00000
    -36.045         0.00000
    -35.895         0.00000
    -35.745         0.00000
    -35.595         0.00000
    -35.445         0.00000
    -35.295         0.00000
    -35.145         0.00000
    -34.995         0.00000
    -34.845         0.00000
    -34.695         0.00000
    -34.545         0.00000
    -34.395         0.00000
    -34.245         0.00000
    -34.095         0.00000
    -33.945         0.00000
    -33.795         0.00000
    -33.645         0.00000
    -33.495         0.00000
    -33.345         0.00000
    -33.195         0.00000
    -33.045         0.00000
    -32.895         0.00000
    -32.745         0.00000
    -32.595         0.00000
    -32.445         0.00000
    -32.295         0.00000
    -32.145         0.00000
    -31.995         0.00000
    -31.845         0.00000
    -31.695         0.00000
    -31.545         0.00000
    -31.395         0.00000
    -31.245         0.00000
    -31.095         0.00000
    -30.945         0.00000
    -30.795         0.00000
    -30.645         0.00000
    -30.495         0.00000
    -30.345         0.00000
    -30.195         0.00000
    -30.045         0.00000
    -29.895         0.00000
    -29.745         0.00000
    -29.595         0.00000
    -29.445         0.00000
    -29.295         0.00000
    -29.145         0.00000
    -28.995         0.00000
    -28.845         0.00000
    -28.695         0.00000
    -28.545         0.00000
    -28.395         0.00000
    -28.245         0.00000
    -28.095         0.00000
    -27.945         0.00000
    -27.795         0.00000
    -27.645         0.00000
    -27.495         0.00000
    -27.345         0.00000
    -27.195         0.00000
    -27.045         0.00000
    -26.895         0.00000
    -26.745         0.00000
    -26.595         0.00000
    -26.445         0.00000
    -26.295         0.00000
    -26.145         0.00000
    -25.995         0.00000
    -25.845         0.00000
    -25.695         0.00000
    -25.545         0.00000
    -25.395         0.00000
    -25.245         0.00000
    -25.095         0.00000
    -24.945         0.00000
    -24.795         0.00000
    -24.645         0.00000
    -24.495         0.00000
    -24.345         0.00000
    -24.195         0.00000
    -24.045         0.00000
    -23.895         0.00000
    -23.745         0.00000
    -23.595         0.00000
    -23.445         0.00000
    -23.295         0.00000
    -23.145         0.00000
    -22.995         0.00000
    -22.845         0.00000
    -22.695         0.00000
    -22.545         0.00000
    -22.395         0.00000
    -22.245         0.00000
    -22.095         0.00000
    -21.945         0.00000
    -21.795         0.00000
    -21.645         0.00000
    -21.495         0.00000
    -21.345         0.00000
    -21.195         0.00000
    -21.045         0.00000
    -20.895         0.00000
    -20.745         0.00000
    -20.595         0.00000
    -20.445         0.00000
    -20.295         0.00000
    -20.145         0.00000
    -19.995         0.00000
    -19.845         0.00000
    -19.695         0.00000
    -19.545         0.00000
    -19.395         0.00000
    -19.245         0.00000
    -19.095         0.00000
    -18.945         0.00000
    -18.795         0.00000
    -18.645         0.00000
    -18.495         0.00000
    -18.345         0.00000
    -18.195         0.00000
    -18.045         0.00000
    -17.895         0.00000
    -17.745         0.00000
    -17.595         0.00000
    -17.445         0.00000
    -17.295         0.00000
    -17.145         0.00000
    -16.995         0.00000
    -16.845         0.00000
    -16.695         0.00000
    -16.545         0.00000
    -16.395         0.00000
    -16.245         0.00000
    -16.095         0.00000
    -15.945         0.00000
    -15.795         0.00000
    -15.645         0.00000
    -15.495         0.00000
    -15.345         0.00000
    -15.195         0.00000
    -15.045         0.00000
    -14.895         0.00000
    -14.745         0.00000
    -14.595         0.00000
    -14.445         0.00000
    -14.295         0.00000
    -14.145         0.00000
    -13.995         0.00000
    -13.845         0.00000
    -13.695         0.00000
    -13.545         0.00000
    -13.395         0.00000
    -13.245         0.00000
    -13.095         0.00000
    -12.945         0.00000
    -12.795         0.00000
    -12.645         0.00000
    -12.495         0.00000
    -12.345         0.00000
    -12.195         0.00000
    -12.045         0.00000
    -11.895         0.00000
    -11.745         0.00000
    -11.595         0.00000
    -11.445         0.00000
    -11.295         0.00000
    -11.145         0.00000
    -10.995         0.00000
    -10.845         0.00000
    -10.695         0.00000
    -10.545         0.00000
    -10.395         0.00000
    -10.245         0.00000
    -10.095         0.00000
    -9.9450         0.00000
    -9.7950         0.00000
    -9.6450         0.00000
    -9.4950         0.00000
    -9.3450         0.00000
    -9.1950         0.00000
    -9.0450        -0.00045
    -8.8950        -0.00149
    -8.7450        -0.00427
    -8.5950        -0.00886
    -8.4450        -0.01596
    -8.2950        -0.02641
    -8.1450        -0.04244
    -7.9950        -0.06479
    -7.8450        -0.09601
    -7.6950        -0.13574
    -7.5450        -0.18852
    -7.3950        -0.26024
    -7.2450        -0.35180
    -7.0950        -0.46375
    -6.9450        -0.59509
    -6.7950        -0.76336
    -6.6450        -0.94638
    -6.4950        -1.14868
    -6.3450        -1.37435
    -6.1950        -1.61922
    -6.0450        -1.87192
    -5.8950        -2.13570
    -5.7450        -2.40553
    -5.5950        -2.67646
    -5.4450        -2.94975
    -5.2950        -3.21365
    -5.1450        -3.47372
    -4.9950        -3.72736
    -4.8450        -3.97897
    -4.6950        -4.20848
    -4.5450        -4.42517
    -4.3950        -4.63997
    -4.2450        -4.84382
    -4.0950        -5.04012
    -3.9450        -5.22829
    -3.7950        -5.41202
    -3.6450        -5.59372
    -3.4950        -5.77653
    -3.3450        -5.95991
    -3.1950        -6.14938
    -3.0450        -6.34583
    -2.8950        -6.55765
    -2.7450        -6.78797
    -2.5950        -7.04787
    -2.4450        -7.33506
    -2.2950        -7.65774
    -2.1450        -8.02907
    -1.9950        -8.46573
    -1.8450        -8.98812
    -1.6950        -9.61842
    -1.5450       -10.38447
    -1.3950       -11.30641
    -1.2450       -12.42788
    -1.0950       -13.76513
   -0.94500       -15.26790
   -0.79500       -16.93110
   -0.64500       -18.75939
   -0.49500       -20.88591
   -0.34500       -23.70816
   -0.22700       -24.93063
   -0.21300       -25.09104
   -0.20700       -25.25550
   -0.20100       -25.42381
   -0.19500       -25.59621
   -0.18900       -25.77356
   -0.18300       -25.95596
   -0.17700       -26.14319
   -0.17100       -26.33555
   -0.16500       -26.53448
   -0.15900       -26.73946
   -0.15300       -26.95062
   -0.14700       -27.16899
   -0.14100       -27.39481
   -0.13500       -27.62891
   -0.12900       -27.87154
   -0.12300       -28.12478
   -0.11700       -28.38969
   -0.11100       -28.66575
   -0.10500       -28.95526
   -0.99000E-01   -29.26141
   -0.93000E-01   -29.58362
   -0.87000E-01   -29.92567
   -0.81000E-01   -30.28923
   -0.75000E-01   -30.67988
   -0.69000E-01   -31.10137
   -0.63000E-01   -31.55950
   -0.57000E-01   -32.06254
   -0.51000E-01   -32.62077
   -0.45000E-01   -33.25081
   -0.39000E-01   -33.97470
   -0.33000E-01   -34.82869
   -0.27000E-01   -35.87231
   -0.21300E-01   -36.74372
   -0.19500E-01   -36.88597
   -0.18900E-01   -37.03295
   -0.18300E-01   -37.18461
   -0.17700E-01   -37.34115
   -0.17100E-01   -37.50329
   -0.16500E-01   -37.67124
   -0.15900E-01   -37.84564
   -0.15300E-01   -38.02710
   -0.14700E-01   -38.21580
   -0.14100E-01   -38.41290
   -0.13500E-01   -38.61864
   -0.12900E-01   -38.83446
   -0.12300E-01   -39.06098
   -0.11700E-01   -39.29989
   -0.11100E-01   -39.55200
   -0.10500E-01   -39.81941
   -0.99000E-02   -40.10460
   -0.93000E-02   -40.41033
   -0.87000E-02   -40.74019
   -0.81000E-02   -41.09802
   -0.75000E-02   -41.48891
   -0.69000E-02   -41.92155
   -0.63000E-02   -42.40298
   -0.57000E-02   -42.93614
   -0.51000E-02   -43.52442
   -0.45000E-02   -44.17125
   -0.39000E-02   -44.88119
   -0.33000E-02   -45.65971
   -0.27000E-02   -46.51891
   -0.21000E-02   -47.49359
   -0.15000E-02   -48.53360
   -0.90000E-03   -49.37453
   -0.30000E-03   -49.73554
    0.30000E-03   -49.48091
    0.90000E-03   -48.64353
    0.15000E-02   -47.60431
    0.21000E-02   -46.63010
    0.27000E-02   -45.77142
    0.33000E-02   -44.99323
    0.39000E-02   -44.28387
    0.45000E-02   -43.63756
    0.51000E-02   -43.04963
    0.57000E-02   -42.51714
    0.63000E-02   -42.03672
    0.69000E-02   -41.60495
    0.75000E-02   -41.21430
    0.81000E-02   -40.85696
    0.87000E-02   -40.52772
    0.93000E-02   -40.22256
    0.99000E-02   -39.93790
    0.10500E-01   -39.67080
    0.11100E-01   -39.41910
    0.11700E-01   -39.18081
    0.12300E-01   -38.95489
    0.12900E-01   -38.74000
    0.13500E-01   -38.53464
    0.14100E-01   -38.33810
    0.14700E-01   -38.14973
    0.15300E-01   -37.96873
    0.15900E-01   -37.79486
    0.16500E-01   -37.62735
    0.17100E-01   -37.46565
    0.17700E-01   -37.30930
    0.18300E-01   -37.15841
    0.18900E-01   -37.01211
    0.19500E-01   -36.87037
    0.21300E-01   -36.00309
    0.27000E-01   -34.96477
    0.33000E-01   -34.11623
    0.39000E-01   -33.39856
    0.45000E-01   -32.77692
    0.51000E-01   -32.22948
    0.57000E-01   -31.73972
    0.63000E-01   -31.29806
    0.69000E-01   -30.89586
    0.75000E-01   -30.52666
    0.81000E-01   -30.18669
    0.87000E-01   -29.87161
    0.93000E-01   -29.57818
    0.99000E-01   -29.30357
    0.10500       -29.04575
    0.11100       -28.80322
    0.11700       -28.57411
    0.12300       -28.35662
    0.12900       -28.15012
    0.13500       -27.95247
    0.14100       -27.76432
    0.14700       -27.58443
    0.15300       -27.41319
    0.15900       -27.24827
    0.16500       -27.09084
    0.17100       -26.93915
    0.17700       -26.79261
    0.18300       -26.65171
    0.18900       -26.51576
    0.19500       -26.38448
    0.20100       -26.25764
    0.20700       -26.13459
    0.21300       -26.01624
    0.22700       -25.15707
    0.34500       -23.48704
    0.49500       -22.50352
    0.64500       -21.82445
    0.79500       -21.30078
    0.94500       -20.85842
     1.0950       -20.47247
     1.2450       -20.12975
     1.3950       -19.81990
     1.5450       -19.54169
     1.6950       -19.29076
     1.8450       -19.06591
     1.9950       -18.86205
     2.1450       -18.67786
     2.2950       -18.51346
     2.4450       -18.36854
     2.5950       -18.24193
     2.7450       -18.12782
     2.8950       -18.02652
     3.0450       -17.93593
     3.1950       -17.84978
     3.3450       -17.77131
     3.4950       -17.69952
     3.6450       -17.63304
     3.7950       -17.57163
     3.9450       -17.51594
     4.0950       -17.46244
     4.2450       -17.41291
     4.3950       -17.36470
     4.5450       -17.31807
     4.6950       -17.27287
     4.8450       -17.23041
     4.9950       -17.18875
     5.1450       -17.14880
     5.2950       -17.11048
     5.4450       -17.07313
     5.5950       -17.03703
     5.7450       -17.00195
     5.8950       -16.96771
     6.0450       -16.93529
     6.1950       -16.90300
     6.3450       -16.87160
     6.4950       -16.84011
     6.6450       -16.81029
     6.7950       -16.78131
     6.9450       -16.75293
     7.0950       -16.72500
     7.2450       -16.69844
     7.3950       -16.67178
     7.5450       -16.64606
     7.6950       -16.62055
     7.8450       -16.59558
     7.9950       -16.57107
     8.1450       -16.54700
     8.2950       -16.52322
     8.4450       -16.49965
     8.5950       -16.47760
     8.7450       -16.45567
     8.8950       -16.43358
     9.0450       -16.41197
     9.1950       -16.39062
     9.3450       -16.36981
     9.4950       -16.34946
     9.6450       -16.32911
     9.7950       -16.30922
     9.9450       -16.28943
     10.095       -16.27025
     10.245       -16.25124
     10.395       -16.23248
     10.545       -16.21417
     10.695       -16.19619
     10.845       -16.17812
     10.995       -16.16008
     11.145       -16.14280
     11.295       -16.12567
     11.445       -16.10880
     11.595       -16.09206
     11.745       -16.07538
     11.895       -16.05891
     12.045       -16.04308
     12.195       -16.02706
     12.345       -16.01125
     12.495       -15.99567
     12.645       -15.98024
     12.795       -15.96508
     12.945       -15.95014
     13.095       -15.93523
     13.245       -15.92088
     13.395       -15.90664
     13.545       -15.89247
     13.695       -15.87823
     13.845       -15.86422
     13.995       -15.85035
     14.145       -15.83716
     14.295       -15.82390
     14.445       -15.81060
     14.595       -15.79767
     14.745       -15.78473
     14.895       -15.77194
     15.045       -15.75944
     15.195       -15.74706
     15.345       -15.73468
     15.495       -15.72242
     15.645       -15.71007
     15.795       -15.69802
     15.945       -15.68606
     16.095       -15.67430
     16.245       -15.66259
     16.395       -15.65044
     16.545       -15.63907
     16.695       -15.62787
     16.845       -15.61632
     16.995       -15.60516
     17.145       -15.59391
     17.295       -15.58259
     17.445       -15.57191
     17.595       -15.56095
     17.745       -15.55022
     17.895       -15.53980
     18.045       -15.52923
     18.195       -15.51876
     18.345       -15.50832
     18.495       -15.49798
     18.645       -15.48769
     18.795       -15.47757
     18.945       -15.46738
     19.095       -15.45746
     19.245       -15.44774
     19.395       -15.43804
     19.545       -15.42842
     19.695       -15.41865
     19.845       -15.40928
     19.995       -15.39995
     20.145       -15.39057
     20.295       -15.38097
     20.445       -15.37154
     20.595       -15.36249
     20.745       -15.35341
     20.895       -15.34427
     21.045       -15.33521
     21.195       -15.32613
     21.345       -15.31726
     21.495       -15.30861
     21.645       -15.29988
     21.795       -15.29154
     21.945       -15.28288
     22.095       -15.27418
     22.245       -15.26573
     22.395       -15.25732
     22.545       -15.24908
     22.695       -15.24076
     22.845       -15.23254
     22.995       -15.22449
     23.145       -15.21656
     23.295       -15.20847
     23.445       -15.20052
     23.595       -15.19262
     23.745       -15.18457
     23.895       -15.17658
     24.045       -15.16867
     24.195       -15.16086
     24.345       -15.15326
     24.495       -15.14585
     24.645       -15.13793
     24.795       -15.13039
     24.945       -15.12281
     25.095       -15.11545
     25.245       -15.10800
     25.395       -15.10067
     25.545       -15.09326
     25.695       -15.08624
     25.845       -15.07908
     25.995       -15.07192
     26.145       -15.06483
     26.295       -15.05771
     26.445       -15.05083
     26.595       -15.04395
     26.745       -15.03683
     26.895       -15.03004
     27.045       -15.02318
     27.195       -15.01644
     27.345       -15.00978
     27.495       -15.00305
     27.645       -14.99646
     27.795       -14.98968
     27.945       -14.98306
     28.095       -14.97639
     28.245       -14.96979
     28.395       -14.96344
     28.545       -14.95704
     28.695       -14.95044
     28.845       -14.94378
     28.995       -14.93754
     29.145       -14.93143
     29.295       -14.92529
     29.445       -14.91910
     29.595       -14.91272
     29.745       -14.90655
     29.895       -14.90033
     30.045       -14.89415
     30.195       -14.88804
     30.345       -14.88181
     30.495       -14.87567
     30.645       -14.86961
     30.795       -14.86365
     30.945       -14.85776
     31.095       -14.85177
     31.245       -14.84592
     31.395       -14.84010
     31.545       -14.83420
     31.695       -14.82861
     31.845       -14.82293
     31.995       -14.81708
     32.145       -14.81128
     32.295       -14.80566
     32.445       -14.80016
     32.595       -14.79472
     32.745       -14.78902
     32.895       -14.78320
     33.045       -14.77785
     33.195       -14.77250
     33.345       -14.76712
     33.495       -14.76157
     33.645       -14.75627
     33.795       -14.75085
     33.945       -14.74524
     34.095       -14.73989
     34.245       -14.73468
     34.395       -14.72924
     34.545       -14.72393
     34.695       -14.71855
     34.845       -14.71338
     34.995       -14.70804
     35.145       -14.70264
     35.295       -14.69746
     35.445       -14.69224
     35.595       -14.68700
     35.745       -14.68192
     35.895       -14.67684
     36.045       -14.67180
     36.195       -14.66675
     36.345       -14.66197
     36.495       -14.65691
     36.645       -14.65198
     36.795       -14.64694
     36.945       -14.64182
     37.095       -14.63715
     37.245       -14.63225
     37.395       -14.62727
     37.545       -14.62254
     37.695       -14.61774
     37.845       -14.61300
     37.995       -14.60828
     38.145       -14.60349
     38.295       -14.59868
     38.445       -14.59406
     38.595       -14.58938
     38.745       -14.58456
     38.895       -14.57985
     39.045       -14.57518
     39.195       -14.57045
     39.345       -14.56580
     39.495       -14.56106
     39.645       -14.55645
     39.795       -14.55169
     39.945       -14.54710
     40.095       -14.54271
     40.245       -14.53821
     40.395       -14.53367
     40.545       -14.52913
     40.695       -14.52470
     40.845       -14.52024
     40.995       -14.51583
     41.145       -14.51134
     41.295       -14.50698
     41.445       -14.50253
     41.595       -14.49825
     41.745       -14.49377
     41.895       -14.48951
     42.045       -14.48524
     42.195       -14.48083
     42.345       -14.47663
     42.495       -14.47220
     42.645       -14.46802
     42.795       -14.46363
     42.945       -14.45934
     43.095       -14.45517
     43.245       -14.45092
     43.395       -14.44682
     43.545       -14.44254
     43.695       -14.43839
     43.845       -14.43426
     43.995       -14.43016
     44.145       -14.42614
     44.295       -14.42201
     44.445       -14.41787
     44.595       -14.41372
     44.745       -14.40975
     44.895       -14.40578
     45.045       -14.40174
     45.195       -14.39780
     45.345       -14.39384
     45.495       -14.38990
     45.645       -14.38607
     45.795       -14.38221
     45.945       -14.37841
     46.095       -14.37457
     46.245       -14.37051
     46.395       -14.36672
     46.545       -14.36284
     46.695       -14.35896
     46.845       -14.35507
     46.995       -14.35126
     47.145       -14.34743
     47.295       -14.34372
     47.445       -14.33997
     47.595       -14.33616
     47.745       -14.33257
     47.895       -14.32875
     48.045       -14.32501
     48.195       -14.32136
     48.345       -14.31749
     48.495       -14.31372
     48.645       -14.31007
     48.795       -14.30645
     48.945       -14.30263
     49.095       -14.29897
     49.245       -14.29535
     49.395       -14.29177
     49.545       -14.28806
     49.695       -14.28461
     49.845       -14.28090
     49.995       -14.27733
     50.145       -14.27379
     50.295       -14.27023
     50.445       -14.26668
     50.595       -14.26303
     50.745       -14.25941
     50.895       -14.25590
     51.045       -14.25239
     51.195       -14.24902
     51.345       -14.24543
     51.495       -14.24190
     51.645       -14.23830
     51.795       -14.23495
     51.945       -14.23149
     52.095       -14.22796
     52.245       -14.22456
     52.395       -14.22112
     52.545       -14.21759
     52.695       -14.21417
     52.845       -14.21072
     52.995       -14.20727
     53.145       -14.20405
     53.295       -14.20064
     53.445       -14.19724
     53.595       -14.19395
     53.745       -14.19065
     53.895       -14.18731
     54.045       -14.18410
     54.195       -14.18082
     54.345       -14.17755
     54.495       -14.17418
     54.645       -14.17086
     54.795       -14.16759
     54.945       -14.16420
     55.095       -14.16106
     59.433       -13.90820
     80.646       -13.53903
     111.21       -13.18142
     153.36       -12.83278
     211.49       -12.49589
     291.64       -12.17108
     402.18       -11.85580
     554.60       -11.55127
     764.80       -11.25848
     1054.7       -10.97589
     1454.4       -10.70213
     2005.6       -10.43911
     2765.8       -10.18456
     3814.0        -9.93925
     5259.5        -9.70233
     7252.9        -9.47432
     10002.        -9.25296
     13793.        -9.03963
     19020.        -8.83404
     26229.        -8.63524
     36170.        -8.44465
     49878.        -8.26157
     68782.        -8.08778
     94851.        -7.92119
    0.13080E+06    -7.76182
    0.18038E+06    -7.61055
    0.24874E+06    -7.46557
    0.34301E+06    -7.32843
    0.47302E+06    -7.19722
    0.65229E+06    -7.07273
    0.89952E+06    -6.95461
    0.12404E+07    -6.84121
    0.17106E+07    -6.73354
    0.23589E+07    -6.63091
    0.32529E+07    -6.53366
    0.44858E+07    -6.44059
    0.61860E+07    -6.35225
    0.85305E+07    -6.26838
    0.11764E+08    -6.18816
    0.16222E+08    -6.11237
    0.22370E+08    -6.04026
    0.30849E+08    -5.97109
    0.42541E+08    -5.90566
    0.58664E+08    -5.84410
    0.80898E+08    -5.78674
    0.11156E+09    -5.73333
    0.15384E+09    -5.68361
    0.21215E+09    -5.63636
    0.29255E+09    -5.59228
    0.40343E+09    -5.55064
    0.55633E+09    -5.51183
    0.76719E+09    -5.47735
    0.10580E+10    -5.44536
    0.14589E+10    -5.41531
    0.20119E+10    -5.38809
    0.27744E+10    -5.36305
    0.38259E+10    -5.33973
    0.52760E+10    -5.31894
    0.72756E+10    -5.29952
    0.10033E+11    -5.28110
    0.13836E+11    -5.26429
    0.19079E+11    -5.24904
    0.26311E+11    -5.23504
    0.36283E+11    -5.22198
    0.50034E+11    -5.20975
    0.68997E+11    -5.19833
    0.10000E+12    -5.06438
