    -29.945        1     0.00000
    -29.795        1     0.00000
    -29.645        1     0.00000
    -29.495        1     0.00000
    -29.345        1     0.00000
    -29.195        1     0.00000
    -29.045        1     0.00000
    -28.895        1     0.00000
    -28.745        1     0.00000
    -28.595        1     0.00000
    -28.445        1     0.00000
    -28.295        1     0.00000
    -28.145        1     0.00000
    -27.995        1     0.00000
    -27.845        1     0.00000
    -27.695        1     0.00000
    -27.545        1     0.00000
    -27.395        1     0.00000
    -27.245        1     0.00000
    -27.095        1     0.00000
    -26.945        1     0.00000
    -26.795        1     0.00000
    -26.645        1     0.00000
    -26.495        1     0.00000
    -26.345        1     0.00000
    -26.195        1     0.00000
    -26.045        1     0.00000
    -25.895        1     0.00000
    -25.745        1     0.00000
    -25.595        1     0.00000
    -25.445        1     0.00000
    -25.295        1     0.00000
    -25.145        1     0.00000
    -24.995        1     0.00000
    -24.845        1     0.00000
    -24.695        1     0.00000
    -24.545        1     0.00000
    -24.395        1     0.00000
    -24.245        1     0.00000
    -24.095        1     0.00000
    -23.945        1     0.00000
    -23.795        1     0.00000
    -23.645        1     0.00000
    -23.495        1     0.00000
    -23.345        1     0.00000
    -23.195        1     0.00000
    -23.045        1     0.00000
    -22.895        1     0.00000
    -22.745        1     0.00000
    -22.595        1     0.00000
    -22.445        1     0.00000
    -22.295        1     0.00000
    -22.145        1     0.00000
    -21.995        1     0.00000
    -21.845        1     0.00000
    -21.695        1     0.00000
    -21.545        1     0.00000
    -21.395        1     0.00000
    -21.245        1     0.00000
    -21.095        1     0.00000
    -20.945        1     0.00000
    -20.795        1     0.00000
    -20.645        1     0.00000
    -20.495        1     0.00000
    -20.345        1     0.00000
    -20.195        1     0.00000
    -20.045        1     0.00000
    -19.895        1     0.00000
    -19.745        1     0.00000
    -19.595        1     0.00000
    -19.445        1     0.00000
    -19.295        1     0.00000
    -19.145        1     0.00000
    -18.995        1     0.00000
    -18.845        1     0.00000
    -18.695        1     0.00000
    -18.545        1     0.00000
    -18.395        1     0.00000
    -18.245        1     0.00000
    -18.095        1     0.00000
    -17.945        1     0.00000
    -17.795        1     0.00000
    -17.645        1     0.00000
    -17.495        1     0.00000
    -17.345        1     0.00000
    -17.195        1     0.00000
    -17.045        1     0.00000
    -16.895        1     0.00000
    -16.745        1     0.00000
    -16.595        1     0.00000
    -16.445        1     0.00000
    -16.295        1     0.00000
    -16.145        1     0.00000
    -15.995        1     0.00000
    -15.845        1     0.00000
    -15.695        1     0.00000
    -15.545        1     0.00000
    -15.395        1     0.00000
    -15.245        1     0.00000
    -15.095        1     0.00000
    -14.945        1     0.00000
    -14.795        1     0.00000
    -14.645        1     0.00000
    -14.495        1     0.00000
    -14.345        1     0.00000
    -14.195        1     0.00000
    -14.045        1     0.00000
    -13.895        1     0.00000
    -13.745        1     0.00000
    -13.595        1     0.00000
    -13.445        1     0.00000
    -13.295        1     0.00000
    -13.145        1     0.00000
    -12.995        1     0.00000
    -12.845        1     0.00000
    -12.695        1     0.00000
    -12.545        1     0.00000
    -12.395        1     0.00000
    -12.245        1     0.00000
    -12.095        1     0.00000
    -11.945        1     0.00000
    -11.795        1     0.00000
    -11.645        1     0.00000
    -11.495        1     0.00000
    -11.345        1     0.00000
    -11.195        1     0.00000
    -11.045        1     0.00000
    -10.895        1     0.00000
    -10.745        1     0.00000
    -10.595        1     0.00000
    -10.445        1     0.00000
    -10.295        1     0.00000
    -10.145        1     0.00000
    -9.9950        1     0.00000
    -9.8450        1     0.00000
    -9.6950        1    -0.00364
    -9.5450        1    -0.02032
    -9.3950        1    -0.04641
    -9.2450        1    -0.08079
    -9.0950        1    -0.12753
    -8.9450        1    -0.19434
    -8.7950        1    -0.27370
    -8.6450        1    -0.37376
    -8.4950        1    -0.49365
    -8.3450        1    -0.61986
    -8.1950        1    -0.74947
    -8.0450        1    -0.88266
    -7.8950        1    -1.02920
    -7.7450        1    -1.18868
    -7.5950        1    -1.38089
    -7.4450        1    -1.61084
    -7.2950        1    -1.88560
    -7.1450        1    -2.18985
    -6.9950        1    -2.51574
    -6.8450        1    -2.87077
    -6.6950        1    -3.26919
    -6.5450        1    -3.69647
    -6.3950        1    -4.15066
    -6.2450        1    -4.64343
    -6.0950        1    -5.17807
    -5.9450        1    -5.75867
    -5.7950        1    -6.39298
    -5.6450        1    -7.07404
    -5.4950        1    -7.79724
    -5.3450        1    -8.55271
    -5.1950        1    -9.35625
    -5.0450        1   -10.21367
    -4.8950        1   -11.12353
    -4.7450        1   -12.09109
    -4.5950        1   -13.13398
    -4.4450        1   -14.25101
    -4.2950        1   -15.43582
    -4.1450        1   -16.68376
    -3.9950        1   -18.01169
    -3.8450        1   -19.42612
    -3.6950        1   -20.95013
    -3.5450        1   -22.61181
    -3.3950        1   -24.41276
    -3.2450        1   -26.35940
    -3.0950        1   -28.46191
    -2.9450        1   -30.74072
    -2.7950        1   -33.19559
    -2.6450        1   -35.86351
    -2.4950        1   -38.79771
    -2.3450        1   -42.03618
    -2.1950        1   -45.65851
    -2.0450        1   -49.75143
    -1.8950        1   -54.43931
    -1.7450        1   -59.92265
    -1.5950        1   -66.46699
    -1.4450        1   -74.19620
    -1.2950        1   -83.52049
    -1.1450        1   -95.03928
   -0.99500        1  -109.66234
   -0.84500        1  -129.46635
   -0.69500        1  -158.39029
   -0.54500        1  -206.36744
   -0.39500        1  -275.96472
   -0.25300        1  -302.94343
   -0.21500        1  -304.10253
   -0.20900        1  -305.21336
   -0.20300        1  -306.27788
   -0.19700        1  -307.29775
   -0.19100        1  -308.27497
   -0.18500        1  -309.21087
   -0.17900        1  -310.10618
   -0.17300        1  -310.96270
   -0.16700        1  -311.78221
   -0.16100        1  -312.56524
   -0.15500        1  -313.31338
   -0.14900        1  -314.02974
   -0.14300        1  -314.70615
   -0.13700        1  -315.33293
   -0.13100        1  -315.91347
   -0.12500        1  -316.45088
   -0.11900        1  -316.94705
   -0.11300        1  -317.40473
   -0.10700        1  -317.82555
   -0.10100        1  -318.20929
   -0.95000E-01    1  -318.55442
   -0.89000E-01    1  -318.86581
   -0.83000E-01    1  -319.14686
   -0.77000E-01    1  -319.39962
   -0.71000E-01    1  -319.62539
   -0.65000E-01    1  -319.82574
   -0.59000E-01    1  -320.00231
   -0.53000E-01    1  -320.15606
   -0.47000E-01    1  -320.28851
   -0.41000E-01    1  -320.40080
   -0.35000E-01    1  -320.49406
   -0.29000E-01    1  -320.56927
   -0.23000E-01    1  -320.62735
   -0.19700E-01    1  -320.63227
   -0.19100E-01    1  -320.63702
   -0.18500E-01    1  -320.64160
   -0.17900E-01    1  -320.64603
   -0.17300E-01    1  -320.65031
   -0.16700E-01    1  -320.65441
   -0.16100E-01    1  -320.65836
   -0.15500E-01    1  -320.66216
   -0.14900E-01    1  -320.66581
   -0.14300E-01    1  -320.66929
   -0.13700E-01    1  -320.67261
   -0.13100E-01    1  -320.67578
   -0.12500E-01    1  -320.67881
   -0.11900E-01    1  -320.68168
   -0.11300E-01    1  -320.68440
   -0.10700E-01    1  -320.68696
   -0.10100E-01    1  -320.68937
   -0.95000E-02    1  -320.69164
   -0.89000E-02    1  -320.69376
   -0.83000E-02    1  -320.69573
   -0.77000E-02    1  -320.69756
   -0.71000E-02    1  -320.69924
   -0.65000E-02    1  -320.70077
   -0.59000E-02    1  -320.70216
   -0.53000E-02    1  -320.70340
   -0.47000E-02    1  -320.70450
   -0.41000E-02    1  -320.70546
   -0.35000E-02    1  -320.70627
   -0.29000E-02    1  -320.70695
   -0.23000E-02    1  -320.70748
   -0.17000E-02    1  -320.70787
   -0.11000E-02    1  -320.70813
   -0.50000E-03    1  -320.70824
    0.10000E-03    1  -320.70822
    0.70000E-03    1  -320.70806
    0.13000E-02    1  -320.70776
    0.19000E-02    1  -320.70733
    0.25000E-02    1  -320.70676
    0.31000E-02    1  -320.70606
    0.37000E-02    1  -320.70522
    0.43000E-02    1  -320.70424
    0.49000E-02    1  -320.70313
    0.55000E-02    1  -320.70190
    0.61000E-02    1  -320.70052
    0.67000E-02    1  -320.69901
    0.73000E-02    1  -320.69738
    0.79000E-02    1  -320.69562
    0.85000E-02    1  -320.69373
    0.91000E-02    1  -320.69171
    0.97000E-02    1  -320.68956
    0.10300E-01    1  -320.68729
    0.10900E-01    1  -320.68488
    0.11500E-01    1  -320.68235
    0.12100E-01    1  -320.67970
    0.12700E-01    1  -320.67691
    0.13300E-01    1  -320.67401
    0.13900E-01    1  -320.67098
    0.14500E-01    1  -320.66782
    0.15100E-01    1  -320.66454
    0.15700E-01    1  -320.66113
    0.16300E-01    1  -320.65762
    0.16900E-01    1  -320.65397
    0.17500E-01    1  -320.65022
    0.18100E-01    1  -320.64633
    0.18700E-01    1  -320.64232
    0.19300E-01    1  -320.63819
    0.20200E-01    1  -320.62106
    0.25000E-01    1  -320.56884
    0.31000E-01    1  -320.50555
    0.37000E-01    1  -320.43172
    0.43000E-01    1  -320.34785
    0.49000E-01    1  -320.25431
    0.55000E-01    1  -320.15156
    0.61000E-01    1  -320.03983
    0.67000E-01    1  -319.91975
    0.73000E-01    1  -319.79162
    0.79000E-01    1  -319.65557
    0.85000E-01    1  -319.51223
    0.91000E-01    1  -319.36152
    0.97000E-01    1  -319.20424
    0.10300        1  -319.04050
    0.10900        1  -318.87050
    0.11500        1  -318.69445
    0.12100        1  -318.51257
    0.12700        1  -318.32518
    0.13300        1  -318.13293
    0.13900        1  -317.93587
    0.14500        1  -317.73852
    0.15100        1  -317.54051
    0.15700        1  -317.34082
    0.16300        1  -317.13935
    0.16900        1  -316.93613
    0.17500        1  -316.73113
    0.18100        1  -316.52420
    0.18700        1  -316.31537
    0.19300        1  -316.10480
    0.19900        1  -315.89251
    0.20500        1  -315.67925
    0.21100        1  -315.46466
    0.21700        1  -315.24836
    0.29500        1  -309.52630
    0.44500        1  -303.93324
    0.59500        1  -298.65686
    0.74500        1  -293.66369
    0.89500        1  -288.95272
     1.0450        1  -284.70465
     1.1950        1  -280.80903
     1.3450        1  -277.19588
     1.4950        1  -273.82249
     1.6450        1  -270.65831
     1.7950        1  -267.67104
     1.9450        1  -264.83926
     2.0950        1  -262.14116
     2.2450        1  -259.56338
     2.3950        1  -257.09750
     2.5450        1  -254.73797
     2.6950        1  -252.48523
     2.8450        1  -250.32021
     2.9950        1  -248.23387
     3.1450        1  -246.21786
     3.2950        1  -244.26601
     3.4450        1  -242.37132
     3.5950        1  -240.53085
     3.7450        1  -238.74714
     3.8950        1  -237.01936
     4.0450        1  -235.34382
     4.1950        1  -233.71145
     4.3450        1  -232.12249
     4.4950        1  -230.57284
     4.6450        1  -229.05941
     4.7950        1  -227.58303
     4.9450        1  -226.14191
     5.0950        1  -224.73455
     5.2450        1  -223.36071
     5.3950        1  -222.02004
     5.5450        1  -220.71078
     5.6950        1  -219.45202
     5.8450        1  -218.23618
     5.9950        1  -217.05671
     6.1450        1  -215.91064
     6.2950        1  -214.79235
     6.4450        1  -213.70332
     6.5950        1  -212.64230
     6.7450        1  -211.60692
     6.8950        1  -210.59574
     7.0450        1  -209.60623
     7.1950        1  -208.63822
     7.3450        1  -207.69151
     7.4950        1  -206.76562
     7.6450        1  -205.85742
     7.7950        1  -204.96918
     7.9450        1  -204.09883
     8.0950        1  -203.24671
     8.2450        1  -202.41354
     8.3950        1  -201.59688
     8.5450        1  -200.79638
     8.6950        1  -200.01168
     8.8450        1  -199.24629
     8.9950        1  -198.49686
     9.1450        1  -197.76305
     9.2950        1  -197.04310
     9.4450        1  -196.33780
     9.5950        1  -195.64903
     9.7450        1  -194.97480
     9.8950        1  -194.31505
     10.045        1  -193.66539
     10.195        1  -193.03281
     10.345        1  -192.41079
     10.495        1  -191.80240
     10.645        1  -191.21251
     10.795        1  -190.63003
     10.945        1  -190.06393
     11.095        1  -189.51342
     11.245        1  -188.97371
     11.395        1  -188.45051
     11.545        1  -187.94002
     11.695        1  -187.43584
     11.845        1  -186.94431
     11.995        1  -186.46371
     12.145        1  -185.99124
     12.295        1  -185.53062
     12.445        1  -185.08072
     12.595        1  -184.64366
     12.745        1  -184.21446
     12.895        1  -183.79100
     13.045        1  -183.37466
     13.195        1  -182.96388
     13.345        1  -182.56403
     13.495        1  -182.17288
     13.645        1  -181.78805
     13.795        1  -181.41623
     13.945        1  -181.04422
     14.095        1  -180.68539
     14.245        1  -180.33412
     14.395        1  -179.98924
     14.545        1  -179.65901
     14.695        1  -179.33754
     14.845        1  -179.01544
     14.995        1  -178.70253
     15.145        1  -178.40182
     15.295        1  -178.09907
     15.445        1  -177.81084
     15.595        1  -177.52378
     15.745        1  -177.25354
     15.895        1  -176.99698
     16.045        1  -176.74277
     16.195        1  -176.49173
     16.345        1  -176.25158
     16.495        1  -176.01927
     16.645        1  -175.79002
     16.795        1  -175.56689
     16.945        1  -175.34849
     17.095        1  -175.13503
     17.245        1  -174.93312
     17.395        1  -174.73516
     17.545        1  -174.54363
     17.695        1  -174.36936
     17.845        1  -174.19023
     17.995        1  -174.02511
     18.145        1  -173.86167
     18.295        1  -173.69830
     18.445        1  -173.54836
     18.595        1  -173.40265
     18.745        1  -173.26458
     18.895        1  -173.12275
     19.045        1  -172.98308
     19.195        1  -172.85290
     19.345        1  -172.72819
     19.495        1  -172.60426
     19.645        1  -172.48343
     19.795        1  -172.36676
     19.945        1  -172.25681
     20.095        1  -172.14279
     20.245        1  -172.02990
     20.395        1  -171.91758
     20.545        1  -171.81576
     20.695        1  -171.70717
     20.845        1  -171.60262
     20.995        1  -171.50171
     21.145        1  -171.40398
     21.295        1  -171.30476
     21.445        1  -171.21022
     21.595        1  -171.11312
     21.745        1  -171.01742
     21.895        1  -170.93049
     22.045        1  -170.84730
     22.195        1  -170.75899
     22.345        1  -170.67391
     22.495        1  -170.59004
     22.645        1  -170.50521
     22.795        1  -170.42449
     22.945        1  -170.34282
     23.095        1  -170.26722
     23.245        1  -170.18964
     23.395        1  -170.11594
     23.545        1  -170.03960
     23.695        1  -169.96671
     23.845        1  -169.89170
     23.995        1  -169.81808
     24.145        1  -169.74647
     24.295        1  -169.67786
     24.445        1  -169.60982
     24.595        1  -169.54474
     24.745        1  -169.47991
     24.895        1  -169.41470
     25.045        1  -169.35015
     25.195        1  -169.28672
     25.345        1  -169.22418
     25.495        1  -169.16632
     25.645        1  -169.11001
     25.795        1  -169.05317
     25.945        1  -168.99797
     26.095        1  -168.94184
     26.245        1  -168.89200
     26.395        1  -168.83684
     26.545        1  -168.78254
     26.695        1  -168.73140
     26.845        1  -168.67797
     26.995        1  -168.62900
     27.145        1  -168.57931
     27.295        1  -168.53097
     27.445        1  -168.49096
     27.595        1  -168.44403
     27.745        1  -168.39535
     27.895        1  -168.35370
     28.045        1  -168.31281
     28.195        1  -168.27234
     28.345        1  -168.23684
     28.495        1  -168.19681
     28.645        1  -168.15587
     28.795        1  -168.11579
     28.945        1  -168.07778
     29.095        1  -168.03965
     29.245        1  -168.00255
     29.395        1  -167.96787
     29.545        1  -167.93344
     29.695        1  -167.89767
     29.845        1  -167.86187
     29.995        1  -167.82868
     30.145        1  -167.79609
     30.295        1  -167.76722
     30.445        1  -167.73700
     30.595        1  -167.70868
     30.745        1  -167.67964
     30.895        1  -167.64917
     31.045        1  -167.62312
     31.195        1  -167.59387
     31.345        1  -167.56478
     31.495        1  -167.53694
     31.645        1  -167.51065
     31.795        1  -167.48455
     31.945        1  -167.46004
     32.095        1  -167.43517
     32.245        1  -167.40975
     32.395        1  -167.38370
     32.545        1  -167.36089
     32.695        1  -167.33762
     32.845        1  -167.31548
     32.995        1  -167.29310
     33.145        1  -167.27070
     33.295        1  -167.24942
     33.445        1  -167.22824
     33.595        1  -167.20807
     33.745        1  -167.18850
     33.895        1  -167.16903
     34.045        1  -167.15005
     34.195        1  -167.13088
     34.345        1  -167.11175
     34.495        1  -167.09439
     34.645        1  -167.07832
     34.795        1  -167.06150
     34.945        1  -167.04457
     35.095        1  -167.02846
     35.245        1  -167.01353
     35.395        1  -166.99941
     35.545        1  -166.98504
     35.695        1  -166.97236
     35.845        1  -166.95954
     35.995        1  -166.94810
     36.145        1  -166.93543
     36.295        1  -166.92401
     36.445        1  -166.91206
     36.595        1  -166.90236
     36.745        1  -166.89003
     36.895        1  -166.87984
     37.045        1  -166.86926
     37.195        1  -166.86031
     37.345        1  -166.85018
     37.495        1  -166.83952
     37.645        1  -166.82948
     37.795        1  -166.81908
     37.945        1  -166.80914
     38.095        1  -166.79983
     38.245        1  -166.79129
     38.395        1  -166.78216
     38.545        1  -166.77370
     38.695        1  -166.76455
     38.845        1  -166.75617
     38.995        1  -166.74781
     39.145        1  -166.73898
     39.295        1  -166.73068
     39.445        1  -166.72238
     39.595        1  -166.71407
     39.745        1  -166.70588
     39.895        1  -166.69774
     40.045        1  -166.68962
     40.195        1  -166.68160
     40.345        1  -166.67365
     40.495        1  -166.66568
     40.645        1  -166.65768
     40.795        1  -166.64980
     40.945        1  -166.64193
     41.095        1  -166.63410
     41.245        1  -166.62629
     41.395        1  -166.61849
     41.545        1  -166.61072
     41.695        1  -166.60307
     41.845        1  -166.59540
     41.995        1  -166.58771
     42.145        1  -166.58007
     42.295        1  -166.57247
     42.445        1  -166.56503
     42.595        1  -166.55753
     42.745        1  -166.55004
     42.895        1  -166.54258
     43.045        1  -166.53511
     43.195        1  -166.52773
     43.345        1  -166.52036
     43.495        1  -166.51309
     43.645        1  -166.50576
     43.795        1  -166.49850
     43.945        1  -166.49117
     44.095        1  -166.48390
     44.245        1  -166.47674
     44.395        1  -166.46954
     44.545        1  -166.46241
     44.695        1  -166.45529
     44.845        1  -166.44832
     44.995        1  -166.44124
     45.145        1  -166.43422
     45.295        1  -166.42734
     45.445        1  -166.42042
     45.595        1  -166.41350
     45.745        1  -166.40647
     45.895        1  -166.39959
     46.045        1  -166.39279
     46.195        1  -166.38589
     46.345        1  -166.37900
     46.495        1  -166.37215
     46.645        1  -166.36547
     46.795        1  -166.35876
     46.945        1  -166.35205
     47.095        1  -166.34531
     47.245        1  -166.33867
     47.395        1  -166.33215
     47.545        1  -166.32546
     47.695        1  -166.31890
     47.845        1  -166.31233
     47.995        1  -166.30579
     48.145        1  -166.29929
     48.295        1  -166.29270
     48.445        1  -166.28626
     48.595        1  -166.27986
     48.745        1  -166.27347
     48.895        1  -166.26713
     49.045        1  -166.26071
     49.195        1  -166.25439
     49.345        1  -166.24805
     49.495        1  -166.24178
     49.645        1  -166.23548
     49.795        1  -166.22933
     49.945        1  -166.22316
     50.095        1  -166.21697
     50.245        1  -166.21079
     50.395        1  -166.20471
     50.545        1  -166.19850
     50.695        1  -166.19238
     50.845        1  -166.18637
     50.995        1  -166.18032
     51.145        1  -166.17430
     51.295        1  -166.16829
     51.445        1  -166.16235
     51.595        1  -166.15639
     51.745        1  -166.15049
     51.895        1  -166.14445
     52.045        1  -166.13850
     52.195        1  -166.13266
     52.345        1  -166.12680
     52.495        1  -166.12100
     52.645        1  -166.11522
     52.795        1  -166.10938
     52.945        1  -166.10359
     53.095        1  -166.09784
     53.245        1  -166.09212
     53.395        1  -166.08642
     53.545        1  -166.08074
     53.695        1  -166.07506
     53.845        1  -166.06936
     53.995        1  -166.06381
     54.145        1  -166.05822
     54.295        1  -166.05263
     54.445        1  -166.04705
     54.595        1  -166.04150
     54.745        1  -166.03611
     54.895        1  -166.03066
     55.045        1  -166.02517
     55.195        1  -166.01965
     55.345        1  -166.01421
     55.495        1  -166.00875
     55.645        1  -166.00333
     55.795        1  -165.99791
     55.945        1  -165.99254
     56.095        1  -165.98714
     56.245        1  -165.98180
     56.395        1  -165.97652
     56.545        1  -165.97125
     56.695        1  -165.96598
     56.845        1  -165.96070
     56.995        1  -165.95548
     57.145        1  -165.95022
     57.295        1  -165.94503
     57.445        1  -165.93988
     57.595        1  -165.93466
     57.745        1  -165.92946
     57.895        1  -165.92431
     58.045        1  -165.91926
     58.195        1  -165.91414
     58.345        1  -165.90909
     58.495        1  -165.90400
     58.645        1  -165.89890
     58.795        1  -165.89388
     58.945        1  -165.88884
     59.095        1  -165.88385
     59.245        1  -165.87881
     59.395        1  -165.87384
     59.545        1  -165.86884
     59.695        1  -165.86389
     59.845        1  -165.85896
     59.995        1  -165.85418
     60.145        1  -165.84932
     70.939        1  -165.24017
     97.698        1  -164.66270
     134.55        1  -164.11045
     185.30        1  -163.58080
     255.20        1  -163.07016
     351.46        1  -162.57595
     484.04        1  -162.09637
     666.62        1  -161.63093
     918.07        1  -161.17922
     1264.4        1  -160.73974
     1741.3        1  -160.31171
     2398.1        1  -159.89583
     3302.7        1  -159.48965
     4548.5        1  -159.09492
     6264.3        1  -158.71029
     8627.2        1  -158.33603
     11881.        1  -157.97199
     16363.        1  -157.61729
     22535.        1  -157.27244
     31036.        1  -156.93684
     42743.        1  -156.60989
     58866.        1  -156.29156
     81070.        1  -155.98132
    0.11165E+06    1  -155.67961
    0.15377E+06    1  -155.38762
    0.21177E+06    1  -155.10443
    0.29165E+06    1  -154.83108
    0.40166E+06    1  -154.56815
    0.55317E+06    1  -154.31642
    0.76182E+06    1  -154.07618
    0.10492E+07    1  -153.84654
    0.14449E+07    1  -153.62741
    0.19900E+07    1  -153.41845
    0.27406E+07    1  -153.21933
    0.37744E+07    1  -153.02924
    0.51981E+07    1  -152.84775
    0.71589E+07    1  -152.67498
    0.98593E+07    1  -152.51036
    0.13578E+08    1  -152.35353
    0.18700E+08    1  -152.20401
    0.25754E+08    1  -152.06170
    0.35468E+08    1  -151.92623
    0.48847E+08    1  -151.79723
    0.67273E+08    1  -151.67425
    0.92648E+08    1  -151.55701
    0.12760E+09    1  -151.44552
    0.17573E+09    1  -151.33939
    0.24201E+09    1  -151.23898
    0.33330E+09    1  -151.14478
    0.45902E+09    1  -151.05670
    0.63217E+09    1  -150.97498
    0.87062E+09    1  -150.89883
    0.11990E+10    1  -150.82770
    0.16513E+10    1  -150.76093
    0.22742E+10    1  -150.69838
    0.31320E+10    1  -150.63976
    0.43134E+10    1  -150.58562
    0.59405E+10    1  -150.53662
    0.81813E+10    1  -150.49148
    0.11267E+11    1  -150.44993
    0.15517E+11    1  -150.41169
    0.21371E+11    1  -150.37645
    0.29432E+11    1  -150.34376
    0.40534E+11    1  -150.31372
    0.55823E+11    1  -150.28593
    0.10000E+12    1  -149.95209
    -149.95        2     0.00000
    -149.79        2     0.00000
    -149.65        2     0.00000
    -149.49        2     0.00000
    -149.34        2     0.00000
    -149.20        2     0.00000
    -149.04        2     0.00000
    -148.90        2     0.00000
    -148.74        2     0.00000
    -148.59        2     0.00000
    -148.45        2     0.00000
    -148.29        2     0.00000
    -148.15        2     0.00000
    -147.99        2     0.00000
    -147.84        2     0.00000
    -147.70        2     0.00000
    -147.54        2     0.00000
    -147.40        2     0.00000
    -147.24        2     0.00000
    -147.09        2     0.00000
    -146.95        2     0.00000
    -146.79        2     0.00000
    -146.65        2     0.00000
    -146.49        2     0.00000
    -146.34        2     0.00000
    -146.20        2     0.00000
    -146.04        2     0.00000
    -145.90        2     0.00000
    -145.74        2     0.00000
    -145.59        2     0.00000
    -145.45        2     0.00000
    -145.29        2     0.00000
    -145.15        2     0.00000
    -144.99        2     0.00000
    -144.84        2     0.00000
    -144.70        2     0.00000
    -144.54        2     0.00000
    -144.40        2     0.00000
    -144.24        2     0.00000
    -144.09        2     0.00000
    -143.95        2     0.00000
    -143.79        2     0.00000
    -143.65        2     0.00000
    -143.49        2     0.00000
    -143.34        2     0.00000
    -143.20        2     0.00000
    -143.04        2     0.00000
    -142.90        2     0.00000
    -142.74        2     0.00000
    -142.59        2     0.00000
    -142.45        2     0.00000
    -142.29        2     0.00000
    -142.15        2     0.00000
    -141.99        2     0.00000
    -141.84        2     0.00000
    -141.70        2     0.00000
    -141.54        2     0.00000
    -141.40        2     0.00000
    -141.24        2     0.00000
    -141.09        2     0.00000
    -140.95        2     0.00000
    -140.79        2     0.00000
    -140.65        2     0.00000
    -140.49        2     0.00000
    -140.34        2     0.00000
    -140.20        2     0.00000
    -140.04        2     0.00000
    -139.90        2     0.00000
    -139.74        2     0.00000
    -139.59        2     0.00000
    -139.45        2     0.00000
    -139.29        2     0.00000
    -139.15        2     0.00000
    -138.99        2     0.00000
    -138.84        2     0.00000
    -138.70        2     0.00000
    -138.54        2     0.00000
    -138.40        2     0.00000
    -138.24        2     0.00000
    -138.09        2     0.00000
    -137.95        2     0.00000
    -137.79        2     0.00000
    -137.65        2     0.00000
    -137.49        2     0.00000
    -137.34        2     0.00000
    -137.20        2     0.00000
    -137.04        2     0.00000
    -136.90        2     0.00000
    -136.74        2     0.00000
    -136.59        2     0.00000
    -136.45        2     0.00000
    -136.29        2     0.00000
    -136.15        2     0.00000
    -135.99        2     0.00000
    -135.84        2     0.00000
    -135.70        2     0.00000
    -135.54        2     0.00000
    -135.40        2     0.00000
    -135.24        2     0.00000
    -135.09        2     0.00000
    -134.95        2     0.00000
    -134.79        2     0.00000
    -134.65        2     0.00000
    -134.49        2     0.00000
    -134.34        2     0.00000
    -134.20        2     0.00000
    -134.04        2     0.00000
    -133.90        2     0.00000
    -133.74        2     0.00000
    -133.59        2     0.00000
    -133.45        2     0.00000
    -133.29        2     0.00000
    -133.15        2     0.00000
    -132.99        2     0.00000
    -132.84        2     0.00000
    -132.70        2     0.00000
    -132.54        2     0.00000
    -132.40        2     0.00000
    -132.24        2     0.00000
    -132.09        2     0.00000
    -131.95        2     0.00000
    -131.79        2     0.00000
    -131.65        2     0.00000
    -131.49        2     0.00000
    -131.34        2     0.00000
    -131.20        2     0.00000
    -131.04        2     0.00000
    -130.90        2     0.00000
    -130.74        2     0.00000
    -130.59        2     0.00000
    -130.45        2     0.00000
    -130.29        2     0.00000
    -130.15        2     0.00000
    -129.99        2     0.00000
    -129.84        2     0.00000
    -129.70        2     0.00000
    -129.54        2     0.00000
    -129.40        2     0.00000
    -129.24        2     0.00000
    -129.09        2     0.00000
    -128.95        2     0.00000
    -128.79        2     0.00000
    -128.65        2     0.00000
    -128.49        2     0.00000
    -128.34        2     0.00000
    -128.20        2     0.00000
    -128.04        2     0.00000
    -127.89        2     0.00000
    -127.75        2     0.00000
    -127.60        2     0.00000
    -127.44        2     0.00000
    -127.30        2     0.00000
    -127.14        2     0.00000
    -127.00        2     0.00000
    -126.85        2     0.00000
    -126.69        2     0.00000
    -126.55        2     0.00000
    -126.39        2     0.00000
    -126.25        2     0.00000
    -126.10        2     0.00000
    -125.94        2     0.00000
    -125.80        2     0.00000
    -125.64        2     0.00000
    -125.50        2     0.00000
    -125.35        2     0.00000
    -125.19        2     0.00000
    -125.05        2     0.00000
    -124.89        2     0.00000
    -124.75        2     0.00000
    -124.60        2     0.00000
    -124.44        2     0.00000
    -124.30        2     0.00000
    -124.14        2     0.00000
    -124.00        2     0.00000
    -123.85        2     0.00000
    -123.69        2     0.00000
    -123.55        2     0.00000
    -123.39        2     0.00000
    -123.25        2     0.00000
    -123.10        2     0.00000
    -122.94        2     0.00000
    -122.80        2     0.00000
    -122.64        2     0.00000
    -122.50        2     0.00000
    -122.35        2     0.00000
    -122.19        2     0.00000
    -122.05        2     0.00000
    -121.89        2     0.00000
    -121.75        2     0.00000
    -121.60        2     0.00000
    -121.44        2     0.00000
    -121.30        2     0.00000
    -121.14        2     0.00000
    -121.00        2     0.00000
    -120.85        2     0.00000
    -120.69        2     0.00000
    -120.55        2     0.00000
    -120.39        2     0.00000
    -120.25        2     0.00000
    -120.10        2     0.00000
    -119.94        2     0.00000
    -119.80        2     0.00000
    -119.64        2     0.00000
    -119.50        2     0.00000
    -119.35        2     0.00000
    -119.19        2     0.00000
    -119.05        2     0.00000
    -118.89        2     0.00000
    -118.75        2     0.00000
    -118.60        2     0.00000
    -118.44        2     0.00000
    -118.30        2     0.00000
    -118.14        2     0.00000
    -118.00        2     0.00000
    -117.85        2     0.00000
    -117.69        2     0.00000
    -117.55        2     0.00000
    -117.39        2     0.00000
    -117.25        2     0.00000
    -117.10        2     0.00000
    -116.94        2     0.00000
    -116.80        2     0.00000
    -116.64        2     0.00000
    -116.50        2     0.00000
    -116.35        2     0.00000
    -116.19        2     0.00000
    -116.05        2     0.00000
    -115.89        2     0.00000
    -115.75        2     0.00000
    -115.60        2     0.00000
    -115.44        2     0.00000
    -115.30        2     0.00000
    -115.14        2     0.00000
    -115.00        2     0.00000
    -114.85        2     0.00000
    -114.69        2     0.00000
    -114.55        2     0.00000
    -114.39        2     0.00000
    -114.25        2     0.00000
    -114.10        2     0.00000
    -113.94        2     0.00000
    -113.80        2     0.00000
    -113.64        2     0.00000
    -113.50        2     0.00000
    -113.35        2     0.00000
    -113.19        2     0.00000
    -113.05        2     0.00000
    -112.89        2     0.00000
    -112.75        2     0.00000
    -112.60        2     0.00000
    -112.44        2     0.00000
    -112.30        2     0.00000
    -112.14        2     0.00000
    -112.00        2     0.00000
    -111.85        2     0.00000
    -111.69        2     0.00000
    -111.55        2     0.00000
    -111.39        2     0.00000
    -111.25        2     0.00000
    -111.10        2     0.00000
    -110.94        2     0.00000
    -110.80        2     0.00000
    -110.64        2     0.00000
    -110.50        2     0.00000
    -110.35        2     0.00000
    -110.19        2     0.00000
    -110.05        2     0.00000
    -109.89        2     0.00000
    -109.75        2     0.00000
    -109.60        2     0.00000
    -109.44        2     0.00000
    -109.30        2     0.00000
    -109.14        2     0.00000
    -109.00        2     0.00000
    -108.85        2     0.00000
    -108.69        2     0.00000
    -108.55        2     0.00000
    -108.39        2     0.00000
    -108.25        2     0.00000
    -108.10        2     0.00000
    -107.94        2     0.00000
    -107.80        2     0.00000
    -107.64        2     0.00000
    -107.50        2     0.00000
    -107.35        2     0.00000
    -107.19        2     0.00000
    -107.05        2     0.00000
    -106.89        2     0.00000
    -106.75        2     0.00000
    -106.60        2     0.00000
    -106.44        2     0.00000
    -106.30        2     0.00000
    -106.14        2     0.00000
    -106.00        2     0.00000
    -105.85        2     0.00000
    -105.69        2     0.00000
    -105.55        2     0.00000
    -105.39        2     0.00000
    -105.25        2     0.00000
    -105.10        2     0.00000
    -104.94        2     0.00000
    -104.80        2     0.00000
    -104.64        2     0.00000
    -104.50        2     0.00000
    -104.35        2     0.00000
    -104.19        2     0.00000
    -104.05        2     0.00000
    -103.89        2     0.00000
    -103.75        2     0.00000
    -103.60        2     0.00000
    -103.44        2     0.00000
    -103.30        2     0.00000
    -103.14        2     0.00000
    -103.00        2     0.00000
    -102.85        2     0.00000
    -102.69        2     0.00000
    -102.55        2     0.00000
    -102.39        2     0.00000
    -102.25        2     0.00000
    -102.10        2     0.00000
    -101.94        2     0.00000
    -101.80        2     0.00000
    -101.64        2     0.00000
    -101.50        2     0.00000
    -101.35        2     0.00000
    -101.19        2     0.00000
    -101.05        2     0.00000
    -100.89        2     0.00000
    -100.75        2     0.00000
    -100.60        2     0.00000
    -100.44        2     0.00000
    -100.30        2     0.00000
    -100.14        2     0.00000
    -99.995        2     0.00000
    -99.845        2     0.00000
    -99.695        2     0.00000
    -99.545        2     0.00000
    -99.395        2     0.00000
    -99.245        2     0.00000
    -99.095        2     0.00000
    -98.945        2     0.00000
    -98.795        2     0.00000
    -98.645        2     0.00000
    -98.495        2     0.00000
    -98.345        2     0.00000
    -98.195        2     0.00000
    -98.045        2     0.00000
    -97.895        2     0.00000
    -97.745        2     0.00000
    -97.595        2     0.00000
    -97.445        2     0.00000
    -97.295        2     0.00000
    -97.145        2     0.00000
    -96.995        2     0.00000
    -96.845        2     0.00000
    -96.695        2     0.00000
    -96.545        2     0.00000
    -96.395        2     0.00000
    -96.245        2     0.00000
    -96.095        2     0.00000
    -95.945        2     0.00000
    -95.795        2     0.00000
    -95.645        2     0.00000
    -95.495        2     0.00000
    -95.345        2     0.00000
    -95.195        2     0.00000
    -95.045        2     0.00000
    -94.895        2     0.00000
    -94.745        2     0.00000
    -94.595        2     0.00000
    -94.445        2     0.00000
    -94.295        2     0.00000
    -94.145        2     0.00000
    -93.995        2     0.00000
    -93.845        2     0.00000
    -93.695        2     0.00000
    -93.545        2     0.00000
    -93.395        2     0.00000
    -93.245        2     0.00000
    -93.095        2     0.00000
    -92.945        2     0.00000
    -92.795        2     0.00000
    -92.645        2     0.00000
    -92.495        2     0.00000
    -92.345        2     0.00000
    -92.195        2     0.00000
    -92.045        2     0.00000
    -91.895        2     0.00000
    -91.745        2     0.00000
    -91.595        2     0.00000
    -91.445        2     0.00000
    -91.295        2     0.00000
    -91.145        2     0.00000
    -90.995        2     0.00000
    -90.845        2     0.00000
    -90.695        2     0.00000
    -90.545        2     0.00000
    -90.395        2     0.00000
    -90.245        2     0.00000
    -90.095        2     0.00000
    -89.945        2     0.00000
    -89.795        2     0.00000
    -89.645        2     0.00000
    -89.495        2     0.00000
    -89.345        2     0.00000
    -89.195        2     0.00000
    -89.045        2     0.00000
    -88.895        2     0.00000
    -88.745        2     0.00000
    -88.595        2     0.00000
    -88.445        2     0.00000
    -88.295        2     0.00000
    -88.145        2     0.00000
    -87.995        2     0.00000
    -87.845        2     0.00000
    -87.695        2     0.00000
    -87.545        2     0.00000
    -87.395        2     0.00000
    -87.245        2     0.00000
    -87.095        2     0.00000
    -86.945        2     0.00000
    -86.795        2     0.00000
    -86.645        2     0.00000
    -86.495        2     0.00000
    -86.345        2     0.00000
    -86.195        2     0.00000
    -86.045        2     0.00000
    -85.895        2     0.00000
    -85.745        2     0.00000
    -85.595        2     0.00000
    -85.445        2     0.00000
    -85.295        2     0.00000
    -85.145        2     0.00000
    -84.995        2     0.00000
    -84.845        2     0.00000
    -84.695        2     0.00000
    -84.545        2     0.00000
    -84.395        2     0.00000
    -84.245        2     0.00000
    -84.095        2     0.00000
    -83.945        2     0.00000
    -83.795        2     0.00000
    -83.645        2     0.00000
    -83.495        2     0.00000
    -83.345        2     0.00000
    -83.195        2     0.00000
    -83.045        2     0.00000
    -82.895        2     0.00000
    -82.745        2     0.00000
    -82.595        2     0.00000
    -82.445        2     0.00000
    -82.295        2     0.00000
    -82.145        2     0.00000
    -81.995        2     0.00000
    -81.845        2     0.00000
    -81.695        2     0.00000
    -81.545        2     0.00000
    -81.395        2     0.00000
    -81.245        2     0.00000
    -81.095        2     0.00000
    -80.945        2     0.00000
    -80.795        2     0.00000
    -80.645        2     0.00000
    -80.495        2     0.00000
    -80.345        2     0.00000
    -80.195        2     0.00000
    -80.045        2     0.00000
    -79.895        2     0.00000
    -79.745        2     0.00000
    -79.595        2     0.00000
    -79.445        2     0.00000
    -79.295        2     0.00000
    -79.145        2     0.00000
    -78.995        2     0.00000
    -78.845        2     0.00000
    -78.695        2     0.00000
    -78.545        2     0.00000
    -78.395        2     0.00000
    -78.245        2     0.00000
    -78.095        2     0.00000
    -77.945        2     0.00000
    -77.795        2     0.00000
    -77.645        2     0.00000
    -77.495        2     0.00000
    -77.345        2     0.00000
    -77.195        2     0.00000
    -77.045        2     0.00000
    -76.895        2     0.00000
    -76.745        2     0.00000
    -76.595        2     0.00000
    -76.445        2     0.00000
    -76.295        2     0.00000
    -76.145        2     0.00000
    -75.995        2     0.00000
    -75.845        2     0.00000
    -75.695        2     0.00000
    -75.545        2     0.00000
    -75.395        2     0.00000
    -75.245        2     0.00000
    -75.095        2     0.00000
    -74.945        2     0.00000
    -74.795        2     0.00000
    -74.645        2     0.00000
    -74.495        2     0.00000
    -74.345        2     0.00000
    -74.195        2     0.00000
    -74.045        2     0.00000
    -73.895        2     0.00000
    -73.745        2     0.00000
    -73.595        2     0.00000
    -73.445        2     0.00000
    -73.295        2     0.00000
    -73.145        2     0.00000
    -72.995        2     0.00000
    -72.845        2     0.00000
    -72.695        2     0.00000
    -72.545        2     0.00000
    -72.395        2     0.00000
    -72.245        2     0.00000
    -72.095        2     0.00000
    -71.945        2     0.00000
    -71.795        2     0.00000
    -71.645        2     0.00000
    -71.495        2     0.00000
    -71.345        2     0.00000
    -71.195        2     0.00000
    -71.045        2     0.00000
    -70.895        2     0.00000
    -70.745        2     0.00000
    -70.595        2     0.00000
    -70.445        2     0.00000
    -70.295        2     0.00000
    -70.145        2     0.00000
    -69.995        2     0.00000
    -69.845        2     0.00000
    -69.695        2     0.00000
    -69.545        2     0.00000
    -69.395        2     0.00000
    -69.245        2     0.00000
    -69.095        2     0.00000
    -68.945        2     0.00000
    -68.795        2     0.00000
    -68.645        2     0.00000
    -68.495        2     0.00000
    -68.345        2     0.00000
    -68.195        2     0.00000
    -68.045        2     0.00000
    -67.895        2     0.00000
    -67.745        2     0.00000
    -67.595        2     0.00000
    -67.445        2     0.00000
    -67.295        2     0.00000
    -67.145        2     0.00000
    -66.995        2     0.00000
    -66.845        2     0.00000
    -66.695        2     0.00000
    -66.545        2     0.00000
    -66.395        2     0.00000
    -66.245        2     0.00000
    -66.095        2    -0.00559
    -65.945        2    -0.86978
    -65.795        2    -2.25377
    -65.645        2    -3.69161
    -65.495        2    -5.13942
    -65.345        2    -6.48383
    -65.195        2    -7.71864
    -65.045        2    -8.93589
    -64.895        2   -10.30366
    -64.745        2   -11.60615
    -64.595        2   -12.82926
    -64.445        2   -13.95270
    -64.295        2   -14.95495
    -64.145        2   -15.85722
    -63.995        2   -16.65615
    -63.845        2   -17.35985
    -63.695        2   -17.98215
    -63.545        2   -18.53719
    -63.395        2   -19.02872
    -63.245        2   -19.47359
    -63.095        2   -19.86376
    -62.945        2   -20.20575
    -62.795        2   -20.50521
    -62.645        2   -20.77387
    -62.495        2   -21.05456
    -62.345        2   -21.38541
    -62.195        2   -21.73755
    -62.045        2   -22.08658
    -61.895        2   -22.43051
    -61.745        2   -22.77775
    -61.595        2   -23.13024
    -61.445        2   -23.48641
    -61.295        2   -23.83749
    -61.145        2   -24.18965
    -60.995        2   -24.53969
    -60.845        2   -24.87462
    -60.695        2   -25.21038
    -60.545        2   -25.53604
    -60.395        2   -25.86089
    -60.245        2   -26.18410
    -60.095        2   -26.52695
    -59.945        2   -26.85444
    -59.795        2   -27.19448
    -59.645        2   -27.52774
    -59.495        2   -27.87405
    -59.345        2   -28.22487
    -59.195        2   -28.57059
    -59.045        2   -28.91641
    -58.895        2   -29.26074
    -58.745        2   -29.60351
    -58.595        2   -29.99152
    -58.445        2   -30.42702
    -58.295        2   -30.88791
    -58.145        2   -31.39697
    -57.995        2   -31.93039
    -57.845        2   -32.50352
    -57.695        2   -33.10844
    -57.545        2   -33.76581
    -57.395        2   -34.44071
    -57.245        2   -35.14822
    -57.095        2   -35.88447
    -56.945        2   -36.64430
    -56.795        2   -37.41019
    -56.645        2   -38.18358
    -56.495        2   -38.95108
    -56.345        2   -39.71842
    -56.195        2   -40.47438
    -56.045        2   -41.20270
    -55.895        2   -41.92440
    -55.745        2   -42.58914
    -55.595        2   -43.26020
    -55.445        2   -43.89207
    -55.295        2   -44.51492
    -55.145        2   -45.09522
    -54.995        2   -45.67086
    -54.845        2   -46.21028
    -54.695        2   -46.72064
    -54.545        2   -47.20143
    -54.395        2   -47.64987
    -54.245        2   -48.07763
    -54.095        2   -48.47722
    -53.945        2   -48.86039
    -53.795        2   -49.21444
    -53.645        2   -49.54342
    -53.495        2   -49.85486
    -53.345        2   -50.15260
    -53.195        2   -50.43353
    -53.045        2   -50.68058
    -52.895        2   -50.92916
    -52.745        2   -51.16810
    -52.595        2   -51.38828
    -52.445        2   -51.60765
    -52.295        2   -51.82281
    -52.145        2   -52.04731
    -51.995        2   -52.29652
    -51.845        2   -52.57399
    -51.695        2   -52.88146
    -51.545        2   -53.20143
    -51.395        2   -53.51903
    -51.245        2   -53.83867
    -51.095        2   -54.15756
    -50.945        2   -54.45939
    -50.795        2   -54.76174
    -50.645        2   -55.05500
    -50.495        2   -55.34668
    -50.345        2   -55.63372
    -50.195        2   -55.91486
    -50.045        2   -56.18978
    -49.895        2   -56.46237
    -49.745        2   -56.73624
    -49.595        2   -57.00543
    -49.445        2   -57.27702
    -49.295        2   -57.55437
    -49.145        2   -57.83276
    -48.995        2   -58.11571
    -48.845        2   -58.40281
    -48.695        2   -58.70943
    -48.545        2   -59.01833
    -48.395        2   -59.34326
    -48.245        2   -59.66624
    -48.095        2   -59.99866
    -47.945        2   -60.33768
    -47.795        2   -60.72598
    -47.645        2   -61.15283
    -47.495        2   -61.61003
    -47.345        2   -62.08375
    -47.195        2   -62.55109
    -47.045        2   -63.03101
    -46.895        2   -63.49274
    -46.745        2   -63.96908
    -46.595        2   -64.42320
    -46.445        2   -64.86938
    -46.295        2   -65.30949
    -46.145        2   -65.72863
    -45.995        2   -66.12641
    -45.845        2   -66.51654
    -45.695        2   -66.88934
    -45.545        2   -67.24349
    -45.395        2   -67.58519
    -45.245        2   -67.91334
    -45.095        2   -68.22718
    -44.945        2   -68.52945
    -44.795        2   -68.82537
    -44.645        2   -69.10995
    -44.495        2   -69.38522
    -44.345        2   -69.64232
    -44.195        2   -69.89148
    -44.045        2   -70.12324
    -43.895        2   -70.35417
    -43.745        2   -70.56768
    -43.595        2   -70.77069
    -43.445        2   -70.97905
    -43.295        2   -71.17242
    -43.145        2   -71.35243
    -42.995        2   -71.52757
    -42.845        2   -71.69753
    -42.695        2   -71.86594
    -42.545        2   -72.03102
    -42.395        2   -72.18981
    -42.245        2   -72.36290
    -42.095        2   -72.54651
    -41.945        2   -72.74393
    -41.795        2   -72.93962
    -41.645        2   -73.14025
    -41.495        2   -73.33314
    -41.345        2   -73.52742
    -41.195        2   -73.72057
    -41.045        2   -73.90689
    -40.895        2   -74.09595
    -40.745        2   -74.28193
    -40.595        2   -74.46071
    -40.445        2   -74.63533
    -40.295        2   -74.81097
    -40.145        2   -74.98777
    -39.995        2   -75.14945
    -39.845        2   -75.31308
    -39.695        2   -75.47135
    -39.545        2   -75.62142
    -39.395        2   -75.76979
    -39.245        2   -75.91122
    -39.095        2   -76.05624
    -38.945        2   -76.19441
    -38.795        2   -76.32796
    -38.645        2   -76.45590
    -38.495        2   -76.58869
    -38.345        2   -76.72175
    -38.195        2   -76.85165
    -38.045        2   -76.98037
    -37.895        2   -77.11270
    -37.745        2   -77.24501
    -37.595        2   -77.37216
    -37.445        2   -77.50123
    -37.295        2   -77.63247
    -37.145        2   -77.75539
    -36.995        2   -77.87964
    -36.845        2   -78.00837
    -36.695        2   -78.15376
    -36.545        2   -78.30883
    -36.395        2   -78.47248
    -36.245        2   -78.63973
    -36.095        2   -78.81659
    -35.945        2   -79.00254
    -35.795        2   -79.19108
    -35.645        2   -79.38451
    -35.495        2   -79.57848
    -35.345        2   -79.78159
    -35.195        2   -79.97865
    -35.045        2   -80.18158
    -34.895        2   -80.38513
    -34.745        2   -80.58355
    -34.595        2   -80.78873
    -34.445        2   -80.99113
    -34.295        2   -81.18461
    -34.145        2   -81.38462
    -33.995        2   -81.57486
    -33.845        2   -81.76956
    -33.695        2   -81.96128
    -33.545        2   -82.14828
    -33.395        2   -82.33974
    -33.245        2   -82.51924
    -33.095        2   -82.70219
    -32.945        2   -82.88174
    -32.795        2   -83.06184
    -32.645        2   -83.24486
    -32.495        2   -83.42440
    -32.345        2   -83.60202
    -32.195        2   -83.78247
    -32.045        2   -83.96486
    -31.895        2   -84.13935
    -31.745        2   -84.31080
    -31.595        2   -84.48629
    -31.445        2   -84.65869
    -31.295        2   -84.83268
    -31.145        2   -85.00403
    -30.995        2   -85.17460
    -30.845        2   -85.35058
    -30.695        2   -85.53247
    -30.545        2   -85.71882
    -30.395        2   -85.90199
    -30.245        2   -86.08952
    -30.095        2   -86.27830
    -29.945        2   -86.46699
    -29.795        2   -86.66111
    -29.645        2   -86.85622
    -29.495        2   -87.05070
    -29.345        2   -87.23689
    -29.195        2   -87.43827
    -29.045        2   -87.63308
    -28.895        2   -87.82086
    -28.745        2   -88.01357
    -28.595        2   -88.20604
    -28.445        2   -88.39563
    -28.295        2   -88.58185
    -28.145        2   -88.76534
    -27.995        2   -88.95039
    -27.845        2   -89.12999
    -27.695        2   -89.31380
    -27.545        2   -89.49096
    -27.395        2   -89.66396
    -27.245        2   -89.83381
    -27.095        2   -90.00946
    -26.945        2   -90.18201
    -26.795        2   -90.35507
    -26.645        2   -90.52197
    -26.495        2   -90.68418
    -26.345        2   -90.84634
    -26.195        2   -91.00977
    -26.045        2   -91.17145
    -25.895        2   -91.33647
    -25.745        2   -91.50428
    -25.595        2   -91.66894
    -25.445        2   -91.83923
    -25.295        2   -92.00892
    -25.145        2   -92.17315
    -24.995        2   -92.34399
    -24.845        2   -92.50840
    -24.695        2   -92.67725
    -24.545        2   -92.84645
    -24.395        2   -93.02129
    -24.245        2   -93.19446
    -24.095        2   -93.36989
    -23.945        2   -93.54188
    -23.795        2   -93.71120
    -23.645        2   -93.88416
    -23.495        2   -94.05487
    -23.345        2   -94.22965
    -23.195        2   -94.40438
    -23.045        2   -94.58326
    -22.895        2   -94.75894
    -22.745        2   -94.93502
    -22.595        2   -95.10776
    -22.445        2   -95.28402
    -22.295        2   -95.46183
    -22.145        2   -95.64174
    -21.995        2   -95.82223
    -21.845        2   -96.00725
    -21.695        2   -96.19293
    -21.545        2   -96.38137
    -21.395        2   -96.57347
    -21.245        2   -96.75808
    -21.095        2   -96.95401
    -20.945        2   -97.15235
    -20.795        2   -97.35119
    -20.645        2   -97.55131
    -20.495        2   -97.75824
    -20.345        2   -97.95927
    -20.195        2   -98.16450
    -20.045        2   -98.37788
    -19.895        2   -98.59381
    -19.745        2   -98.81347
    -19.595        2   -99.03447
    -19.445        2   -99.26025
    -19.295        2   -99.48734
    -19.145        2   -99.72058
    -18.995        2   -99.95539
    -18.845        2  -100.19548
    -18.695        2  -100.43082
    -18.545        2  -100.67193
    -18.395        2  -100.92277
    -18.245        2  -101.16700
    -18.095        2  -101.42253
    -17.945        2  -101.67636
    -17.795        2  -101.93694
    -17.645        2  -102.18653
    -17.495        2  -102.44800
    -17.345        2  -102.71554
    -17.195        2  -102.98420
    -17.045        2  -103.25265
    -16.895        2  -103.52614
    -16.745        2  -103.80377
    -16.595        2  -104.08806
    -16.445        2  -104.37321
    -16.295        2  -104.66318
    -16.145        2  -104.95472
    -15.995        2  -105.24927
    -15.845        2  -105.55209
    -15.695        2  -105.85174
    -15.545        2  -106.15961
    -15.395        2  -106.47324
    -15.245        2  -106.78714
    -15.095        2  -107.10997
    -14.945        2  -107.43818
    -14.795        2  -107.77478
    -14.645        2  -108.11788
    -14.495        2  -108.45856
    -14.345        2  -108.81208
    -14.195        2  -109.16968
    -14.045        2  -109.52822
    -13.895        2  -109.90276
    -13.745        2  -110.28225
    -13.595        2  -110.66865
    -13.445        2  -111.06011
    -13.295        2  -111.46713
    -13.145        2  -111.87974
    -12.995        2  -112.30707
    -12.845        2  -112.73470
    -12.695        2  -113.17756
    -12.545        2  -113.62860
    -12.395        2  -114.09308
    -12.245        2  -114.56355
    -12.095        2  -115.04782
    -11.945        2  -115.53996
    -11.795        2  -116.04256
    -11.645        2  -116.55732
    -11.495        2  -117.08367
    -11.345        2  -117.61593
    -11.195        2  -118.16306
    -11.045        2  -118.71432
    -10.895        2  -119.27895
    -10.745        2  -119.85249
    -10.595        2  -120.43421
    -10.445        2  -121.02767
    -10.295        2  -121.63570
    -10.145        2  -122.25449
    -9.9950        2  -122.88068
    -9.8450        2  -123.51635
    -9.6950        2  -124.16506
    -9.5450        2  -124.82929
    -9.3950        2  -125.50419
    -9.2450        2  -126.19178
    -9.0950        2  -126.89395
    -8.9450        2  -127.61842
    -8.7950        2  -128.35295
    -8.6450        2  -129.10394
    -8.4950        2  -129.87055
    -8.3450        2  -130.65979
    -8.1950        2  -131.47136
    -8.0450        2  -132.29275
    -7.8950        2  -133.13830
    -7.7450        2  -134.00117
    -7.5950        2  -134.89034
    -7.4450        2  -135.80492
    -7.2950        2  -136.74290
    -7.1450        2  -137.70774
    -6.9950        2  -138.70259
    -6.8450        2  -139.72503
    -6.6950        2  -140.78080
    -6.5450        2  -141.86315
    -6.3950        2  -142.98089
    -6.2450        2  -144.13274
    -6.0950        2  -145.31153
    -5.9450        2  -146.52223
    -5.7950        2  -147.75459
    -5.6450        2  -149.02216
    -5.4950        2  -150.31884
    -5.3450        2  -151.64379
    -5.1950        2  -153.00397
    -5.0450        2  -154.39677
    -4.8950        2  -155.83101
    -4.7450        2  -157.30023
    -4.5950        2  -158.81843
    -4.4450        2  -160.37336
    -4.2950        2  -161.97555
    -4.1450        2  -163.62448
    -3.9950        2  -165.32268
    -3.8450        2  -167.07456
    -3.6950        2  -168.88237
    -3.5450        2  -170.75530
    -3.3950        2  -172.69551
    -3.2450        2  -174.69861
    -3.0950        2  -176.77595
    -2.9450        2  -178.92588
    -2.7950        2  -181.15829
    -2.6450        2  -183.47521
    -2.4950        2  -185.88523
    -2.3450        2  -188.39853
    -2.1950        2  -191.02954
    -2.0450        2  -193.79759
    -1.8950        2  -196.72360
    -1.7450        2  -199.81934
    -1.5950        2  -203.10826
    -1.4450        2  -206.61481
    -1.2950        2  -210.37076
    -1.1450        2  -214.43008
   -0.99500        2  -218.91643
   -0.84500        2  -223.72019
   -0.69500        2  -228.77597
   -0.54500        2  -234.14411
   -0.39500        2  -239.82260
   -0.25300        2  -243.42107
   -0.21500        2  -243.63631
   -0.20900        2  -243.85037
   -0.20300        2  -244.06334
   -0.19700        2  -244.27500
   -0.19100        2  -244.48536
   -0.18500        2  -244.69397
   -0.17900        2  -244.90079
   -0.17300        2  -245.10552
   -0.16700        2  -245.30869
   -0.16100        2  -245.51011
   -0.15500        2  -245.70971
   -0.14900        2  -245.90845
   -0.14300        2  -246.10742
   -0.13700        2  -246.30493
   -0.13100        2  -246.49780
   -0.12500        2  -246.68484
   -0.11900        2  -246.86607
   -0.11300        2  -247.04171
   -0.10700        2  -247.21113
   -0.10100        2  -247.37398
   -0.95000E-01    2  -247.53027
   -0.89000E-01    2  -247.67933
   -0.83000E-01    2  -247.82089
   -0.77000E-01    2  -247.95502
   -0.71000E-01    2  -248.08113
   -0.65000E-01    2  -248.19885
   -0.59000E-01    2  -248.30813
   -0.53000E-01    2  -248.40830
   -0.47000E-01    2  -248.49907
   -0.41000E-01    2  -248.57989
   -0.35000E-01    2  -248.65045
   -0.29000E-01    2  -248.71021
   -0.23000E-01    2  -248.75866
   -0.19700E-01    2  -248.76287
   -0.19100E-01    2  -248.76696
   -0.18500E-01    2  -248.77092
   -0.17900E-01    2  -248.77475
   -0.17300E-01    2  -248.77848
   -0.16700E-01    2  -248.78208
   -0.16100E-01    2  -248.78555
   -0.15500E-01    2  -248.78891
   -0.14900E-01    2  -248.79215
   -0.14300E-01    2  -248.79527
   -0.13700E-01    2  -248.79827
   -0.13100E-01    2  -248.80113
   -0.12500E-01    2  -248.80388
   -0.11900E-01    2  -248.80649
   -0.11300E-01    2  -248.80897
   -0.10700E-01    2  -248.81133
   -0.10100E-01    2  -248.81357
   -0.95000E-02    2  -248.81567
   -0.89000E-02    2  -248.81765
   -0.83000E-02    2  -248.81951
   -0.77000E-02    2  -248.82122
   -0.71000E-02    2  -248.82282
   -0.65000E-02    2  -248.82427
   -0.59000E-02    2  -248.82560
   -0.53000E-02    2  -248.82679
   -0.47000E-02    2  -248.82786
   -0.41000E-02    2  -248.82878
   -0.35000E-02    2  -248.82958
   -0.29000E-02    2  -248.83024
   -0.23000E-02    2  -248.83076
   -0.17000E-02    2  -248.83115
   -0.11000E-02    2  -248.83140
   -0.50000E-03    2  -248.83152
    0.10000E-03    2  -248.83149
    0.70000E-03    2  -248.83133
    0.13000E-02    2  -248.83103
    0.19000E-02    2  -248.83059
    0.25000E-02    2  -248.83001
    0.31000E-02    2  -248.82928
    0.37000E-02    2  -248.82842
    0.43000E-02    2  -248.82741
    0.49000E-02    2  -248.82626
    0.55000E-02    2  -248.82497
    0.61000E-02    2  -248.82353
    0.67000E-02    2  -248.82194
    0.73000E-02    2  -248.82022
    0.79000E-02    2  -248.81834
    0.85000E-02    2  -248.81631
    0.91000E-02    2  -248.81413
    0.97000E-02    2  -248.81181
    0.10300E-01    2  -248.80932
    0.10900E-01    2  -248.80670
    0.11500E-01    2  -248.80393
    0.12100E-01    2  -248.80100
    0.12700E-01    2  -248.79792
    0.13300E-01    2  -248.79469
    0.13900E-01    2  -248.79131
    0.14500E-01    2  -248.78777
    0.15100E-01    2  -248.78407
    0.15700E-01    2  -248.78022
    0.16300E-01    2  -248.77621
    0.16900E-01    2  -248.77204
    0.17500E-01    2  -248.76772
    0.18100E-01    2  -248.76323
    0.18700E-01    2  -248.75859
    0.19300E-01    2  -248.75379
    0.20200E-01    2  -248.73352
    0.25000E-01    2  -248.66981
    0.31000E-01    2  -248.58873
    0.37000E-01    2  -248.48927
    0.43000E-01    2  -248.37057
    0.49000E-01    2  -248.23149
    0.55000E-01    2  -248.07086
    0.61000E-01    2  -247.88745
    0.67000E-01    2  -247.67978
    0.73000E-01    2  -247.44651
    0.79000E-01    2  -247.18522
    0.85000E-01    2  -246.89487
    0.91000E-01    2  -246.57302
    0.97000E-01    2  -246.21657
    0.10300        2  -245.82047
    0.10900        2  -245.38871
    0.11500        2  -244.92020
    0.12100        2  -244.41343
    0.12700        2  -243.86564
    0.13300        2  -243.27372
    0.13900        2  -242.63506
    0.14500        2  -241.94847
    0.15100        2  -241.22510
    0.15700        2  -240.46820
    0.16300        2  -239.67577
    0.16900        2  -238.84652
    0.17500        2  -237.97833
    0.18100        2  -237.07137
    0.18700        2  -236.12247
    0.19300        2  -235.13039
    0.19900        2  -234.09343
    0.20500        2  -233.01152
    0.21100        2  -231.88394
    0.21700        2  -230.70948
    0.29500        2  -179.53732
    0.44500        2  -115.15214
    0.59500        2   -75.49269
    0.74500        2   -50.47670
    0.89500        2   -32.79193
     1.0450        2   -19.23069
     1.1950        2    -8.39898
     1.3450        2     0.40632
     1.4950        2     7.76285
     1.6450        2    13.94495
     1.7950        2    19.12081
     1.9450        2    23.57908
     2.0950        2    27.49257
     2.2450        2    30.97012
     2.3950        2    34.10049
     2.5450        2    36.94531
     2.6950        2    39.54867
     2.8450        2    41.93779
     2.9950        2    44.12078
     3.1450        2    46.11017
     3.2950        2    47.92547
     3.4450        2    49.58537
     3.5950        2    51.10824
     3.7450        2    52.50971
     3.8950        2    53.80332
     4.0450        2    55.00159
     4.1950        2    56.11116
     4.3450        2    57.14295
     4.4950        2    58.10199
     4.6450        2    58.99605
     4.7950        2    59.82666
     4.9450        2    60.59635
     5.0950        2    61.30661
     5.2450        2    61.96313
     5.3950        2    62.57296
     5.5450        2    63.13050
     5.6950        2    63.63426
     5.8450        2    64.09080
     5.9950        2    64.51011
     6.1450        2    64.88758
     6.2950        2    65.23500
     6.4450        2    65.55198
     6.5950        2    65.83595
     6.7450        2    66.09410
     6.8950        2    66.31860
     7.0450        2    66.52768
     7.1950        2    66.71527
     7.3450        2    66.87683
     7.4950        2    67.01581
     7.6450        2    67.14600
     7.7950        2    67.25491
     7.9450        2    67.35528
     8.0950        2    67.43664
     8.2450        2    67.51018
     8.3950        2    67.56886
     8.5450        2    67.62127
     8.6950        2    67.66638
     8.8450        2    67.70359
     8.9950        2    67.73572
     9.1450        2    67.76358
     9.2950        2    67.78890
     9.4450        2    67.80989
     9.5950        2    67.82799
     9.7450        2    67.84530
     9.8950        2    67.86112
     10.045        2    67.87545
     10.195        2    67.88882
     10.345        2    67.90049
     10.495        2    67.91137
     10.645        2    67.92249
     10.795        2    67.93217
     10.945        2    67.94220
     11.095        2    67.95132
     11.245        2    67.96024
     11.395        2    67.96947
     11.545        2    67.97840
     11.695        2    67.98599
     11.845        2    67.99354
     11.995        2    68.00138
     12.145        2    68.00879
     12.295        2    68.01616
     12.445        2    68.02381
     12.595        2    68.03026
     12.745        2    68.03653
     12.895        2    68.04259
     13.045        2    68.04922
     13.195        2    68.05549
     13.345        2    68.06137
     13.495        2    68.06740
     13.645        2    68.07338
     13.795        2    68.07939
     13.945        2    68.08480
     14.095        2    68.09085
     14.245        2    68.09645
     14.395        2    68.10196
     14.545        2    68.10733
     14.695        2    68.11250
     14.845        2    68.11737
     14.995        2    68.12270
     15.145        2    68.12790
     15.295        2    68.13330
     15.445        2    68.13773
     15.595        2    68.14191
     15.745        2    68.14604
     15.895        2    68.15051
     16.045        2    68.15515
     16.195        2    68.15886
     16.345        2    68.16323
     16.495        2    68.16758
     16.645        2    68.17136
     16.795        2    68.17544
     16.945        2    68.17943
     17.095        2    68.18363
     17.245        2    68.18722
     17.395        2    68.19119
     17.545        2    68.19470
     17.695        2    68.19880
     17.845        2    68.20207
     17.995        2    68.20551
     18.145        2    68.20893
     18.295        2    68.21224
     18.445        2    68.21594
     18.595        2    68.21968
     18.745        2    68.22367
     18.895        2    68.22649
     19.045        2    68.22942
     19.195        2    68.23303
     19.345        2    68.23655
     19.495        2    68.23961
     19.645        2    68.24346
     19.795        2    68.24661
     19.945        2    68.24994
     20.095        2    68.25286
     21.836        2    68.34661
     30.068        2    68.47234
     42.097        2    68.58691
     58.937        2    68.69356
     82.515        2    68.79413
     115.53        2    68.88872
     161.74        2    68.97732
     226.45        2    69.06310
     317.04        2    69.14266
     443.87        2    69.22087
     621.44        2    69.29792
     870.05        2    69.37287
     1218.1        2    69.44548
     1705.4        2    69.51228
     2387.7        2    69.58081
     3342.9        2    69.64565
     4680.2        2    69.70600
     6552.5        2    69.76480
     9173.8        2    69.82254
     12844.        2    69.87508
     17982.        2    69.92422
     25176.        2    69.97053
     35247.        2    70.01440
     49348.        2    70.05443
     69090.        2    70.09075
     96729.        2    70.12503
    0.13543E+06    2    70.15561
    0.18960E+06    2    70.18251
    0.26545E+06    2    70.20800
    0.37165E+06    2    70.23247
    0.52033E+06    2    70.25425
    0.72849E+06    2    70.27215
    0.10199E+07    2    70.29102
    0.14279E+07    2    70.30453
    0.19992E+07    2    70.31755
    0.27990E+07    2    70.33124
    0.39187E+07    2    70.34234
    0.54864E+07    2    70.35182
    0.76812E+07    2    70.35995
    0.10754E+08    2    70.36757
    0.15056E+08    2    70.37516
    0.21080E+08    2    70.38217
    0.29513E+08    2    70.39021
    0.41319E+08    2    70.39546
    0.57849E+08    2    70.40123
    0.80991E+08    2    70.40578
    0.11339E+09    2    70.41023
    0.15875E+09    2    70.41435
    0.22226E+09    2    70.41808
    0.31118E+09    2    70.42123
    0.43567E+09    2    70.42433
    0.60996E+09    2    70.42622
    0.85398E+09    2    70.42888
    0.11956E+10    2    70.43088
    0.16739E+10    2    70.43172
    0.23436E+10    2    70.43361
    0.32811E+10    2    70.43495
    0.45937E+10    2    70.43661
    0.64315E+10    2    70.43799
    0.90044E+10    2    70.43853
    0.12607E+11    2    70.43949
    0.17650E+11    2    70.44053
    0.24711E+11    2    70.44165
    0.34596E+11    2    70.44231
    0.48437E+11    2    70.44266
    0.67814E+11    2    70.44334
    0.10000E+12    2    70.45303
    -29.945        3     0.00000
    -29.795        3     0.00000
    -29.645        3     0.00000
    -29.495        3     0.00000
    -29.345        3     0.00000
    -29.195        3     0.00000
    -29.045        3     0.00000
    -28.895        3     0.00000
    -28.745        3     0.00000
    -28.595        3     0.00000
    -28.445        3     0.00000
    -28.295        3     0.00000
    -28.145        3     0.00000
    -27.995        3     0.00000
    -27.845        3     0.00000
    -27.695        3     0.00000
    -27.545        3     0.00000
    -27.395        3     0.00000
    -27.245        3     0.00000
    -27.095        3     0.00000
    -26.945        3     0.00000
    -26.795        3     0.00000
    -26.645        3     0.00000
    -26.495        3     0.00000
    -26.345        3     0.00000
    -26.195        3     0.00000
    -26.045        3     0.00000
    -25.895        3     0.00000
    -25.745        3     0.00000
    -25.595        3     0.00000
    -25.445        3     0.00000
    -25.295        3     0.00000
    -25.145        3     0.00000
    -24.995        3     0.00000
    -24.845        3     0.00000
    -24.695        3     0.00000
    -24.545        3     0.00000
    -24.395        3     0.00000
    -24.245        3     0.00000
    -24.095        3     0.00000
    -23.945        3     0.00000
    -23.795        3     0.00000
    -23.645        3     0.00000
    -23.495        3     0.00000
    -23.345        3     0.00000
    -23.195        3     0.00000
    -23.045        3     0.00000
    -22.895        3     0.00000
    -22.745        3     0.00000
    -22.595        3     0.00000
    -22.445        3     0.00000
    -22.295        3     0.00000
    -22.145        3     0.00000
    -21.995        3     0.00000
    -21.845        3     0.00000
    -21.695        3     0.00000
    -21.545        3     0.00000
    -21.395        3     0.00000
    -21.245        3     0.00000
    -21.095        3     0.00000
    -20.945        3     0.00000
    -20.795        3     0.00000
    -20.645        3     0.00000
    -20.495        3     0.00000
    -20.345        3     0.00000
    -20.195        3     0.00000
    -20.045        3     0.00000
    -19.895        3     0.00000
    -19.745        3     0.00000
    -19.595        3     0.00000
    -19.445        3     0.00000
    -19.295        3     0.00000
    -19.145        3     0.00000
    -18.995        3     0.00000
    -18.845        3     0.00000
    -18.695        3     0.00000
    -18.545        3     0.00000
    -18.395        3     0.00000
    -18.245        3     0.00000
    -18.095        3     0.00000
    -17.945        3     0.00000
    -17.795        3     0.00000
    -17.645        3     0.00000
    -17.495        3     0.00000
    -17.345        3     0.00000
    -17.195        3     0.00000
    -17.045        3     0.00000
    -16.895        3     0.00000
    -16.745        3     0.00000
    -16.595        3     0.00000
    -16.445        3     0.00000
    -16.295        3     0.00000
    -16.145        3     0.00000
    -15.995        3     0.00000
    -15.845        3     0.00000
    -15.695        3     0.00000
    -15.545        3     0.00000
    -15.395        3     0.00000
    -15.245        3     0.00000
    -15.095        3    -0.00030
    -14.945        3    -0.00655
    -14.795        3    -0.02917
    -14.645        3    -0.07652
    -14.495        3    -0.15311
    -14.345        3    -0.27068
    -14.195        3    -0.42927
    -14.045        3    -0.63048
    -13.895        3    -0.86789
    -13.745        3    -1.13083
    -13.595        3    -1.41643
    -13.445        3    -1.71667
    -13.295        3    -2.03190
    -13.145        3    -2.36381
    -12.995        3    -2.71924
    -12.845        3    -3.10494
    -12.695        3    -3.52493
    -12.545        3    -3.98252
    -12.395        3    -4.47357
    -12.245        3    -4.97823
    -12.095        3    -5.49970
    -11.945        3    -6.03712
    -11.795        3    -6.59767
    -11.645        3    -7.18312
    -11.495        3    -7.81061
    -11.345        3    -8.48575
    -11.195        3    -9.19127
    -11.045        3    -9.92596
    -10.895        3   -10.67936
    -10.745        3   -11.44455
    -10.595        3   -12.23110
    -10.445        3   -13.03040
    -10.295        3   -13.84226
    -10.145        3   -14.65913
    -9.9950        3   -15.48772
    -9.8450        3   -16.33571
    -9.6950        3   -17.20063
    -9.5450        3   -18.07841
    -9.3950        3   -18.97276
    -9.2450        3   -19.88701
    -9.0950        3   -20.82513
    -8.9450        3   -21.78884
    -8.7950        3   -22.77418
    -8.6450        3   -23.78363
    -8.4950        3   -24.83108
    -8.3450        3   -25.92033
    -8.1950        3   -27.05274
    -8.0450        3   -28.24772
    -7.8950        3   -29.48935
    -7.7450        3   -30.79935
    -7.5950        3   -32.19006
    -7.4450        3   -33.67656
    -7.2950        3   -35.27117
    -7.1450        3   -36.97700
    -6.9950        3   -38.78786
    -6.8450        3   -40.71310
    -6.6950        3   -42.75153
    -6.5450        3   -44.89079
    -6.3950        3   -47.13106
    -6.2450        3   -49.47717
    -6.0950        3   -51.90429
    -5.9450        3   -54.41037
    -5.7950        3   -56.96584
    -5.6450        3   -59.56348
    -5.4950        3   -62.19845
    -5.3450        3   -64.86711
    -5.1950        3   -67.56045
    -5.0450        3   -70.25031
    -4.8950        3   -72.93404
    -4.7450        3   -75.60746
    -4.5950        3   -78.26432
    -4.4450        3   -80.92097
    -4.2950        3   -83.56727
    -4.1450        3   -86.23136
    -3.9950        3   -88.90751
    -3.8450        3   -91.61093
    -3.6950        3   -94.35206
    -3.5450        3   -97.14438
    -3.3950        3  -100.00198
    -3.2450        3  -102.93573
    -3.0950        3  -105.97618
    -2.9450        3  -109.14329
    -2.7950        3  -112.46726
    -2.6450        3  -115.99203
    -2.4950        3  -119.75369
    -2.3450        3  -123.81610
    -2.1950        3  -128.29292
    -2.0450        3  -133.32877
    -1.8950        3  -139.10648
    -1.7450        3  -145.74262
    -1.5950        3  -153.30505
    -1.4450        3  -161.81502
    -1.2950        3  -171.23265
    -1.1450        3  -181.42807
   -0.99500        3  -192.27592
   -0.84500        3  -203.69948
   -0.69500        3  -215.81163
   -0.54500        3  -229.12103
   -0.39500        3  -244.98837
   -0.25300        3  -257.75141
   -0.21500        3  -258.64420
   -0.20900        3  -259.55135
   -0.20300        3  -260.47506
   -0.19700        3  -261.41599
   -0.19100        3  -262.37592
   -0.18500        3  -263.35502
   -0.17900        3  -264.35470
   -0.17300        3  -265.37569
   -0.16700        3  -266.42004
   -0.16100        3  -267.48986
   -0.15500        3  -268.58567
   -0.14900        3  -269.71037
   -0.14300        3  -270.86572
   -0.13700        3  -272.05405
   -0.13100        3  -273.28011
   -0.12500        3  -274.54674
   -0.11900        3  -275.85713
   -0.11300        3  -277.21751
   -0.10700        3  -278.63201
   -0.10100        3  -280.10548
   -0.95000E-01    3  -281.64579
   -0.89000E-01    3  -283.25986
   -0.83000E-01    3  -284.96107
   -0.77000E-01    3  -286.76280
   -0.71000E-01    3  -288.67937
   -0.65000E-01    3  -290.73271
   -0.59000E-01    3  -292.95240
   -0.53000E-01    3  -295.37818
   -0.47000E-01    3  -298.06539
   -0.41000E-01    3  -301.08874
   -0.35000E-01    3  -304.57226
   -0.29000E-01    3  -308.70029
   -0.23000E-01    3  -313.74108
   -0.19700E-01    3  -314.30235
   -0.19100E-01    3  -314.87640
   -0.18500E-01    3  -315.46380
   -0.17900E-01    3  -316.06519
   -0.17300E-01    3  -316.68115
   -0.16700E-01    3  -317.31249
   -0.16100E-01    3  -317.95981
   -0.15500E-01    3  -318.62445
   -0.14900E-01    3  -319.30732
   -0.14300E-01    3  -320.00899
   -0.13700E-01    3  -320.73046
   -0.13100E-01    3  -321.47236
   -0.12500E-01    3  -322.23590
   -0.11900E-01    3  -323.02190
   -0.11300E-01    3  -323.83122
   -0.10700E-01    3  -324.66425
   -0.10100E-01    3  -325.52196
   -0.95000E-02    3  -326.40347
   -0.89000E-02    3  -327.30691
   -0.83000E-02    3  -328.22937
   -0.77000E-02    3  -329.16719
   -0.71000E-02    3  -330.11518
   -0.65000E-02    3  -331.06675
   -0.59000E-02    3  -332.01293
   -0.53000E-02    3  -332.94156
   -0.47000E-02    3  -333.83723
   -0.41000E-02    3  -334.68012
   -0.35000E-02    3  -335.44949
   -0.29000E-02    3  -336.12521
   -0.23000E-02    3  -336.68872
   -0.17000E-02    3  -337.12244
   -0.11000E-02    3  -337.41211
   -0.50000E-03    3  -337.54735
    0.10000E-03    3  -337.52269
    0.70000E-03    3  -337.33873
    0.13000E-02    3  -337.00205
    0.19000E-02    3  -336.52430
    0.25000E-02    3  -335.92182
    0.31000E-02    3  -335.21292
    0.37000E-02    3  -334.41697
    0.43000E-02    3  -333.55444
    0.49000E-02    3  -332.64606
    0.55000E-02    3  -331.71048
    0.61000E-02    3  -330.76179
    0.67000E-02    3  -329.81113
    0.73000E-02    3  -328.86654
    0.79000E-02    3  -327.93409
    0.85000E-02    3  -327.01820
    0.91000E-02    3  -326.12243
    0.97000E-02    3  -325.24910
    0.10300E-01    3  -324.39997
    0.10900E-01    3  -323.57515
    0.11500E-01    3  -322.77392
    0.12100E-01    3  -321.99575
    0.12700E-01    3  -321.23944
    0.13300E-01    3  -320.50433
    0.13900E-01    3  -319.78943
    0.14500E-01    3  -319.09416
    0.15100E-01    3  -318.41758
    0.15700E-01    3  -317.75877
    0.16300E-01    3  -317.11711
    0.16900E-01    3  -316.49106
    0.17500E-01    3  -315.88037
    0.18100E-01    3  -315.28377
    0.18700E-01    3  -314.70116
    0.19300E-01    3  -314.13175
    0.20200E-01    3  -312.03587
    0.25000E-01    3  -307.34269
    0.31000E-01    3  -303.46016
    0.37000E-01    3  -300.15829
    0.43000E-01    3  -297.27157
    0.49000E-01    3  -294.70022
    0.55000E-01    3  -292.37711
    0.61000E-01    3  -290.25584
    0.67000E-01    3  -288.30068
    0.73000E-01    3  -286.48627
    0.79000E-01    3  -284.79067
    0.85000E-01    3  -283.19743
    0.91000E-01    3  -281.69524
    0.97000E-01    3  -280.27422
    0.10300        3  -278.92806
    0.10900        3  -277.64850
    0.11500        3  -276.42801
    0.12100        3  -275.26188
    0.12700        3  -274.14457
    0.13300        3  -273.07271
    0.13900        3  -272.04258
    0.14500        3  -271.05027
    0.15100        3  -270.09424
    0.15700        3  -269.17077
    0.16300        3  -268.27856
    0.16900        3  -267.41577
    0.17500        3  -266.57898
    0.18100        3  -265.76842
    0.18700        3  -264.98147
    0.19300        3  -264.21687
    0.19900        3  -263.47455
    0.20500        3  -262.75291
    0.21100        3  -262.05165
    0.21700        3  -261.36971
    0.29500        3  -248.20482
    0.44500        3  -240.47863
    0.59500        3  -235.09812
    0.74500        3  -230.91053
    0.89500        3  -227.38147
     1.0450        3  -224.27302
     1.1950        3  -221.46149
     1.3450        3  -218.87052
     1.4950        3  -216.45000
     1.6450        3  -214.16499
     1.7950        3  -211.99055
     1.9450        3  -209.91048
     2.0950        3  -207.90999
     2.2450        3  -205.97906
     2.3950        3  -204.10638
     2.5450        3  -202.28689
     2.6950        3  -200.51449
     2.8450        3  -198.78051
     2.9950        3  -197.08092
     3.1450        3  -195.40678
     3.2950        3  -193.74993
     3.4450        3  -192.10530
     3.5950        3  -190.46244
     3.7450        3  -188.82028
     3.8950        3  -187.18149
     4.0450        3  -185.54321
     4.1950        3  -183.91036
     4.3450        3  -182.28647
     4.4950        3  -180.67747
     4.6450        3  -179.09112
     4.7950        3  -177.52318
     4.9450        3  -175.97766
     5.0950        3  -174.45823
     5.2450        3  -172.97038
     5.3950        3  -171.50644
     5.5450        3  -170.07607
     5.6950        3  -168.68066
     5.8450        3  -167.32119
     5.9950        3  -165.99712
     6.1450        3  -164.72432
     6.2950        3  -163.50272
     6.4450        3  -162.33220
     6.5950        3  -161.21714
     6.7450        3  -160.15751
     6.8950        3  -159.14795
     7.0450        3  -158.19652
     7.1950        3  -157.30901
     7.3450        3  -156.48533
     7.4950        3  -155.72911
     7.6450        3  -155.01547
     7.7950        3  -154.36473
     7.9450        3  -153.75773
     8.0950        3  -153.19754
     8.2450        3  -152.68781
     8.3950        3  -152.21790
     8.5450        3  -151.78182
     8.6950        3  -151.37748
     8.8450        3  -151.00776
     8.9950        3  -150.65705
     9.1450        3  -150.32790
     9.2950        3  -150.02320
     9.4450        3  -149.73156
     9.5950        3  -149.45298
     9.7450        3  -149.18852
     9.8950        3  -148.93657
     10.045        3  -148.69603
     10.195        3  -148.46250
     10.345        3  -148.23874
     10.495        3  -148.01806
     10.645        3  -147.80307
     10.795        3  -147.59337
     10.945        3  -147.38783
     11.095        3  -147.18633
     11.245        3  -146.98787
     11.395        3  -146.79324
     11.545        3  -146.60099
     11.695        3  -146.41282
     11.845        3  -146.22713
     11.995        3  -146.04399
     12.145        3  -145.86358
     12.295        3  -145.68495
     12.445        3  -145.50963
     12.595        3  -145.33589
     12.745        3  -145.16434
     12.895        3  -144.99534
     13.045        3  -144.82789
     13.195        3  -144.66265
     13.345        3  -144.49956
     13.495        3  -144.33768
     13.645        3  -144.17765
     13.795        3  -144.01914
     13.945        3  -143.86309
     14.095        3  -143.70793
     14.245        3  -143.55389
     14.395        3  -143.40263
     14.545        3  -143.25264
     14.695        3  -143.10415
     14.845        3  -142.95711
     14.995        3  -142.81142
     15.145        3  -142.66705
     15.295        3  -142.52448
     15.445        3  -142.38249
     15.595        3  -142.24265
     15.745        3  -142.10420
     15.895        3  -141.96638
     16.045        3  -141.83021
     16.195        3  -141.69550
     16.345        3  -141.56148
     16.495        3  -141.42926
     16.645        3  -141.29791
     16.795        3  -141.16832
     16.945        3  -141.03941
     17.095        3  -140.91129
     17.245        3  -140.78390
     17.395        3  -140.65778
     17.545        3  -140.53306
     17.695        3  -140.40962
     17.845        3  -140.28665
     17.995        3  -140.16462
     18.145        3  -140.04409
     18.295        3  -139.92313
     18.445        3  -139.80444
     18.595        3  -139.68697
     18.745        3  -139.57002
     18.895        3  -139.45418
     19.045        3  -139.33975
     19.195        3  -139.22525
     19.345        3  -139.11242
     19.495        3  -139.00006
     19.645        3  -138.88852
     19.795        3  -138.77784
     19.945        3  -138.66820
     20.095        3  -138.55910
     21.836        3  -135.24413
     30.068        3  -130.33342
     42.097        3  -125.44788
     58.937        3  -120.60117
     82.515        3  -115.80962
     115.53        3  -111.08601
     161.74        3  -106.44292
     226.45        3  -101.88532
     317.04        3   -97.41514
     443.87        3   -93.03551
     621.44        3   -88.75862
     870.05        3   -84.58494
     1218.1        3   -80.51536
     1705.4        3   -76.55297
     2387.7        3   -72.69276
     3342.9        3   -68.93603
     4680.2        3   -65.27760
     6552.5        3   -61.71605
     9173.8        3   -58.25075
     12844.        3   -54.87846
     17982.        3   -51.60936
     25176.        3   -48.44636
     35247.        3   -45.39010
     49348.        3   -42.44968
     69090.        3   -39.63396
     96729.        3   -36.94821
    0.13543E+06    3   -34.38539
    0.18960E+06    3   -31.94220
    0.26545E+06    3   -29.61601
    0.37165E+06    3   -27.40018
    0.52033E+06    3   -25.29133
    0.72849E+06    3   -23.28467
    0.10199E+07    3   -21.37493
    0.14279E+07    3   -19.55905
    0.19992E+07    3   -17.83159
    0.27990E+07    3   -16.18830
    0.39187E+07    3   -14.62657
    0.54864E+07    3   -13.14152
    0.76812E+07    3   -11.72944
    0.10754E+08    3   -10.38793
    0.15056E+08    3    -9.11234
    0.21080E+08    3    -7.90045
    0.29513E+08    3    -6.75194
    0.41319E+08    3    -5.67053
    0.57849E+08    3    -4.66131
    0.80991E+08    3    -3.72612
    0.11339E+09    3    -2.85804
    0.15875E+09    3    -2.04831
    0.22226E+09    3    -1.29305
    0.31118E+09    3    -0.58710
    0.43567E+09    3     0.07244
    0.60996E+09    3     0.67627
    0.85398E+09    3     1.22244
    0.11956E+10    3     1.72162
    0.16739E+10    3     2.18005
    0.23436E+10    3     2.60102
    0.32811E+10    3     2.98834
    0.45937E+10    3     3.34443
    0.64315E+10    3     3.67151
    0.90044E+10    3     3.97163
    0.12607E+11    3     4.24786
    0.17650E+11    3     4.50200
    0.24711E+11    3     4.73581
    0.34596E+11    3     4.95065
    0.48437E+11    3     5.14820
    0.67814E+11    3     5.32974
    0.10000E+12    3     7.39956
