    -159.95         0.00000
    -159.79         0.00000
    -159.65         0.00000
    -159.49         0.00000
    -159.34         0.00000
    -159.20         0.00000
    -159.04         0.00000
    -158.90         0.00000
    -158.74         0.00000
    -158.59         0.00000
    -158.45         0.00000
    -158.29         0.00000
    -158.15         0.00000
    -157.99         0.00000
    -157.84         0.00000
    -157.70         0.00000
    -157.54         0.00000
    -157.40         0.00000
    -157.24         0.00000
    -157.09         0.00000
    -156.95         0.00000
    -156.79         0.00000
    -156.65         0.00000
    -156.49         0.00000
    -156.34         0.00000
    -156.20         0.00000
    -156.04         0.00000
    -155.90         0.00000
    -155.74         0.00000
    -155.59         0.00000
    -155.45         0.00000
    -155.29         0.00000
    -155.15         0.00000
    -154.99         0.00000
    -154.84         0.00000
    -154.70         0.00000
    -154.54         0.00000
    -154.40         0.00000
    -154.24         0.00000
    -154.09         0.00000
    -153.95         0.00000
    -153.79         0.00000
    -153.65         0.00000
    -153.49         0.00000
    -153.34         0.00000
    -153.20         0.00000
    -153.04         0.00000
    -152.90         0.00000
    -152.74         0.00000
    -152.59         0.00000
    -152.45         0.00000
    -152.29         0.00000
    -152.15         0.00000
    -151.99         0.00000
    -151.84         0.00000
    -151.70         0.00000
    -151.54         0.00000
    -151.40         0.00000
    -151.24         0.00000
    -151.09         0.00000
    -150.95         0.00000
    -150.79         0.00000
    -150.65         0.00000
    -150.49         0.00000
    -150.34         0.00000
    -150.20         0.00000
    -150.04         0.00000
    -149.90         0.00000
    -149.74         0.00000
    -149.59         0.00000
    -149.45         0.00000
    -149.29         0.00000
    -149.15         0.00000
    -148.99         0.00000
    -148.84         0.00000
    -148.70         0.00000
    -148.54         0.00000
    -148.40         0.00000
    -148.24         0.00000
    -148.09         0.00000
    -147.95         0.00000
    -147.79         0.00000
    -147.65         0.00000
    -147.49         0.00000
    -147.34         0.00000
    -147.20         0.00000
    -147.04         0.00000
    -146.90         0.00000
    -146.74         0.00000
    -146.59         0.00000
    -146.45         0.00000
    -146.29         0.00000
    -146.15         0.00000
    -145.99         0.00000
    -145.84         0.00000
    -145.70         0.00000
    -145.54         0.00000
    -145.40         0.00000
    -145.24         0.00000
    -145.09         0.00000
    -144.95         0.00000
    -144.79         0.00000
    -144.65         0.00000
    -144.49         0.00000
    -144.34         0.00000
    -144.20         0.00000
    -144.04         0.00000
    -143.90         0.00000
    -143.74         0.00000
    -143.59         0.00000
    -143.45         0.00000
    -143.29         0.00000
    -143.15         0.00000
    -142.99         0.00000
    -142.84         0.00000
    -142.70         0.00000
    -142.54         0.00000
    -142.40         0.00000
    -142.24         0.00000
    -142.09         0.00000
    -141.95         0.00000
    -141.79         0.00000
    -141.65         0.00000
    -141.49         0.00000
    -141.34         0.00000
    -141.20         0.00000
    -141.04         0.00000
    -140.90         0.00000
    -140.74         0.00000
    -140.59         0.00000
    -140.45         0.00000
    -140.29         0.00000
    -140.15         0.00000
    -139.99         0.00000
    -139.84         0.00000
    -139.70         0.00000
    -139.54         0.00000
    -139.40         0.00000
    -139.24         0.00000
    -139.09         0.00000
    -138.95         0.00000
    -138.79         0.00000
    -138.65         0.00000
    -138.49         0.00000
    -138.34         0.00000
    -138.20         0.00000
    -138.04         0.00000
    -137.90         0.00000
    -137.74         0.00000
    -137.59         0.00000
    -137.45         0.00000
    -137.29         0.00000
    -137.15         0.00000
    -136.99         0.00000
    -136.84         0.00000
    -136.70         0.00000
    -136.54         0.00000
    -136.40         0.00000
    -136.24         0.00000
    -136.09         0.00000
    -135.95         0.00000
    -135.79         0.00000
    -135.65         0.00000
    -135.49         0.00000
    -135.34         0.00000
    -135.20         0.00000
    -135.04         0.00000
    -134.90         0.00000
    -134.74         0.00000
    -134.59         0.00000
    -134.45         0.00000
    -134.29         0.00000
    -134.15         0.00000
    -133.99         0.00000
    -133.84         0.00000
    -133.70         0.00000
    -133.54         0.00000
    -133.40         0.00000
    -133.24         0.00000
    -133.09         0.00000
    -132.95         0.00000
    -132.79         0.00000
    -132.65         0.00000
    -132.49         0.00000
    -132.34         0.00000
    -132.20         0.00000
    -132.04         0.00000
    -131.90         0.00000
    -131.74         0.00000
    -131.59         0.00000
    -131.45         0.00000
    -131.29         0.00000
    -131.15         0.00000
    -130.99         0.00000
    -130.84         0.00000
    -130.70         0.00000
    -130.54         0.00000
    -130.40         0.00000
    -130.24         0.00000
    -130.09         0.00000
    -129.95         0.00000
    -129.79         0.00000
    -129.65         0.00000
    -129.49         0.00000
    -129.34         0.00000
    -129.20         0.00000
    -129.04         0.00000
    -128.90         0.00000
    -128.74         0.00000
    -128.59         0.00000
    -128.45         0.00000
    -128.29         0.00000
    -128.15         0.00000
    -127.99         0.00000
    -127.85         0.00000
    -127.69         0.00000
    -127.55         0.00000
    -127.39         0.00000
    -127.25         0.00000
    -127.10         0.00000
    -126.94         0.00000
    -126.80         0.00000
    -126.64         0.00000
    -126.50         0.00000
    -126.35         0.00000
    -126.19         0.00000
    -126.05         0.00000
    -125.89         0.00000
    -125.75         0.00000
    -125.60         0.00000
    -125.44         0.00000
    -125.30         0.00000
    -125.14         0.00000
    -125.00         0.00000
    -124.85         0.00000
    -124.69         0.00000
    -124.55         0.00000
    -124.39         0.00000
    -124.25         0.00000
    -124.10         0.00000
    -123.94         0.00000
    -123.80         0.00000
    -123.64         0.00000
    -123.50         0.00000
    -123.35         0.00000
    -123.19         0.00000
    -123.05         0.00000
    -122.89         0.00000
    -122.75         0.00000
    -122.60         0.00000
    -122.44         0.00000
    -122.30         0.00000
    -122.14         0.00000
    -122.00         0.00000
    -121.85         0.00000
    -121.69         0.00000
    -121.55         0.00000
    -121.39         0.00000
    -121.25         0.00000
    -121.10         0.00000
    -120.94         0.00000
    -120.80         0.00000
    -120.64         0.00000
    -120.50         0.00000
    -120.35         0.00000
    -120.19         0.00000
    -120.05         0.00000
    -119.89         0.00000
    -119.75         0.00000
    -119.60         0.00000
    -119.44         0.00000
    -119.30         0.00000
    -119.14         0.00000
    -119.00         0.00000
    -118.85         0.00000
    -118.69         0.00000
    -118.55         0.00000
    -118.39         0.00000
    -118.25         0.00000
    -118.10         0.00000
    -117.94         0.00000
    -117.80         0.00000
    -117.64         0.00000
    -117.50         0.00000
    -117.35         0.00000
    -117.19         0.00000
    -117.05         0.00000
    -116.89         0.00000
    -116.75         0.00000
    -116.60         0.00000
    -116.44         0.00000
    -116.30         0.00000
    -116.14         0.00000
    -116.00         0.00000
    -115.85         0.00000
    -115.69         0.00000
    -115.55         0.00000
    -115.39         0.00000
    -115.25         0.00000
    -115.10         0.00000
    -114.94         0.00000
    -114.80         0.00000
    -114.64         0.00000
    -114.50         0.00000
    -114.35         0.00000
    -114.19         0.00000
    -114.05         0.00000
    -113.89         0.00000
    -113.75         0.00000
    -113.60         0.00000
    -113.44         0.00000
    -113.30         0.00000
    -113.14         0.00000
    -113.00         0.00000
    -112.85         0.00000
    -112.69         0.00000
    -112.55         0.00000
    -112.39         0.00000
    -112.25         0.00000
    -112.10         0.00000
    -111.94         0.00000
    -111.80         0.00000
    -111.64         0.00000
    -111.50         0.00000
    -111.35         0.00000
    -111.19         0.00000
    -111.05         0.00000
    -110.89         0.00000
    -110.75         0.00000
    -110.60         0.00000
    -110.44         0.00000
    -110.30         0.00000
    -110.14         0.00000
    -110.00         0.00000
    -109.85         0.00000
    -109.69         0.00000
    -109.55         0.00000
    -109.39         0.00000
    -109.25         0.00000
    -109.10         0.00000
    -108.94         0.00000
    -108.80         0.00000
    -108.64         0.00000
    -108.50         0.00000
    -108.35         0.00000
    -108.19         0.00000
    -108.05         0.00000
    -107.89         0.00000
    -107.75         0.00000
    -107.60         0.00000
    -107.44         0.00000
    -107.30         0.00000
    -107.14         0.00000
    -107.00         0.00000
    -106.85         0.00000
    -106.69         0.00000
    -106.55         0.00000
    -106.39         0.00000
    -106.25         0.00000
    -106.10         0.00000
    -105.94         0.00000
    -105.80         0.00000
    -105.64         0.00000
    -105.50         0.00000
    -105.35         0.00000
    -105.19         0.00000
    -105.05         0.00000
    -104.89         0.00000
    -104.75         0.00000
    -104.60         0.00000
    -104.44         0.00000
    -104.30         0.00000
    -104.14         0.00000
    -104.00         0.00000
    -103.85         0.00000
    -103.69         0.00000
    -103.55         0.00000
    -103.39         0.00000
    -103.25         0.00000
    -103.10         0.00000
    -102.94         0.00000
    -102.80         0.00000
    -102.64         0.00000
    -102.50         0.00000
    -102.35         0.00000
    -102.19         0.00000
    -102.05         0.00000
    -101.89         0.00000
    -101.75         0.00000
    -101.60         0.00000
    -101.44         0.00000
    -101.30         0.00000
    -101.14         0.00000
    -101.00         0.00000
    -100.85         0.00000
    -100.69         0.00000
    -100.55         0.00000
    -100.39         0.00000
    -100.25         0.00000
    -100.10         0.00000
    -99.945         0.00000
    -99.795         0.00000
    -99.645         0.00000
    -99.495         0.00000
    -99.345         0.00000
    -99.195         0.00000
    -99.045         0.00000
    -98.895         0.00000
    -98.745         0.00000
    -98.595         0.00000
    -98.445         0.00000
    -98.295         0.00000
    -98.145         0.00000
    -97.995         0.00000
    -97.845         0.00000
    -97.695         0.00000
    -97.545         0.00000
    -97.395         0.00000
    -97.245         0.00000
    -97.095         0.00000
    -96.945         0.00000
    -96.795         0.00000
    -96.645         0.00000
    -96.495         0.00000
    -96.345         0.00000
    -96.195         0.00000
    -96.045         0.00000
    -95.895         0.00000
    -95.745         0.00000
    -95.595         0.00000
    -95.445         0.00000
    -95.295         0.00000
    -95.145         0.00000
    -94.995         0.00000
    -94.845         0.00000
    -94.695         0.00000
    -94.545         0.00000
    -94.395         0.00000
    -94.245         0.00000
    -94.095         0.00000
    -93.945         0.00000
    -93.795         0.00000
    -93.645         0.00000
    -93.495         0.00000
    -93.345         0.00000
    -93.195         0.00000
    -93.045         0.00000
    -92.895         0.00000
    -92.745         0.00000
    -92.595         0.00000
    -92.445         0.00000
    -92.295         0.00000
    -92.145         0.00000
    -91.995         0.00000
    -91.845         0.00000
    -91.695         0.00000
    -91.545         0.00000
    -91.395         0.00000
    -91.245         0.00000
    -91.095         0.00000
    -90.945         0.00000
    -90.795         0.00000
    -90.645         0.00000
    -90.495         0.00000
    -90.345         0.00000
    -90.195         0.00000
    -90.045         0.00000
    -89.895         0.00000
    -89.745         0.00000
    -89.595         0.00000
    -89.445         0.00000
    -89.295         0.00000
    -89.145         0.00000
    -88.995         0.00000
    -88.845         0.00000
    -88.695         0.00000
    -88.545         0.00000
    -88.395         0.00000
    -88.245         0.00000
    -88.095         0.00000
    -87.945         0.00000
    -87.795         0.00000
    -87.645         0.00000
    -87.495         0.00000
    -87.345         0.00000
    -87.195         0.00000
    -87.045         0.00000
    -86.895         0.00000
    -86.745         0.00000
    -86.595         0.00000
    -86.445         0.00000
    -86.295         0.00000
    -86.145         0.00000
    -85.995         0.00000
    -85.845         0.00000
    -85.695         0.00000
    -85.545         0.00000
    -85.395         0.00000
    -85.245         0.00000
    -85.095         0.00000
    -84.945         0.00000
    -84.795         0.00000
    -84.645         0.00000
    -84.495         0.00000
    -84.345         0.00000
    -84.195         0.00000
    -84.045         0.00000
    -83.895         0.00000
    -83.745         0.00000
    -83.595         0.00000
    -83.445         0.00000
    -83.295         0.00000
    -83.145         0.00000
    -82.995         0.00000
    -82.845         0.00000
    -82.695         0.00000
    -82.545         0.00000
    -82.395         0.00000
    -82.245         0.00000
    -82.095         0.00000
    -81.945         0.00000
    -81.795         0.00000
    -81.645         0.00000
    -81.495         0.00000
    -81.345         0.00000
    -81.195         0.00000
    -81.045         0.00000
    -80.895         0.00000
    -80.745         0.00000
    -80.595         0.00000
    -80.445         0.00000
    -80.295         0.00000
    -80.145         0.00000
    -79.995         0.00000
    -79.845         0.00000
    -79.695         0.00000
    -79.545         0.00000
    -79.395         0.00000
    -79.245         0.00000
    -79.095         0.00000
    -78.945         0.00000
    -78.795         0.00000
    -78.645         0.00000
    -78.495         0.00000
    -78.345         0.00000
    -78.195         0.00000
    -78.045         0.00000
    -77.895         0.00000
    -77.745         0.00000
    -77.595         0.00000
    -77.445         0.00000
    -77.295         0.00000
    -77.145         0.00000
    -76.995         0.00000
    -76.845         0.00000
    -76.695         0.00000
    -76.545         0.00000
    -76.395         0.00000
    -76.245         0.00000
    -76.095         0.00000
    -75.945         0.00000
    -75.795         0.00000
    -75.645         0.00000
    -75.495         0.00000
    -75.345         0.00000
    -75.195         0.00000
    -75.045         0.00000
    -74.895         0.00000
    -74.745         0.00000
    -74.595         0.00000
    -74.445         0.00000
    -74.295         0.00000
    -74.145         0.00000
    -73.995         0.00000
    -73.845         0.00000
    -73.695         0.00000
    -73.545         0.00000
    -73.395         0.00000
    -73.245         0.00000
    -73.095         0.00000
    -72.945         0.00000
    -72.795         0.00000
    -72.645         0.00000
    -72.495         0.00000
    -72.345         0.00000
    -72.195         0.00000
    -72.045         0.00000
    -71.895         0.00000
    -71.745         0.00000
    -71.595         0.00000
    -71.445         0.00000
    -71.295         0.00000
    -71.145         0.00000
    -70.995         0.00000
    -70.845         0.00000
    -70.695         0.00000
    -70.545         0.00000
    -70.395         0.00000
    -70.245         0.00000
    -70.095         0.00000
    -69.945         0.00000
    -69.795         0.00000
    -69.645         0.00000
    -69.495         0.00000
    -69.345         0.00000
    -69.195         0.00000
    -69.045         0.00000
    -68.895         0.00000
    -68.745         0.00000
    -68.595         0.00000
    -68.445         0.00000
    -68.295         0.00000
    -68.145         0.00000
    -67.995         0.00000
    -67.845         0.00000
    -67.695         0.00000
    -67.545         0.00000
    -67.395         0.00000
    -67.245         0.00000
    -67.095         0.00000
    -66.945         0.00000
    -66.795         0.00000
    -66.645         0.00000
    -66.495         0.00000
    -66.345         0.00000
    -66.195         0.00000
    -66.045         0.00000
    -65.895         0.00000
    -65.745         0.00000
    -65.595         0.00000
    -65.445         0.00000
    -65.295         0.00000
    -65.145         0.00000
    -64.995         0.00000
    -64.845         0.00000
    -64.695         0.00000
    -64.545         0.00000
    -64.395         0.00000
    -64.245         0.00000
    -64.095         0.00000
    -63.945         0.00000
    -63.795         0.00000
    -63.645         0.00000
    -63.495         0.00000
    -63.345         0.00000
    -63.195         0.00000
    -63.045         0.00000
    -62.895         0.00000
    -62.745         0.00000
    -62.595         0.00000
    -62.445         0.00000
    -62.295         0.00000
    -62.145         0.00000
    -61.995         0.00000
    -61.845         0.00000
    -61.695         0.00000
    -61.545         0.00000
    -61.395         0.00000
    -61.245         0.00000
    -61.095         0.00000
    -60.945         0.00000
    -60.795         0.00000
    -60.645         0.00000
    -60.495         0.00000
    -60.345         0.00000
    -60.195         0.00000
    -60.045         0.00000
    -59.895         0.00000
    -59.745         0.00000
    -59.595         0.00000
    -59.445         0.00000
    -59.295         0.00000
    -59.145         0.00000
    -58.995         0.00000
    -58.845         0.00000
    -58.695         0.00000
    -58.545         0.00000
    -58.395         0.00000
    -58.245         0.00000
    -58.095         0.00000
    -57.945         0.00000
    -57.795         0.00000
    -57.645         0.00000
    -57.495         0.00000
    -57.345         0.00000
    -57.195         0.00000
    -57.045         0.00000
    -56.895         0.00000
    -56.745         0.00000
    -56.595         0.00000
    -56.445         0.00000
    -56.295         0.00000
    -56.145         0.00000
    -55.995         0.00000
    -55.845         0.00000
    -55.695         0.00000
    -55.545         0.00000
    -55.395         0.00000
    -55.245         0.00000
    -55.095         0.00000
    -54.945         0.00000
    -54.795         0.00000
    -54.645         0.00000
    -54.495         0.00000
    -54.345         0.00000
    -54.195         0.00000
    -54.045         0.00000
    -53.895         0.00000
    -53.745         0.00000
    -53.595         0.00000
    -53.445         0.00000
    -53.295         0.00000
    -53.145         0.00000
    -52.995         0.00000
    -52.845         0.00000
    -52.695         0.00000
    -52.545         0.00000
    -52.395         0.00000
    -52.245         0.00000
    -52.095         0.00000
    -51.945         0.00000
    -51.795         0.00000
    -51.645         0.00000
    -51.495         0.00000
    -51.345         0.00000
    -51.195         0.00000
    -51.045         0.00000
    -50.895         0.00000
    -50.745         0.00000
    -50.595         0.00000
    -50.445         0.00000
    -50.295         0.00000
    -50.145         0.00000
    -49.995         0.00000
    -49.845         0.00000
    -49.695         0.00000
    -49.545         0.00000
    -49.395         0.00000
    -49.245         0.00000
    -49.095         0.00000
    -48.945         0.00000
    -48.795         0.00000
    -48.645         0.00000
    -48.495         0.00000
    -48.345         0.00000
    -48.195         0.00000
    -48.045         0.00000
    -47.895         0.00000
    -47.745         0.00000
    -47.595         0.00000
    -47.445         0.00000
    -47.295         0.00000
    -47.145         0.00000
    -46.995         0.00000
    -46.845         0.00000
    -46.695         0.00000
    -46.545         0.00000
    -46.395         0.00000
    -46.245         0.00000
    -46.095         0.00000
    -45.945         0.00000
    -45.795         0.00000
    -45.645         0.00000
    -45.495         0.00000
    -45.345         0.00000
    -45.195         0.00000
    -45.045         0.00000
    -44.895         0.00000
    -44.745         0.00000
    -44.595         0.00000
    -44.445         0.00000
    -44.295         0.00000
    -44.145         0.00000
    -43.995         0.00000
    -43.845         0.00000
    -43.695         0.00000
    -43.545         0.00000
    -43.395         0.00000
    -43.245         0.00000
    -43.095         0.00000
    -42.945         0.00000
    -42.795         0.00000
    -42.645         0.00000
    -42.495         0.00000
    -42.345         0.00000
    -42.195         0.00000
    -42.045         0.00000
    -41.895         0.00000
    -41.745         0.00000
    -41.595         0.00000
    -41.445         0.00000
    -41.295         0.00000
    -41.145         0.00000
    -40.995         0.00000
    -40.845         0.00000
    -40.695         0.00000
    -40.545         0.00000
    -40.395         0.00000
    -40.245         0.00000
    -40.095         0.00000
    -39.945         0.00000
    -39.795         0.00000
    -39.645         0.00000
    -39.495         0.00000
    -39.345         0.00000
    -39.195         0.00000
    -39.045         0.00000
    -38.895         0.00000
    -38.745         0.00000
    -38.595         0.00000
    -38.445         0.00000
    -38.295         0.00000
    -38.145         0.00000
    -37.995         0.00000
    -37.845         0.00000
    -37.695         0.00000
    -37.545         0.00000
    -37.395         0.00000
    -37.245         0.00000
    -37.095         0.00000
    -36.945         0.00000
    -36.795         0.00000
    -36.645         0.00000
    -36.495         0.00000
    -36.345         0.00000
    -36.195         0.00000
    -36.045         0.00000
    -35.895         0.00000
    -35.745         0.00000
    -35.595         0.00000
    -35.445         0.00000
    -35.295         0.00000
    -35.145         0.00000
    -34.995         0.00000
    -34.845         0.00000
    -34.695         0.00000
    -34.545         0.00000
    -34.395         0.00000
    -34.245         0.00000
    -34.095         0.00000
    -33.945         0.00000
    -33.795         0.00000
    -33.645         0.00000
    -33.495         0.00000
    -33.345         0.00000
    -33.195         0.00000
    -33.045         0.00000
    -32.895         0.00000
    -32.745         0.00000
    -32.595         0.00000
    -32.445         0.00000
    -32.295         0.00000
    -32.145         0.00000
    -31.995         0.00000
    -31.845         0.00000
    -31.695         0.00000
    -31.545         0.00000
    -31.395         0.00000
    -31.245         0.00000
    -31.095         0.00000
    -30.945         0.00000
    -30.795         0.00000
    -30.645         0.00000
    -30.495         0.00000
    -30.345         0.00000
    -30.195         0.00000
    -30.045         0.00000
    -29.895         0.00000
    -29.745         0.00000
    -29.595         0.00000
    -29.445         0.00000
    -29.295         0.00000
    -29.145         0.00000
    -28.995         0.00000
    -28.845         0.00000
    -28.695         0.00000
    -28.545         0.00000
    -28.395         0.00000
    -28.245         0.00000
    -28.095         0.00000
    -27.945         0.00000
    -27.795         0.00000
    -27.645         0.00000
    -27.495         0.00000
    -27.345         0.00000
    -27.195         0.00000
    -27.045         0.00000
    -26.895         0.00000
    -26.745         0.00000
    -26.595         0.00000
    -26.445         0.00000
    -26.295         0.00000
    -26.145         0.00000
    -25.995         0.00000
    -25.845         0.00000
    -25.695         0.00000
    -25.545         0.00000
    -25.395         0.00000
    -25.245         0.00000
    -25.095         0.00000
    -24.945         0.00000
    -24.795         0.00000
    -24.645         0.00000
    -24.495         0.00000
    -24.345         0.00000
    -24.195         0.00000
    -24.045         0.00000
    -23.895         0.00000
    -23.745         0.00000
    -23.595         0.00000
    -23.445         0.00000
    -23.295         0.00000
    -23.145         0.00000
    -22.995         0.00000
    -22.845         0.00000
    -22.695         0.00000
    -22.545         0.00000
    -22.395         0.00000
    -22.245         0.00000
    -22.095         0.00000
    -21.945         0.00000
    -21.795         0.00000
    -21.645         0.00000
    -21.495         0.00000
    -21.345         0.00000
    -21.195         0.00000
    -21.045         0.00000
    -20.895         0.00000
    -20.745         0.00000
    -20.595         0.00000
    -20.445         0.00000
    -20.295         0.00000
    -20.145         0.00000
    -19.995         0.00000
    -19.845         0.00000
    -19.695         0.00000
    -19.545         0.00000
    -19.395         0.00000
    -19.245         0.00000
    -19.095         0.00000
    -18.945         0.00000
    -18.795         0.00000
    -18.645         0.00000
    -18.495         0.00000
    -18.345         0.00000
    -18.195         0.00000
    -18.045         0.00000
    -17.895         0.00000
    -17.745         0.00000
    -17.595         0.00000
    -17.445         0.00000
    -17.295         0.00000
    -17.145         0.00000
    -16.995         0.00000
    -16.845         0.00000
    -16.695         0.00000
    -16.545         0.00000
    -16.395         0.00000
    -16.245         0.00000
    -16.095         0.00000
    -15.945         0.00000
    -15.795         0.00000
    -15.645         0.00000
    -15.495         0.00000
    -15.345         0.00000
    -15.195         0.00000
    -15.045         0.00000
    -14.895         0.00000
    -14.745         0.00000
    -14.595         0.00000
    -14.445         0.00000
    -14.295         0.00000
    -14.145         0.00000
    -13.995         0.00000
    -13.845         0.00000
    -13.695        -0.00785
    -13.545        -0.01953
    -13.395        -0.05306
    -13.245        -0.10872
    -13.095        -0.17797
    -12.945        -0.26298
    -12.795        -0.37634
    -12.645        -0.49133
    -12.495        -0.62586
    -12.345        -0.76257
    -12.195        -0.89826
    -12.045        -1.02779
    -11.895        -1.17098
    -11.745        -1.31583
    -11.595        -1.47614
    -11.445        -1.60313
    -11.295        -1.72876
    -11.145        -1.87407
    -10.995        -1.98702
    -10.845        -2.11738
    -10.695        -2.23583
    -10.545        -2.34139
    -10.395        -2.44559
    -10.245        -2.55277
    -10.095        -2.64770
    -9.9450        -2.74963
    -9.7950        -2.84906
    -9.6450        -2.94715
    -9.4950        -3.06929
    -9.3450        -3.18953
    -9.1950        -3.31034
    -9.0450        -3.45788
    -8.8950        -3.61576
    -8.7450        -3.78697
    -8.5950        -3.99902
    -8.4450        -4.19301
    -8.2950        -4.41506
    -8.1450        -4.68222
    -7.9950        -4.96881
    -7.8450        -5.26763
    -7.6950        -5.59371
    -7.5450        -5.94599
    -7.3950        -6.32818
    -7.2450        -6.77128
    -7.0950        -7.21383
    -6.9450        -7.69513
    -6.7950        -8.20729
    -6.6450        -8.74164
    -6.4950        -9.31919
    -6.3450        -9.91594
    -6.1950       -10.50053
    -6.0450       -11.11786
    -5.8950       -11.69497
    -5.7450       -12.30032
    -5.5950       -12.91269
    -5.4450       -13.53032
    -5.2950       -14.09705
    -5.1450       -14.66459
    -4.9950       -15.20538
    -4.8450       -15.73982
    -4.6950       -16.26483
    -4.5450       -16.75243
    -4.3950       -17.26904
    -4.2450       -17.75759
    -4.0950       -18.23128
    -3.9450       -18.69954
    -3.7950       -19.17964
    -3.6450       -19.69165
    -3.4950       -20.20199
    -3.3450       -20.73961
    -3.1950       -21.34584
    -3.0450       -21.98899
    -2.8950       -22.69711
    -2.7450       -23.47320
    -2.5950       -24.32796
    -2.4450       -25.27252
    -2.2950       -26.30784
    -2.1450       -27.47731
    -1.9950       -28.79238
    -1.8450       -30.38279
    -1.6950       -32.24215
    -1.5450       -34.38441
    -1.3950       -36.79900
    -1.2450       -39.46715
    -1.0950       -42.43120
   -0.94500       -45.65480
   -0.79500       -49.12679
   -0.64500       -52.94744
   -0.49500       -57.35206
   -0.34500       -63.01762
   -0.22700       -65.37800
   -0.21300       -65.68464
   -0.20700       -65.99710
   -0.20100       -66.31869
   -0.19500       -66.64953
   -0.18900       -66.98296
   -0.18300       -67.32693
   -0.17700       -67.67839
   -0.17100       -68.04008
   -0.16500       -68.40871
   -0.15900       -68.78999
   -0.15300       -69.18685
   -0.14700       -69.59251
   -0.14100       -70.01001
   -0.13500       -70.44154
   -0.12900       -70.88985
   -0.12300       -71.35648
   -0.11700       -71.84281
   -0.11100       -72.34898
   -0.10500       -72.87904
   -0.99000E-01   -73.43698
   -0.93000E-01   -74.02389
   -0.87000E-01   -74.64635
   -0.81000E-01   -75.30524
   -0.75000E-01   -76.00958
   -0.69000E-01   -76.76767
   -0.63000E-01   -77.59005
   -0.57000E-01   -78.49321
   -0.51000E-01   -79.49218
   -0.45000E-01   -80.61426
   -0.39000E-01   -81.90284
   -0.33000E-01   -83.42571
   -0.27000E-01   -85.28936
   -0.21300E-01   -86.85410
   -0.19500E-01   -87.11306
   -0.18900E-01   -87.37941
   -0.18300E-01   -87.65727
   -0.17700E-01   -87.94438
   -0.17100E-01   -88.24274
   -0.16500E-01   -88.55551
   -0.15900E-01   -88.88390
   -0.15300E-01   -89.22731
   -0.14700E-01   -89.58700
   -0.14100E-01   -89.96441
   -0.13500E-01   -90.36071
   -0.12900E-01   -90.77784
   -0.12300E-01   -91.21622
   -0.11700E-01   -91.67657
   -0.11100E-01   -92.16137
   -0.10500E-01   -92.67153
   -0.99000E-02   -93.20678
   -0.93000E-02   -93.77097
   -0.87000E-02   -94.36375
   -0.81000E-02   -94.98847
   -0.75000E-02   -95.64505
   -0.69000E-02   -96.33738
   -0.63000E-02   -97.06874
   -0.57000E-02   -97.84339
   -0.51000E-02   -98.66406
   -0.45000E-02   -99.54078
   -0.39000E-02  -100.47889
   -0.33000E-02  -101.46749
   -0.27000E-02  -102.47938
   -0.21000E-02  -103.44481
   -0.15000E-02  -104.24104
   -0.90000E-03  -104.76207
   -0.30000E-03  -104.94279
    0.30000E-03  -104.76217
    0.90000E-03  -104.24129
    0.15000E-02  -103.44625
    0.21000E-02  -102.48405
    0.27000E-02  -101.47269
    0.33000E-02  -100.48485
    0.39000E-02   -99.54641
    0.45000E-02   -98.67005
    0.51000E-02   -97.85052
    0.57000E-02   -97.07820
    0.63000E-02   -96.34878
    0.69000E-02   -95.65737
    0.75000E-02   -95.00145
    0.81000E-02   -94.37785
    0.87000E-02   -93.78584
    0.93000E-02   -93.22240
    0.99000E-02   -92.68607
    0.10500E-01   -92.17748
    0.11100E-01   -91.69367
    0.11700E-01   -91.23350
    0.12300E-01   -90.79662
    0.12900E-01   -90.38073
    0.13500E-01   -89.98550
    0.14100E-01   -89.60804
    0.14700E-01   -89.24874
    0.15300E-01   -88.90706
    0.15900E-01   -88.58023
    0.16500E-01   -88.26835
    0.17100E-01   -87.97034
    0.17700E-01   -87.68417
    0.18300E-01   -87.40951
    0.18900E-01   -87.14286
    0.19500E-01   -86.88598
    0.21300E-01   -85.32641
    0.27000E-01   -83.47165
    0.33000E-01   -81.95813
    0.39000E-01   -80.67952
    0.45000E-01   -79.56590
    0.51000E-01   -78.57730
    0.57000E-01   -77.69420
    0.63000E-01   -76.89539
    0.69000E-01   -76.16856
    0.75000E-01   -75.49619
    0.81000E-01   -74.87523
    0.87000E-01   -74.29863
    0.93000E-01   -73.76257
    0.99000E-01   -73.25815
    0.10500       -72.78635
    0.11100       -72.34215
    0.11700       -71.91681
    0.12300       -71.51529
    0.12900       -71.13448
    0.13500       -70.77027
    0.14100       -70.42322
    0.14700       -70.09036
    0.15300       -69.77132
    0.15900       -69.46454
    0.16500       -69.16796
    0.17100       -68.88474
    0.17700       -68.60938
    0.18300       -68.34240
    0.18900       -68.08456
    0.19500       -67.83493
    0.20100       -67.59604
    0.20700       -67.36458
    0.21300       -67.13879
    0.22700       -65.47045
    0.34500       -62.08405
    0.49500       -60.01492
    0.64500       -58.54298
    0.79500       -57.42245
    0.94500       -56.49385
     1.0950       -55.69398
     1.2450       -54.99317
     1.3950       -54.34366
     1.5450       -53.75930
     1.6950       -53.22414
     1.8450       -52.72588
     1.9950       -52.27278
     2.1450       -51.86752
     2.2950       -51.49338
     2.4450       -51.14351
     2.5950       -50.83654
     2.7450       -50.55251
     2.8950       -50.31435
     3.0450       -50.07976
     3.1950       -49.87244
     3.3450       -49.69757
     3.4950       -49.54001
     3.6450       -49.39118
     3.7950       -49.24130
     3.9450       -49.12324
     4.0950       -48.99566
     4.2450       -48.87937
     4.3950       -48.77422
     4.5450       -48.67158
     4.6950       -48.56723
     4.8450       -48.47490
     4.9950       -48.37609
     5.1450       -48.28834
     5.2950       -48.20341
     5.4450       -48.11785
     5.5950       -48.03718
     5.7450       -47.96127
     5.8950       -47.88475
     6.0450       -47.80991
     6.1950       -47.73559
     6.3450       -47.66340
     6.4950       -47.59313
     6.6450       -47.52337
     6.7950       -47.45638
     6.9450       -47.39435
     7.0950       -47.33223
     7.2450       -47.27059
     7.3950       -47.20951
     7.5450       -47.14856
     7.6950       -47.08910
     7.8450       -47.03276
     7.9950       -46.97723
     8.1450       -46.91647
     8.2950       -46.86431
     8.4450       -46.81076
     8.5950       -46.75903
     8.7450       -46.70890
     8.8950       -46.65932
     9.0450       -46.61015
     9.1950       -46.56239
     9.3450       -46.51513
     9.4950       -46.46850
     9.6450       -46.42080
     9.7950       -46.37322
     9.9450       -46.32926
     10.095       -46.28604
     10.245       -46.24313
     10.395       -46.20019
     10.545       -46.15691
     10.695       -46.11587
     10.845       -46.07480
     10.995       -46.03386
     11.145       -45.99460
     11.295       -45.95561
     11.445       -45.91587
     11.595       -45.87700
     11.745       -45.83700
     11.895       -45.79963
     12.045       -45.76217
     12.195       -45.72410
     12.345       -45.68683
     12.495       -45.65126
     12.645       -45.61488
     12.795       -45.57882
     12.945       -45.54517
     13.095       -45.51024
     13.245       -45.47691
     13.395       -45.44362
     13.545       -45.41062
     13.695       -45.37735
     13.845       -45.34388
     13.995       -45.31307
     14.145       -45.28191
     14.295       -45.24988
     14.445       -45.21797
     14.595       -45.18712
     14.745       -45.15800
     14.895       -45.12840
     15.045       -45.09935
     15.195       -45.06952
     15.345       -45.04011
     15.495       -45.01183
     15.645       -44.98402
     15.795       -44.95513
     15.945       -44.92772
     16.095       -44.90016
     16.245       -44.87294
     16.395       -44.84594
     16.545       -44.82017
     16.695       -44.79350
     16.845       -44.76604
     16.995       -44.73970
     17.145       -44.71363
     17.295       -44.68736
     17.445       -44.66145
     17.595       -44.63675
     17.745       -44.61181
     17.895       -44.58733
     18.045       -44.56195
     18.195       -44.53698
     18.345       -44.51255
     18.495       -44.48790
     18.645       -44.46428
     18.795       -44.44047
     18.945       -44.41874
     19.095       -44.39523
     19.245       -44.37134
     19.395       -44.34933
     19.545       -44.32683
     19.695       -44.30367
     19.845       -44.28128
     19.995       -44.25796
     20.145       -44.23625
     20.295       -44.21407
     20.445       -44.19275
     20.595       -44.17018
     20.745       -44.14940
     20.895       -44.12737
     21.045       -44.10694
     21.195       -44.08616
     21.345       -44.06579
     21.495       -44.04527
     21.645       -44.02514
     21.795       -44.00507
     21.945       -43.98497
     22.095       -43.96502
     22.245       -43.94426
     22.395       -43.92446
     22.545       -43.90424
     22.695       -43.88377
     22.845       -43.86463
     22.995       -43.84560
     23.145       -43.82631
     23.295       -43.80777
     23.445       -43.78893
     23.595       -43.77053
     23.745       -43.75186
     23.895       -43.73375
     24.045       -43.71559
     24.195       -43.69782
     24.345       -43.67959
     24.495       -43.66185
     24.645       -43.64456
     24.795       -43.62714
     24.945       -43.61017
     25.095       -43.59246
     25.245       -43.57525
     25.395       -43.55779
     25.545       -43.54004
     25.695       -43.52306
     25.845       -43.50581
     25.995       -43.48926
     26.145       -43.47312
     26.295       -43.45650
     26.445       -43.43996
     26.595       -43.42416
     26.745       -43.40788
     26.895       -43.39036
     27.045       -43.37431
     27.195       -43.35858
     27.345       -43.34243
     27.495       -43.32676
     27.645       -43.31090
     27.795       -43.29502
     27.945       -43.27910
     28.095       -43.26317
     28.245       -43.24793
     28.395       -43.23219
     28.545       -43.21720
     28.695       -43.20177
     28.845       -43.18736
     28.995       -43.17138
     29.145       -43.15645
     29.295       -43.14167
     29.445       -43.12657
     29.595       -43.11197
     29.745       -43.09769
     29.895       -43.08349
     30.045       -43.06864
     30.195       -43.05375
     30.345       -43.03939
     30.495       -43.02513
     30.645       -43.01149
     30.795       -42.99730
     30.945       -42.98306
     31.095       -42.96935
     31.245       -42.95560
     31.395       -42.94142
     31.545       -42.92741
     31.695       -42.91351
     31.845       -42.89990
     31.995       -42.88483
     32.145       -42.87067
     32.295       -42.85582
     32.445       -42.84285
     32.595       -42.82970
     32.745       -42.81598
     32.895       -42.80308
     33.045       -42.79008
     33.195       -42.77734
     33.345       -42.76469
     33.495       -42.75155
     33.645       -42.73826
     33.795       -42.72531
     33.945       -42.71208
     34.095       -42.69915
     34.245       -42.68682
     34.395       -42.67476
     34.545       -42.66255
     34.695       -42.64993
     34.845       -42.63726
     34.995       -42.62382
     35.145       -42.61100
     35.295       -42.59896
     35.445       -42.58513
     35.595       -42.57250
     35.745       -42.56032
     35.895       -42.54824
     36.045       -42.53574
     36.195       -42.52369
     36.345       -42.51149
     36.495       -42.49936
     36.645       -42.48730
     36.795       -42.47543
     36.945       -42.46306
     37.095       -42.45152
     37.245       -42.43999
     37.395       -42.42822
     37.545       -42.41644
     37.695       -42.40505
     37.845       -42.39362
     37.995       -42.38244
     38.145       -42.37099
     38.295       -42.36026
     38.445       -42.34901
     38.595       -42.33789
     38.745       -42.32665
     38.895       -42.31573
     39.045       -42.30477
     39.195       -42.29355
     39.345       -42.28288
     39.495       -42.27169
     39.645       -42.26026
     39.795       -42.24958
     39.945       -42.23808
     40.095       -42.22745
     40.245       -42.21668
     40.395       -42.20580
     40.545       -42.19534
     40.695       -42.18422
     40.845       -42.17413
     40.995       -42.16330
     41.145       -42.15256
     41.295       -42.14244
     41.445       -42.13207
     41.595       -42.12224
     41.745       -42.11205
     41.895       -42.10161
     42.045       -42.09140
     42.195       -42.08079
     42.345       -42.07067
     42.495       -42.06067
     42.645       -42.05045
     42.795       -42.04021
     42.945       -42.02916
     43.095       -42.01933
     43.245       -42.00919
     43.395       -41.99948
     43.545       -41.98986
     43.695       -41.98018
     43.845       -41.97083
     43.995       -41.96080
     44.145       -41.95109
     44.295       -41.94108
     44.445       -41.93112
     44.595       -41.92152
     44.745       -41.91189
     44.895       -41.90272
     45.045       -41.89318
     45.195       -41.88365
     45.345       -41.87445
     45.495       -41.86469
     45.645       -41.85452
     45.795       -41.84522
     45.945       -41.83613
     46.095       -41.82681
     46.245       -41.81764
     46.395       -41.80851
     46.545       -41.79938
     46.695       -41.79044
     46.845       -41.78123
     46.995       -41.77176
     47.145       -41.76243
     47.295       -41.75317
     47.445       -41.74439
     47.595       -41.73564
     47.745       -41.72657
     47.895       -41.71797
     48.045       -41.70957
     48.195       -41.70059
     48.345       -41.69160
     48.495       -41.68295
     48.645       -41.67428
     48.795       -41.66580
     48.945       -41.65745
     49.095       -41.64872
     49.245       -41.63967
     49.395       -41.63014
     49.545       -41.62125
     49.695       -41.61244
     49.845       -41.60399
     49.995       -41.59549
     50.145       -41.58685
     50.295       -41.57798
     50.445       -41.57000
     50.595       -41.56194
     50.745       -41.55307
     50.895       -41.54507
     51.045       -41.53634
     51.195       -41.52815
     51.345       -41.52022
     51.495       -41.51177
     51.645       -41.50371
     51.795       -41.49547
     51.945       -41.48750
     52.095       -41.47945
     52.245       -41.47134
     52.395       -41.46349
     52.545       -41.45514
     52.695       -41.44707
     52.845       -41.43882
     52.995       -41.43079
     53.145       -41.42291
     53.295       -41.41469
     53.445       -41.40668
     53.595       -41.39889
     53.745       -41.39072
     53.895       -41.38230
     54.045       -41.37437
     54.195       -41.36661
     54.345       -41.35833
     54.495       -41.34991
     54.645       -41.34238
     54.795       -41.33482
     54.945       -41.32716
     55.095       -41.31936
     59.433       -40.70437
     80.646       -39.80535
     111.21       -38.92330
     153.36       -38.05924
     211.49       -37.21576
     291.64       -36.39494
     402.18       -35.58981
     554.60       -34.81535
     764.80       -34.05720
     1054.7       -33.32348
     1454.4       -32.60362
     2005.6       -31.90901
     2765.8       -31.22943
     3814.0       -30.57164
     5259.5       -29.93374
     7252.9       -29.30966
     10002.       -28.69862
     13793.       -28.10915
     19020.       -27.54156
     26229.       -26.99528
     36170.       -26.46971
     49878.       -25.96601
     68782.       -25.48388
     94851.       -25.02079
    0.13080E+06   -24.57742
    0.18038E+06   -24.15621
    0.24874E+06   -23.74940
    0.34301E+06   -23.36207
    0.47302E+06   -22.99373
    0.65229E+06   -22.64418
    0.89952E+06   -22.30954
    0.12404E+07   -21.99032
    0.17106E+07   -21.68780
    0.23589E+07   -21.39707
    0.32529E+07   -21.12050
    0.44858E+07   -20.85663
    0.61860E+07   -20.60759
    0.85305E+07   -20.37091
    0.11764E+08   -20.14577
    0.16222E+08   -19.93108
    0.22370E+08   -19.72575
    0.30849E+08   -19.53117
    0.42541E+08   -19.34799
    0.58664E+08   -19.17515
    0.80898E+08   -19.01502
    0.11156E+09   -18.86607
    0.15384E+09   -18.72660
    0.21215E+09   -18.59526
    0.29255E+09   -18.47314
    0.40343E+09   -18.35779
    0.55633E+09   -18.25151
    0.76719E+09   -18.15414
    0.10580E+10   -18.06545
    0.14589E+10   -17.98342
    0.20119E+10   -17.90856
    0.27744E+10   -17.83899
    0.38259E+10   -17.77574
    0.52760E+10   -17.71688
    0.72756E+10   -17.66139
    0.10033E+11   -17.61083
    0.13836E+11   -17.56342
    0.19079E+11   -17.52082
    0.26311E+11   -17.48112
    0.36283E+11   -17.44435
    0.50034E+11   -17.41051
    0.68997E+11   -17.37880
    0.10000E+12   -17.00664
