    -159.95         0.00000
    -159.79         0.00000
    -159.65         0.00000
    -159.49         0.00000
    -159.34         0.00000
    -159.20         0.00000
    -159.04         0.00000
    -158.90         0.00000
    -158.74         0.00000
    -158.59         0.00000
    -158.45         0.00000
    -158.29         0.00000
    -158.15         0.00000
    -157.99         0.00000
    -157.84         0.00000
    -157.70         0.00000
    -157.54         0.00000
    -157.40         0.00000
    -157.24         0.00000
    -157.09         0.00000
    -156.95         0.00000
    -156.79         0.00000
    -156.65         0.00000
    -156.49         0.00000
    -156.34         0.00000
    -156.20         0.00000
    -156.04         0.00000
    -155.90         0.00000
    -155.74         0.00000
    -155.59         0.00000
    -155.45         0.00000
    -155.29         0.00000
    -155.15         0.00000
    -154.99         0.00000
    -154.84         0.00000
    -154.70         0.00000
    -154.54         0.00000
    -154.40         0.00000
    -154.24         0.00000
    -154.09         0.00000
    -153.95         0.00000
    -153.79         0.00000
    -153.65         0.00000
    -153.49         0.00000
    -153.34         0.00000
    -153.20         0.00000
    -153.04         0.00000
    -152.90         0.00000
    -152.74         0.00000
    -152.59         0.00000
    -152.45         0.00000
    -152.29         0.00000
    -152.15         0.00000
    -151.99         0.00000
    -151.84         0.00000
    -151.70         0.00000
    -151.54         0.00000
    -151.40         0.00000
    -151.24         0.00000
    -151.09         0.00000
    -150.95         0.00000
    -150.79         0.00000
    -150.65         0.00000
    -150.49         0.00000
    -150.34         0.00000
    -150.20         0.00000
    -150.04         0.00000
    -149.90         0.00000
    -149.74         0.00000
    -149.59         0.00000
    -149.45         0.00000
    -149.29         0.00000
    -149.15         0.00000
    -148.99         0.00000
    -148.84         0.00000
    -148.70         0.00000
    -148.54         0.00000
    -148.40         0.00000
    -148.24         0.00000
    -148.09         0.00000
    -147.95         0.00000
    -147.79         0.00000
    -147.65         0.00000
    -147.49         0.00000
    -147.34         0.00000
    -147.20         0.00000
    -147.04         0.00000
    -146.90         0.00000
    -146.74         0.00000
    -146.59         0.00000
    -146.45         0.00000
    -146.29         0.00000
    -146.15         0.00000
    -145.99         0.00000
    -145.84         0.00000
    -145.70         0.00000
    -145.54         0.00000
    -145.40         0.00000
    -145.24         0.00000
    -145.09         0.00000
    -144.95         0.00000
    -144.79         0.00000
    -144.65         0.00000
    -144.49         0.00000
    -144.34         0.00000
    -144.20         0.00000
    -144.04         0.00000
    -143.90         0.00000
    -143.74         0.00000
    -143.59         0.00000
    -143.45         0.00000
    -143.29         0.00000
    -143.15         0.00000
    -142.99         0.00000
    -142.84         0.00000
    -142.70         0.00000
    -142.54         0.00000
    -142.40         0.00000
    -142.24         0.00000
    -142.09         0.00000
    -141.95         0.00000
    -141.79         0.00000
    -141.65         0.00000
    -141.49         0.00000
    -141.34         0.00000
    -141.20         0.00000
    -141.04         0.00000
    -140.90         0.00000
    -140.74         0.00000
    -140.59         0.00000
    -140.45         0.00000
    -140.29         0.00000
    -140.15         0.00000
    -139.99         0.00000
    -139.84         0.00000
    -139.70         0.00000
    -139.54         0.00000
    -139.40         0.00000
    -139.24         0.00000
    -139.09         0.00000
    -138.95         0.00000
    -138.79         0.00000
    -138.65         0.00000
    -138.49         0.00000
    -138.34         0.00000
    -138.20         0.00000
    -138.04         0.00000
    -137.90         0.00000
    -137.74         0.00000
    -137.59         0.00000
    -137.45         0.00000
    -137.29         0.00000
    -137.15         0.00000
    -136.99         0.00000
    -136.84         0.00000
    -136.70         0.00000
    -136.54         0.00000
    -136.40         0.00000
    -136.24         0.00000
    -136.09         0.00000
    -135.95         0.00000
    -135.79         0.00000
    -135.65         0.00000
    -135.49         0.00000
    -135.34         0.00000
    -135.20         0.00000
    -135.04         0.00000
    -134.90         0.00000
    -134.74         0.00000
    -134.59         0.00000
    -134.45         0.00000
    -134.29         0.00000
    -134.15         0.00000
    -133.99         0.00000
    -133.84         0.00000
    -133.70         0.00000
    -133.54         0.00000
    -133.40         0.00000
    -133.24         0.00000
    -133.09         0.00000
    -132.95         0.00000
    -132.79         0.00000
    -132.65         0.00000
    -132.49         0.00000
    -132.34         0.00000
    -132.20         0.00000
    -132.04         0.00000
    -131.90         0.00000
    -131.74         0.00000
    -131.59         0.00000
    -131.45         0.00000
    -131.29         0.00000
    -131.15         0.00000
    -130.99         0.00000
    -130.84         0.00000
    -130.70         0.00000
    -130.54         0.00000
    -130.40         0.00000
    -130.24         0.00000
    -130.09         0.00000
    -129.95         0.00000
    -129.79         0.00000
    -129.65         0.00000
    -129.49         0.00000
    -129.34         0.00000
    -129.20         0.00000
    -129.04         0.00000
    -128.90         0.00000
    -128.74         0.00000
    -128.59         0.00000
    -128.45         0.00000
    -128.29         0.00000
    -128.15         0.00000
    -127.99         0.00000
    -127.85         0.00000
    -127.69         0.00000
    -127.55         0.00000
    -127.39         0.00000
    -127.25         0.00000
    -127.10         0.00000
    -126.94         0.00000
    -126.80         0.00000
    -126.64         0.00000
    -126.50         0.00000
    -126.35         0.00000
    -126.19         0.00000
    -126.05         0.00000
    -125.89         0.00000
    -125.75         0.00000
    -125.60         0.00000
    -125.44         0.00000
    -125.30         0.00000
    -125.14         0.00000
    -125.00         0.00000
    -124.85         0.00000
    -124.69         0.00000
    -124.55         0.00000
    -124.39         0.00000
    -124.25         0.00000
    -124.10         0.00000
    -123.94         0.00000
    -123.80         0.00000
    -123.64         0.00000
    -123.50         0.00000
    -123.35         0.00000
    -123.19         0.00000
    -123.05         0.00000
    -122.89         0.00000
    -122.75         0.00000
    -122.60         0.00000
    -122.44         0.00000
    -122.30         0.00000
    -122.14         0.00000
    -122.00         0.00000
    -121.85         0.00000
    -121.69         0.00000
    -121.55         0.00000
    -121.39         0.00000
    -121.25         0.00000
    -121.10         0.00000
    -120.94         0.00000
    -120.80         0.00000
    -120.64         0.00000
    -120.50         0.00000
    -120.35         0.00000
    -120.19         0.00000
    -120.05         0.00000
    -119.89         0.00000
    -119.75         0.00000
    -119.60         0.00000
    -119.44         0.00000
    -119.30         0.00000
    -119.14         0.00000
    -119.00         0.00000
    -118.85         0.00000
    -118.69         0.00000
    -118.55         0.00000
    -118.39         0.00000
    -118.25         0.00000
    -118.10         0.00000
    -117.94         0.00000
    -117.80         0.00000
    -117.64         0.00000
    -117.50         0.00000
    -117.35         0.00000
    -117.19         0.00000
    -117.05         0.00000
    -116.89         0.00000
    -116.75         0.00000
    -116.60         0.00000
    -116.44         0.00000
    -116.30         0.00000
    -116.14         0.00000
    -116.00         0.00000
    -115.85         0.00000
    -115.69         0.00000
    -115.55         0.00000
    -115.39         0.00000
    -115.25         0.00000
    -115.10         0.00000
    -114.94         0.00000
    -114.80         0.00000
    -114.64         0.00000
    -114.50         0.00000
    -114.35         0.00000
    -114.19         0.00000
    -114.05         0.00000
    -113.89         0.00000
    -113.75         0.00000
    -113.60         0.00000
    -113.44         0.00000
    -113.30         0.00000
    -113.14         0.00000
    -113.00         0.00000
    -112.85         0.00000
    -112.69         0.00000
    -112.55         0.00000
    -112.39         0.00000
    -112.25         0.00000
    -112.10         0.00000
    -111.94         0.00000
    -111.80         0.00000
    -111.64         0.00000
    -111.50         0.00000
    -111.35         0.00000
    -111.19         0.00000
    -111.05         0.00000
    -110.89         0.00000
    -110.75         0.00000
    -110.60         0.00000
    -110.44         0.00000
    -110.30         0.00000
    -110.14         0.00000
    -110.00         0.00000
    -109.85         0.00000
    -109.69         0.00000
    -109.55         0.00000
    -109.39         0.00000
    -109.25         0.00000
    -109.10         0.00000
    -108.94         0.00000
    -108.80         0.00000
    -108.64         0.00000
    -108.50         0.00000
    -108.35         0.00000
    -108.19         0.00000
    -108.05         0.00000
    -107.89         0.00000
    -107.75         0.00000
    -107.60         0.00000
    -107.44         0.00000
    -107.30         0.00000
    -107.14         0.00000
    -107.00         0.00000
    -106.85         0.00000
    -106.69         0.00000
    -106.55         0.00000
    -106.39         0.00000
    -106.25         0.00000
    -106.10         0.00000
    -105.94         0.00000
    -105.80         0.00000
    -105.64         0.00000
    -105.50         0.00000
    -105.35         0.00000
    -105.19         0.00000
    -105.05         0.00000
    -104.89         0.00000
    -104.75         0.00000
    -104.60         0.00000
    -104.44         0.00000
    -104.30         0.00000
    -104.14         0.00000
    -104.00         0.00000
    -103.85         0.00000
    -103.69         0.00000
    -103.55         0.00000
    -103.39         0.00000
    -103.25         0.00000
    -103.10         0.00000
    -102.94         0.00000
    -102.80         0.00000
    -102.64         0.00000
    -102.50         0.00000
    -102.35         0.00000
    -102.19         0.00000
    -102.05         0.00000
    -101.89         0.00000
    -101.75         0.00000
    -101.60         0.00000
    -101.44         0.00000
    -101.30         0.00000
    -101.14         0.00000
    -101.00         0.00000
    -100.85         0.00000
    -100.69         0.00000
    -100.55         0.00000
    -100.39         0.00000
    -100.25         0.00000
    -100.10         0.00000
    -99.945         0.00000
    -99.795         0.00000
    -99.645         0.00000
    -99.495         0.00000
    -99.345         0.00000
    -99.195         0.00000
    -99.045         0.00000
    -98.895         0.00000
    -98.745         0.00000
    -98.595         0.00000
    -98.445         0.00000
    -98.295         0.00000
    -98.145         0.00000
    -97.995         0.00000
    -97.845         0.00000
    -97.695         0.00000
    -97.545         0.00000
    -97.395         0.00000
    -97.245         0.00000
    -97.095         0.00000
    -96.945         0.00000
    -96.795         0.00000
    -96.645         0.00000
    -96.495         0.00000
    -96.345         0.00000
    -96.195         0.00000
    -96.045         0.00000
    -95.895         0.00000
    -95.745         0.00000
    -95.595         0.00000
    -95.445         0.00000
    -95.295         0.00000
    -95.145         0.00000
    -94.995         0.00000
    -94.845         0.00000
    -94.695         0.00000
    -94.545         0.00000
    -94.395         0.00000
    -94.245         0.00000
    -94.095         0.00000
    -93.945         0.00000
    -93.795         0.00000
    -93.645         0.00000
    -93.495         0.00000
    -93.345         0.00000
    -93.195         0.00000
    -93.045         0.00000
    -92.895         0.00000
    -92.745         0.00000
    -92.595         0.00000
    -92.445         0.00000
    -92.295         0.00000
    -92.145         0.00000
    -91.995         0.00000
    -91.845         0.00000
    -91.695         0.00000
    -91.545         0.00000
    -91.395         0.00000
    -91.245         0.00000
    -91.095         0.00000
    -90.945         0.00000
    -90.795         0.00000
    -90.645         0.00000
    -90.495         0.00000
    -90.345         0.00000
    -90.195         0.00000
    -90.045         0.00000
    -89.895         0.00000
    -89.745         0.00000
    -89.595         0.00000
    -89.445         0.00000
    -89.295         0.00000
    -89.145         0.00000
    -88.995         0.00000
    -88.845         0.00000
    -88.695         0.00000
    -88.545         0.00000
    -88.395         0.00000
    -88.245         0.00000
    -88.095         0.00000
    -87.945         0.00000
    -87.795         0.00000
    -87.645         0.00000
    -87.495         0.00000
    -87.345         0.00000
    -87.195         0.00000
    -87.045         0.00000
    -86.895         0.00000
    -86.745         0.00000
    -86.595         0.00000
    -86.445         0.00000
    -86.295         0.00000
    -86.145         0.00000
    -85.995         0.00000
    -85.845         0.00000
    -85.695         0.00000
    -85.545         0.00000
    -85.395         0.00000
    -85.245         0.00000
    -85.095         0.00000
    -84.945         0.00000
    -84.795         0.00000
    -84.645         0.00000
    -84.495         0.00000
    -84.345         0.00000
    -84.195         0.00000
    -84.045         0.00000
    -83.895         0.00000
    -83.745         0.00000
    -83.595         0.00000
    -83.445         0.00000
    -83.295         0.00000
    -83.145         0.00000
    -82.995         0.00000
    -82.845         0.00000
    -82.695         0.00000
    -82.545         0.00000
    -82.395         0.00000
    -82.245         0.00000
    -82.095         0.00000
    -81.945         0.00000
    -81.795         0.00000
    -81.645         0.00000
    -81.495         0.00000
    -81.345         0.00000
    -81.195         0.00000
    -81.045         0.00000
    -80.895         0.00000
    -80.745         0.00000
    -80.595         0.00000
    -80.445         0.00000
    -80.295         0.00000
    -80.145         0.00000
    -79.995         0.00000
    -79.845         0.00000
    -79.695         0.00000
    -79.545         0.00000
    -79.395         0.00000
    -79.245         0.00000
    -79.095         0.00000
    -78.945         0.00000
    -78.795         0.00000
    -78.645         0.00000
    -78.495         0.00000
    -78.345         0.00000
    -78.195         0.00000
    -78.045         0.00000
    -77.895         0.00000
    -77.745         0.00000
    -77.595         0.00000
    -77.445         0.00000
    -77.295         0.00000
    -77.145         0.00000
    -76.995         0.00000
    -76.845         0.00000
    -76.695         0.00000
    -76.545         0.00000
    -76.395         0.00000
    -76.245         0.00000
    -76.095         0.00000
    -75.945         0.00000
    -75.795         0.00000
    -75.645         0.00000
    -75.495         0.00000
    -75.345         0.00000
    -75.195         0.00000
    -75.045         0.00000
    -74.895         0.00000
    -74.745         0.00000
    -74.595         0.00000
    -74.445         0.00000
    -74.295         0.00000
    -74.145         0.00000
    -73.995         0.00000
    -73.845         0.00000
    -73.695         0.00000
    -73.545         0.00000
    -73.395         0.00000
    -73.245         0.00000
    -73.095         0.00000
    -72.945         0.00000
    -72.795         0.00000
    -72.645         0.00000
    -72.495         0.00000
    -72.345         0.00000
    -72.195         0.00000
    -72.045         0.00000
    -71.895         0.00000
    -71.745         0.00000
    -71.595         0.00000
    -71.445         0.00000
    -71.295         0.00000
    -71.145         0.00000
    -70.995         0.00000
    -70.845         0.00000
    -70.695         0.00000
    -70.545         0.00000
    -70.395         0.00000
    -70.245         0.00000
    -70.095         0.00000
    -69.945         0.00000
    -69.795         0.00000
    -69.645         0.00000
    -69.495         0.00000
    -69.345         0.00000
    -69.195         0.00000
    -69.045         0.00000
    -68.895         0.00000
    -68.745         0.00000
    -68.595         0.00000
    -68.445         0.00000
    -68.295         0.00000
    -68.145         0.00000
    -67.995         0.00000
    -67.845         0.00000
    -67.695         0.00000
    -67.545         0.00000
    -67.395         0.00000
    -67.245         0.00000
    -67.095         0.00000
    -66.945         0.00000
    -66.795         0.00000
    -66.645         0.00000
    -66.495         0.00000
    -66.345         0.00000
    -66.195         0.00000
    -66.045         0.00000
    -65.895         0.00000
    -65.745         0.00000
    -65.595         0.00000
    -65.445         0.00000
    -65.295         0.00000
    -65.145         0.00000
    -64.995         0.00000
    -64.845         0.00000
    -64.695         0.00000
    -64.545         0.00000
    -64.395         0.00000
    -64.245         0.00000
    -64.095         0.00000
    -63.945         0.00000
    -63.795         0.00000
    -63.645         0.00000
    -63.495         0.00000
    -63.345         0.00000
    -63.195         0.00000
    -63.045         0.00000
    -62.895         0.00000
    -62.745         0.00000
    -62.595         0.00000
    -62.445         0.00000
    -62.295         0.00000
    -62.145         0.00000
    -61.995         0.00000
    -61.845         0.00000
    -61.695         0.00000
    -61.545         0.00000
    -61.395         0.00000
    -61.245         0.00000
    -61.095         0.00000
    -60.945         0.00000
    -60.795         0.00000
    -60.645         0.00000
    -60.495         0.00000
    -60.345         0.00000
    -60.195         0.00000
    -60.045         0.00000
    -59.895         0.00000
    -59.745         0.00000
    -59.595         0.00000
    -59.445         0.00000
    -59.295         0.00000
    -59.145         0.00000
    -58.995         0.00000
    -58.845         0.00000
    -58.695         0.00000
    -58.545         0.00000
    -58.395         0.00000
    -58.245         0.00000
    -58.095         0.00000
    -57.945         0.00000
    -57.795         0.00000
    -57.645         0.00000
    -57.495         0.00000
    -57.345         0.00000
    -57.195         0.00000
    -57.045         0.00000
    -56.895         0.00000
    -56.745         0.00000
    -56.595         0.00000
    -56.445         0.00000
    -56.295         0.00000
    -56.145         0.00000
    -55.995         0.00000
    -55.845         0.00000
    -55.695         0.00000
    -55.545         0.00000
    -55.395         0.00000
    -55.245         0.00000
    -55.095         0.00000
    -54.945         0.00000
    -54.795         0.00000
    -54.645         0.00000
    -54.495         0.00000
    -54.345         0.00000
    -54.195         0.00000
    -54.045         0.00000
    -53.895         0.00000
    -53.745         0.00000
    -53.595         0.00000
    -53.445         0.00000
    -53.295         0.00000
    -53.145         0.00000
    -52.995         0.00000
    -52.845         0.00000
    -52.695         0.00000
    -52.545         0.00000
    -52.395         0.00000
    -52.245         0.00000
    -52.095         0.00000
    -51.945         0.00000
    -51.795         0.00000
    -51.645         0.00000
    -51.495         0.00000
    -51.345         0.00000
    -51.195         0.00000
    -51.045         0.00000
    -50.895         0.00000
    -50.745         0.00000
    -50.595         0.00000
    -50.445         0.00000
    -50.295         0.00000
    -50.145         0.00000
    -49.995         0.00000
    -49.845         0.00000
    -49.695         0.00000
    -49.545         0.00000
    -49.395         0.00000
    -49.245         0.00000
    -49.095         0.00000
    -48.945         0.00000
    -48.795         0.00000
    -48.645         0.00000
    -48.495         0.00000
    -48.345         0.00000
    -48.195         0.00000
    -48.045         0.00000
    -47.895         0.00000
    -47.745         0.00000
    -47.595         0.00000
    -47.445         0.00000
    -47.295         0.00000
    -47.145         0.00000
    -46.995         0.00000
    -46.845         0.00000
    -46.695         0.00000
    -46.545         0.00000
    -46.395         0.00000
    -46.245         0.00000
    -46.095         0.00000
    -45.945         0.00000
    -45.795         0.00000
    -45.645         0.00000
    -45.495         0.00000
    -45.345         0.00000
    -45.195         0.00000
    -45.045         0.00000
    -44.895         0.00000
    -44.745         0.00000
    -44.595         0.00000
    -44.445         0.00000
    -44.295         0.00000
    -44.145         0.00000
    -43.995         0.00000
    -43.845         0.00000
    -43.695         0.00000
    -43.545         0.00000
    -43.395         0.00000
    -43.245         0.00000
    -43.095         0.00000
    -42.945         0.00000
    -42.795         0.00000
    -42.645         0.00000
    -42.495         0.00000
    -42.345         0.00000
    -42.195         0.00000
    -42.045         0.00000
    -41.895         0.00000
    -41.745         0.00000
    -41.595         0.00000
    -41.445         0.00000
    -41.295         0.00000
    -41.145         0.00000
    -40.995         0.00000
    -40.845         0.00000
    -40.695         0.00000
    -40.545         0.00000
    -40.395         0.00000
    -40.245         0.00000
    -40.095         0.00000
    -39.945         0.00000
    -39.795         0.00000
    -39.645         0.00000
    -39.495         0.00000
    -39.345         0.00000
    -39.195         0.00000
    -39.045         0.00000
    -38.895         0.00000
    -38.745         0.00000
    -38.595         0.00000
    -38.445         0.00000
    -38.295         0.00000
    -38.145         0.00000
    -37.995         0.00000
    -37.845         0.00000
    -37.695         0.00000
    -37.545         0.00000
    -37.395         0.00000
    -37.245         0.00000
    -37.095         0.00000
    -36.945         0.00000
    -36.795         0.00000
    -36.645         0.00000
    -36.495         0.00000
    -36.345         0.00000
    -36.195         0.00000
    -36.045         0.00000
    -35.895         0.00000
    -35.745         0.00000
    -35.595         0.00000
    -35.445         0.00000
    -35.295         0.00000
    -35.145         0.00000
    -34.995         0.00000
    -34.845         0.00000
    -34.695         0.00000
    -34.545         0.00000
    -34.395         0.00000
    -34.245         0.00000
    -34.095         0.00000
    -33.945         0.00000
    -33.795         0.00000
    -33.645         0.00000
    -33.495         0.00000
    -33.345         0.00000
    -33.195         0.00000
    -33.045         0.00000
    -32.895         0.00000
    -32.745         0.00000
    -32.595         0.00000
    -32.445         0.00000
    -32.295         0.00000
    -32.145         0.00000
    -31.995         0.00000
    -31.845         0.00000
    -31.695         0.00000
    -31.545         0.00000
    -31.395         0.00000
    -31.245         0.00000
    -31.095         0.00000
    -30.945         0.00000
    -30.795         0.00000
    -30.645         0.00000
    -30.495         0.00000
    -30.345         0.00000
    -30.195         0.00000
    -30.045         0.00000
    -29.895         0.00000
    -29.745         0.00000
    -29.595         0.00000
    -29.445         0.00000
    -29.295         0.00000
    -29.145         0.00000
    -28.995         0.00000
    -28.845         0.00000
    -28.695         0.00000
    -28.545         0.00000
    -28.395         0.00000
    -28.245         0.00000
    -28.095         0.00000
    -27.945         0.00000
    -27.795         0.00000
    -27.645         0.00000
    -27.495         0.00000
    -27.345         0.00000
    -27.195         0.00000
    -27.045         0.00000
    -26.895         0.00000
    -26.745         0.00000
    -26.595         0.00000
    -26.445         0.00000
    -26.295         0.00000
    -26.145         0.00000
    -25.995         0.00000
    -25.845         0.00000
    -25.695         0.00000
    -25.545         0.00000
    -25.395         0.00000
    -25.245         0.00000
    -25.095         0.00000
    -24.945         0.00000
    -24.795         0.00000
    -24.645         0.00000
    -24.495         0.00000
    -24.345         0.00000
    -24.195         0.00000
    -24.045         0.00000
    -23.895         0.00000
    -23.745         0.00000
    -23.595         0.00000
    -23.445         0.00000
    -23.295         0.00000
    -23.145         0.00000
    -22.995         0.00000
    -22.845         0.00000
    -22.695         0.00000
    -22.545         0.00000
    -22.395         0.00000
    -22.245         0.00000
    -22.095         0.00000
    -21.945         0.00000
    -21.795         0.00000
    -21.645         0.00000
    -21.495         0.00000
    -21.345         0.00000
    -21.195         0.00000
    -21.045         0.00000
    -20.895         0.00000
    -20.745         0.00000
    -20.595         0.00000
    -20.445         0.00000
    -20.295         0.00000
    -20.145         0.00000
    -19.995         0.00000
    -19.845         0.00000
    -19.695         0.00000
    -19.545         0.00000
    -19.395         0.00000
    -19.245         0.00000
    -19.095         0.00000
    -18.945         0.00000
    -18.795         0.00000
    -18.645         0.00000
    -18.495         0.00000
    -18.345         0.00000
    -18.195         0.00000
    -18.045         0.00000
    -17.895         0.00000
    -17.745         0.00000
    -17.595         0.00000
    -17.445         0.00000
    -17.295         0.00000
    -17.145         0.00000
    -16.995         0.00000
    -16.845         0.00000
    -16.695         0.00000
    -16.545         0.00000
    -16.395         0.00000
    -16.245         0.00000
    -16.095         0.00000
    -15.945         0.00000
    -15.795         0.00000
    -15.645         0.00000
    -15.495         0.00000
    -15.345         0.00000
    -15.195         0.00000
    -15.045         0.00000
    -14.895         0.00000
    -14.745         0.00000
    -14.595         0.00000
    -14.445         0.00000
    -14.295         0.00000
    -14.145         0.00000
    -13.995         0.00000
    -13.845         0.00000
    -13.695         0.00000
    -13.545         0.00000
    -13.395         0.00000
    -13.245         0.00000
    -13.095         0.00000
    -12.945         0.00000
    -12.795         0.00000
    -12.645         0.00000
    -12.495         0.00000
    -12.345         0.00000
    -12.195         0.00000
    -12.045         0.00000
    -11.895         0.00000
    -11.745         0.00000
    -11.595         0.00000
    -11.445         0.00000
    -11.295         0.00000
    -11.145         0.00000
    -10.995         0.00000
    -10.845         0.00000
    -10.695         0.00000
    -10.545         0.00000
    -10.395         0.00000
    -10.245         0.00000
    -10.095         0.00000
    -9.9450         0.00000
    -9.7950         0.00000
    -9.6450         0.00000
    -9.4950         0.00000
    -9.3450         0.00000
    -9.1950         0.00000
    -9.0450         0.00000
    -8.8950        -0.00058
    -8.7450        -0.00117
    -8.5950        -0.00207
    -8.4450        -0.00450
    -8.2950        -0.00813
    -8.1450        -0.01401
    -7.9950        -0.02194
    -7.8450        -0.03223
    -7.6950        -0.04591
    -7.5450        -0.06490
    -7.3950        -0.09150
    -7.2450        -0.12321
    -7.0950        -0.16516
    -6.9450        -0.21749
    -6.7950        -0.28559
    -6.6450        -0.36720
    -6.4950        -0.46901
    -6.3450        -0.58739
    -6.1950        -0.73027
    -6.0450        -0.90009
    -5.8950        -1.09879
    -5.7450        -1.32453
    -5.5950        -1.57319
    -5.4450        -1.83006
    -5.2950        -2.08462
    -5.1450        -2.35019
    -4.9950        -2.61344
    -4.8450        -2.87630
    -4.6950        -3.13081
    -4.5450        -3.37082
    -4.3950        -3.60612
    -4.2450        -3.82118
    -4.0950        -4.03236
    -3.9450        -4.22746
    -3.7950        -4.41873
    -3.6450        -4.60030
    -3.4950        -4.77631
    -3.3450        -4.95183
    -3.1950        -5.12696
    -3.0450        -5.30466
    -2.8950        -5.49209
    -2.7450        -5.69408
    -2.5950        -5.90857
    -2.4450        -6.15113
    -2.2950        -6.42759
    -2.1450        -6.74179
    -1.9950        -7.10006
    -1.8450        -7.52113
    -1.6950        -8.03900
    -1.5450        -8.69004
    -1.3950        -9.49951
    -1.2450       -10.50602
    -1.0950       -11.75521
   -0.94500       -13.19769
   -0.79500       -14.79152
   -0.64500       -16.54842
   -0.49500       -18.54822
   -0.34500       -21.12002
   -0.22700       -22.22301
   -0.21300       -22.36741
   -0.20700       -22.51472
   -0.20100       -22.66493
   -0.19500       -22.81966
   -0.18900       -22.97800
   -0.18300       -23.14024
   -0.17700       -23.30680
   -0.17100       -23.47887
   -0.16500       -23.65610
   -0.15900       -23.83838
   -0.15300       -24.02695
   -0.14700       -24.22130
   -0.14100       -24.42254
   -0.13500       -24.63086
   -0.12900       -24.84690
   -0.12300       -25.07093
   -0.11700       -25.30446
   -0.11100       -25.54851
   -0.10500       -25.80320
   -0.99000E-01   -26.07132
   -0.93000E-01   -26.35407
   -0.87000E-01   -26.65205
   -0.81000E-01   -26.96943
   -0.75000E-01   -27.30843
   -0.69000E-01   -27.67354
   -0.63000E-01   -28.06810
   -0.57000E-01   -28.49986
   -0.51000E-01   -28.97733
   -0.45000E-01   -29.51341
   -0.39000E-01   -30.12772
   -0.33000E-01   -30.85001
   -0.27000E-01   -31.73003
   -0.21300E-01   -32.46251
   -0.19500E-01   -32.58188
   -0.18900E-01   -32.70531
   -0.18300E-01   -32.83266
   -0.17700E-01   -32.96411
   -0.17100E-01   -33.10032
   -0.16500E-01   -33.24146
   -0.15900E-01   -33.38750
   -0.15300E-01   -33.53940
   -0.14700E-01   -33.69764
   -0.14100E-01   -33.86257
   -0.13500E-01   -34.03488
   -0.12900E-01   -34.21523
   -0.12300E-01   -34.40451
   -0.11700E-01   -34.60379
   -0.11100E-01   -34.81417
   -0.10500E-01   -35.03677
   -0.99000E-02   -35.27379
   -0.93000E-02   -35.52724
   -0.87000E-02   -35.80030
   -0.81000E-02   -36.09753
   -0.75000E-02   -36.42333
   -0.69000E-02   -36.78144
   -0.63000E-02   -37.17637
   -0.57000E-02   -37.61327
   -0.51000E-02   -38.09790
   -0.45000E-02   -38.63900
   -0.39000E-02   -39.24576
   -0.33000E-02   -39.92799
   -0.27000E-02   -40.70095
   -0.21000E-02   -41.59371
   -0.15000E-02   -42.61201
   -0.90000E-03   -43.54541
   -0.30000E-03   -43.92555
    0.30000E-03   -43.55339
    0.90000E-03   -42.62249
    0.15000E-02   -41.60436
    0.21000E-02   -40.71231
    0.27000E-02   -39.93996
    0.33000E-02   -39.25849
    0.39000E-02   -38.65207
    0.45000E-02   -38.11172
    0.51000E-02   -37.62773
    0.57000E-02   -37.19153
    0.63000E-02   -36.79689
    0.69000E-02   -36.43909
    0.75000E-02   -36.11391
    0.81000E-02   -35.81720
    0.87000E-02   -35.54464
    0.93000E-02   -35.29153
    0.99000E-02   -35.05485
    0.10500E-01   -34.83265
    0.11100E-01   -34.62274
    0.11700E-01   -34.42395
    0.12300E-01   -34.23504
    0.12900E-01   -34.05524
    0.13500E-01   -33.88358
    0.14100E-01   -33.71936
    0.14700E-01   -33.56166
    0.15300E-01   -33.41025
    0.15900E-01   -33.26459
    0.16500E-01   -33.12382
    0.17100E-01   -32.98822
    0.17700E-01   -32.85728
    0.18300E-01   -32.73075
    0.18900E-01   -32.60789
    0.19500E-01   -32.48885
    0.21300E-01   -31.75994
    0.27000E-01   -30.88528
    0.33000E-01   -30.16980
    0.39000E-01   -29.56376
    0.45000E-01   -29.03956
    0.51000E-01   -28.57766
    0.57000E-01   -28.16486
    0.63000E-01   -27.79334
    0.69000E-01   -27.45506
    0.75000E-01   -27.14585
    0.81000E-01   -26.86094
    0.87000E-01   -26.59731
    0.93000E-01   -26.35134
    0.99000E-01   -26.12165
    0.10500       -25.90600
    0.11100       -25.70257
    0.11700       -25.51083
    0.12300       -25.32907
    0.12900       -25.15595
    0.13500       -24.99119
    0.14100       -24.83340
    0.14700       -24.68247
    0.15300       -24.53804
    0.15900       -24.39991
    0.16500       -24.26766
    0.17100       -24.14084
    0.17700       -24.01846
    0.18300       -23.90088
    0.18900       -23.78735
    0.19500       -23.67820
    0.20100       -23.57336
    0.20700       -23.47187
    0.21300       -23.37429
    0.22700       -22.67883
    0.34500       -21.33193
    0.49500       -20.53057
    0.64500       -19.96384
    0.79500       -19.51276
    0.94500       -19.12886
     1.0950       -18.79228
     1.2450       -18.49326
     1.3950       -18.22692
     1.5450       -17.98611
     1.6950       -17.76914
     1.8450       -17.57369
     1.9950       -17.39960
     2.1450       -17.24605
     2.2950       -17.10442
     2.4450       -16.98214
     2.5950       -16.87011
     2.7450       -16.77258
     2.8950       -16.68489
     3.0450       -16.60594
     3.1950       -16.53361
     3.3450       -16.46554
     3.4950       -16.39960
     3.6450       -16.33863
     3.7950       -16.28295
     3.9450       -16.22999
     4.0950       -16.17809
     4.2450       -16.13022
     4.3950       -16.08217
     4.5450       -16.03624
     4.6950       -15.99374
     4.8450       -15.95212
     4.9950       -15.91151
     5.1450       -15.87282
     5.2950       -15.83452
     5.4450       -15.79784
     5.5950       -15.76294
     5.7450       -15.72873
     5.8950       -15.69550
     6.0450       -15.66335
     6.1950       -15.63128
     6.3450       -15.59907
     6.4950       -15.56912
     6.6450       -15.53913
     6.7950       -15.51053
     6.9450       -15.48219
     7.0950       -15.45469
     7.2450       -15.42772
     7.3950       -15.40115
     7.5450       -15.37513
     7.6950       -15.34983
     7.8450       -15.32492
     7.9950       -15.30054
     8.1450       -15.27692
     8.2950       -15.25344
     8.4450       -15.22978
     8.5950       -15.20713
     8.7450       -15.18492
     8.8950       -15.16327
     9.0450       -15.14219
     9.1950       -15.12085
     9.3450       -15.09992
     9.4950       -15.07924
     9.6450       -15.05955
     9.7950       -15.04002
     9.9450       -15.02039
     10.095       -15.00141
     10.245       -14.98279
     10.395       -14.96464
     10.545       -14.94624
     10.695       -14.92820
     10.845       -14.91060
     10.995       -14.89310
     11.145       -14.87609
     11.295       -14.85901
     11.445       -14.84220
     11.595       -14.82532
     11.745       -14.80874
     11.895       -14.79226
     12.045       -14.77628
     12.195       -14.76006
     12.345       -14.74448
     12.495       -14.72907
     12.645       -14.71352
     12.795       -14.69831
     12.945       -14.68362
     13.095       -14.66879
     13.245       -14.65429
     13.395       -14.64011
     13.545       -14.62581
     13.695       -14.61168
     13.845       -14.59758
     13.995       -14.58409
     14.145       -14.57034
     14.295       -14.55668
     14.445       -14.54342
     14.595       -14.53049
     14.745       -14.51716
     14.895       -14.50424
     15.045       -14.49141
     15.195       -14.47854
     15.345       -14.46579
     15.495       -14.45326
     15.645       -14.44107
     15.795       -14.42867
     15.945       -14.41638
     16.095       -14.40448
     16.245       -14.39250
     16.395       -14.38076
     16.545       -14.36926
     16.695       -14.35773
     16.845       -14.34640
     16.995       -14.33506
     17.145       -14.32424
     17.295       -14.31337
     17.445       -14.30267
     17.595       -14.29214
     17.745       -14.28145
     17.895       -14.27082
     18.045       -14.26026
     18.195       -14.24965
     18.345       -14.23941
     18.495       -14.22910
     18.645       -14.21894
     18.795       -14.20883
     18.945       -14.19887
     19.095       -14.18888
     19.245       -14.17873
     19.395       -14.16904
     19.545       -14.15955
     19.695       -14.15007
     19.845       -14.14057
     19.995       -14.13097
     20.145       -14.12126
     20.295       -14.11183
     20.445       -14.10234
     20.595       -14.09326
     20.745       -14.08421
     20.895       -14.07491
     21.045       -14.06598
     21.195       -14.05704
     21.345       -14.04788
     21.495       -14.03892
     21.645       -14.03022
     21.795       -14.02144
     21.945       -14.01290
     22.095       -14.00427
     22.245       -13.99540
     22.395       -13.98705
     22.545       -13.97862
     22.695       -13.97042
     22.845       -13.96224
     22.995       -13.95426
     23.145       -13.94612
     23.295       -13.93805
     23.445       -13.93008
     23.595       -13.92222
     23.745       -13.91432
     23.895       -13.90668
     24.045       -13.89886
     24.195       -13.89116
     24.345       -13.88339
     24.495       -13.87578
     24.645       -13.86821
     24.795       -13.86083
     24.945       -13.85329
     25.095       -13.84591
     25.245       -13.83874
     25.395       -13.83135
     25.545       -13.82395
     25.695       -13.81671
     25.845       -13.80955
     25.995       -13.80244
     26.145       -13.79515
     26.295       -13.78773
     26.445       -13.78063
     26.595       -13.77356
     26.745       -13.76668
     26.895       -13.75976
     27.045       -13.75291
     27.195       -13.74600
     27.345       -13.73908
     27.495       -13.73209
     27.645       -13.72547
     27.795       -13.71869
     27.945       -13.71197
     28.095       -13.70546
     28.245       -13.69891
     28.395       -13.69247
     28.545       -13.68588
     28.695       -13.67943
     28.845       -13.67284
     28.995       -13.66618
     29.145       -13.65964
     29.295       -13.65325
     29.445       -13.64707
     29.595       -13.64081
     29.745       -13.63450
     29.895       -13.62817
     30.045       -13.62200
     30.195       -13.61577
     30.345       -13.60960
     30.495       -13.60345
     30.645       -13.59744
     30.795       -13.59167
     30.945       -13.58579
     31.095       -13.57976
     31.245       -13.57404
     31.395       -13.56820
     31.545       -13.56224
     31.695       -13.55643
     31.845       -13.55061
     31.995       -13.54502
     32.145       -13.53923
     32.295       -13.53341
     32.445       -13.52768
     32.595       -13.52204
     32.745       -13.51633
     32.895       -13.51087
     33.045       -13.50517
     33.195       -13.49974
     33.345       -13.49414
     33.495       -13.48861
     33.645       -13.48305
     33.795       -13.47751
     33.945       -13.47201
     34.095       -13.46658
     34.245       -13.46119
     34.395       -13.45579
     34.545       -13.45038
     34.695       -13.44511
     34.845       -13.43985
     34.995       -13.43463
     35.145       -13.42923
     35.295       -13.42404
     35.445       -13.41877
     35.595       -13.41369
     35.745       -13.40869
     35.895       -13.40345
     36.045       -13.39845
     36.195       -13.39324
     36.345       -13.38835
     36.495       -13.38332
     36.645       -13.37816
     36.795       -13.37321
     36.945       -13.36824
     37.095       -13.36312
     37.245       -13.35816
     37.395       -13.35323
     37.545       -13.34839
     37.695       -13.34343
     37.845       -13.33858
     37.995       -13.33381
     38.145       -13.32899
     38.295       -13.32407
     38.445       -13.31939
     38.595       -13.31476
     38.745       -13.30990
     38.895       -13.30516
     39.045       -13.30059
     39.195       -13.29582
     39.345       -13.29132
     39.495       -13.28681
     39.645       -13.28210
     39.795       -13.27759
     39.945       -13.27305
     40.095       -13.26822
     40.245       -13.26377
     40.395       -13.25944
     40.545       -13.25491
     40.695       -13.25048
     40.845       -13.24616
     40.995       -13.24174
     41.145       -13.23739
     41.295       -13.23301
     41.445       -13.22870
     41.595       -13.22428
     41.745       -13.21990
     41.895       -13.21539
     42.045       -13.21110
     42.195       -13.20684
     42.345       -13.20242
     42.495       -13.19825
     42.645       -13.19380
     42.795       -13.18963
     42.945       -13.18533
     43.095       -13.18099
     43.245       -13.17679
     43.395       -13.17253
     43.545       -13.16854
     43.695       -13.16443
     43.845       -13.16014
     43.995       -13.15591
     44.145       -13.15199
     44.295       -13.14791
     44.445       -13.14370
     44.595       -13.13960
     44.745       -13.13559
     44.895       -13.13155
     45.045       -13.12748
     45.195       -13.12350
     45.345       -13.11947
     45.495       -13.11551
     45.645       -13.11158
     45.795       -13.10766
     45.945       -13.10389
     46.095       -13.10007
     46.245       -13.09615
     46.395       -13.09227
     46.545       -13.08849
     46.695       -13.08454
     46.845       -13.08051
     46.995       -13.07670
     47.145       -13.07283
     47.295       -13.06883
     47.445       -13.06521
     47.595       -13.06150
     47.745       -13.05768
     47.895       -13.05412
     48.045       -13.05037
     48.195       -13.04670
     48.345       -13.04303
     48.495       -13.03943
     48.645       -13.03577
     48.795       -13.03242
     48.945       -13.02875
     49.095       -13.02507
     49.245       -13.02139
     49.395       -13.01768
     49.545       -13.01406
     49.695       -13.01048
     49.845       -13.00686
     49.995       -13.00332
     50.145       -12.99984
     50.295       -12.99635
     50.445       -12.99277
     50.595       -12.98922
     50.745       -12.98567
     50.895       -12.98205
     51.045       -12.97858
     51.195       -12.97520
     51.345       -12.97167
     51.495       -12.96822
     51.645       -12.96469
     51.795       -12.96131
     51.945       -12.95796
     52.095       -12.95432
     52.245       -12.95098
     52.395       -12.94747
     52.545       -12.94415
     52.695       -12.94078
     52.845       -12.93730
     52.995       -12.93392
     53.145       -12.93056
     53.295       -12.92722
     53.445       -12.92406
     53.595       -12.92070
     53.745       -12.91726
     53.895       -12.91403
     54.045       -12.91073
     54.195       -12.90741
     54.345       -12.90419
     54.495       -12.90096
     54.645       -12.89773
     54.795       -12.89441
     54.945       -12.89120
     55.095       -12.88804
     59.433       -12.63415
     80.646       -12.26414
     111.21       -11.90371
     153.36       -11.55519
     211.49       -11.21738
     291.64       -10.89145
     402.18       -10.57534
     554.60       -10.27005
     764.80        -9.97564
     1054.7        -9.69098
     1454.4        -9.41687
     2005.6        -9.15188
     2765.8        -8.89763
     3814.0        -8.65120
     5259.5        -8.41267
     7252.9        -8.18397
     10002.        -7.96288
     13793.        -7.74975
     19020.        -7.54487
     26229.        -7.34669
     36170.        -7.15686
     49878.        -6.97463
     68782.        -6.80056
     94851.        -6.63480
    0.13080E+06    -6.47660
    0.18038E+06    -6.32482
    0.24874E+06    -6.18153
    0.34301E+06    -6.04420
    0.47302E+06    -5.91301
    0.65229E+06    -5.78858
    0.89952E+06    -5.66987
    0.12404E+07    -5.55708
    0.17106E+07    -5.44981
    0.23589E+07    -5.34807
    0.32529E+07    -5.25150
    0.44858E+07    -5.15927
    0.61860E+07    -5.07072
    0.85305E+07    -4.98731
    0.11764E+08    -4.90801
    0.16222E+08    -4.83269
    0.22370E+08    -4.76099
    0.30849E+08    -4.69248
    0.42541E+08    -4.62751
    0.58664E+08    -4.56614
    0.80898E+08    -4.50865
    0.11156E+09    -4.45549
    0.15384E+09    -4.40532
    0.21215E+09    -4.35781
    0.29255E+09    -4.31369
    0.40343E+09    -4.27276
    0.55633E+09    -4.23408
    0.76719E+09    -4.19929
    0.10580E+10    -4.16715
    0.14589E+10    -4.13815
    0.20119E+10    -4.11082
    0.27744E+10    -4.08568
    0.38259E+10    -4.06285
    0.52760E+10    -4.04207
    0.72756E+10    -4.02235
    0.10033E+11    -4.00439
    0.13836E+11    -3.98755
    0.19079E+11    -3.97242
    0.26311E+11    -3.95839
    0.36283E+11    -3.94510
    0.50034E+11    -3.93306
    0.68997E+11    -3.92203
    0.10000E+12    -3.78801
