    -29.945        1     0.00000
    -29.795        1     0.00000
    -29.645        1     0.00000
    -29.495        1     0.00000
    -29.345        1     0.00000
    -29.195        1     0.00000
    -29.045        1     0.00000
    -28.895        1     0.00000
    -28.745        1     0.00000
    -28.595        1     0.00000
    -28.445        1     0.00000
    -28.295        1     0.00000
    -28.145        1     0.00000
    -27.995        1     0.00000
    -27.845        1     0.00000
    -27.695        1     0.00000
    -27.545        1     0.00000
    -27.395        1     0.00000
    -27.245        1     0.00000
    -27.095        1     0.00000
    -26.945        1     0.00000
    -26.795        1     0.00000
    -26.645        1     0.00000
    -26.495        1     0.00000
    -26.345        1     0.00000
    -26.195        1     0.00000
    -26.045        1     0.00000
    -25.895        1     0.00000
    -25.745        1     0.00000
    -25.595        1     0.00000
    -25.445        1     0.00000
    -25.295        1     0.00000
    -25.145        1     0.00000
    -24.995        1     0.00000
    -24.845        1     0.00000
    -24.695        1     0.00000
    -24.545        1     0.00000
    -24.395        1     0.00000
    -24.245        1     0.00000
    -24.095        1     0.00000
    -23.945        1     0.00000
    -23.795        1     0.00000
    -23.645        1     0.00000
    -23.495        1     0.00000
    -23.345        1     0.00000
    -23.195        1     0.00000
    -23.045        1     0.00000
    -22.895        1     0.00000
    -22.745        1     0.00000
    -22.595        1     0.00000
    -22.445        1     0.00000
    -22.295        1     0.00000
    -22.145        1     0.00000
    -21.995        1     0.00000
    -21.845        1     0.00000
    -21.695        1     0.00000
    -21.545        1     0.00000
    -21.395        1     0.00000
    -21.245        1     0.00000
    -21.095        1     0.00000
    -20.945        1     0.00000
    -20.795        1     0.00000
    -20.645        1     0.00000
    -20.495        1     0.00000
    -20.345        1     0.00000
    -20.195        1     0.00000
    -20.045        1     0.00000
    -19.895        1     0.00000
    -19.745        1     0.00000
    -19.595        1     0.00000
    -19.445        1     0.00000
    -19.295        1     0.00000
    -19.145        1     0.00000
    -18.995        1     0.00000
    -18.845        1     0.00000
    -18.695        1     0.00000
    -18.545        1     0.00000
    -18.395        1     0.00000
    -18.245        1     0.00000
    -18.095        1     0.00000
    -17.945        1     0.00000
    -17.795        1     0.00000
    -17.645        1     0.00000
    -17.495        1     0.00000
    -17.345        1     0.00000
    -17.195        1     0.00000
    -17.045        1     0.00000
    -16.895        1     0.00000
    -16.745        1     0.00000
    -16.595        1     0.00000
    -16.445        1     0.00000
    -16.295        1     0.00000
    -16.145        1     0.00000
    -15.995        1     0.00000
    -15.845        1     0.00000
    -15.695        1     0.00000
    -15.545        1     0.00000
    -15.395        1     0.00000
    -15.245        1     0.00000
    -15.095        1     0.00000
    -14.945        1     0.00000
    -14.795        1     0.00000
    -14.645        1     0.00000
    -14.495        1     0.00000
    -14.345        1     0.00000
    -14.195        1     0.00000
    -14.045        1     0.00000
    -13.895        1     0.00000
    -13.745        1     0.00000
    -13.595        1     0.00000
    -13.445        1     0.00000
    -13.295        1     0.00000
    -13.145        1     0.00000
    -12.995        1     0.00000
    -12.845        1     0.00000
    -12.695        1     0.00000
    -12.545        1     0.00000
    -12.395        1     0.00000
    -12.245        1     0.00000
    -12.095        1     0.00000
    -11.945        1     0.00000
    -11.795        1     0.00000
    -11.645        1     0.00000
    -11.495        1    -0.00458
    -11.345        1    -0.02018
    -11.195        1    -0.04158
    -11.045        1    -0.07064
    -10.895        1    -0.10169
    -10.745        1    -0.13384
    -10.595        1    -0.16786
    -10.445        1    -0.20456
    -10.295        1    -0.24370
    -10.145        1    -0.28614
    -9.9950        1    -0.33092
    -9.8450        1    -0.37814
    -9.6950        1    -0.43018
    -9.5450        1    -0.48560
    -9.3950        1    -0.54638
    -9.2450        1    -0.61538
    -9.0950        1    -0.68848
    -8.9450        1    -0.76002
    -8.7950        1    -0.83439
    -8.6450        1    -0.90802
    -8.4950        1    -0.98281
    -8.3450        1    -1.05880
    -8.1950        1    -1.13603
    -8.0450        1    -1.21392
    -7.8950        1    -1.29613
    -7.7450        1    -1.37783
    -7.5950        1    -1.45989
    -7.4450        1    -1.54443
    -7.2950        1    -1.63174
    -7.1450        1    -1.72190
    -6.9950        1    -1.81696
    -6.8450        1    -1.91818
    -6.6950        1    -2.02840
    -6.5450        1    -2.15862
    -6.3950        1    -2.30788
    -6.2450        1    -2.46761
    -6.0950        1    -2.63567
    -5.9450        1    -2.81678
    -5.7950        1    -3.01737
    -5.6450        1    -3.23055
    -5.4950        1    -3.45792
    -5.3450        1    -3.69956
    -5.1950        1    -3.96111
    -5.0450        1    -4.25704
    -4.8950        1    -4.58416
    -4.7450        1    -4.94176
    -4.5950        1    -5.31866
    -4.4450        1    -5.70674
    -4.2950        1    -6.10993
    -4.1450        1    -6.52644
    -3.9950        1    -6.96072
    -3.8450        1    -7.41802
    -3.6950        1    -7.90591
    -3.5450        1    -8.41273
    -3.3950        1    -8.95088
    -3.2450        1    -9.53272
    -3.0950        1   -10.14597
    -2.9450        1   -10.79691
    -2.7950        1   -11.49865
    -2.6450        1   -12.25784
    -2.4950        1   -13.08755
    -2.3450        1   -13.99899
    -2.1950        1   -15.00202
    -2.0450        1   -16.11703
    -1.8950        1   -17.37423
    -1.7450        1   -18.80531
    -1.5950        1   -20.46350
    -1.4450        1   -22.42583
    -1.2950        1   -24.79873
    -1.1450        1   -27.79152
   -0.99500        1   -31.79026
   -0.84500        1   -37.64554
   -0.69500        1   -47.90996
   -0.54500        1   -72.85812
   -0.39500        1  -132.16416
   -0.25300        1  -146.62036
   -0.21500        1  -147.04667
   -0.20900        1  -147.43934
   -0.20300        1  -147.80133
   -0.19700        1  -148.13581
   -0.19100        1  -148.44509
   -0.18500        1  -148.73143
   -0.17900        1  -148.99635
   -0.17300        1  -149.24158
   -0.16700        1  -149.46868
   -0.16100        1  -149.67860
   -0.15500        1  -149.87280
   -0.14900        1  -150.05023
   -0.14300        1  -150.21263
   -0.13700        1  -150.36175
   -0.13100        1  -150.49810
   -0.12500        1  -150.62321
   -0.11900        1  -150.73752
   -0.11300        1  -150.84211
   -0.10700        1  -150.93728
   -0.10100        1  -151.02372
   -0.95000E-01    1  -151.10220
   -0.89000E-01    1  -151.17309
   -0.83000E-01    1  -151.23683
   -0.77000E-01    1  -151.29378
   -0.71000E-01    1  -151.34440
   -0.65000E-01    1  -151.38937
   -0.59000E-01    1  -151.42871
   -0.53000E-01    1  -151.46301
   -0.47000E-01    1  -151.49236
   -0.41000E-01    1  -151.51722
   -0.35000E-01    1  -151.53782
   -0.29000E-01    1  -151.55437
   -0.23000E-01    1  -151.56711
   -0.19700E-01    1  -151.56819
   -0.19100E-01    1  -151.56923
   -0.18500E-01    1  -151.57024
   -0.17900E-01    1  -151.57121
   -0.17300E-01    1  -151.57215
   -0.16700E-01    1  -151.57306
   -0.16100E-01    1  -151.57392
   -0.15500E-01    1  -151.57475
   -0.14900E-01    1  -151.57555
   -0.14300E-01    1  -151.57631
   -0.13700E-01    1  -151.57705
   -0.13100E-01    1  -151.57774
   -0.12500E-01    1  -151.57840
   -0.11900E-01    1  -151.57903
   -0.11300E-01    1  -151.57962
   -0.10700E-01    1  -151.58019
   -0.10100E-01    1  -151.58072
   -0.95000E-02    1  -151.58122
   -0.89000E-02    1  -151.58169
   -0.83000E-02    1  -151.58213
   -0.77000E-02    1  -151.58253
   -0.71000E-02    1  -151.58290
   -0.65000E-02    1  -151.58324
   -0.59000E-02    1  -151.58354
   -0.53000E-02    1  -151.58382
   -0.47000E-02    1  -151.58407
   -0.41000E-02    1  -151.58428
   -0.35000E-02    1  -151.58447
   -0.29000E-02    1  -151.58462
   -0.23000E-02    1  -151.58474
   -0.17000E-02    1  -151.58484
   -0.11000E-02    1  -151.58490
   -0.50000E-03    1  -151.58493
    0.10000E-03    1  -151.58493
    0.70000E-03    1  -151.58490
    0.13000E-02    1  -151.58484
    0.19000E-02    1  -151.58476
    0.25000E-02    1  -151.58464
    0.31000E-02    1  -151.58450
    0.37000E-02    1  -151.58433
    0.43000E-02    1  -151.58412
    0.49000E-02    1  -151.58389
    0.55000E-02    1  -151.58364
    0.61000E-02    1  -151.58335
    0.67000E-02    1  -151.58303
    0.73000E-02    1  -151.58269
    0.79000E-02    1  -151.58232
    0.85000E-02    1  -151.58193
    0.91000E-02    1  -151.58150
    0.97000E-02    1  -151.58106
    0.10300E-01    1  -151.58059
    0.10900E-01    1  -151.58008
    0.11500E-01    1  -151.57955
    0.12100E-01    1  -151.57898
    0.12700E-01    1  -151.57840
    0.13300E-01    1  -151.57778
    0.13900E-01    1  -151.57714
    0.14500E-01    1  -151.57648
    0.15100E-01    1  -151.57579
    0.15700E-01    1  -151.57507
    0.16300E-01    1  -151.57433
    0.16900E-01    1  -151.57356
    0.17500E-01    1  -151.57276
    0.18100E-01    1  -151.57194
    0.18700E-01    1  -151.57109
    0.19300E-01    1  -151.57022
    0.20200E-01    1  -151.56659
    0.25000E-01    1  -151.55551
    0.31000E-01    1  -151.54217
    0.37000E-01    1  -151.52663
    0.43000E-01    1  -151.50901
    0.49000E-01    1  -151.48939
    0.55000E-01    1  -151.46791
    0.61000E-01    1  -151.44461
    0.67000E-01    1  -151.41963
    0.73000E-01    1  -151.39303
    0.79000E-01    1  -151.36494
    0.85000E-01    1  -151.33540
    0.91000E-01    1  -151.30441
    0.97000E-01    1  -151.27200
    0.10300        1  -151.23842
    0.10900        1  -151.20364
    0.11500        1  -151.16768
    0.12100        1  -151.13059
    0.12700        1  -151.09250
    0.13300        1  -151.05343
    0.13900        1  -151.01351
    0.14500        1  -150.97256
    0.15100        1  -150.93078
    0.15700        1  -150.88812
    0.16300        1  -150.84486
    0.16900        1  -150.80050
    0.17500        1  -150.75571
    0.18100        1  -150.71010
    0.18700        1  -150.66388
    0.19300        1  -150.61712
    0.19900        1  -150.56981
    0.20500        1  -150.52177
    0.21100        1  -150.47335
    0.21700        1  -150.42437
    0.29500        1  -149.07056
    0.44500        1  -147.65600
    0.59500        1  -146.26525
    0.74500        1  -144.92343
    0.89500        1  -143.64685
     1.0450        1  -142.43291
     1.1950        1  -141.28005
     1.3450        1  -140.18560
     1.4950        1  -139.14718
     1.6450        1  -138.15749
     1.7950        1  -137.21547
     1.9450        1  -136.31230
     2.0950        1  -135.44864
     2.2450        1  -134.62063
     2.3950        1  -133.82318
     2.5450        1  -133.05447
     2.6950        1  -132.31523
     2.8450        1  -131.60239
     2.9950        1  -130.91267
     3.1450        1  -130.24711
     3.2950        1  -129.60044
     3.4450        1  -128.97293
     3.5950        1  -128.36209
     3.7450        1  -127.75838
     3.8950        1  -127.15536
     4.0450        1  -126.55081
     4.1950        1  -125.97295
     4.3450        1  -125.41850
     4.4950        1  -124.88604
     4.6450        1  -124.37126
     4.7950        1  -123.87351
     4.9450        1  -123.39329
     5.0950        1  -122.92644
     5.2450        1  -122.47354
     5.3950        1  -122.03415
     5.5450        1  -121.60715
     5.6950        1  -121.19111
     5.8450        1  -120.78436
     5.9950        1  -120.38598
     6.1450        1  -119.99501
     6.2950        1  -119.61244
     6.4450        1  -119.23849
     6.5950        1  -118.87397
     6.7450        1  -118.51992
     6.8950        1  -118.18652
     7.0450        1  -117.86856
     7.1950        1  -117.56291
     7.3450        1  -117.26660
     7.4950        1  -116.98094
     7.6450        1  -116.70331
     7.7950        1  -116.43356
     7.9450        1  -116.16957
     8.0950        1  -115.91361
     8.2450        1  -115.66335
     8.3950        1  -115.41829
     8.5450        1  -115.17933
     8.6950        1  -114.94622
     8.8450        1  -114.71772
     8.9950        1  -114.49576
     9.1450        1  -114.27997
     9.2950        1  -114.06928
     9.4450        1  -113.86425
     9.5950        1  -113.66309
     9.7450        1  -113.46715
     9.8950        1  -113.27529
     10.045        1  -113.08800
     10.195        1  -112.90732
     10.345        1  -112.73448
     10.495        1  -112.56378
     10.645        1  -112.39400
     10.795        1  -112.22510
     10.945        1  -112.06377
     11.095        1  -111.90418
     11.245        1  -111.74546
     11.395        1  -111.59810
     11.545        1  -111.44501
     11.695        1  -111.30009
     11.845        1  -111.15761
     11.995        1  -111.01759
     12.145        1  -110.87808
     12.295        1  -110.74226
     12.445        1  -110.60503
     12.595        1  -110.47206
     12.745        1  -110.34298
     12.895        1  -110.21590
     13.045        1  -110.08820
     13.195        1  -109.96217
     13.345        1  -109.83916
     13.495        1  -109.71359
     13.645        1  -109.59223
     13.795        1  -109.47018
     13.945        1  -109.34769
     14.095        1  -109.22634
     14.245        1  -109.11041
     14.395        1  -108.99807
     14.545        1  -108.88466
     14.695        1  -108.76766
     14.845        1  -108.65515
     14.995        1  -108.54484
     15.145        1  -108.43647
     15.295        1  -108.32511
     15.445        1  -108.21661
     15.595        1  -108.11037
     15.745        1  -108.00948
     15.895        1  -107.90676
     16.045        1  -107.80763
     16.195        1  -107.71250
     16.345        1  -107.61435
     16.495        1  -107.52114
     16.645        1  -107.42978
     16.795        1  -107.34256
     16.945        1  -107.25229
     17.095        1  -107.16726
     17.245        1  -107.08148
     17.395        1  -106.99434
     17.545        1  -106.91441
     17.695        1  -106.83706
     17.845        1  -106.76307
     17.995        1  -106.68696
     18.145        1  -106.61562
     18.295        1  -106.54624
     18.445        1  -106.47384
     18.595        1  -106.40771
     18.745        1  -106.33928
     18.895        1  -106.27420
     19.045        1  -106.20814
     19.195        1  -106.14485
     19.345        1  -106.07772
     19.495        1  -106.01502
     19.645        1  -105.95093
     19.795        1  -105.89093
     19.945        1  -105.83533
     20.095        1  -105.77672
     20.245        1  -105.72283
     20.395        1  -105.66702
     20.545        1  -105.61536
     20.695        1  -105.56164
     20.845        1  -105.51143
     20.995        1  -105.46061
     21.145        1  -105.41036
     21.295        1  -105.36304
     21.445        1  -105.31670
     21.595        1  -105.26708
     21.745        1  -105.21853
     21.895        1  -105.17649
     22.045        1  -105.13578
     22.195        1  -105.09455
     22.345        1  -105.05449
     22.495        1  -105.01127
     22.645        1  -104.97360
     22.795        1  -104.93737
     22.945        1  -104.89942
     23.095        1  -104.86202
     23.245        1  -104.82766
     23.395        1  -104.79459
     23.545        1  -104.76006
     23.695        1  -104.72653
     23.845        1  -104.69440
     23.995        1  -104.66295
     24.145        1  -104.63288
     24.295        1  -104.60197
     24.445        1  -104.57346
     24.595        1  -104.54450
     24.745        1  -104.51544
     24.895        1  -104.48818
     25.045        1  -104.46075
     25.195        1  -104.43377
     25.345        1  -104.40922
     25.495        1  -104.38474
     25.645        1  -104.36231
     25.795        1  -104.34291
     25.945        1  -104.32219
     26.095        1  -104.30216
     26.245        1  -104.28151
     26.395        1  -104.26048
     26.545        1  -104.23932
     26.695        1  -104.22205
     26.845        1  -104.20253
     26.995        1  -104.18428
     27.145        1  -104.16568
     27.295        1  -104.14812
     27.445        1  -104.13064
     27.595        1  -104.11331
     27.745        1  -104.09803
     27.895        1  -104.08145
     28.045        1  -104.06600
     28.195        1  -104.05215
     28.345        1  -104.03833
     28.495        1  -104.02556
     28.645        1  -104.01288
     28.795        1  -104.00156
     28.945        1  -103.98807
     29.095        1  -103.97560
     29.245        1  -103.96407
     29.395        1  -103.95283
     29.545        1  -103.94236
     29.695        1  -103.93070
     29.845        1  -103.92105
     29.995        1  -103.91122
     30.145        1  -103.90203
     30.295        1  -103.89181
     30.445        1  -103.88177
     30.595        1  -103.87284
     30.745        1  -103.86328
     30.895        1  -103.85318
     31.045        1  -103.84399
     31.195        1  -103.83610
     31.345        1  -103.82802
     31.495        1  -103.82051
     31.645        1  -103.81327
     31.795        1  -103.80499
     31.945        1  -103.79761
     32.095        1  -103.78958
     32.245        1  -103.78174
     32.395        1  -103.77533
     32.545        1  -103.76774
     32.695        1  -103.76260
     32.845        1  -103.75635
     32.995        1  -103.75041
     33.145        1  -103.74382
     33.295        1  -103.73809
     33.445        1  -103.73324
     33.595        1  -103.72718
     33.745        1  -103.72141
     33.895        1  -103.71432
     34.045        1  -103.70958
     34.195        1  -103.70379
     34.345        1  -103.69954
     34.495        1  -103.69419
     34.645        1  -103.68902
     34.795        1  -103.68331
     34.945        1  -103.67912
     35.095        1  -103.67442
     35.245        1  -103.66978
     35.395        1  -103.66576
     35.545        1  -103.66086
     35.695        1  -103.65571
     35.845        1  -103.65174
     35.995        1  -103.64781
     36.145        1  -103.64393
     36.295        1  -103.63980
     36.445        1  -103.63593
     36.595        1  -103.63192
     36.745        1  -103.62747
     36.895        1  -103.62367
     37.045        1  -103.61982
     37.195        1  -103.61533
     37.345        1  -103.61135
     37.495        1  -103.60741
     37.645        1  -103.60374
     37.795        1  -103.59987
     37.945        1  -103.59619
     38.095        1  -103.59249
     38.245        1  -103.58868
     38.395        1  -103.58491
     38.545        1  -103.58121
     38.695        1  -103.57759
     38.845        1  -103.57399
     38.995        1  -103.57045
     39.145        1  -103.56679
     39.295        1  -103.56324
     39.445        1  -103.55966
     39.595        1  -103.55605
     39.745        1  -103.55227
     39.895        1  -103.54872
     40.045        1  -103.54518
     40.195        1  -103.54163
     40.345        1  -103.53814
     40.495        1  -103.53467
     40.645        1  -103.53118
     40.795        1  -103.52773
     40.945        1  -103.52425
     41.095        1  -103.52079
     41.245        1  -103.51734
     41.395        1  -103.51391
     41.545        1  -103.51039
     41.695        1  -103.50695
     41.845        1  -103.50354
     41.995        1  -103.50007
     42.145        1  -103.49655
     42.295        1  -103.49316
     42.445        1  -103.48974
     42.595        1  -103.48626
     42.745        1  -103.48279
     42.895        1  -103.47925
     43.045        1  -103.47588
     43.195        1  -103.47252
     43.345        1  -103.46920
     43.495        1  -103.46587
     43.645        1  -103.46265
     43.795        1  -103.45933
     43.945        1  -103.45604
     44.095        1  -103.45267
     44.245        1  -103.44944
     44.395        1  -103.44620
     44.545        1  -103.44288
     44.695        1  -103.43949
     44.845        1  -103.43620
     44.995        1  -103.43306
     45.145        1  -103.42985
     45.295        1  -103.42671
     45.445        1  -103.42355
     45.595        1  -103.42039
     45.745        1  -103.41723
     45.895        1  -103.41415
     46.045        1  -103.41105
     46.195        1  -103.40797
     46.345        1  -103.40485
     46.495        1  -103.40176
     46.645        1  -103.39866
     46.795        1  -103.39557
     46.945        1  -103.39250
     47.095        1  -103.38950
     47.245        1  -103.38645
     47.395        1  -103.38352
     47.545        1  -103.38046
     47.695        1  -103.37735
     47.845        1  -103.37433
     47.995        1  -103.37135
     48.145        1  -103.36843
     48.295        1  -103.36548
     48.445        1  -103.36253
     48.595        1  -103.35964
     48.745        1  -103.35662
     48.895        1  -103.35365
     49.045        1  -103.35084
     49.195        1  -103.34790
     49.345        1  -103.34489
     49.495        1  -103.34206
     49.645        1  -103.33927
     49.795        1  -103.33642
     49.945        1  -103.33341
     50.095        1  -103.33063
     50.245        1  -103.32782
     50.395        1  -103.32506
     50.545        1  -103.32224
     50.695        1  -103.31940
     50.845        1  -103.31666
     50.995        1  -103.31399
     51.145        1  -103.31125
     51.295        1  -103.30849
     51.445        1  -103.30579
     51.595        1  -103.30296
     51.745        1  -103.30031
     51.895        1  -103.29758
     52.045        1  -103.29489
     52.195        1  -103.29215
     52.345        1  -103.28946
     52.495        1  -103.28684
     52.645        1  -103.28412
     52.795        1  -103.28141
     52.945        1  -103.27879
     53.095        1  -103.27619
     53.245        1  -103.27354
     53.395        1  -103.27092
     53.545        1  -103.26837
     53.695        1  -103.26577
     53.845        1  -103.26319
     53.995        1  -103.26069
     54.145        1  -103.25813
     54.295        1  -103.25565
     54.445        1  -103.25319
     54.595        1  -103.25057
     54.745        1  -103.24792
     54.895        1  -103.24548
     55.045        1  -103.24299
     55.195        1  -103.24054
     55.345        1  -103.23802
     55.495        1  -103.23556
     55.645        1  -103.23314
     55.795        1  -103.23063
     55.945        1  -103.22826
     56.095        1  -103.22578
     56.245        1  -103.22337
     56.395        1  -103.22095
     56.545        1  -103.21859
     56.695        1  -103.21618
     56.845        1  -103.21377
     56.995        1  -103.21132
     57.145        1  -103.20888
     57.295        1  -103.20645
     57.445        1  -103.20408
     57.595        1  -103.20166
     57.745        1  -103.19918
     57.895        1  -103.19670
     58.045        1  -103.19428
     58.195        1  -103.19194
     58.345        1  -103.18965
     58.495        1  -103.18728
     58.645        1  -103.18490
     58.795        1  -103.18249
     58.945        1  -103.18010
     59.095        1  -103.17780
     59.245        1  -103.17536
     59.395        1  -103.17298
     59.545        1  -103.17062
     59.695        1  -103.16828
     59.845        1  -103.16595
     59.995        1  -103.16362
     60.145        1  -103.16129
     60.295        1  -103.15899
     60.445        1  -103.15668
     60.595        1  -103.15441
     60.745        1  -103.15206
     60.895        1  -103.14973
     61.045        1  -103.14741
     61.195        1  -103.14517
     61.345        1  -103.14287
     61.495        1  -103.14061
     61.645        1  -103.13834
     61.795        1  -103.13614
     61.945        1  -103.13390
     62.095        1  -103.13166
     62.245        1  -103.12931
     62.395        1  -103.12705
     62.545        1  -103.12487
     62.695        1  -103.12264
     62.845        1  -103.12048
     62.995        1  -103.11838
     63.145        1  -103.11621
     63.295        1  -103.11404
     63.445        1  -103.11191
     63.595        1  -103.10975
     63.745        1  -103.10742
     63.895        1  -103.10528
     64.045        1  -103.10307
     64.195        1  -103.10095
     64.345        1  -103.09889
     64.495        1  -103.09679
     64.645        1  -103.09473
     64.795        1  -103.09267
     64.945        1  -103.09054
     65.095        1  -103.08850
     70.156        1  -102.90094
     94.967        1  -102.63741
     130.63        1  -102.38787
     179.69        1  -102.14818
     247.17        1  -101.91529
     340.00        1  -101.68978
     467.69        1  -101.46956
     643.33        1  -101.25521
     884.93        1  -101.04615
     1217.3        1  -100.84082
     1674.4        1  -100.63978
     2303.2        1  -100.44363
     3168.2        1  -100.25110
     4358.0        1  -100.06155
     5994.7        1   -99.87402
     8246.0        1   -99.69057
     11343.        1   -99.51257
     15603.        1   -99.33898
     21462.        1   -99.17000
     29522.        1   -99.00519
     40609.        1   -98.84495
     55860.        1   -98.68925
     76839.        1   -98.53733
    0.10570E+06    1   -98.38962
    0.14539E+06    1   -98.24606
    0.19999E+06    1   -98.10788
    0.27510E+06    1   -97.97449
    0.37841E+06    1   -97.84611
    0.52052E+06    1   -97.72347
    0.71601E+06    1   -97.60591
    0.98490E+06    1   -97.49361
    0.13548E+07    1   -97.38608
    0.18636E+07    1   -97.28401
    0.25634E+07    1   -97.18663
    0.35262E+07    1   -97.09354
    0.48504E+07    1   -97.00496
    0.66720E+07    1   -96.92076
    0.91776E+07    1   -96.84020
    0.12624E+08    1   -96.76365
    0.17365E+08    1   -96.69061
    0.23887E+08    1   -96.62103
    0.32858E+08    1   -96.55472
    0.45197E+08    1   -96.49170
    0.62171E+08    1   -96.43133
    0.85520E+08    1   -96.37389
    0.11764E+09    1   -96.31936
    0.16182E+09    1   -96.26722
    0.22259E+09    1   -96.21774
    0.30618E+09    1   -96.17134
    0.42116E+09    1   -96.12791
    0.57933E+09    1   -96.08761
    0.79690E+09    1   -96.05008
    0.10962E+10    1   -96.01477
    0.15078E+10    1   -95.98196
    0.20741E+10    1   -95.95091
    0.28531E+10    1   -95.92188
    0.39245E+10    1   -95.89493
    0.53984E+10    1   -95.87043
    0.74258E+10    1   -95.84784
    0.10215E+11    1   -95.82724
    0.14051E+11    1   -95.80834
    0.19327E+11    1   -95.79082
    0.26586E+11    1   -95.77462
    0.36570E+11    1   -95.75968
    0.50304E+11    1   -95.74596
    0.69195E+11    1   -95.73321
    0.10000E+12    1   -95.57963
    -149.95        2     0.00000
    -149.80        2     0.00000
    -149.65        2     0.00000
    -149.49        2     0.00000
    -149.34        2     0.00000
    -149.20        2     0.00000
    -149.05        2     0.00000
    -148.90        2     0.00000
    -148.74        2     0.00000
    -148.59        2     0.00000
    -148.45        2     0.00000
    -148.30        2     0.00000
    -148.15        2     0.00000
    -147.99        2     0.00000
    -147.84        2     0.00000
    -147.70        2     0.00000
    -147.55        2     0.00000
    -147.40        2     0.00000
    -147.24        2     0.00000
    -147.09        2     0.00000
    -146.95        2     0.00000
    -146.80        2     0.00000
    -146.65        2     0.00000
    -146.49        2     0.00000
    -146.34        2     0.00000
    -146.20        2     0.00000
    -146.05        2     0.00000
    -145.90        2     0.00000
    -145.74        2     0.00000
    -145.59        2     0.00000
    -145.45        2     0.00000
    -145.30        2     0.00000
    -145.15        2     0.00000
    -144.99        2     0.00000
    -144.84        2     0.00000
    -144.70        2     0.00000
    -144.55        2     0.00000
    -144.40        2     0.00000
    -144.24        2     0.00000
    -144.09        2     0.00000
    -143.95        2     0.00000
    -143.80        2     0.00000
    -143.65        2     0.00000
    -143.49        2     0.00000
    -143.34        2     0.00000
    -143.20        2     0.00000
    -143.05        2     0.00000
    -142.90        2     0.00000
    -142.74        2     0.00000
    -142.59        2     0.00000
    -142.45        2     0.00000
    -142.30        2     0.00000
    -142.15        2     0.00000
    -141.99        2     0.00000
    -141.84        2     0.00000
    -141.70        2     0.00000
    -141.55        2     0.00000
    -141.40        2     0.00000
    -141.24        2     0.00000
    -141.09        2     0.00000
    -140.95        2     0.00000
    -140.80        2     0.00000
    -140.65        2     0.00000
    -140.49        2     0.00000
    -140.34        2     0.00000
    -140.20        2     0.00000
    -140.05        2     0.00000
    -139.90        2     0.00000
    -139.74        2     0.00000
    -139.59        2     0.00000
    -139.45        2     0.00000
    -139.30        2     0.00000
    -139.15        2     0.00000
    -138.99        2     0.00000
    -138.84        2     0.00000
    -138.70        2     0.00000
    -138.55        2     0.00000
    -138.40        2     0.00000
    -138.24        2     0.00000
    -138.09        2     0.00000
    -137.95        2     0.00000
    -137.80        2     0.00000
    -137.65        2     0.00000
    -137.49        2     0.00000
    -137.34        2     0.00000
    -137.20        2     0.00000
    -137.05        2     0.00000
    -136.90        2     0.00000
    -136.74        2     0.00000
    -136.59        2     0.00000
    -136.45        2     0.00000
    -136.30        2     0.00000
    -136.15        2     0.00000
    -135.99        2     0.00000
    -135.84        2     0.00000
    -135.70        2     0.00000
    -135.55        2     0.00000
    -135.40        2     0.00000
    -135.24        2     0.00000
    -135.09        2     0.00000
    -134.95        2     0.00000
    -134.80        2     0.00000
    -134.65        2     0.00000
    -134.49        2     0.00000
    -134.34        2     0.00000
    -134.20        2     0.00000
    -134.05        2     0.00000
    -133.90        2     0.00000
    -133.74        2     0.00000
    -133.59        2     0.00000
    -133.45        2     0.00000
    -133.30        2     0.00000
    -133.15        2     0.00000
    -132.99        2     0.00000
    -132.84        2     0.00000
    -132.70        2     0.00000
    -132.55        2     0.00000
    -132.40        2     0.00000
    -132.24        2     0.00000
    -132.09        2     0.00000
    -131.95        2     0.00000
    -131.80        2     0.00000
    -131.65        2     0.00000
    -131.49        2     0.00000
    -131.34        2     0.00000
    -131.20        2     0.00000
    -131.05        2     0.00000
    -130.90        2     0.00000
    -130.74        2     0.00000
    -130.59        2     0.00000
    -130.45        2     0.00000
    -130.30        2     0.00000
    -130.15        2     0.00000
    -129.99        2     0.00000
    -129.84        2     0.00000
    -129.70        2     0.00000
    -129.55        2     0.00000
    -129.40        2     0.00000
    -129.24        2     0.00000
    -129.09        2     0.00000
    -128.95        2     0.00000
    -128.80        2     0.00000
    -128.65        2     0.00000
    -128.49        2     0.00000
    -128.34        2     0.00000
    -128.20        2     0.00000
    -128.05        2     0.00000
    -127.89        2     0.00000
    -127.75        2     0.00000
    -127.60        2     0.00000
    -127.44        2     0.00000
    -127.30        2     0.00000
    -127.14        2     0.00000
    -127.00        2     0.00000
    -126.85        2     0.00000
    -126.69        2     0.00000
    -126.55        2     0.00000
    -126.39        2     0.00000
    -126.25        2     0.00000
    -126.10        2     0.00000
    -125.94        2     0.00000
    -125.80        2     0.00000
    -125.64        2     0.00000
    -125.50        2     0.00000
    -125.35        2     0.00000
    -125.19        2     0.00000
    -125.05        2     0.00000
    -124.89        2     0.00000
    -124.75        2     0.00000
    -124.60        2     0.00000
    -124.44        2     0.00000
    -124.30        2     0.00000
    -124.14        2     0.00000
    -124.00        2     0.00000
    -123.85        2     0.00000
    -123.69        2     0.00000
    -123.55        2     0.00000
    -123.39        2     0.00000
    -123.25        2     0.00000
    -123.10        2     0.00000
    -122.94        2     0.00000
    -122.80        2     0.00000
    -122.64        2     0.00000
    -122.50        2     0.00000
    -122.35        2     0.00000
    -122.19        2     0.00000
    -122.05        2     0.00000
    -121.89        2     0.00000
    -121.75        2     0.00000
    -121.60        2     0.00000
    -121.44        2     0.00000
    -121.30        2     0.00000
    -121.14        2     0.00000
    -121.00        2     0.00000
    -120.85        2     0.00000
    -120.69        2     0.00000
    -120.55        2     0.00000
    -120.39        2     0.00000
    -120.25        2     0.00000
    -120.10        2     0.00000
    -119.94        2     0.00000
    -119.80        2     0.00000
    -119.64        2     0.00000
    -119.50        2     0.00000
    -119.35        2     0.00000
    -119.19        2     0.00000
    -119.05        2     0.00000
    -118.89        2     0.00000
    -118.75        2     0.00000
    -118.60        2     0.00000
    -118.44        2     0.00000
    -118.30        2     0.00000
    -118.14        2     0.00000
    -118.00        2     0.00000
    -117.85        2     0.00000
    -117.69        2     0.00000
    -117.55        2     0.00000
    -117.39        2     0.00000
    -117.25        2     0.00000
    -117.10        2     0.00000
    -116.94        2     0.00000
    -116.80        2     0.00000
    -116.64        2     0.00000
    -116.50        2     0.00000
    -116.35        2     0.00000
    -116.19        2     0.00000
    -116.05        2     0.00000
    -115.89        2     0.00000
    -115.75        2     0.00000
    -115.60        2     0.00000
    -115.44        2     0.00000
    -115.30        2     0.00000
    -115.14        2     0.00000
    -115.00        2     0.00000
    -114.85        2     0.00000
    -114.69        2     0.00000
    -114.55        2     0.00000
    -114.39        2     0.00000
    -114.25        2     0.00000
    -114.10        2     0.00000
    -113.94        2     0.00000
    -113.80        2     0.00000
    -113.64        2     0.00000
    -113.50        2     0.00000
    -113.35        2     0.00000
    -113.19        2     0.00000
    -113.05        2     0.00000
    -112.89        2     0.00000
    -112.75        2     0.00000
    -112.60        2     0.00000
    -112.44        2     0.00000
    -112.30        2     0.00000
    -112.14        2     0.00000
    -112.00        2     0.00000
    -111.85        2     0.00000
    -111.69        2     0.00000
    -111.55        2     0.00000
    -111.39        2     0.00000
    -111.25        2     0.00000
    -111.10        2     0.00000
    -110.94        2     0.00000
    -110.80        2     0.00000
    -110.64        2     0.00000
    -110.50        2     0.00000
    -110.35        2     0.00000
    -110.19        2     0.00000
    -110.05        2     0.00000
    -109.89        2     0.00000
    -109.75        2     0.00000
    -109.60        2     0.00000
    -109.44        2     0.00000
    -109.30        2     0.00000
    -109.14        2     0.00000
    -109.00        2     0.00000
    -108.85        2     0.00000
    -108.69        2     0.00000
    -108.55        2     0.00000
    -108.39        2     0.00000
    -108.25        2     0.00000
    -108.10        2     0.00000
    -107.94        2     0.00000
    -107.80        2     0.00000
    -107.64        2     0.00000
    -107.50        2     0.00000
    -107.35        2     0.00000
    -107.19        2     0.00000
    -107.05        2     0.00000
    -106.89        2     0.00000
    -106.75        2     0.00000
    -106.60        2     0.00000
    -106.44        2     0.00000
    -106.30        2     0.00000
    -106.14        2     0.00000
    -106.00        2     0.00000
    -105.85        2     0.00000
    -105.69        2     0.00000
    -105.55        2     0.00000
    -105.39        2     0.00000
    -105.25        2     0.00000
    -105.10        2     0.00000
    -104.94        2     0.00000
    -104.80        2     0.00000
    -104.64        2     0.00000
    -104.50        2     0.00000
    -104.35        2     0.00000
    -104.19        2     0.00000
    -104.05        2     0.00000
    -103.89        2     0.00000
    -103.75        2     0.00000
    -103.60        2     0.00000
    -103.44        2     0.00000
    -103.30        2     0.00000
    -103.14        2     0.00000
    -103.00        2     0.00000
    -102.85        2     0.00000
    -102.69        2     0.00000
    -102.55        2     0.00000
    -102.39        2     0.00000
    -102.25        2     0.00000
    -102.10        2     0.00000
    -101.94        2     0.00000
    -101.80        2     0.00000
    -101.64        2     0.00000
    -101.50        2     0.00000
    -101.35        2     0.00000
    -101.19        2     0.00000
    -101.05        2     0.00000
    -100.89        2     0.00000
    -100.75        2     0.00000
    -100.60        2     0.00000
    -100.44        2     0.00000
    -100.30        2     0.00000
    -100.14        2     0.00000
    -99.995        2     0.00000
    -99.845        2     0.00000
    -99.695        2     0.00000
    -99.545        2     0.00000
    -99.395        2     0.00000
    -99.245        2     0.00000
    -99.095        2     0.00000
    -98.945        2     0.00000
    -98.795        2     0.00000
    -98.645        2     0.00000
    -98.495        2     0.00000
    -98.345        2     0.00000
    -98.195        2     0.00000
    -98.045        2     0.00000
    -97.895        2     0.00000
    -97.745        2     0.00000
    -97.595        2     0.00000
    -97.445        2     0.00000
    -97.295        2    -0.00003
    -97.145        2    -0.00007
    -96.995        2    -0.00012
    -96.845        2    -0.00017
    -96.695        2    -0.00023
    -96.545        2    -0.00029
    -96.395        2    -0.00037
    -96.245        2    -0.00047
    -96.095        2    -0.00057
    -95.945        2    -0.00065
    -95.795        2    -0.00072
    -95.645        2    -0.00083
    -95.495        2    -0.00093
    -95.345        2    -0.00104
    -95.195        2    -0.00113
    -95.045        2    -0.00121
    -94.895        2    -0.00132
    -94.745        2    -0.00143
    -94.595        2    -0.00152
    -94.445        2    -0.00162
    -94.295        2    -0.00171
    -94.145        2    -0.00183
    -93.995        2    -0.00195
    -93.845        2    -0.00208
    -93.695        2    -0.00218
    -93.545        2    -0.00229
    -93.395        2    -0.00241
    -93.245        2    -0.00255
    -93.095        2    -0.00265
    -92.945        2    -0.00275
    -92.795        2    -0.00287
    -92.645        2    -0.00300
    -92.495        2    -0.00314
    -92.345        2    -0.00328
    -92.195        2    -0.00343
    -92.045        2    -0.00355
    -91.895        2    -0.00366
    -91.745        2    -0.00380
    -91.595        2    -0.00397
    -91.445        2    -0.00412
    -91.295        2    -0.00420
    -91.145        2    -0.00427
    -90.995        2    -0.00440
    -90.845        2    -0.00454
    -90.695        2    -0.00470
    -90.545        2    -0.00486
    -90.395        2    -0.00500
    -90.245        2    -0.00514
    -90.095        2    -0.00528
    -89.945        2    -0.00543
    -89.795        2    -0.00561
    -89.645        2    -0.00578
    -89.495        2    -0.00592
    -89.345        2    -0.00603
    -89.195        2    -0.00620
    -89.045        2    -0.00636
    -88.895        2    -0.00651
    -88.745        2    -0.00669
    -88.595        2    -0.00680
    -88.445        2    -0.00694
    -88.295        2    -0.00707
    -88.145        2    -0.00726
    -87.995        2    -0.00742
    -87.845        2    -0.00756
    -87.695        2    -0.00773
    -87.545        2    -0.00794
    -87.395        2    -0.00810
    -87.245        2    -0.00827
    -87.095        2    -0.00843
    -86.945        2    -0.00861
    -86.795        2    -0.00879
    -86.645        2    -0.00896
    -86.495        2    -0.00915
    -86.345        2    -0.00935
    -86.195        2    -0.00954
    -86.045        2    -0.00965
    -85.895        2    -0.00982
    -85.745        2    -0.01000
    -85.595        2    -0.01018
    -85.445        2    -0.01036
    -85.295        2    -0.01055
    -85.145        2    -0.01073
    -84.995        2    -0.01090
    -84.845        2    -0.01105
    -84.695        2    -0.01122
    -84.545        2    -0.01136
    -84.395        2    -0.01148
    -84.245        2    -0.01171
    -84.095        2    -0.01189
    -83.945        2    -0.01205
    -83.795        2    -0.01227
    -83.645        2    -0.01243
    -83.495        2    -0.01260
    -83.345        2    -0.01284
    -83.195        2    -0.01304
    -83.045        2    -0.01341
    -82.895        2    -0.01358
    -82.745        2    -0.01396
    -82.595        2    -0.01417
    -82.445        2    -0.01453
    -82.295        2    -0.01474
    -82.145        2    -0.01538
    -81.995        2    -0.01577
    -81.845        2    -0.01590
    -81.695        2    -0.01629
    -81.545        2    -0.01668
    -81.395        2    -0.01713
    -81.245        2    -0.01755
    -81.095        2    -0.01837
    -80.945        2    -0.01882
    -80.795        2    -0.01944
    -80.645        2    -0.01986
    -80.495        2    -0.02071
    -80.345        2    -0.02219
    -80.195        2    -0.02455
    -80.045        2    -0.02603
    -79.895        2    -0.02925
    -79.745        2    -0.03153
    -79.595        2    -0.03515
    -79.445        2    -0.03945
    -79.295        2    -0.04367
    -79.145        2    -0.05033
    -78.995        2    -0.05600
    -78.845        2    -0.06327
    -78.695        2    -0.07137
    -78.545        2    -0.08190
    -78.395        2    -0.09507
    -78.245        2    -0.10910
    -78.095        2    -0.12710
    -77.945        2    -0.14696
    -77.795        2    -0.16547
    -77.645        2    -0.18851
    -77.495        2    -0.21857
    -77.345        2    -0.24838
    -77.195        2    -0.28576
    -77.045        2    -0.32278
    -76.895        2    -0.36942
    -76.745        2    -0.41660
    -76.595        2    -0.47431
    -76.445        2    -0.54107
    -76.295        2    -0.61486
    -76.145        2    -0.69561
    -75.995        2    -0.79176
    -75.845        2    -0.88683
    -75.695        2    -0.99687
    -75.545        2    -1.12256
    -75.395        2    -1.26041
    -75.245        2    -1.41142
    -75.095        2    -1.58175
    -74.945        2    -1.75528
    -74.795        2    -1.95070
    -74.645        2    -2.16792
    -74.495        2    -2.38896
    -74.345        2    -2.63108
    -74.195        2    -2.90028
    -74.045        2    -3.18569
    -73.895        2    -3.47395
    -73.745        2    -3.80526
    -73.595        2    -4.14710
    -73.445        2    -4.50171
    -73.295        2    -4.87517
    -73.145        2    -5.27925
    -72.995        2    -5.69077
    -72.845        2    -6.12097
    -72.695        2    -6.57900
    -72.545        2    -7.04625
    -72.395        2    -7.53654
    -72.245        2    -8.04803
    -72.095        2    -8.57638
    -71.945        2    -9.10935
    -71.795        2    -9.64958
    -71.645        2   -10.22584
    -71.495        2   -10.78271
    -71.345        2   -11.34379
    -71.195        2   -11.93448
    -71.045        2   -12.50901
    -70.895        2   -13.11660
    -70.745        2   -13.70011
    -70.595        2   -14.27867
    -70.445        2   -14.86785
    -70.295        2   -15.54281
    -70.145        2   -16.41188
    -69.995        2   -17.39608
    -69.845        2   -19.31411
    -69.695        2   -21.83670
    -69.545        2   -24.58882
    -69.395        2   -27.33381
    -69.245        2   -29.87799
    -69.095        2   -32.24418
    -68.945        2   -34.43473
    -68.795        2   -36.43263
    -68.645        2   -38.24035
    -68.495        2   -39.89622
    -68.345        2   -41.41054
    -68.195        2   -42.76855
    -68.045        2   -43.99979
    -67.895        2   -45.12706
    -67.745        2   -46.13835
    -67.595        2   -47.06331
    -67.445        2   -47.87803
    -67.295        2   -48.66341
    -67.145        2   -49.35324
    -66.995        2   -49.97887
    -66.845        2   -50.55825
    -66.695        2   -51.09696
    -66.545        2   -51.57998
    -66.395        2   -52.02018
    -66.245        2   -52.44706
    -66.095        2   -52.84328
    -65.945        2   -53.19348
    -65.795        2   -53.51857
    -65.645        2   -53.83509
    -65.495        2   -54.13390
    -65.345        2   -54.40831
    -65.195        2   -54.66613
    -65.045        2   -54.93144
    -64.895        2   -55.17456
    -64.745        2   -55.40545
    -64.595        2   -55.63460
    -64.445        2   -55.84708
    -64.295        2   -56.04911
    -64.145        2   -56.24252
    -63.995        2   -56.43983
    -63.845        2   -56.63023
    -63.695        2   -56.81364
    -63.545        2   -56.99813
    -63.395        2   -57.17506
    -63.245        2   -57.35050
    -63.095        2   -57.52000
    -62.945        2   -57.69084
    -62.795        2   -57.86262
    -62.645        2   -58.02429
    -62.495        2   -58.19085
    -62.345        2   -58.35233
    -62.195        2   -58.50091
    -62.045        2   -58.65205
    -61.895        2   -58.80665
    -61.745        2   -58.95690
    -61.595        2   -59.10184
    -61.445        2   -59.24992
    -61.295        2   -59.39521
    -61.145        2   -59.54102
    -60.995        2   -59.67519
    -60.845        2   -59.81157
    -60.695        2   -59.93953
    -60.545        2   -60.06662
    -60.395        2   -60.20258
    -60.245        2   -60.32631
    -60.095        2   -60.44942
    -59.945        2   -60.56881
    -59.795        2   -60.68085
    -59.645        2   -60.79565
    -59.495        2   -60.92813
    -59.345        2   -61.06249
    -59.195        2   -61.19867
    -59.045        2   -61.34706
    -58.895        2   -61.49912
    -58.745        2   -61.64838
    -58.595        2   -61.80328
    -58.445        2   -61.96243
    -58.295        2   -62.13722
    -58.145        2   -62.31339
    -57.995        2   -62.49760
    -57.845        2   -62.68774
    -57.695        2   -62.87609
    -57.545        2   -63.07002
    -57.395        2   -63.26934
    -57.245        2   -63.47399
    -57.095        2   -63.67726
    -56.945        2   -63.87810
    -56.795        2   -64.07749
    -56.645        2   -64.27954
    -56.495        2   -64.47339
    -56.345        2   -64.67436
    -56.195        2   -64.87477
    -56.045        2   -65.07537
    -55.895        2   -65.27822
    -55.745        2   -65.50137
    -55.595        2   -65.73172
    -55.445        2   -65.96913
    -55.295        2   -66.19817
    -55.145        2   -66.43136
    -54.995        2   -66.66020
    -54.845        2   -66.88140
    -54.695        2   -67.11268
    -54.545        2   -67.33492
    -54.395        2   -67.56296
    -54.245        2   -67.77931
    -54.095        2   -67.98939
    -53.945        2   -68.20089
    -53.795        2   -68.40382
    -53.645        2   -68.61131
    -53.495        2   -68.81333
    -53.345        2   -69.02100
    -53.195        2   -69.21566
    -53.045        2   -69.40969
    -52.895        2   -69.60615
    -52.745        2   -69.79175
    -52.595        2   -69.98257
    -52.445        2   -70.17335
    -52.295        2   -70.35354
    -52.145        2   -70.53913
    -51.995        2   -70.71417
    -51.845        2   -70.89412
    -51.695        2   -71.07068
    -51.545        2   -71.24372
    -51.395        2   -71.42132
    -51.245        2   -71.58977
    -51.095        2   -71.76412
    -50.945        2   -71.93204
    -50.795        2   -72.09910
    -50.645        2   -72.26761
    -50.495        2   -72.43200
    -50.345        2   -72.59631
    -50.195        2   -72.75404
    -50.045        2   -72.92043
    -49.895        2   -73.09635
    -49.745        2   -73.29063
    -49.595        2   -73.48165
    -49.445        2   -73.69236
    -49.295        2   -73.91754
    -49.145        2   -74.15873
    -48.995        2   -74.39656
    -48.845        2   -74.63546
    -48.695        2   -74.86001
    -48.545        2   -75.08843
    -48.395        2   -75.30218
    -48.245        2   -75.51081
    -48.095        2   -75.71958
    -47.945        2   -75.90653
    -47.795        2   -76.09419
    -47.645        2   -76.27055
    -47.495        2   -76.43423
    -47.345        2   -76.59629
    -47.195        2   -76.74858
    -47.045        2   -76.89789
    -46.895        2   -77.04460
    -46.745        2   -77.18066
    -46.595        2   -77.31547
    -46.445        2   -77.44281
    -46.295        2   -77.56810
    -46.145        2   -77.68320
    -45.995        2   -77.79934
    -45.845        2   -77.90938
    -45.695        2   -78.01435
    -45.545        2   -78.11814
    -45.395        2   -78.23500
    -45.245        2   -78.35316
    -45.095        2   -78.47476
    -44.945        2   -78.60385
    -44.795        2   -78.73227
    -44.645        2   -78.86146
    -44.495        2   -78.98973
    -44.345        2   -79.11767
    -44.195        2   -79.24787
    -44.045        2   -79.38161
    -43.895        2   -79.51539
    -43.745        2   -79.64616
    -43.595        2   -79.78083
    -43.445        2   -79.91196
    -43.295        2   -80.04348
    -43.145        2   -80.17400
    -42.995        2   -80.30466
    -42.845        2   -80.42583
    -42.695        2   -80.55114
    -42.545        2   -80.67125
    -42.395        2   -80.79147
    -42.245        2   -80.91128
    -42.095        2   -81.03002
    -41.945        2   -81.14658
    -41.795        2   -81.26049
    -41.645        2   -81.37440
    -41.495        2   -81.48296
    -41.345        2   -81.59304
    -41.195        2   -81.70410
    -41.045        2   -81.81423
    -40.895        2   -81.92057
    -40.745        2   -82.02784
    -40.595        2   -82.12929
    -40.445        2   -82.23033
    -40.295        2   -82.33137
    -40.145        2   -82.42696
    -39.995        2   -82.52838
    -39.845        2   -82.62455
    -39.695        2   -82.71991
    -39.545        2   -82.81712
    -39.395        2   -82.90893
    -39.245        2   -83.00333
    -39.095        2   -83.10129
    -38.945        2   -83.19285
    -38.795        2   -83.27892
    -38.645        2   -83.36845
    -38.495        2   -83.45322
    -38.345        2   -83.53997
    -38.195        2   -83.63116
    -38.045        2   -83.71768
    -37.895        2   -83.79962
    -37.745        2   -83.88244
    -37.595        2   -83.96438
    -37.445        2   -84.04714
    -37.295        2   -84.12943
    -37.145        2   -84.20941
    -36.995        2   -84.28486
    -36.845        2   -84.36716
    -36.695        2   -84.44716
    -36.545        2   -84.52417
    -36.395        2   -84.59812
    -36.245        2   -84.67657
    -36.095        2   -84.74965
    -35.945        2   -84.82470
    -35.795        2   -84.90146
    -35.645        2   -84.97328
    -35.495        2   -85.04915
    -35.345        2   -85.12529
    -35.195        2   -85.19374
    -35.045        2   -85.26076
    -34.895        2   -85.32437
    -34.745        2   -85.39236
    -34.595        2   -85.46158
    -34.445        2   -85.52928
    -34.295        2   -85.59821
    -34.145        2   -85.66584
    -33.995        2   -85.72990
    -33.845        2   -85.79505
    -33.695        2   -85.86058
    -33.545        2   -85.92583
    -33.395        2   -85.98759
    -33.245        2   -86.05044
    -33.095        2   -86.11044
    -32.945        2   -86.17402
    -32.795        2   -86.23629
    -32.645        2   -86.29650
    -32.495        2   -86.35711
    -32.345        2   -86.41433
    -32.195        2   -86.47135
    -32.045        2   -86.53035
    -31.895        2   -86.58950
    -31.745        2   -86.64901
    -31.595        2   -86.70651
    -31.445        2   -86.76481
    -31.295        2   -86.82066
    -31.145        2   -86.87669
    -30.995        2   -86.92999
    -30.845        2   -86.98778
    -30.695        2   -87.04449
    -30.545        2   -87.09983
    -30.395        2   -87.15408
    -30.245        2   -87.20622
    -30.095        2   -87.25789
    -29.945        2   -87.30938
    -29.795        2   -87.35609
    -29.645        2   -87.40522
    -29.495        2   -87.45928
    -29.345        2   -87.51049
    -29.195        2   -87.56027
    -29.045        2   -87.61129
    -28.895        2   -87.66353
    -28.745        2   -87.71181
    -28.595        2   -87.76123
    -28.445        2   -87.81291
    -28.295        2   -87.86166
    -28.145        2   -87.90915
    -27.995        2   -87.95753
    -27.845        2   -88.00329
    -27.695        2   -88.04968
    -27.545        2   -88.09777
    -27.395        2   -88.14522
    -27.245        2   -88.18905
    -27.095        2   -88.23967
    -26.945        2   -88.28529
    -26.795        2   -88.33217
    -26.645        2   -88.37457
    -26.495        2   -88.41852
    -26.345        2   -88.46674
    -26.195        2   -88.51298
    -26.045        2   -88.55749
    -25.895        2   -88.60533
    -25.745        2   -88.64765
    -25.595        2   -88.69237
    -25.445        2   -88.73621
    -25.295        2   -88.78019
    -25.145        2   -88.82230
    -24.995        2   -88.86492
    -24.845        2   -88.90762
    -24.695        2   -88.95475
    -24.545        2   -88.99998
    -24.395        2   -89.04466
    -24.245        2   -89.09148
    -24.095        2   -89.13948
    -23.945        2   -89.18426
    -23.795        2   -89.23249
    -23.645        2   -89.28055
    -23.495        2   -89.33023
    -23.345        2   -89.38200
    -23.195        2   -89.43298
    -23.045        2   -89.48938
    -22.895        2   -89.54236
    -22.745        2   -89.59956
    -22.595        2   -89.65371
    -22.445        2   -89.71007
    -22.295        2   -89.76948
    -22.145        2   -89.82989
    -21.995        2   -89.89232
    -21.845        2   -89.94830
    -21.695        2   -90.00927
    -21.545        2   -90.07216
    -21.395        2   -90.13204
    -21.245        2   -90.19766
    -21.095        2   -90.25929
    -20.945        2   -90.32225
    -20.795        2   -90.38606
    -20.645        2   -90.44962
    -20.495        2   -90.51602
    -20.345        2   -90.58215
    -20.195        2   -90.65165
    -20.045        2   -90.72357
    -19.895        2   -90.79373
    -19.745        2   -90.86667
    -19.595        2   -90.93822
    -19.445        2   -91.01466
    -19.295        2   -91.08837
    -19.145        2   -91.16049
    -18.995        2   -91.23612
    -18.845        2   -91.31517
    -18.695        2   -91.39562
    -18.545        2   -91.47163
    -18.395        2   -91.55030
    -18.245        2   -91.63510
    -18.095        2   -91.72226
    -17.945        2   -91.80844
    -17.795        2   -91.89589
    -17.645        2   -91.98589
    -17.495        2   -92.07886
    -17.345        2   -92.16967
    -17.195        2   -92.25675
    -17.045        2   -92.35033
    -16.895        2   -92.44810
    -16.745        2   -92.54493
    -16.595        2   -92.64376
    -16.445        2   -92.73925
    -16.295        2   -92.83741
    -16.145        2   -92.93749
    -15.995        2   -93.03787
    -15.845        2   -93.14161
    -15.695        2   -93.24527
    -15.545        2   -93.34916
    -15.395        2   -93.45559
    -15.245        2   -93.56320
    -15.095        2   -93.67319
    -14.945        2   -93.77897
    -14.795        2   -93.88739
    -14.645        2   -93.99207
    -14.495        2   -94.09934
    -14.345        2   -94.21037
    -14.195        2   -94.31750
    -14.045        2   -94.42813
    -13.895        2   -94.54024
    -13.745        2   -94.65197
    -13.595        2   -94.76913
    -13.445        2   -94.88469
    -13.295        2   -94.99769
    -13.145        2   -95.11658
    -12.995        2   -95.23834
    -12.845        2   -95.35828
    -12.695        2   -95.48054
    -12.545        2   -95.60530
    -12.395        2   -95.73193
    -12.245        2   -95.85553
    -12.095        2   -95.98804
    -11.945        2   -96.12034
    -11.795        2   -96.25593
    -11.645        2   -96.39145
    -11.495        2   -96.53019
    -11.345        2   -96.67018
    -11.195        2   -96.81727
    -11.045        2   -96.96443
    -10.895        2   -97.11275
    -10.745        2   -97.26652
    -10.595        2   -97.42438
    -10.445        2   -97.58200
    -10.295        2   -97.74525
    -10.145        2   -97.91081
    -9.9950        2   -98.07799
    -9.8450        2   -98.24933
    -9.6950        2   -98.42582
    -9.5450        2   -98.61328
    -9.3950        2   -98.80219
    -9.2450        2   -98.99446
    -9.0950        2   -99.19007
    -8.9450        2   -99.39049
    -8.7950        2   -99.59907
    -8.6450        2   -99.81388
    -8.4950        2  -100.03542
    -8.3450        2  -100.26181
    -8.1950        2  -100.49489
    -8.0450        2  -100.73864
    -7.8950        2  -100.99284
    -7.7450        2  -101.25742
    -7.5950        2  -101.52814
    -7.4450        2  -101.80732
    -7.2950        2  -102.08884
    -7.1450        2  -102.37755
    -6.9950        2  -102.67301
    -6.8450        2  -102.97628
    -6.6950        2  -103.28750
    -6.5450        2  -103.60903
    -6.3950        2  -103.93996
    -6.2450        2  -104.28075
    -6.0950        2  -104.63178
    -5.9450        2  -104.99741
    -5.7950        2  -105.37373
    -5.6450        2  -105.76716
    -5.4950        2  -106.17270
    -5.3450        2  -106.59264
    -5.1950        2  -107.03160
    -5.0450        2  -107.48806
    -4.8950        2  -107.96185
    -4.7450        2  -108.45676
    -4.5950        2  -108.96835
    -4.4450        2  -109.49671
    -4.2950        2  -110.02732
    -4.1450        2  -110.57103
    -3.9950        2  -111.12452
    -3.8450        2  -111.69975
    -3.6950        2  -112.28883
    -3.5450        2  -112.89808
    -3.3950        2  -113.52761
    -3.2450        2  -114.17903
    -3.0950        2  -114.85117
    -2.9450        2  -115.54885
    -2.7950        2  -116.26898
    -2.6450        2  -117.01546
    -2.4950        2  -117.79168
    -2.3450        2  -118.60307
    -2.1950        2  -119.45033
    -2.0450        2  -120.33690
    -1.8950        2  -121.26505
    -1.7450        2  -122.23493
    -1.5950        2  -123.25341
    -1.4450        2  -124.32483
    -1.2950        2  -125.44892
    -1.1450        2  -126.63011
   -0.99500        2  -127.87128
   -0.84500        2  -129.17563
   -0.69500        2  -130.54025
   -0.54500        2  -131.95645
   -0.39500        2  -133.37293
   -0.25300        2  -134.21470
   -0.21500        2  -134.26356
   -0.20900        2  -134.31176
   -0.20300        2  -134.35971
   -0.19700        2  -134.40711
   -0.19100        2  -134.45386
   -0.18500        2  -134.49994
   -0.17900        2  -134.54521
   -0.17300        2  -134.59007
   -0.16700        2  -134.63390
   -0.16100        2  -134.67709
   -0.15500        2  -134.71954
   -0.14900        2  -134.76108
   -0.14300        2  -134.80188
   -0.13700        2  -134.84165
   -0.13100        2  -134.88055
   -0.12500        2  -134.91835
   -0.11900        2  -134.95511
   -0.11300        2  -134.99088
   -0.10700        2  -135.02537
   -0.10100        2  -135.05864
   -0.95000E-01    2  -135.09068
   -0.89000E-01    2  -135.12129
   -0.83000E-01    2  -135.15048
   -0.77000E-01    2  -135.17812
   -0.71000E-01    2  -135.20422
   -0.65000E-01    2  -135.22875
   -0.59000E-01    2  -135.25147
   -0.53000E-01    2  -135.27245
   -0.47000E-01    2  -135.29145
   -0.41000E-01    2  -135.30848
   -0.35000E-01    2  -135.32337
   -0.29000E-01    2  -135.33606
   -0.23000E-01    2  -135.34640
   -0.19700E-01    2  -135.34731
   -0.19100E-01    2  -135.34818
   -0.18500E-01    2  -135.34903
   -0.17900E-01    2  -135.34986
   -0.17300E-01    2  -135.35066
   -0.16700E-01    2  -135.35143
   -0.16100E-01    2  -135.35218
   -0.15500E-01    2  -135.35290
   -0.14900E-01    2  -135.35360
   -0.14300E-01    2  -135.35427
   -0.13700E-01    2  -135.35492
   -0.13100E-01    2  -135.35553
   -0.12500E-01    2  -135.35612
   -0.11900E-01    2  -135.35669
   -0.11300E-01    2  -135.35722
   -0.10700E-01    2  -135.35773
   -0.10100E-01    2  -135.35821
   -0.95000E-02    2  -135.35867
   -0.89000E-02    2  -135.35910
   -0.83000E-02    2  -135.35950
   -0.77000E-02    2  -135.35987
   -0.71000E-02    2  -135.36022
   -0.65000E-02    2  -135.36053
   -0.59000E-02    2  -135.36082
   -0.53000E-02    2  -135.36109
   -0.47000E-02    2  -135.36132
   -0.41000E-02    2  -135.36152
   -0.35000E-02    2  -135.36170
   -0.29000E-02    2  -135.36185
   -0.23000E-02    2  -135.36197
   -0.17000E-02    2  -135.36206
   -0.11000E-02    2  -135.36212
   -0.50000E-03    2  -135.36215
    0.10000E-03    2  -135.36215
    0.70000E-03    2  -135.36212
    0.13000E-02    2  -135.36206
    0.19000E-02    2  -135.36198
    0.25000E-02    2  -135.36186
    0.31000E-02    2  -135.36171
    0.37000E-02    2  -135.36153
    0.43000E-02    2  -135.36132
    0.49000E-02    2  -135.36108
    0.55000E-02    2  -135.36080
    0.61000E-02    2  -135.36050
    0.67000E-02    2  -135.36016
    0.73000E-02    2  -135.35980
    0.79000E-02    2  -135.35940
    0.85000E-02    2  -135.35896
    0.91000E-02    2  -135.35850
    0.97000E-02    2  -135.35801
    0.10300E-01    2  -135.35748
    0.10900E-01    2  -135.35692
    0.11500E-01    2  -135.35633
    0.12100E-01    2  -135.35570
    0.12700E-01    2  -135.35503
    0.13300E-01    2  -135.35434
    0.13900E-01    2  -135.35361
    0.14500E-01    2  -135.35286
    0.15100E-01    2  -135.35207
    0.15700E-01    2  -135.35123
    0.16300E-01    2  -135.35036
    0.16900E-01    2  -135.34946
    0.17500E-01    2  -135.34853
    0.18100E-01    2  -135.34756
    0.18700E-01    2  -135.34656
    0.19300E-01    2  -135.34552
    0.20200E-01    2  -135.34110
    0.25000E-01    2  -135.32726
    0.31000E-01    2  -135.30948
    0.37000E-01    2  -135.28760
    0.43000E-01    2  -135.26133
    0.49000E-01    2  -135.23038
    0.55000E-01    2  -135.19449
    0.61000E-01    2  -135.15343
    0.67000E-01    2  -135.10662
    0.73000E-01    2  -135.05390
    0.79000E-01    2  -134.99467
    0.85000E-01    2  -134.92859
    0.91000E-01    2  -134.85526
    0.97000E-01    2  -134.77433
    0.10300        2  -134.68517
    0.10900        2  -134.58714
    0.11500        2  -134.47942
    0.12100        2  -134.36176
    0.12700        2  -134.23345
    0.13300        2  -134.09314
    0.13900        2  -133.94006
    0.14500        2  -133.77282
    0.15100        2  -133.59035
    0.15700        2  -133.39117
    0.16300        2  -133.17553
    0.16900        2  -132.94257
    0.17500        2  -132.69081
    0.18100        2  -132.41868
    0.18700        2  -132.12506
    0.19300        2  -131.80731
    0.19900        2  -131.46360
    0.20500        2  -131.09118
    0.21100        2  -130.68807
    0.21700        2  -130.25008
    0.29500        2   -96.13938
    0.44500        2   -46.38167
    0.59500        2   -28.37874
    0.74500        2   -19.98670
    0.89500        2   -14.85273
     1.0450        2   -11.21811
     1.1950        2    -8.44770
     1.3450        2    -6.23996
     1.4950        2    -4.42759
     1.6450        2    -2.89621
     1.7950        2    -1.57582
     1.9450        2    -0.42614
     2.0950        2     0.59231
     2.2450        2     1.50149
     2.3950        2     2.32428
     2.5450        2     3.06837
     2.6950        2     3.75089
     2.8450        2     4.37693
     2.9950        2     4.95731
     3.1450        2     5.49478
     3.2950        2     5.99614
     3.4450        2     6.46145
     3.5950        2     6.89780
     3.7450        2     7.30246
     3.8950        2     7.68018
     4.0450        2     8.03396
     4.1950        2     8.36459
     4.3450        2     8.66917
     4.4950        2     8.95747
     4.6450        2     9.22675
     4.7950        2     9.47256
     4.9450        2     9.70577
     5.0950        2     9.92063
     5.2450        2    10.12053
     5.3950        2    10.30823
     5.5450        2    10.48478
     5.6950        2    10.64739
     5.8450        2    10.79787
     5.9950        2    10.93867
     6.1450        2    11.07151
     6.2950        2    11.19146
     6.4450        2    11.30496
     6.5950        2    11.41315
     6.7450        2    11.51854
     6.8950        2    11.61314
     7.0450        2    11.70536
     7.1950        2    11.79071
     7.3450        2    11.86691
     7.4950        2    11.93691
     7.6450        2    12.00388
     7.7950        2    12.06527
     7.9450        2    12.11975
     8.0950        2    12.16946
     8.2450        2    12.21746
     8.3950        2    12.25989
     8.5450        2    12.29797
     8.6950        2    12.32883
     8.8450        2    12.35993
     8.9950        2    12.38587
     9.1450        2    12.40727
     9.2950        2    12.42871
     9.4450        2    12.44140
     9.5950        2    12.45587
     9.7450        2    12.46683
     9.8950        2    12.47530
     10.045        2    12.48225
     10.195        2    12.48943
     10.345        2    12.49464
     10.495        2    12.49936
     10.645        2    12.50325
     10.795        2    12.50652
     10.945        2    12.51007
     11.095        2    12.51270
     11.245        2    12.51419
     11.395        2    12.51587
     11.545        2    12.51741
     11.695        2    12.51859
     11.845        2    12.52071
     11.995        2    12.52306
     12.145        2    12.52549
     12.295        2    12.52743
     12.445        2    12.52886
     12.595        2    12.53052
     12.745        2    12.53223
     12.895        2    12.53355
     13.045        2    12.53517
     13.195        2    12.53654
     13.345        2    12.53808
     13.495        2    12.53971
     13.645        2    12.54176
     13.795        2    12.54297
     13.945        2    12.54379
     14.095        2    12.54490
     14.245        2    12.54621
     14.395        2    12.54766
     14.545        2    12.54813
     14.695        2    12.54886
     14.845        2    12.54985
     14.995        2    12.55086
     15.145        2    12.55229
     15.295        2    12.55346
     15.445        2    12.55434
     15.595        2    12.55585
     15.745        2    12.55769
     15.895        2    12.55867
     16.045        2    12.55930
     16.195        2    12.55995
     16.345        2    12.56111
     16.495        2    12.56182
     16.645        2    12.56283
     16.795        2    12.56303
     16.945        2    12.56398
     17.095        2    12.56458
     17.245        2    12.56511
     17.395        2    12.56603
     17.545        2    12.56686
     17.695        2    12.56749
     17.845        2    12.56831
     17.995        2    12.56933
     18.145        2    12.56941
     18.295        2    12.57083
     18.445        2    12.57155
     18.595        2    12.57204
     18.745        2    12.57254
     18.895        2    12.57308
     19.045        2    12.57347
     19.195        2    12.57390
     19.345        2    12.57426
     19.495        2    12.57544
     19.645        2    12.57623
     19.795        2    12.57659
     19.945        2    12.57836
     20.095        2    12.57859
     21.836        2    12.59495
     30.068        2    12.61873
     42.097        2    12.63301
     58.937        2    12.64196
     82.515        2    12.64841
     115.53        2    12.64821
     161.74        2    12.64391
     226.45        2    12.63870
     317.04        2    12.63472
     443.87        2    12.62928
     621.44        2    12.62351
     870.05        2    12.61620
     1218.1        2    12.61058
     1705.4        2    12.60390
     2387.7        2    12.59629
     3342.9        2    12.58668
     4680.2        2    12.57911
     6552.5        2    12.56899
     9173.8        2    12.56274
     12844.        2    12.55379
     17982.        2    12.54853
     25176.        2    12.53724
     35247.        2    12.53174
     49348.        2    12.52420
     69090.        2    12.51240
     96729.        2    12.50258
    0.13543E+06    2    12.49159
    0.18960E+06    2    12.48292
    0.26545E+06    2    12.47286
    0.37165E+06    2    12.46339
    0.52033E+06    2    12.45426
    0.72849E+06    2    12.44689
    0.10199E+07    2    12.43756
    0.14279E+07    2    12.42860
    0.19992E+07    2    12.41958
    0.27990E+07    2    12.41061
    0.39187E+07    2    12.40237
    0.54864E+07    2    12.39557
    0.76812E+07    2    12.38805
    0.10754E+08    2    12.38011
    0.15056E+08    2    12.37114
    0.21080E+08    2    12.36420
    0.29513E+08    2    12.35602
    0.41319E+08    2    12.34935
    0.57849E+08    2    12.34162
    0.80991E+08    2    12.33757
    0.11339E+09    2    12.33262
    0.15875E+09    2    12.32796
    0.22226E+09    2    12.32297
    0.31118E+09    2    12.31822
    0.43567E+09    2    12.31575
    0.60996E+09    2    12.31203
    0.85398E+09    2    12.30976
    0.11956E+10    2    12.30670
    0.16739E+10    2    12.30392
    0.23436E+10    2    12.30108
    0.32811E+10    2    12.29942
    0.45937E+10    2    12.29748
    0.64315E+10    2    12.29568
    0.90044E+10    2    12.29361
    0.12607E+11    2    12.29188
    0.17650E+11    2    12.29017
    0.24711E+11    2    12.28885
    0.34596E+11    2    12.28801
    0.48437E+11    2    12.28746
    0.67814E+11    2    12.28682
    0.10000E+12    2    12.27618
    -29.945        3     0.00000
    -29.795        3     0.00000
    -29.645        3     0.00000
    -29.495        3     0.00000
    -29.345        3     0.00000
    -29.195        3     0.00000
    -29.045        3     0.00000
    -28.895        3     0.00000
    -28.745        3     0.00000
    -28.595        3     0.00000
    -28.445        3     0.00000
    -28.295        3     0.00000
    -28.145        3     0.00000
    -27.995        3     0.00000
    -27.845        3     0.00000
    -27.695        3     0.00000
    -27.545        3     0.00000
    -27.395        3     0.00000
    -27.245        3     0.00000
    -27.095        3     0.00000
    -26.945        3     0.00000
    -26.795        3     0.00000
    -26.645        3     0.00000
    -26.495        3     0.00000
    -26.345        3     0.00000
    -26.195        3     0.00000
    -26.045        3     0.00000
    -25.895        3     0.00000
    -25.745        3     0.00000
    -25.595        3     0.00000
    -25.445        3     0.00000
    -25.295        3     0.00000
    -25.145        3     0.00000
    -24.995        3     0.00000
    -24.845        3     0.00000
    -24.695        3     0.00000
    -24.545        3     0.00000
    -24.395        3     0.00000
    -24.245        3     0.00000
    -24.095        3     0.00000
    -23.945        3     0.00000
    -23.795        3     0.00000
    -23.645        3     0.00000
    -23.495        3     0.00000
    -23.345        3     0.00000
    -23.195        3     0.00000
    -23.045        3     0.00000
    -22.895        3     0.00000
    -22.745        3     0.00000
    -22.595        3     0.00000
    -22.445        3     0.00000
    -22.295        3     0.00000
    -22.145        3     0.00000
    -21.995        3     0.00000
    -21.845        3     0.00000
    -21.695        3     0.00000
    -21.545        3     0.00000
    -21.395        3     0.00000
    -21.245        3     0.00000
    -21.095        3     0.00000
    -20.945        3     0.00000
    -20.795        3     0.00000
    -20.645        3     0.00000
    -20.495        3     0.00000
    -20.345        3     0.00000
    -20.195        3     0.00000
    -20.045        3     0.00000
    -19.895        3     0.00000
    -19.745        3     0.00000
    -19.595        3     0.00000
    -19.445        3     0.00000
    -19.295        3     0.00000
    -19.145        3     0.00000
    -18.995        3     0.00000
    -18.845        3     0.00000
    -18.695        3     0.00000
    -18.545        3     0.00000
    -18.395        3     0.00000
    -18.245        3     0.00000
    -18.095        3     0.00000
    -17.945        3    -0.00008
    -17.795        3    -0.00300
    -17.645        3    -0.02238
    -17.495        3    -0.07803
    -17.345        3    -0.18888
    -17.195        3    -0.35576
    -17.045        3    -0.57037
    -16.895        3    -0.83194
    -16.745        3    -1.13460
    -16.595        3    -1.46175
    -16.445        3    -1.80641
    -16.295        3    -2.15809
    -16.145        3    -2.51789
    -15.995        3    -2.87744
    -15.845        3    -3.23255
    -15.695        3    -3.57909
    -15.545        3    -3.94017
    -15.395        3    -4.33180
    -15.245        3    -4.77419
    -15.095        3    -5.28033
    -14.945        3    -5.83467
    -14.795        3    -6.41912
    -14.645        3    -7.01965
    -14.495        3    -7.62221
    -14.345        3    -8.22037
    -14.195        3    -8.79696
    -14.045        3    -9.33958
    -13.895        3    -9.85601
    -13.745        3   -10.34692
    -13.595        3   -10.80143
    -13.445        3   -11.22416
    -13.295        3   -11.61276
    -13.145        3   -11.97829
    -12.995        3   -12.31848
    -12.845        3   -12.63708
    -12.695        3   -12.94378
    -12.545        3   -13.23855
    -12.395        3   -13.53449
    -12.245        3   -13.84174
    -12.095        3   -14.16390
    -11.945        3   -14.50837
    -11.795        3   -14.88263
    -11.645        3   -15.29261
    -11.495        3   -15.74260
    -11.345        3   -16.24538
    -11.195        3   -16.80268
    -11.045        3   -17.41717
    -10.895        3   -18.09312
    -10.745        3   -18.83116
    -10.595        3   -19.63533
    -10.445        3   -20.48958
    -10.295        3   -21.38741
    -10.145        3   -22.32180
    -9.9950        3   -23.30254
    -9.8450        3   -24.32497
    -9.6950        3   -25.38237
    -9.5450        3   -26.48510
    -9.3950        3   -27.62943
    -9.2450        3   -28.81991
    -9.0950        3   -30.05670
    -8.9450        3   -31.34124
    -8.7950        3   -32.66833
    -8.6450        3   -34.04175
    -8.4950        3   -35.45079
    -8.3450        3   -36.90800
    -8.1950        3   -38.42298
    -8.0450        3   -39.97838
    -7.8950        3   -41.59730
    -7.7450        3   -43.27986
    -7.5950        3   -45.01225
    -7.4450        3   -46.80195
    -7.2950        3   -48.64268
    -7.1450        3   -50.51310
    -6.9950        3   -52.41208
    -6.8450        3   -54.31640
    -6.6950        3   -56.23627
    -6.5450        3   -58.17139
    -6.3950        3   -60.10838
    -6.2450        3   -62.07257
    -6.0950        3   -64.05443
    -5.9450        3   -66.04500
    -5.7950        3   -68.04853
    -5.6450        3   -70.06463
    -5.4950        3   -72.08663
    -5.3450        3   -74.10661
    -5.1950        3   -76.13196
    -5.0450        3   -78.16445
    -4.8950        3   -80.21659
    -4.7450        3   -82.28623
    -4.5950        3   -84.38681
    -4.4450        3   -86.52325
    -4.2950        3   -88.69551
    -4.1450        3   -90.91190
    -3.9950        3   -93.17006
    -3.8450        3   -95.47432
    -3.6950        3   -97.83144
    -3.5450        3  -100.24106
    -3.3950        3  -102.72144
    -3.2450        3  -105.29017
    -3.0950        3  -107.96639
    -2.9450        3  -110.77758
    -2.7950        3  -113.75869
    -2.6450        3  -116.95024
    -2.4950        3  -120.40529
    -2.3450        3  -124.20941
    -2.1950        3  -128.49318
    -2.0450        3  -133.37284
    -1.8950        3  -138.96011
    -1.7450        3  -145.30284
    -1.5950        3  -152.45290
    -1.4450        3  -160.44603
    -1.2950        3  -169.31247
    -1.1450        3  -178.93551
   -0.99500        3  -189.15996
   -0.84500        3  -199.86075
   -0.69500        3  -211.07486
   -0.54500        3  -223.11180
   -0.39500        3  -236.96778
   -0.25300        3  -247.82140
   -0.21500        3  -248.57460
   -0.20900        3  -249.33947
   -0.20300        3  -250.11801
   -0.19700        3  -250.90952
   -0.19100        3  -251.71631
   -0.18500        3  -252.53809
   -0.17900        3  -253.37701
   -0.17300        3  -254.23290
   -0.16700        3  -255.10624
   -0.16100        3  -255.99983
   -0.15500        3  -256.91390
   -0.14900        3  -257.85124
   -0.14300        3  -258.81276
   -0.13700        3  -259.80007
   -0.13100        3  -260.81410
   -0.12500        3  -261.85823
   -0.11900        3  -262.93307
   -0.11300        3  -264.04301
   -0.10700        3  -265.19034
   -0.10100        3  -266.37783
   -0.95000E-01    3  -267.61158
   -0.89000E-01    3  -268.89503
   -0.83000E-01    3  -270.23470
   -0.77000E-01    3  -271.63942
   -0.71000E-01    3  -273.11892
   -0.65000E-01    3  -274.68409
   -0.59000E-01    3  -276.35113
   -0.53000E-01    3  -278.14051
   -0.47000E-01    3  -280.08024
   -0.41000E-01    3  -282.21235
   -0.35000E-01    3  -284.60194
   -0.29000E-01    3  -287.36555
   -0.23000E-01    3  -290.71767
   -0.19700E-01    3  -291.09026
   -0.19100E-01    3  -291.47149
   -0.18500E-01    3  -291.86168
   -0.17900E-01    3  -292.26142
   -0.17300E-01    3  -292.67119
   -0.16700E-01    3  -293.09134
   -0.16100E-01    3  -293.52244
   -0.15500E-01    3  -293.96526
   -0.14900E-01    3  -294.42046
   -0.14300E-01    3  -294.88911
   -0.13700E-01    3  -295.37249
   -0.13100E-01    3  -295.87134
   -0.12500E-01    3  -296.38690
   -0.11900E-01    3  -296.92035
   -0.11300E-01    3  -297.47268
   -0.10700E-01    3  -298.04500
   -0.10100E-01    3  -298.63827
   -0.95000E-02    3  -299.25391
   -0.89000E-02    3  -299.89364
   -0.83000E-02    3  -300.55937
   -0.77000E-02    3  -301.25370
   -0.71000E-02    3  -301.97927
   -0.65000E-02    3  -302.73794
   -0.59000E-02    3  -303.53001
   -0.53000E-02    3  -304.35290
   -0.47000E-02    3  -305.20134
   -0.41000E-02    3  -306.06729
   -0.35000E-02    3  -306.93684
   -0.29000E-02    3  -307.78587
   -0.23000E-02    3  -308.58871
   -0.17000E-02    3  -309.28095
   -0.11000E-02    3  -309.77618
   -0.50000E-03    3  -310.01514
    0.10000E-03    3  -309.96671
    0.70000E-03    3  -309.63681
    0.13000E-02    3  -309.06806
    0.19000E-02    3  -308.32765
    0.25000E-02    3  -307.50630
    0.31000E-02    3  -306.66269
    0.37000E-02    3  -305.81760
    0.43000E-02    3  -304.98350
    0.49000E-02    3  -304.16967
    0.55000E-02    3  -303.38346
    0.61000E-02    3  -302.63085
    0.67000E-02    3  -301.90787
    0.73000E-02    3  -301.20982
    0.79000E-02    3  -300.53575
    0.85000E-02    3  -299.88519
    0.91000E-02    3  -299.25742
    0.97000E-02    3  -298.65142
    0.10300E-01    3  -298.06655
    0.10900E-01    3  -297.50187
    0.11500E-01    3  -296.95657
    0.12100E-01    3  -296.42990
    0.12700E-01    3  -295.92082
    0.13300E-01    3  -295.42817
    0.13900E-01    3  -294.95082
    0.14500E-01    3  -294.48761
    0.15100E-01    3  -294.03761
    0.15700E-01    3  -293.59992
    0.16300E-01    3  -293.17378
    0.16900E-01    3  -292.75836
    0.17500E-01    3  -292.35353
    0.18100E-01    3  -291.95861
    0.18700E-01    3  -291.57290
    0.19300E-01    3  -291.19623
    0.20200E-01    3  -289.80992
    0.25000E-01    3  -286.70213
    0.31000E-01    3  -284.10841
    0.37000E-01    3  -281.84834
    0.43000E-01    3  -279.82972
    0.49000E-01    3  -277.99766
    0.55000E-01    3  -276.31717
    0.61000E-01    3  -274.76268
    0.67000E-01    3  -273.31560
    0.73000E-01    3  -271.96120
    0.79000E-01    3  -270.68630
    0.85000E-01    3  -269.48288
    0.91000E-01    3  -268.34263
    0.97000E-01    3  -267.25926
    0.10300        3  -266.22676
    0.10900        3  -265.24123
    0.11500        3  -264.29848
    0.12100        3  -263.39477
    0.12700        3  -262.52843
    0.13300        3  -261.69777
    0.13900        3  -260.89794
    0.14500        3  -260.12870
    0.15100        3  -259.38783
    0.15700        3  -258.67197
    0.16300        3  -257.98043
    0.16900        3  -257.31214
    0.17500        3  -256.66597
    0.18100        3  -256.03980
    0.18700        3  -255.43326
    0.19300        3  -254.84494
    0.19900        3  -254.27536
    0.20500        3  -253.72292
    0.21100        3  -253.18672
    0.21700        3  -252.66679
    0.29500        3  -242.72137
    0.44500        3  -236.68514
    0.59500        3  -232.32262
    0.74500        3  -228.80367
    0.89500        3  -225.76569
     1.0450        3  -223.03565
     1.1950        3  -220.52559
     1.3450        3  -218.19087
     1.4950        3  -215.99748
     1.6450        3  -213.91689
     1.7950        3  -211.92960
     1.9450        3  -210.02123
     2.0950        3  -208.18200
     2.2450        3  -206.39694
     2.3950        3  -204.66105
     2.5450        3  -202.96811
     2.6950        3  -201.30952
     2.8450        3  -199.68453
     2.9950        3  -198.08155
     3.1450        3  -196.50814
     3.2950        3  -194.95036
     3.4450        3  -193.41533
     3.5950        3  -191.89454
     3.7450        3  -190.38741
     3.8950        3  -188.89408
     4.0450        3  -187.42398
     4.1950        3  -185.96954
     4.3450        3  -184.53659
     4.4950        3  -183.14064
     4.6450        3  -181.77800
     4.7950        3  -180.46137
     4.9450        3  -179.18302
     5.0950        3  -177.94129
     5.2450        3  -176.74703
     5.3950        3  -175.59070
     5.5450        3  -174.46614
     5.6950        3  -173.38235
     5.8450        3  -172.33702
     5.9950        3  -171.33218
     6.1450        3  -170.36159
     6.2950        3  -169.43907
     6.4450        3  -168.56375
     6.5950        3  -167.74434
     6.7450        3  -166.98187
     6.8950        3  -166.26993
     7.0450        3  -165.61705
     7.1950        3  -165.03654
     7.3450        3  -164.50896
     7.4950        3  -164.01985
     7.6450        3  -163.57822
     7.7950        3  -163.17411
     7.9450        3  -162.79884
     8.0950        3  -162.45717
     8.2450        3  -162.13721
     8.3950        3  -161.83818
     8.5450        3  -161.55313
     8.6950        3  -161.28316
     8.8450        3  -161.02396
     8.9950        3  -160.77490
     9.1450        3  -160.53527
     9.2950        3  -160.29902
     9.4450        3  -160.07123
     9.5950        3  -159.84927
     9.7450        3  -159.63225
     9.8950        3  -159.42050
     10.045        3  -159.21139
     10.195        3  -159.00726
     10.345        3  -158.80520
     10.495        3  -158.60627
     10.645        3  -158.40878
     10.795        3  -158.21571
     10.945        3  -158.02807
     11.095        3  -157.84139
     11.245        3  -157.65715
     11.395        3  -157.47689
     11.545        3  -157.29634
     11.695        3  -157.11933
     11.845        3  -156.94284
     11.995        3  -156.76995
     12.145        3  -156.59955
     12.295        3  -156.43336
     12.445        3  -156.26486
     12.595        3  -156.09993
     12.745        3  -155.93739
     12.895        3  -155.77639
     13.045        3  -155.61527
     13.195        3  -155.45922
     13.345        3  -155.30255
     13.495        3  -155.14895
     13.645        3  -154.99615
     13.795        3  -154.84537
     13.945        3  -154.69579
     14.095        3  -154.54768
     14.245        3  -154.40213
     14.395        3  -154.25656
     14.545        3  -154.11255
     14.695        3  -153.96960
     14.845        3  -153.83037
     14.995        3  -153.69038
     15.145        3  -153.55218
     15.295        3  -153.41572
     15.445        3  -153.28018
     15.595        3  -153.14660
     15.745        3  -153.01433
     15.895        3  -152.88288
     16.045        3  -152.75378
     16.195        3  -152.62396
     16.345        3  -152.49630
     16.495        3  -152.37027
     16.645        3  -152.24454
     16.795        3  -152.11994
     16.945        3  -151.99719
     17.095        3  -151.87488
     17.245        3  -151.75295
     17.395        3  -151.63265
     17.545        3  -151.51314
     17.695        3  -151.39583
     17.845        3  -151.27887
     17.995        3  -151.16294
     18.145        3  -151.04714
     18.295        3  -150.93234
     18.445        3  -150.81856
     18.595        3  -150.70671
     18.745        3  -150.59437
     18.895        3  -150.48302
     19.045        3  -150.37297
     19.195        3  -150.26272
     19.345        3  -150.15380
     19.495        3  -150.04647
     19.645        3  -149.94016
     19.795        3  -149.83374
     19.945        3  -149.72766
     20.095        3  -149.62359
     21.836        3  -146.44171
     30.068        3  -141.70709
     42.097        3  -136.96798
     58.937        3  -132.24387
     82.515        3  -127.54485
     115.53        3  -122.87566
     161.74        3  -118.24510
     226.45        3  -113.67071
     317.04        3  -109.15817
     443.87        3  -104.70747
     621.44        3  -100.30223
     870.05        3   -95.94573
     1218.1        3   -91.67931
     1705.4        3   -87.52315
     2387.7        3   -83.47939
     3342.9        3   -79.54320
     4680.2        3   -75.71461
     6552.5        3   -71.98792
     9173.8        3   -68.35132
     12844.        3   -64.81298
     17982.        3   -61.39312
     25176.        3   -58.08626
     35247.        3   -54.89927
     49348.        3   -51.83535
     69090.        3   -48.90021
     96729.        3   -46.10019
    0.13543E+06    3   -43.43012
    0.18960E+06    3   -40.88274
    0.26545E+06    3   -38.45743
    0.37165E+06    3   -36.14860
    0.52033E+06    3   -33.94909
    0.72849E+06    3   -31.85797
    0.10199E+07    3   -29.86985
    0.14279E+07    3   -27.97690
    0.19992E+07    3   -26.17817
    0.27990E+07    3   -24.46649
    0.39187E+07    3   -22.83861
    0.54864E+07    3   -21.29249
    0.76812E+07    3   -19.82219
    0.10754E+08    3   -18.42403
    0.15056E+08    3   -17.09634
    0.21080E+08    3   -15.83529
    0.29513E+08    3   -14.63792
    0.41319E+08    3   -13.50838
    0.57849E+08    3   -12.45425
    0.80991E+08    3   -11.47707
    0.11339E+09    3   -10.57243
    0.15875E+09    3    -9.72907
    0.22226E+09    3    -8.94093
    0.31118E+09    3    -8.20647
    0.43567E+09    3    -7.51791
    0.60996E+09    3    -6.88786
    0.85398E+09    3    -6.31760
    0.11956E+10    3    -5.79540
    0.16739E+10    3    -5.31768
    0.23436E+10    3    -4.87907
    0.32811E+10    3    -4.47643
    0.45937E+10    3    -4.10513
    0.64315E+10    3    -3.76341
    0.90044E+10    3    -3.44974
    0.12607E+11    3    -3.16256
    0.17650E+11    3    -2.89804
    0.24711E+11    3    -2.65431
    0.34596E+11    3    -2.43035
    0.48437E+11    3    -2.22446
    0.67814E+11    3    -2.03560
    0.10000E+12    3     0.12250
