    -29.945        1     0.00000
    -29.795        1     0.00000
    -29.645        1     0.00000
    -29.495        1     0.00000
    -29.345        1     0.00000
    -29.195        1     0.00000
    -29.045        1     0.00000
    -28.895        1     0.00000
    -28.745        1     0.00000
    -28.595        1     0.00000
    -28.445        1     0.00000
    -28.295        1     0.00000
    -28.145        1     0.00000
    -27.995        1     0.00000
    -27.845        1     0.00000
    -27.695        1     0.00000
    -27.545        1     0.00000
    -27.395        1     0.00000
    -27.245        1     0.00000
    -27.095        1     0.00000
    -26.945        1     0.00000
    -26.795        1     0.00000
    -26.645        1     0.00000
    -26.495        1     0.00000
    -26.345        1     0.00000
    -26.195        1     0.00000
    -26.045        1     0.00000
    -25.895        1     0.00000
    -25.745        1     0.00000
    -25.595        1     0.00000
    -25.445        1     0.00000
    -25.295        1     0.00000
    -25.145        1     0.00000
    -24.995        1     0.00000
    -24.845        1     0.00000
    -24.695        1     0.00000
    -24.545        1     0.00000
    -24.395        1     0.00000
    -24.245        1     0.00000
    -24.095        1     0.00000
    -23.945        1     0.00000
    -23.795        1     0.00000
    -23.645        1     0.00000
    -23.495        1     0.00000
    -23.345        1     0.00000
    -23.195        1     0.00000
    -23.045        1     0.00000
    -22.895        1     0.00000
    -22.745        1     0.00000
    -22.595        1     0.00000
    -22.445        1     0.00000
    -22.295        1     0.00000
    -22.145        1     0.00000
    -21.995        1     0.00000
    -21.845        1     0.00000
    -21.695        1     0.00000
    -21.545        1     0.00000
    -21.395        1     0.00000
    -21.245        1     0.00000
    -21.095        1     0.00000
    -20.945        1     0.00000
    -20.795        1     0.00000
    -20.645        1     0.00000
    -20.495        1     0.00000
    -20.345        1     0.00000
    -20.195        1     0.00000
    -20.045        1     0.00000
    -19.895        1     0.00000
    -19.745        1     0.00000
    -19.595        1     0.00000
    -19.445        1     0.00000
    -19.295        1     0.00000
    -19.145        1     0.00000
    -18.995        1     0.00000
    -18.845        1     0.00000
    -18.695        1     0.00000
    -18.545        1     0.00000
    -18.395        1     0.00000
    -18.245        1     0.00000
    -18.095        1     0.00000
    -17.945        1     0.00000
    -17.795        1     0.00000
    -17.645        1     0.00000
    -17.495        1     0.00000
    -17.345        1     0.00000
    -17.195        1     0.00000
    -17.045        1     0.00000
    -16.895        1     0.00000
    -16.745        1     0.00000
    -16.595        1     0.00000
    -16.445        1     0.00000
    -16.295        1     0.00000
    -16.145        1     0.00000
    -15.995        1     0.00000
    -15.845        1     0.00000
    -15.695        1     0.00000
    -15.545        1     0.00000
    -15.395        1     0.00000
    -15.245        1     0.00000
    -15.095        1     0.00000
    -14.945        1     0.00000
    -14.795        1     0.00000
    -14.645        1     0.00000
    -14.495        1     0.00000
    -14.345        1     0.00000
    -14.195        1     0.00000
    -14.045        1     0.00000
    -13.895        1     0.00000
    -13.745        1     0.00000
    -13.595        1     0.00000
    -13.445        1     0.00000
    -13.295        1     0.00000
    -13.145        1     0.00000
    -12.995        1     0.00000
    -12.845        1     0.00000
    -12.695        1     0.00000
    -12.545        1     0.00000
    -12.395        1     0.00000
    -12.245        1     0.00000
    -12.095        1     0.00000
    -11.945        1     0.00000
    -11.795        1     0.00000
    -11.645        1     0.00000
    -11.495        1     0.00000
    -11.345        1     0.00000
    -11.195        1     0.00000
    -11.045        1     0.00000
    -10.895        1     0.00000
    -10.745        1     0.00000
    -10.595        1     0.00000
    -10.445        1     0.00000
    -10.295        1     0.00000
    -10.145        1     0.00000
    -9.9950        1     0.00000
    -9.8450        1     0.00000
    -9.6950        1     0.00000
    -9.5450        1     0.00000
    -9.3950        1     0.00000
    -9.2450        1     0.00000
    -9.0950        1    -0.00135
    -8.9450        1    -0.01246
    -8.7950        1    -0.03364
    -8.6450        1    -0.06654
    -8.4950        1    -0.10423
    -8.3450        1    -0.14589
    -8.1950        1    -0.19315
    -8.0450        1    -0.26102
    -7.8950        1    -0.35462
    -7.7450        1    -0.47372
    -7.5950        1    -0.60443
    -7.4450        1    -0.74512
    -7.2950        1    -0.89585
    -7.1450        1    -1.06414
    -6.9950        1    -1.25108
    -6.8450        1    -1.48672
    -6.6950        1    -1.80872
    -6.5450        1    -2.20530
    -6.3950        1    -2.64164
    -6.2450        1    -3.10432
    -6.0950        1    -3.59735
    -5.9450        1    -4.12506
    -5.7950        1    -4.68863
    -5.6450        1    -5.27875
    -5.4950        1    -5.88396
    -5.3450        1    -6.50331
    -5.1950        1    -7.14310
    -5.0450        1    -7.82694
    -4.8950        1    -8.55981
    -4.7450        1    -9.34847
    -4.5950        1   -10.19461
    -4.4450        1   -11.08230
    -4.2950        1   -11.99802
    -4.1450        1   -12.95442
    -3.9950        1   -13.95697
    -3.8450        1   -15.01497
    -3.6950        1   -16.14087
    -3.5450        1   -17.34262
    -3.3950        1   -18.61474
    -3.2450        1   -19.95552
    -3.0950        1   -21.37067
    -2.9450        1   -22.87392
    -2.7950        1   -24.47807
    -2.6450        1   -26.18144
    -2.4950        1   -28.01120
    -2.3450        1   -29.97671
    -2.1950        1   -32.10163
    -2.0450        1   -34.42425
    -1.8950        1   -36.99297
    -1.7450        1   -39.87308
    -1.5950        1   -43.15647
    -1.4450        1   -46.98304
    -1.2950        1   -51.55588
    -1.1450        1   -57.24381
   -0.99500        1   -64.46800
   -0.84500        1   -74.21957
   -0.69500        1   -88.89760
   -0.54500        1  -114.09157
   -0.39500        1  -173.57813
   -0.25300        1  -233.63852
   -0.21500        1  -236.10114
   -0.20900        1  -238.31842
   -0.20300        1  -240.30672
   -0.19700        1  -242.11810
   -0.19100        1  -243.77560
   -0.18500        1  -245.29528
   -0.17900        1  -246.69157
   -0.17300        1  -247.97516
   -0.16700        1  -249.15793
   -0.16100        1  -250.24608
   -0.15500        1  -251.24652
   -0.14900        1  -252.16503
   -0.14300        1  -253.00849
   -0.13700        1  -253.78183
   -0.13100        1  -254.49056
   -0.12500        1  -255.13987
   -0.11900        1  -255.73192
   -0.11300        1  -256.27137
   -0.10700        1  -256.76161
   -0.10100        1  -257.20547
   -0.95000E-01    1  -257.60606
   -0.89000E-01    1  -257.96057
   -0.83000E-01    1  -258.26915
   -0.77000E-01    1  -258.53970
   -0.71000E-01    1  -258.77622
   -0.65000E-01    1  -258.98190
   -0.59000E-01    1  -259.15955
   -0.53000E-01    1  -259.31184
   -0.47000E-01    1  -259.44061
   -0.41000E-01    1  -259.54803
   -0.35000E-01    1  -259.63582
   -0.29000E-01    1  -259.70559
   -0.23000E-01    1  -259.75869
   -0.19700E-01    1  -259.76314
   -0.19100E-01    1  -259.76744
   -0.18500E-01    1  -259.77156
   -0.17900E-01    1  -259.77555
   -0.17300E-01    1  -259.77940
   -0.16700E-01    1  -259.78310
   -0.16100E-01    1  -259.78666
   -0.15500E-01    1  -259.79006
   -0.14900E-01    1  -259.79332
   -0.14300E-01    1  -259.79644
   -0.13700E-01    1  -259.79942
   -0.13100E-01    1  -259.80227
   -0.12500E-01    1  -259.80497
   -0.11900E-01    1  -259.80752
   -0.11300E-01    1  -259.80993
   -0.10700E-01    1  -259.81222
   -0.10100E-01    1  -259.81437
   -0.95000E-02    1  -259.81638
   -0.89000E-02    1  -259.81826
   -0.83000E-02    1  -259.82001
   -0.77000E-02    1  -259.82163
   -0.71000E-02    1  -259.82311
   -0.65000E-02    1  -259.82446
   -0.59000E-02    1  -259.82569
   -0.53000E-02    1  -259.82679
   -0.47000E-02    1  -259.82777
   -0.41000E-02    1  -259.82861
   -0.35000E-02    1  -259.82934
   -0.29000E-02    1  -259.82994
   -0.23000E-02    1  -259.83041
   -0.17000E-02    1  -259.83077
   -0.11000E-02    1  -259.83100
   -0.50000E-03    1  -259.83111
    0.10000E-03    1  -259.83110
    0.70000E-03    1  -259.83097
    0.13000E-02    1  -259.83073
    0.19000E-02    1  -259.83037
    0.25000E-02    1  -259.82990
    0.31000E-02    1  -259.82930
    0.37000E-02    1  -259.82860
    0.43000E-02    1  -259.82777
    0.49000E-02    1  -259.82684
    0.55000E-02    1  -259.82581
    0.61000E-02    1  -259.82465
    0.67000E-02    1  -259.82338
    0.73000E-02    1  -259.82201
    0.79000E-02    1  -259.82052
    0.85000E-02    1  -259.81893
    0.91000E-02    1  -259.81725
    0.97000E-02    1  -259.81545
    0.10300E-01    1  -259.81355
    0.10900E-01    1  -259.81153
    0.11500E-01    1  -259.80942
    0.12100E-01    1  -259.80720
    0.12700E-01    1  -259.80488
    0.13300E-01    1  -259.80246
    0.13900E-01    1  -259.79994
    0.14500E-01    1  -259.79732
    0.15100E-01    1  -259.79460
    0.15700E-01    1  -259.79178
    0.16300E-01    1  -259.78887
    0.16900E-01    1  -259.78588
    0.17500E-01    1  -259.78275
    0.18100E-01    1  -259.77955
    0.18700E-01    1  -259.77624
    0.19300E-01    1  -259.77283
    0.20200E-01    1  -259.75874
    0.25000E-01    1  -259.71617
    0.31000E-01    1  -259.66511
    0.37000E-01    1  -259.60626
    0.43000E-01    1  -259.54009
    0.49000E-01    1  -259.46712
    0.55000E-01    1  -259.38783
    0.61000E-01    1  -259.30254
    0.67000E-01    1  -259.21177
    0.73000E-01    1  -259.11610
    0.79000E-01    1  -259.01571
    0.85000E-01    1  -258.91070
    0.91000E-01    1  -258.80189
    0.97000E-01    1  -258.68911
    0.10300        1  -258.57282
    0.10900        1  -258.45320
    0.11500        1  -258.33047
    0.12100        1  -258.20503
    0.12700        1  -258.07699
    0.13300        1  -257.94632
    0.13900        1  -257.81331
    0.14500        1  -257.67836
    0.15100        1  -257.54112
    0.15700        1  -257.40210
    0.16300        1  -257.26134
    0.16900        1  -257.11908
    0.17500        1  -256.97526
    0.18100        1  -256.83031
    0.18700        1  -256.68433
    0.19300        1  -256.53693
    0.19900        1  -256.38824
    0.20500        1  -256.23883
    0.21100        1  -256.08863
    0.21700        1  -255.93769
    0.29500        1  -251.98785
    0.44500        1  -248.22589
    0.59500        1  -244.79221
    0.74500        1  -241.69050
    0.89500        1  -238.89130
     1.0450        1  -236.35324
     1.1950        1  -234.03510
     1.3450        1  -231.90254
     1.4950        1  -229.93918
     1.6450        1  -228.11723
     1.7950        1  -226.41808
     1.9450        1  -224.82241
     2.0950        1  -223.31774
     2.2450        1  -221.89853
     2.3950        1  -220.55245
     2.5450        1  -219.27075
     2.6950        1  -218.04790
     2.8450        1  -216.87942
     2.9950        1  -215.76496
     3.1450        1  -214.69737
     3.2950        1  -213.67200
     3.4450        1  -212.68411
     3.5950        1  -211.73016
     3.7450        1  -210.80843
     3.8950        1  -209.91456
     4.0450        1  -209.04749
     4.1950        1  -208.20439
     4.3450        1  -207.38340
     4.4950        1  -206.58173
     4.6450        1  -205.79910
     4.7950        1  -205.03252
     4.9450        1  -204.28216
     5.0950        1  -203.54033
     5.2450        1  -202.83725
     5.3950        1  -202.16547
     5.5450        1  -201.51873
     5.6950        1  -200.89336
     5.8450        1  -200.28550
     5.9950        1  -199.69467
     6.1450        1  -199.11879
     6.2950        1  -198.55558
     6.4450        1  -198.00730
     6.5950        1  -197.47049
     6.7450        1  -196.94527
     6.8950        1  -196.42805
     7.0450        1  -195.92301
     7.1950        1  -195.42818
     7.3450        1  -194.94208
     7.4950        1  -194.46639
     7.6450        1  -193.99894
     7.7950        1  -193.53690
     7.9450        1  -193.08485
     8.0950        1  -192.63948
     8.2450        1  -192.20021
     8.3950        1  -191.76914
     8.5450        1  -191.34348
     8.6950        1  -190.92645
     8.8450        1  -190.51238
     8.9950        1  -190.10493
     9.1450        1  -189.70282
     9.2950        1  -189.30744
     9.4450        1  -188.91828
     9.5950        1  -188.53042
     9.7450        1  -188.14852
     9.8950        1  -187.77333
     10.045        1  -187.40289
     10.195        1  -187.03695
     10.345        1  -186.67380
     10.495        1  -186.31614
     10.645        1  -185.96325
     10.795        1  -185.61555
     10.945        1  -185.27184
     11.095        1  -184.93042
     11.245        1  -184.59053
     11.395        1  -184.25428
     11.545        1  -183.92947
     11.695        1  -183.60414
     11.845        1  -183.28218
     11.995        1  -182.96499
     12.145        1  -182.65194
     12.295        1  -182.34115
     12.445        1  -182.03564
     12.595        1  -181.72488
     12.745        1  -181.42385
     12.895        1  -181.12369
     13.045        1  -180.82511
     13.195        1  -180.52872
     13.345        1  -180.23623
     13.495        1  -179.95033
     13.645        1  -179.66501
     13.795        1  -179.38747
     13.945        1  -179.10838
     14.095        1  -178.83160
     14.245        1  -178.56156
     14.395        1  -178.29447
     14.545        1  -178.02735
     14.695        1  -177.76159
     14.845        1  -177.49775
     14.995        1  -177.23845
     15.145        1  -176.98160
     15.295        1  -176.72881
     15.445        1  -176.47894
     15.595        1  -176.23260
     15.745        1  -175.98526
     15.895        1  -175.73651
     16.045        1  -175.50406
     16.195        1  -175.26790
     16.345        1  -175.02922
     16.495        1  -174.79639
     16.645        1  -174.57571
     16.795        1  -174.35710
     16.945        1  -174.13474
     17.095        1  -173.92197
     17.245        1  -173.70569
     17.395        1  -173.49019
     17.545        1  -173.28190
     17.695        1  -173.08105
     17.845        1  -172.89005
     17.995        1  -172.69509
     18.145        1  -172.50071
     18.295        1  -172.31244
     18.445        1  -172.12979
     18.595        1  -171.94906
     18.745        1  -171.77671
     18.895        1  -171.60414
     19.045        1  -171.43832
     19.195        1  -171.27849
     19.345        1  -171.11980
     19.495        1  -170.96629
     19.645        1  -170.81557
     19.795        1  -170.67060
     19.945        1  -170.52561
     20.095        1  -170.38999
     20.245        1  -170.25545
     20.395        1  -170.12506
     20.545        1  -169.99624
     20.695        1  -169.87224
     20.845        1  -169.74990
     20.995        1  -169.63227
     21.145        1  -169.51449
     21.295        1  -169.40411
     21.445        1  -169.29461
     21.595        1  -169.18957
     21.745        1  -169.08730
     21.895        1  -168.98277
     22.045        1  -168.88700
     22.195        1  -168.78475
     22.345        1  -168.68707
     22.495        1  -168.58881
     22.645        1  -168.49577
     22.795        1  -168.40465
     22.945        1  -168.31317
     23.095        1  -168.22357
     23.245        1  -168.12884
     23.395        1  -168.04324
     23.545        1  -167.95404
     23.695        1  -167.86938
     23.845        1  -167.78372
     23.995        1  -167.69929
     24.145        1  -167.61585
     24.295        1  -167.52941
     24.445        1  -167.44718
     24.595        1  -167.36467
     24.745        1  -167.28376
     24.895        1  -167.20108
     25.045        1  -167.12256
     25.195        1  -167.03993
     25.345        1  -166.95695
     25.495        1  -166.87576
     25.645        1  -166.79330
     25.795        1  -166.71146
     25.945        1  -166.63415
     26.095        1  -166.55726
     26.245        1  -166.48084
     26.395        1  -166.40975
     26.545        1  -166.33430
     26.695        1  -166.25914
     26.845        1  -166.18469
     26.995        1  -166.11274
     27.145        1  -166.03939
     27.295        1  -165.96607
     27.445        1  -165.89373
     27.595        1  -165.82106
     27.745        1  -165.74628
     27.895        1  -165.67826
     28.045        1  -165.60302
     28.195        1  -165.52854
     28.345        1  -165.45623
     28.495        1  -165.38409
     28.645        1  -165.31615
     28.795        1  -165.24852
     28.945        1  -165.18465
     29.095        1  -165.11733
     29.245        1  -165.05251
     29.395        1  -164.98835
     29.545        1  -164.92124
     29.695        1  -164.86360
     29.845        1  -164.80817
     29.995        1  -164.75162
     30.145        1  -164.69951
     30.295        1  -164.64354
     30.445        1  -164.59178
     30.595        1  -164.54159
     30.745        1  -164.49158
     30.895        1  -164.44061
     31.045        1  -164.38955
     31.195        1  -164.34589
     31.345        1  -164.29531
     31.495        1  -164.25122
     31.645        1  -164.20633
     31.795        1  -164.16504
     31.945        1  -164.12473
     32.095        1  -164.08225
     32.245        1  -164.04194
     32.395        1  -164.00547
     32.545        1  -163.96946
     32.695        1  -163.93421
     32.845        1  -163.89999
     32.995        1  -163.87182
     33.145        1  -163.84223
     33.295        1  -163.81350
     33.445        1  -163.78330
     33.595        1  -163.75402
     33.745        1  -163.72812
     33.895        1  -163.70270
     34.045        1  -163.67727
     34.195        1  -163.65216
     34.345        1  -163.63117
     34.495        1  -163.60864
     34.645        1  -163.59086
     34.795        1  -163.57108
     34.945        1  -163.55161
     35.095        1  -163.53437
     35.245        1  -163.51834
     35.395        1  -163.50289
     35.545        1  -163.48532
     35.695        1  -163.47061
     35.845        1  -163.45472
     35.995        1  -163.43959
     36.145        1  -163.42289
     36.295        1  -163.40942
     36.445        1  -163.39886
     36.595        1  -163.38734
     36.745        1  -163.37518
     36.895        1  -163.36367
     37.045        1  -163.35188
     37.195        1  -163.34091
     37.345        1  -163.33055
     37.495        1  -163.32148
     37.645        1  -163.31300
     37.795        1  -163.30266
     37.945        1  -163.29359
     38.095        1  -163.28447
     38.245        1  -163.27484
     38.395        1  -163.26508
     38.545        1  -163.25624
     38.695        1  -163.24661
     38.845        1  -163.23851
     38.995        1  -163.23026
     39.145        1  -163.22162
     39.295        1  -163.21301
     39.445        1  -163.20497
     39.595        1  -163.19639
     39.745        1  -163.18852
     39.895        1  -163.17973
     40.045        1  -163.17179
     40.195        1  -163.16379
     40.345        1  -163.15589
     40.495        1  -163.14829
     40.645        1  -163.14057
     40.795        1  -163.13285
     40.945        1  -163.12501
     41.095        1  -163.11740
     41.245        1  -163.10977
     41.395        1  -163.10208
     41.545        1  -163.09436
     41.695        1  -163.08669
     41.845        1  -163.07898
     41.995        1  -163.07148
     42.145        1  -163.06402
     42.295        1  -163.05668
     42.445        1  -163.04929
     42.595        1  -163.04186
     42.745        1  -163.03448
     42.895        1  -163.02710
     43.045        1  -163.01967
     43.195        1  -163.01242
     43.345        1  -163.00528
     43.495        1  -162.99807
     43.645        1  -162.99093
     43.795        1  -162.98384
     43.945        1  -162.97673
     44.095        1  -162.96963
     44.245        1  -162.96257
     44.395        1  -162.95539
     44.545        1  -162.94827
     44.695        1  -162.94129
     44.845        1  -162.93419
     44.995        1  -162.92722
     45.145        1  -162.92030
     45.295        1  -162.91340
     45.445        1  -162.90647
     45.595        1  -162.89938
     45.745        1  -162.89251
     45.895        1  -162.88565
     46.045        1  -162.87877
     46.195        1  -162.87200
     46.345        1  -162.86527
     46.495        1  -162.85847
     46.645        1  -162.85160
     46.795        1  -162.84482
     46.945        1  -162.83808
     47.095        1  -162.83140
     47.245        1  -162.82476
     47.395        1  -162.81816
     47.545        1  -162.81146
     47.695        1  -162.80490
     47.845        1  -162.79847
     47.995        1  -162.79206
     48.145        1  -162.78559
     48.295        1  -162.77914
     48.445        1  -162.77268
     48.595        1  -162.76630
     48.745        1  -162.75985
     48.895        1  -162.75352
     49.045        1  -162.74722
     49.195        1  -162.74106
     49.345        1  -162.73486
     49.495        1  -162.72864
     49.645        1  -162.72228
     49.795        1  -162.71600
     49.945        1  -162.70982
     50.095        1  -162.70372
     50.245        1  -162.69743
     50.395        1  -162.69152
     50.545        1  -162.68542
     50.695        1  -162.67941
     50.845        1  -162.67334
     50.995        1  -162.66730
     51.145        1  -162.66133
     51.295        1  -162.65540
     51.445        1  -162.64943
     51.595        1  -162.64356
     51.745        1  -162.63776
     51.895        1  -162.63181
     52.045        1  -162.62593
     52.195        1  -162.62011
     52.345        1  -162.61431
     52.495        1  -162.60846
     52.645        1  -162.60278
     52.795        1  -162.59703
     52.945        1  -162.59131
     53.095        1  -162.58559
     53.245        1  -162.57980
     53.395        1  -162.57405
     53.545        1  -162.56848
     53.695        1  -162.56284
     53.845        1  -162.55719
     53.995        1  -162.55164
     54.145        1  -162.54596
     54.295        1  -162.54058
     54.445        1  -162.53500
     54.595        1  -162.52949
     54.745        1  -162.52407
     54.895        1  -162.51854
     55.045        1  -162.51309
     55.195        1  -162.50762
     55.345        1  -162.50215
     55.495        1  -162.49658
     55.645        1  -162.49107
     55.795        1  -162.48572
     55.945        1  -162.48036
     56.095        1  -162.47500
     56.245        1  -162.46978
     56.395        1  -162.46459
     56.545        1  -162.45935
     56.695        1  -162.45424
     56.845        1  -162.44892
     56.995        1  -162.44369
     57.145        1  -162.43854
     57.295        1  -162.43336
     57.445        1  -162.42828
     57.595        1  -162.42315
     57.745        1  -162.41804
     57.895        1  -162.41294
     58.045        1  -162.40786
     58.195        1  -162.40280
     58.345        1  -162.39767
     58.495        1  -162.39247
     58.645        1  -162.38743
     58.795        1  -162.38223
     58.945        1  -162.37717
     59.095        1  -162.37223
     59.245        1  -162.36721
     59.395        1  -162.36224
     59.545        1  -162.35741
     59.695        1  -162.35244
     59.845        1  -162.34749
     59.995        1  -162.34254
     60.145        1  -162.33769
     70.939        1  -161.72863
     97.698        1  -161.15350
     134.55        1  -160.60504
     185.30        1  -160.07865
     255.20        1  -159.56870
     351.46        1  -159.07498
     484.04        1  -158.59597
     666.62        1  -158.13030
     918.07        1  -157.67901
     1264.4        1  -157.24002
     1741.3        1  -156.81365
     2398.1        1  -156.39872
     3302.7        1  -155.99379
     4548.5        1  -155.59914
     6264.3        1  -155.21482
     8627.2        1  -154.83905
     11881.        1  -154.47320
     16363.        1  -154.11715
     22535.        1  -153.77089
     31036.        1  -153.43441
     42743.        1  -153.10679
     58866.        1  -152.78809
     81070.        1  -152.47874
    0.11165E+06    1  -152.17839
    0.15377E+06    1  -151.88749
    0.21177E+06    1  -151.60593
    0.29165E+06    1  -151.33427
    0.40166E+06    1  -151.07308
    0.55317E+06    1  -150.82304
    0.76182E+06    1  -150.58413
    0.10492E+07    1  -150.35533
    0.14449E+07    1  -150.13698
    0.19900E+07    1  -149.92882
    0.27406E+07    1  -149.73005
    0.37744E+07    1  -149.54031
    0.51981E+07    1  -149.36018
    0.71589E+07    1  -149.18827
    0.98593E+07    1  -149.02412
    0.13578E+08    1  -148.86756
    0.18700E+08    1  -148.71890
    0.25754E+08    1  -148.57705
    0.35468E+08    1  -148.44185
    0.48847E+08    1  -148.31295
    0.67273E+08    1  -148.18988
    0.92648E+08    1  -148.07283
    0.12760E+09    1  -147.96158
    0.17573E+09    1  -147.85573
    0.24201E+09    1  -147.75547
    0.33330E+09    1  -147.66150
    0.45902E+09    1  -147.57392
    0.63217E+09    1  -147.49240
    0.87062E+09    1  -147.41664
    0.11990E+10    1  -147.34552
    0.16513E+10    1  -147.27912
    0.22742E+10    1  -147.21668
    0.31320E+10    1  -147.15826
    0.43134E+10    1  -147.10434
    0.59405E+10    1  -147.05526
    0.81813E+10    1  -147.01034
    0.11267E+11    1  -146.96892
    0.15517E+11    1  -146.93080
    0.21371E+11    1  -146.89548
    0.29432E+11    1  -146.86293
    0.40534E+11    1  -146.83304
    0.55823E+11    1  -146.80541
    0.10000E+12    1  -146.47223
    -149.95        2     0.00000
    -149.79        2     0.00000
    -149.65        2     0.00000
    -149.49        2     0.00000
    -149.34        2     0.00000
    -149.20        2     0.00000
    -149.04        2     0.00000
    -148.90        2     0.00000
    -148.74        2     0.00000
    -148.59        2     0.00000
    -148.45        2     0.00000
    -148.29        2     0.00000
    -148.15        2     0.00000
    -147.99        2     0.00000
    -147.84        2     0.00000
    -147.70        2     0.00000
    -147.54        2     0.00000
    -147.40        2     0.00000
    -147.24        2     0.00000
    -147.09        2     0.00000
    -146.95        2     0.00000
    -146.79        2     0.00000
    -146.65        2     0.00000
    -146.49        2     0.00000
    -146.34        2     0.00000
    -146.20        2     0.00000
    -146.04        2     0.00000
    -145.90        2     0.00000
    -145.74        2     0.00000
    -145.59        2     0.00000
    -145.45        2     0.00000
    -145.29        2     0.00000
    -145.15        2     0.00000
    -144.99        2     0.00000
    -144.84        2     0.00000
    -144.70        2     0.00000
    -144.54        2     0.00000
    -144.40        2     0.00000
    -144.24        2     0.00000
    -144.09        2     0.00000
    -143.95        2     0.00000
    -143.79        2     0.00000
    -143.65        2     0.00000
    -143.49        2     0.00000
    -143.34        2     0.00000
    -143.20        2     0.00000
    -143.04        2     0.00000
    -142.90        2     0.00000
    -142.74        2     0.00000
    -142.59        2     0.00000
    -142.45        2     0.00000
    -142.29        2     0.00000
    -142.15        2     0.00000
    -141.99        2     0.00000
    -141.84        2     0.00000
    -141.70        2     0.00000
    -141.54        2     0.00000
    -141.40        2     0.00000
    -141.24        2     0.00000
    -141.09        2     0.00000
    -140.95        2     0.00000
    -140.79        2     0.00000
    -140.65        2     0.00000
    -140.49        2     0.00000
    -140.34        2     0.00000
    -140.20        2     0.00000
    -140.04        2     0.00000
    -139.90        2     0.00000
    -139.74        2     0.00000
    -139.59        2     0.00000
    -139.45        2     0.00000
    -139.29        2     0.00000
    -139.15        2     0.00000
    -138.99        2     0.00000
    -138.84        2     0.00000
    -138.70        2     0.00000
    -138.54        2     0.00000
    -138.40        2     0.00000
    -138.24        2     0.00000
    -138.09        2     0.00000
    -137.95        2     0.00000
    -137.79        2     0.00000
    -137.65        2     0.00000
    -137.49        2     0.00000
    -137.34        2     0.00000
    -137.20        2     0.00000
    -137.04        2     0.00000
    -136.90        2     0.00000
    -136.74        2     0.00000
    -136.59        2     0.00000
    -136.45        2     0.00000
    -136.29        2     0.00000
    -136.15        2     0.00000
    -135.99        2     0.00000
    -135.84        2     0.00000
    -135.70        2     0.00000
    -135.54        2     0.00000
    -135.40        2     0.00000
    -135.24        2     0.00000
    -135.09        2     0.00000
    -134.95        2     0.00000
    -134.79        2     0.00000
    -134.65        2     0.00000
    -134.49        2     0.00000
    -134.34        2     0.00000
    -134.20        2     0.00000
    -134.04        2     0.00000
    -133.90        2     0.00000
    -133.74        2     0.00000
    -133.59        2     0.00000
    -133.45        2     0.00000
    -133.29        2     0.00000
    -133.15        2     0.00000
    -132.99        2     0.00000
    -132.84        2     0.00000
    -132.70        2     0.00000
    -132.54        2     0.00000
    -132.40        2     0.00000
    -132.24        2     0.00000
    -132.09        2     0.00000
    -131.95        2     0.00000
    -131.79        2     0.00000
    -131.65        2     0.00000
    -131.49        2     0.00000
    -131.34        2     0.00000
    -131.20        2     0.00000
    -131.04        2     0.00000
    -130.90        2     0.00000
    -130.74        2     0.00000
    -130.59        2     0.00000
    -130.45        2     0.00000
    -130.29        2     0.00000
    -130.15        2     0.00000
    -129.99        2     0.00000
    -129.84        2     0.00000
    -129.70        2     0.00000
    -129.54        2     0.00000
    -129.40        2     0.00000
    -129.24        2     0.00000
    -129.09        2     0.00000
    -128.95        2     0.00000
    -128.79        2     0.00000
    -128.65        2     0.00000
    -128.49        2     0.00000
    -128.34        2     0.00000
    -128.20        2     0.00000
    -128.04        2     0.00000
    -127.89        2     0.00000
    -127.75        2     0.00000
    -127.60        2     0.00000
    -127.44        2     0.00000
    -127.30        2     0.00000
    -127.14        2     0.00000
    -127.00        2     0.00000
    -126.85        2     0.00000
    -126.69        2     0.00000
    -126.55        2     0.00000
    -126.39        2     0.00000
    -126.25        2     0.00000
    -126.10        2     0.00000
    -125.94        2     0.00000
    -125.80        2     0.00000
    -125.64        2     0.00000
    -125.50        2     0.00000
    -125.35        2     0.00000
    -125.19        2     0.00000
    -125.05        2     0.00000
    -124.89        2     0.00000
    -124.75        2     0.00000
    -124.60        2     0.00000
    -124.44        2     0.00000
    -124.30        2     0.00000
    -124.14        2     0.00000
    -124.00        2     0.00000
    -123.85        2     0.00000
    -123.69        2     0.00000
    -123.55        2     0.00000
    -123.39        2     0.00000
    -123.25        2     0.00000
    -123.10        2     0.00000
    -122.94        2     0.00000
    -122.80        2     0.00000
    -122.64        2     0.00000
    -122.50        2     0.00000
    -122.35        2     0.00000
    -122.19        2     0.00000
    -122.05        2     0.00000
    -121.89        2     0.00000
    -121.75        2     0.00000
    -121.60        2     0.00000
    -121.44        2     0.00000
    -121.30        2     0.00000
    -121.14        2     0.00000
    -121.00        2     0.00000
    -120.85        2     0.00000
    -120.69        2     0.00000
    -120.55        2     0.00000
    -120.39        2     0.00000
    -120.25        2     0.00000
    -120.10        2     0.00000
    -119.94        2     0.00000
    -119.80        2     0.00000
    -119.64        2     0.00000
    -119.50        2     0.00000
    -119.35        2     0.00000
    -119.19        2     0.00000
    -119.05        2     0.00000
    -118.89        2     0.00000
    -118.75        2     0.00000
    -118.60        2     0.00000
    -118.44        2     0.00000
    -118.30        2     0.00000
    -118.14        2     0.00000
    -118.00        2     0.00000
    -117.85        2     0.00000
    -117.69        2     0.00000
    -117.55        2     0.00000
    -117.39        2     0.00000
    -117.25        2     0.00000
    -117.10        2     0.00000
    -116.94        2     0.00000
    -116.80        2     0.00000
    -116.64        2     0.00000
    -116.50        2     0.00000
    -116.35        2     0.00000
    -116.19        2     0.00000
    -116.05        2     0.00000
    -115.89        2     0.00000
    -115.75        2     0.00000
    -115.60        2     0.00000
    -115.44        2     0.00000
    -115.30        2     0.00000
    -115.14        2     0.00000
    -115.00        2     0.00000
    -114.85        2     0.00000
    -114.69        2     0.00000
    -114.55        2     0.00000
    -114.39        2     0.00000
    -114.25        2     0.00000
    -114.10        2     0.00000
    -113.94        2     0.00000
    -113.80        2     0.00000
    -113.64        2     0.00000
    -113.50        2     0.00000
    -113.35        2     0.00000
    -113.19        2     0.00000
    -113.05        2     0.00000
    -112.89        2     0.00000
    -112.75        2     0.00000
    -112.60        2     0.00000
    -112.44        2     0.00000
    -112.30        2     0.00000
    -112.14        2     0.00000
    -112.00        2     0.00000
    -111.85        2     0.00000
    -111.69        2     0.00000
    -111.55        2     0.00000
    -111.39        2     0.00000
    -111.25        2     0.00000
    -111.10        2     0.00000
    -110.94        2     0.00000
    -110.80        2     0.00000
    -110.64        2     0.00000
    -110.50        2     0.00000
    -110.35        2     0.00000
    -110.19        2     0.00000
    -110.05        2     0.00000
    -109.89        2     0.00000
    -109.75        2     0.00000
    -109.60        2     0.00000
    -109.44        2     0.00000
    -109.30        2     0.00000
    -109.14        2     0.00000
    -109.00        2     0.00000
    -108.85        2     0.00000
    -108.69        2     0.00000
    -108.55        2     0.00000
    -108.39        2     0.00000
    -108.25        2     0.00000
    -108.10        2     0.00000
    -107.94        2     0.00000
    -107.80        2     0.00000
    -107.64        2     0.00000
    -107.50        2     0.00000
    -107.35        2     0.00000
    -107.19        2     0.00000
    -107.05        2     0.00000
    -106.89        2     0.00000
    -106.75        2     0.00000
    -106.60        2     0.00000
    -106.44        2     0.00000
    -106.30        2     0.00000
    -106.14        2     0.00000
    -106.00        2     0.00000
    -105.85        2     0.00000
    -105.69        2     0.00000
    -105.55        2     0.00000
    -105.39        2     0.00000
    -105.25        2     0.00000
    -105.10        2     0.00000
    -104.94        2     0.00000
    -104.80        2     0.00000
    -104.64        2     0.00000
    -104.50        2     0.00000
    -104.35        2     0.00000
    -104.19        2     0.00000
    -104.05        2     0.00000
    -103.89        2     0.00000
    -103.75        2     0.00000
    -103.60        2     0.00000
    -103.44        2     0.00000
    -103.30        2     0.00000
    -103.14        2     0.00000
    -103.00        2     0.00000
    -102.85        2     0.00000
    -102.69        2     0.00000
    -102.55        2     0.00000
    -102.39        2     0.00000
    -102.25        2     0.00000
    -102.10        2     0.00000
    -101.94        2     0.00000
    -101.80        2     0.00000
    -101.64        2     0.00000
    -101.50        2     0.00000
    -101.35        2     0.00000
    -101.19        2     0.00000
    -101.05        2     0.00000
    -100.89        2     0.00000
    -100.75        2     0.00000
    -100.60        2     0.00000
    -100.44        2     0.00000
    -100.30        2     0.00000
    -100.14        2     0.00000
    -99.995        2     0.00000
    -99.845        2     0.00000
    -99.695        2     0.00000
    -99.545        2     0.00000
    -99.395        2     0.00000
    -99.245        2     0.00000
    -99.095        2     0.00000
    -98.945        2     0.00000
    -98.795        2     0.00000
    -98.645        2     0.00000
    -98.495        2     0.00000
    -98.345        2     0.00000
    -98.195        2     0.00000
    -98.045        2     0.00000
    -97.895        2     0.00000
    -97.745        2     0.00000
    -97.595        2     0.00000
    -97.445        2     0.00000
    -97.295        2     0.00000
    -97.145        2     0.00000
    -96.995        2     0.00000
    -96.845        2     0.00000
    -96.695        2     0.00000
    -96.545        2     0.00000
    -96.395        2     0.00000
    -96.245        2     0.00000
    -96.095        2     0.00000
    -95.945        2     0.00000
    -95.795        2     0.00000
    -95.645        2     0.00000
    -95.495        2     0.00000
    -95.345        2     0.00000
    -95.195        2     0.00000
    -95.045        2     0.00000
    -94.895        2     0.00000
    -94.745        2     0.00000
    -94.595        2     0.00000
    -94.445        2     0.00000
    -94.295        2     0.00000
    -94.145        2     0.00000
    -93.995        2     0.00000
    -93.845        2     0.00000
    -93.695        2     0.00000
    -93.545        2     0.00000
    -93.395        2     0.00000
    -93.245        2     0.00000
    -93.095        2     0.00000
    -92.945        2     0.00000
    -92.795        2     0.00000
    -92.645        2     0.00000
    -92.495        2     0.00000
    -92.345        2     0.00000
    -92.195        2     0.00000
    -92.045        2     0.00000
    -91.895        2     0.00000
    -91.745        2     0.00000
    -91.595        2     0.00000
    -91.445        2     0.00000
    -91.295        2     0.00000
    -91.145        2     0.00000
    -90.995        2     0.00000
    -90.845        2     0.00000
    -90.695        2     0.00000
    -90.545        2     0.00000
    -90.395        2     0.00000
    -90.245        2     0.00000
    -90.095        2     0.00000
    -89.945        2     0.00000
    -89.795        2     0.00000
    -89.645        2     0.00000
    -89.495        2     0.00000
    -89.345        2     0.00000
    -89.195        2     0.00000
    -89.045        2     0.00000
    -88.895        2     0.00000
    -88.745        2     0.00000
    -88.595        2     0.00000
    -88.445        2     0.00000
    -88.295        2     0.00000
    -88.145        2     0.00000
    -87.995        2     0.00000
    -87.845        2     0.00000
    -87.695        2     0.00000
    -87.545        2     0.00000
    -87.395        2     0.00000
    -87.245        2     0.00000
    -87.095        2     0.00000
    -86.945        2     0.00000
    -86.795        2     0.00000
    -86.645        2     0.00000
    -86.495        2     0.00000
    -86.345        2     0.00000
    -86.195        2     0.00000
    -86.045        2     0.00000
    -85.895        2     0.00000
    -85.745        2     0.00000
    -85.595        2     0.00000
    -85.445        2     0.00000
    -85.295        2     0.00000
    -85.145        2     0.00000
    -84.995        2     0.00000
    -84.845        2     0.00000
    -84.695        2     0.00000
    -84.545        2     0.00000
    -84.395        2     0.00000
    -84.245        2     0.00000
    -84.095        2     0.00000
    -83.945        2     0.00000
    -83.795        2     0.00000
    -83.645        2     0.00000
    -83.495        2     0.00000
    -83.345        2     0.00000
    -83.195        2     0.00000
    -83.045        2     0.00000
    -82.895        2     0.00000
    -82.745        2     0.00000
    -82.595        2     0.00000
    -82.445        2     0.00000
    -82.295        2     0.00000
    -82.145        2     0.00000
    -81.995        2     0.00000
    -81.845        2     0.00000
    -81.695        2     0.00000
    -81.545        2     0.00000
    -81.395        2     0.00000
    -81.245        2     0.00000
    -81.095        2     0.00000
    -80.945        2     0.00000
    -80.795        2     0.00000
    -80.645        2     0.00000
    -80.495        2     0.00000
    -80.345        2     0.00000
    -80.195        2     0.00000
    -80.045        2     0.00000
    -79.895        2     0.00000
    -79.745        2     0.00000
    -79.595        2     0.00000
    -79.445        2     0.00000
    -79.295        2     0.00000
    -79.145        2     0.00000
    -78.995        2     0.00000
    -78.845        2     0.00000
    -78.695        2     0.00000
    -78.545        2     0.00000
    -78.395        2     0.00000
    -78.245        2     0.00000
    -78.095        2     0.00000
    -77.945        2     0.00000
    -77.795        2     0.00000
    -77.645        2     0.00000
    -77.495        2     0.00000
    -77.345        2     0.00000
    -77.195        2     0.00000
    -77.045        2     0.00000
    -76.895        2     0.00000
    -76.745        2     0.00000
    -76.595        2     0.00000
    -76.445        2     0.00000
    -76.295        2     0.00000
    -76.145        2     0.00000
    -75.995        2     0.00000
    -75.845        2     0.00000
    -75.695        2     0.00000
    -75.545        2     0.00000
    -75.395        2     0.00000
    -75.245        2     0.00000
    -75.095        2     0.00000
    -74.945        2     0.00000
    -74.795        2     0.00000
    -74.645        2     0.00000
    -74.495        2     0.00000
    -74.345        2     0.00000
    -74.195        2     0.00000
    -74.045        2     0.00000
    -73.895        2     0.00000
    -73.745        2     0.00000
    -73.595        2    -0.00014
    -73.445        2    -1.25874
    -73.295        2    -3.43567
    -73.145        2    -5.91506
    -72.995        2    -8.51029
    -72.845        2   -10.97722
    -72.695        2   -13.36071
    -72.545        2   -15.54119
    -72.395        2   -17.51164
    -72.245        2   -19.24978
    -72.095        2   -20.77754
    -71.945        2   -22.10503
    -71.795        2   -23.21437
    -71.645        2   -24.19643
    -71.495        2   -25.01337
    -71.345        2   -25.69658
    -71.195        2   -26.26526
    -71.045        2   -26.74650
    -70.895        2   -27.14837
    -70.745        2   -27.48391
    -70.595        2   -27.77067
    -70.445        2   -28.00773
    -70.295        2   -28.21308
    -70.145        2   -28.38303
    -69.995        2   -28.52777
    -69.845        2   -28.65542
    -69.695        2   -28.75913
    -69.545        2   -28.86147
    -69.395        2   -28.94567
    -69.245        2   -29.01906
    -69.095        2   -29.08087
    -68.945        2   -29.13775
    -68.795        2   -29.19274
    -68.645        2   -29.23547
    -68.495        2   -29.27715
    -68.345        2   -29.31691
    -68.195        2   -29.35453
    -68.045        2   -29.38656
    -67.895        2   -29.41867
    -67.745        2   -29.44785
    -67.595        2   -29.47561
    -67.445        2   -29.50142
    -67.295        2   -29.52456
    -67.145        2   -29.54932
    -66.995        2   -29.57053
    -66.845        2   -29.58938
    -66.695        2   -29.60976
    -66.545        2   -29.63263
    -66.395        2   -29.64824
    -66.245        2   -29.66565
    -66.095        2   -29.68060
    -65.945        2   -29.69509
    -65.795        2   -29.71148
    -65.645        2   -29.72521
    -65.495        2   -29.73831
    -65.345        2   -29.75058
    -65.195        2   -29.76304
    -65.045        2   -29.77575
    -64.895        2   -29.78504
    -64.745        2   -29.79520
    -64.595        2   -29.80432
    -64.445        2   -29.81161
    -64.295        2   -29.81877
    -64.145        2   -29.84569
    -63.995        2   -29.99774
    -63.845        2   -30.24391
    -63.695        2   -30.53063
    -63.545        2   -30.86213
    -63.395        2   -31.23324
    -63.245        2   -31.61392
    -63.095        2   -32.02881
    -62.945        2   -32.44921
    -62.795        2   -32.88294
    -62.645        2   -33.31414
    -62.495        2   -33.74517
    -62.345        2   -34.18194
    -62.195        2   -34.60347
    -62.045        2   -35.02226
    -61.895        2   -35.43581
    -61.745        2   -35.88348
    -61.595        2   -36.33697
    -61.445        2   -36.79427
    -61.295        2   -37.25021
    -61.145        2   -37.70978
    -60.995        2   -38.15683
    -60.845        2   -38.60001
    -60.695        2   -39.04419
    -60.545        2   -39.48395
    -60.395        2   -40.11636
    -60.245        2   -40.86189
    -60.095        2   -41.65240
    -59.945        2   -42.43253
    -59.795        2   -43.20985
    -59.645        2   -43.94257
    -59.495        2   -44.66504
    -59.345        2   -45.35132
    -59.195        2   -46.00427
    -59.045        2   -46.64115
    -58.895        2   -47.25990
    -58.745        2   -47.85392
    -58.595        2   -48.43107
    -58.445        2   -48.98000
    -58.295        2   -49.52142
    -58.145        2   -50.06559
    -57.995        2   -50.59920
    -57.845        2   -51.12659
    -57.695        2   -51.67990
    -57.545        2   -52.23069
    -57.395        2   -52.76362
    -57.245        2   -53.33477
    -57.095        2   -53.90297
    -56.945        2   -54.47829
    -56.795        2   -55.07677
    -56.645        2   -55.66571
    -56.495        2   -56.23914
    -56.345        2   -56.85567
    -56.195        2   -57.51026
    -56.045        2   -58.20396
    -55.895        2   -58.89539
    -55.745        2   -59.59816
    -55.595        2   -60.29873
    -55.445        2   -60.97560
    -55.295        2   -61.63981
    -55.145        2   -62.30454
    -54.995        2   -62.97042
    -54.845        2   -63.62201
    -54.695        2   -64.25717
    -54.545        2   -64.88566
    -54.395        2   -65.50959
    -54.245        2   -66.12179
    -54.095        2   -66.71828
    -53.945        2   -67.29770
    -53.795        2   -67.86649
    -53.645        2   -68.42418
    -53.495        2   -68.95964
    -53.345        2   -69.50744
    -53.195        2   -70.04443
    -53.045        2   -70.58129
    -52.895        2   -71.13005
    -52.745        2   -71.67561
    -52.595        2   -72.20980
    -52.445        2   -72.72117
    -52.295        2   -73.21492
    -52.145        2   -73.68075
    -51.995        2   -74.13556
    -51.845        2   -74.57135
    -51.695        2   -74.99063
    -51.545        2   -75.39525
    -51.395        2   -75.77558
    -51.245        2   -76.15350
    -51.095        2   -76.51643
    -50.945        2   -76.86497
    -50.795        2   -77.19519
    -50.645        2   -77.51488
    -50.495        2   -77.81891
    -50.345        2   -78.10312
    -50.195        2   -78.38838
    -50.045        2   -78.66333
    -49.895        2   -78.93055
    -49.745        2   -79.19169
    -49.595        2   -79.44727
    -49.445        2   -79.68688
    -49.295        2   -79.92273
    -49.145        2   -80.15706
    -48.995        2   -80.38871
    -48.845        2   -80.61586
    -48.695        2   -80.82425
    -48.545        2   -81.03278
    -48.395        2   -81.24217
    -48.245        2   -81.68963
    -48.095        2   -82.44191
    -47.945        2   -83.28399
    -47.795        2   -84.16617
    -47.645        2   -85.05431
    -47.495        2   -85.94159
    -47.345        2   -86.80910
    -47.195        2   -87.62076
    -47.045        2   -88.41199
    -46.895        2   -89.18597
    -46.745        2   -89.94700
    -46.595        2   -90.66968
    -46.445        2   -91.36169
    -46.295        2   -92.01746
    -46.145        2   -92.65643
    -45.995        2   -93.27088
    -45.845        2   -93.84106
    -45.695        2   -94.38894
    -45.545        2   -94.92252
    -45.395        2   -95.42039
    -45.245        2   -95.89578
    -45.095        2   -96.34518
    -44.945        2   -96.78978
    -44.795        2   -97.20380
    -44.645        2   -97.58769
    -44.495        2   -97.96637
    -44.345        2   -98.32469
    -44.195        2   -98.66654
    -44.045        2   -99.00322
    -43.895        2   -99.31887
    -43.745        2   -99.63177
    -43.595        2   -99.93445
    -43.445        2  -100.22358
    -43.295        2  -100.50468
    -43.145        2  -100.77137
    -42.995        2  -101.03298
    -42.845        2  -101.29119
    -42.695        2  -101.53645
    -42.545        2  -101.76641
    -42.395        2  -101.99567
    -42.245        2  -102.21955
    -42.095        2  -102.43189
    -41.945        2  -102.63922
    -41.795        2  -102.85073
    -41.645        2  -103.04976
    -41.495        2  -103.24654
    -41.345        2  -103.43980
    -41.195        2  -103.62774
    -41.045        2  -103.81174
    -40.895        2  -103.99060
    -40.745        2  -104.16504
    -40.595        2  -104.32953
    -40.445        2  -104.50021
    -40.295        2  -104.66645
    -40.145        2  -104.82554
    -39.995        2  -104.98763
    -39.845        2  -105.14481
    -39.695        2  -105.29382
    -39.545        2  -105.44263
    -39.395        2  -105.59197
    -39.245        2  -105.74605
    -39.095        2  -105.89984
    -38.945        2  -106.06466
    -38.795        2  -106.22503
    -38.645        2  -106.39598
    -38.495        2  -106.56009
    -38.345        2  -106.72944
    -38.195        2  -106.89424
    -38.045        2  -107.06442
    -37.895        2  -107.23803
    -37.745        2  -107.41736
    -37.595        2  -107.61281
    -37.445        2  -107.83016
    -37.295        2  -108.06217
    -37.145        2  -108.31571
    -36.995        2  -108.58031
    -36.845        2  -108.85952
    -36.695        2  -109.16126
    -36.545        2  -109.47328
    -36.395        2  -109.79694
    -36.245        2  -110.13131
    -36.095        2  -110.48039
    -35.945        2  -110.82756
    -35.795        2  -111.18673
    -35.645        2  -111.54321
    -35.495        2  -111.89226
    -35.345        2  -112.25588
    -35.195        2  -112.61240
    -35.045        2  -112.97672
    -34.895        2  -113.33630
    -34.745        2  -113.69149
    -34.595        2  -114.04154
    -34.445        2  -114.39341
    -34.295        2  -114.73409
    -34.145        2  -115.07546
    -33.995        2  -115.40198
    -33.845        2  -115.72386
    -33.695        2  -116.03902
    -33.545        2  -116.34683
    -33.395        2  -116.63981
    -33.245        2  -116.92751
    -33.095        2  -117.21664
    -32.945        2  -117.49533
    -32.795        2  -117.75785
    -32.645        2  -118.01191
    -32.495        2  -118.26909
    -32.345        2  -118.51626
    -32.195        2  -118.75564
    -32.045        2  -118.98262
    -31.895        2  -119.20713
    -31.745        2  -119.42694
    -31.595        2  -119.63981
    -31.445        2  -119.85069
    -31.295        2  -120.05229
    -31.145        2  -120.25145
    -30.995        2  -120.44184
    -30.845        2  -120.62838
    -30.695        2  -120.81221
    -30.545        2  -120.99224
    -30.395        2  -121.17217
    -30.245        2  -121.34205
    -30.095        2  -121.50759
    -29.945        2  -121.67959
    -29.795        2  -121.84216
    -29.645        2  -122.00001
    -29.495        2  -122.15082
    -29.345        2  -122.30176
    -29.195        2  -122.45639
    -29.045        2  -122.60864
    -28.895        2  -122.74617
    -28.745        2  -122.89467
    -28.595        2  -123.02938
    -28.445        2  -123.16309
    -28.295        2  -123.29538
    -28.145        2  -123.42804
    -27.995        2  -123.56331
    -27.845        2  -123.69103
    -27.695        2  -123.81728
    -27.545        2  -123.94253
    -27.395        2  -124.06951
    -27.245        2  -124.18938
    -27.095        2  -124.31146
    -26.945        2  -124.43659
    -26.795        2  -124.55584
    -26.645        2  -124.67573
    -26.495        2  -124.78977
    -26.345        2  -124.90359
    -26.195        2  -125.01692
    -26.045        2  -125.12934
    -25.895        2  -125.23966
    -25.745        2  -125.34311
    -25.595        2  -125.45514
    -25.445        2  -125.56137
    -25.295        2  -125.67140
    -25.145        2  -125.78051
    -24.995        2  -125.89132
    -24.845        2  -125.99553
    -24.695        2  -126.10125
    -24.545        2  -126.20537
    -24.395        2  -126.30961
    -24.245        2  -126.41545
    -24.095        2  -126.51928
    -23.945        2  -126.62114
    -23.795        2  -126.72080
    -23.645        2  -126.82147
    -23.495        2  -126.92514
    -23.345        2  -127.02999
    -23.195        2  -127.13923
    -23.045        2  -127.24657
    -22.895        2  -127.35593
    -22.745        2  -127.46088
    -22.595        2  -127.57441
    -22.445        2  -127.68083
    -22.295        2  -127.79636
    -22.145        2  -127.90581
    -21.995        2  -128.01860
    -21.845        2  -128.13198
    -21.695        2  -128.24703
    -21.545        2  -128.35668
    -21.395        2  -128.47698
    -21.245        2  -128.59741
    -21.095        2  -128.71676
    -20.945        2  -128.84410
    -20.795        2  -128.97114
    -20.645        2  -129.09684
    -20.495        2  -129.23048
    -20.345        2  -129.36541
    -20.195        2  -129.49380
    -20.045        2  -129.62759
    -19.895        2  -129.76739
    -19.745        2  -129.91189
    -19.595        2  -130.05037
    -19.445        2  -130.19269
    -19.295        2  -130.34067
    -19.145        2  -130.48585
    -18.995        2  -130.63410
    -18.845        2  -130.78664
    -18.695        2  -130.93443
    -18.545        2  -131.08885
    -18.395        2  -131.24260
    -18.245        2  -131.40124
    -18.095        2  -131.56325
    -17.945        2  -131.72561
    -17.795        2  -131.88704
    -17.645        2  -132.05096
    -17.495        2  -132.21770
    -17.345        2  -132.38706
    -17.195        2  -132.56137
    -17.045        2  -132.73654
    -16.895        2  -132.91338
    -16.745        2  -133.09546
    -16.595        2  -133.27375
    -16.445        2  -133.45294
    -16.295        2  -133.63626
    -16.145        2  -133.82003
    -15.995        2  -134.00439
    -15.845        2  -134.19448
    -15.695        2  -134.38171
    -15.545        2  -134.57437
    -15.395        2  -134.76697
    -15.245        2  -134.96377
    -15.095        2  -135.15409
    -14.945        2  -135.34936
    -14.795        2  -135.54384
    -14.645        2  -135.73965
    -14.495        2  -135.93578
    -14.345        2  -136.13703
    -14.195        2  -136.33619
    -14.045        2  -136.54137
    -13.895        2  -136.74541
    -13.745        2  -136.95334
    -13.595        2  -137.15753
    -13.445        2  -137.35967
    -13.295        2  -137.56492
    -13.145        2  -137.78018
    -12.995        2  -137.99398
    -12.845        2  -138.21116
    -12.695        2  -138.43332
    -12.545        2  -138.65611
    -12.395        2  -138.88209
    -12.245        2  -139.11071
    -12.095        2  -139.34525
    -11.945        2  -139.58335
    -11.795        2  -139.82548
    -11.645        2  -140.06832
    -11.495        2  -140.32002
    -11.345        2  -140.57503
    -11.195        2  -140.83682
    -11.045        2  -141.09809
    -10.895        2  -141.36812
    -10.745        2  -141.64205
    -10.595        2  -141.92083
    -10.445        2  -142.20303
    -10.295        2  -142.49175
    -10.145        2  -142.78706
    -9.9950        2  -143.08759
    -9.8450        2  -143.39806
    -9.6950        2  -143.71368
    -9.5450        2  -144.03614
    -9.3950        2  -144.35968
    -9.2450        2  -144.69756
    -9.0950        2  -145.04148
    -8.9450        2  -145.39208
    -8.7950        2  -145.74498
    -8.6450        2  -146.11044
    -8.4950        2  -146.48576
    -8.3450        2  -146.86531
    -8.1950        2  -147.25512
    -8.0450        2  -147.65854
    -7.8950        2  -148.06650
    -7.7450        2  -148.48421
    -7.5950        2  -148.91188
    -7.4450        2  -149.35174
    -7.2950        2  -149.80071
    -7.1450        2  -150.26035
    -6.9950        2  -150.73251
    -6.8450        2  -151.22076
    -6.6950        2  -151.72105
    -6.5450        2  -152.23956
    -6.3950        2  -152.77205
    -6.2450        2  -153.32399
    -6.0950        2  -153.89234
    -5.9450        2  -154.48703
    -5.7950        2  -155.10921
    -5.6450        2  -155.75570
    -5.4950        2  -156.41732
    -5.3450        2  -157.09946
    -5.1950        2  -157.79721
    -5.0450        2  -158.51413
    -4.8950        2  -159.25045
    -4.7450        2  -160.00989
    -4.5950        2  -160.78987
    -4.4450        2  -161.59761
    -4.2950        2  -162.42743
    -4.1450        2  -163.28411
    -3.9950        2  -164.17715
    -3.8450        2  -165.09549
    -3.6950        2  -166.04918
    -3.5450        2  -167.03169
    -3.3950        2  -168.05462
    -3.2450        2  -169.11148
    -3.0950        2  -170.21637
    -2.9450        2  -171.37394
    -2.7950        2  -172.58145
    -2.6450        2  -173.84925
    -2.4950        2  -175.18511
    -2.3450        2  -176.59479
    -2.1950        2  -178.07946
    -2.0450        2  -179.65967
    -1.8950        2  -181.34120
    -1.7450        2  -183.13009
    -1.5950        2  -185.04592
    -1.4450        2  -187.10331
    -1.2950        2  -189.33685
    -1.1450        2  -191.78266
   -0.99500        2  -194.45468
   -0.84500        2  -197.37868
   -0.69500        2  -200.60039
   -0.54500        2  -204.16329
   -0.39500        2  -208.02541
   -0.25300        2  -210.52496
   -0.21500        2  -210.67595
   -0.20900        2  -210.82593
   -0.20300        2  -210.97507
   -0.19700        2  -211.12328
   -0.19100        2  -211.27031
   -0.18500        2  -211.41637
   -0.17900        2  -211.56131
   -0.17300        2  -211.70522
   -0.16700        2  -211.84713
   -0.16100        2  -211.98752
   -0.15500        2  -212.12621
   -0.14900        2  -212.26341
   -0.14300        2  -212.39840
   -0.13700        2  -212.53113
   -0.13100        2  -212.66154
   -0.12500        2  -212.78951
   -0.11900        2  -212.91464
   -0.11300        2  -213.03707
   -0.10700        2  -213.15590
   -0.10100        2  -213.27171
   -0.95000E-01    2  -213.38384
   -0.89000E-01    2  -213.49184
   -0.83000E-01    2  -213.59566
   -0.77000E-01    2  -213.69479
   -0.71000E-01    2  -213.78926
   -0.65000E-01    2  -213.87835
   -0.59000E-01    2  -213.96173
   -0.53000E-01    2  -214.03926
   -0.47000E-01    2  -214.11029
   -0.41000E-01    2  -214.17434
   -0.35000E-01    2  -214.23092
   -0.29000E-01    2  -214.27940
   -0.23000E-01    2  -214.31918
   -0.19700E-01    2  -214.32266
   -0.19100E-01    2  -214.32605
   -0.18500E-01    2  -214.32933
   -0.17900E-01    2  -214.33252
   -0.17300E-01    2  -214.33562
   -0.16700E-01    2  -214.33863
   -0.16100E-01    2  -214.34153
   -0.15500E-01    2  -214.34434
   -0.14900E-01    2  -214.34704
   -0.14300E-01    2  -214.34965
   -0.13700E-01    2  -214.35216
   -0.13100E-01    2  -214.35457
   -0.12500E-01    2  -214.35688
   -0.11900E-01    2  -214.35908
   -0.11300E-01    2  -214.36118
   -0.10700E-01    2  -214.36318
   -0.10100E-01    2  -214.36508
   -0.95000E-02    2  -214.36687
   -0.89000E-02    2  -214.36855
   -0.83000E-02    2  -214.37012
   -0.77000E-02    2  -214.37159
   -0.71000E-02    2  -214.37295
   -0.65000E-02    2  -214.37421
   -0.59000E-02    2  -214.37535
   -0.53000E-02    2  -214.37638
   -0.47000E-02    2  -214.37729
   -0.41000E-02    2  -214.37810
   -0.35000E-02    2  -214.37879
   -0.29000E-02    2  -214.37937
   -0.23000E-02    2  -214.37983
   -0.17000E-02    2  -214.38018
   -0.11000E-02    2  -214.38041
   -0.50000E-03    2  -214.38053
    0.10000E-03    2  -214.38052
    0.70000E-03    2  -214.38039
    0.13000E-02    2  -214.38014
    0.19000E-02    2  -214.37977
    0.25000E-02    2  -214.37928
    0.31000E-02    2  -214.37867
    0.37000E-02    2  -214.37793
    0.43000E-02    2  -214.37707
    0.49000E-02    2  -214.37607
    0.55000E-02    2  -214.37496
    0.61000E-02    2  -214.37371
    0.67000E-02    2  -214.37234
    0.73000E-02    2  -214.37083
    0.79000E-02    2  -214.36920
    0.85000E-02    2  -214.36742
    0.91000E-02    2  -214.36553
    0.97000E-02    2  -214.36349
    0.10300E-01    2  -214.36132
    0.10900E-01    2  -214.35901
    0.11500E-01    2  -214.35657
    0.12100E-01    2  -214.35400
    0.12700E-01    2  -214.35129
    0.13300E-01    2  -214.34843
    0.13900E-01    2  -214.34544
    0.14500E-01    2  -214.34229
    0.15100E-01    2  -214.33901
    0.15700E-01    2  -214.33558
    0.16300E-01    2  -214.33199
    0.16900E-01    2  -214.32827
    0.17500E-01    2  -214.32441
    0.18100E-01    2  -214.32037
    0.18700E-01    2  -214.31621
    0.19300E-01    2  -214.31188
    0.20200E-01    2  -214.29360
    0.25000E-01    2  -214.23529
    0.31000E-01    2  -214.15974
    0.37000E-01    2  -214.06561
    0.43000E-01    2  -213.95129
    0.49000E-01    2  -213.81473
    0.55000E-01    2  -213.65398
    0.61000E-01    2  -213.46691
    0.67000E-01    2  -213.25094
    0.73000E-01    2  -213.00359
    0.79000E-01    2  -212.72084
    0.85000E-01    2  -212.39756
    0.91000E-01    2  -212.02602
    0.97000E-01    2  -211.61072
    0.10300        2  -211.15161
    0.10900        2  -210.64480
    0.11500        2  -210.08767
    0.12100        2  -209.47738
    0.12700        2  -208.81017
    0.13300        2  -208.08117
    0.13900        2  -207.28620
    0.14500        2  -206.41914
    0.15100        2  -205.47525
    0.15700        2  -204.44797
    0.16300        2  -203.32925
    0.16900        2  -202.11231
    0.17500        2  -200.78882
    0.18100        2  -199.35028
    0.18700        2  -197.78310
    0.19300        2  -196.07347
    0.19900        2  -194.20387
    0.20500        2  -192.14769
    0.21100        2  -189.85474
    0.21700        2  -187.32867
    0.29500        2   -97.43902
    0.44500        2   -54.25100
    0.59500        2   -33.33485
    0.74500        2   -20.48068
    0.89500        2   -11.65826
     1.0450        2    -4.98024
     1.1950        2     0.25765
     1.3450        2     4.48886
     1.4950        2     8.04944
     1.6450        2    11.12348
     1.7950        2    13.82435
     1.9450        2    16.22194
     2.0950        2    18.37131
     2.2450        2    20.32159
     2.3950        2    22.10512
     2.5450        2    23.74348
     2.6950        2    25.25333
     2.8450        2    26.65187
     2.9950        2    27.95195
     3.1450        2    29.16718
     3.2950        2    30.30214
     3.4450        2    31.36685
     3.5950        2    32.36832
     3.7450        2    33.30789
     3.8950        2    34.19031
     4.0450        2    35.02545
     4.1950        2    35.81040
     4.3450        2    36.54873
     4.4950        2    37.24253
     4.6450        2    37.89403
     4.7950        2    38.50405
     4.9450        2    39.08111
     5.0950        2    39.61889
     5.2450        2    40.12124
     5.3950        2    40.58602
     5.5450        2    41.00862
     5.6950        2    41.36387
     5.8450        2    41.67719
     5.9950        2    41.95051
     6.1450        2    42.18486
     6.2950        2    42.39079
     6.4450        2    42.57064
     6.5950        2    42.72151
     6.7450        2    42.84611
     6.8950        2    42.95618
     7.0450        2    43.04720
     7.1950        2    43.12204
     7.3450        2    43.18144
     7.4950        2    43.23373
     7.6450        2    43.27317
     7.7950        2    43.31249
     7.9450        2    43.34439
     8.0950        2    43.37372
     8.2450        2    43.40007
     8.3950        2    43.42179
     8.5450        2    43.44105
     8.6950        2    43.45762
     8.8450        2    43.47411
     8.9950        2    43.48966
     9.1450        2    43.50468
     9.2950        2    43.51802
     9.4450        2    43.53111
     9.5950        2    43.54370
     9.7450        2    43.55548
     9.8950        2    43.56750
     10.045        2    43.57907
     10.195        2    43.59052
     10.345        2    43.60128
     10.495        2    43.61152
     10.645        2    43.62035
     10.795        2    43.63010
     10.945        2    43.63999
     11.095        2    43.64892
     11.245        2    43.65728
     11.395        2    43.66557
     11.545        2    43.67413
     11.695        2    43.68233
     11.845        2    43.69008
     11.995        2    43.69765
     12.145        2    43.70543
     12.295        2    43.71347
     12.445        2    43.72054
     12.595        2    43.72686
     12.745        2    43.73331
     12.895        2    43.74007
     13.045        2    43.74666
     13.195        2    43.75413
     13.345        2    43.76091
     13.495        2    43.76708
     13.645        2    43.77261
     13.795        2    43.77863
     13.945        2    43.78476
     14.095        2    43.79020
     14.245        2    43.79596
     14.395        2    43.80094
     14.545        2    43.80611
     14.695        2    43.81185
     14.845        2    43.81698
     14.995        2    43.82082
     15.145        2    43.82573
     15.295        2    43.83027
     15.445        2    43.83544
     15.595        2    43.84073
     15.745        2    43.84595
     15.895        2    43.85073
     16.045        2    43.85515
     16.195        2    43.86007
     16.345        2    43.86452
     16.495        2    43.86899
     16.645        2    43.87359
     16.795        2    43.87902
     16.945        2    43.88356
     17.095        2    43.88774
     17.245        2    43.89102
     17.395        2    43.89519
     17.545        2    43.89936
     17.695        2    43.90368
     17.845        2    43.90685
     17.995        2    43.90993
     18.145        2    43.91438
     18.295        2    43.91816
     18.445        2    43.92252
     18.595        2    43.92623
     18.745        2    43.92965
     18.895        2    43.93291
     19.045        2    43.93606
     19.195        2    43.93943
     19.345        2    43.94329
     19.495        2    43.94688
     19.645        2    43.94997
     19.795        2    43.95374
     19.945        2    43.95730
     20.095        2    43.96046
     21.836        2    44.05134
     30.068        2    44.18385
     42.097        2    44.30219
     58.937        2    44.41213
     82.515        2    44.51665
     115.53        2    44.60984
     161.74        2    44.70118
     226.45        2    44.78794
     317.04        2    44.87117
     443.87        2    44.95162
     621.44        2    45.03254
     870.05        2    45.10877
     1218.1        2    45.18063
     1705.4        2    45.25338
     2387.7        2    45.32644
     3342.9        2    45.39496
     4680.2        2    45.46167
     6552.5        2    45.52465
     9173.8        2    45.58470
     12844.        2    45.63762
     17982.        2    45.68672
     25176.        2    45.73843
     35247.        2    45.78360
     49348.        2    45.82932
     69090.        2    45.86601
     96729.        2    45.90206
    0.13543E+06    2    45.93547
    0.18960E+06    2    45.96660
    0.26545E+06    2    45.99086
    0.37165E+06    2    46.01739
    0.52033E+06    2    46.03892
    0.72849E+06    2    46.06039
    0.10199E+07    2    46.07946
    0.14279E+07    2    46.09690
    0.19992E+07    2    46.11298
    0.27990E+07    2    46.12729
    0.39187E+07    2    46.14015
    0.54864E+07    2    46.15146
    0.76812E+07    2    46.16182
    0.10754E+08    2    46.17175
    0.15056E+08    2    46.18036
    0.21080E+08    2    46.18752
    0.29513E+08    2    46.19472
    0.41319E+08    2    46.20031
    0.57849E+08    2    46.20478
    0.80991E+08    2    46.20989
    0.11339E+09    2    46.21419
    0.15875E+09    2    46.21850
    0.22226E+09    2    46.22245
    0.31118E+09    2    46.22476
    0.43567E+09    2    46.22945
    0.60996E+09    2    46.23166
    0.85398E+09    2    46.23456
    0.11956E+10    2    46.23599
    0.16739E+10    2    46.23713
    0.23436E+10    2    46.23997
    0.32811E+10    2    46.24076
    0.45937E+10    2    46.24144
    0.64315E+10    2    46.24277
    0.90044E+10    2    46.24516
    0.12607E+11    2    46.24746
    0.17650E+11    2    46.24904
    0.24711E+11    2    46.24993
    0.34596E+11    2    46.25071
    0.48437E+11    2    46.25211
    0.67814E+11    2    46.25277
    0.10000E+12    2    46.26170
    -29.945        3     0.00000
    -29.795        3     0.00000
    -29.645        3     0.00000
    -29.495        3     0.00000
    -29.345        3     0.00000
    -29.195        3     0.00000
    -29.045        3     0.00000
    -28.895        3     0.00000
    -28.745        3     0.00000
    -28.595        3     0.00000
    -28.445        3     0.00000
    -28.295        3     0.00000
    -28.145        3     0.00000
    -27.995        3     0.00000
    -27.845        3     0.00000
    -27.695        3     0.00000
    -27.545        3     0.00000
    -27.395        3     0.00000
    -27.245        3     0.00000
    -27.095        3     0.00000
    -26.945        3     0.00000
    -26.795        3     0.00000
    -26.645        3     0.00000
    -26.495        3     0.00000
    -26.345        3     0.00000
    -26.195        3     0.00000
    -26.045        3     0.00000
    -25.895        3     0.00000
    -25.745        3     0.00000
    -25.595        3     0.00000
    -25.445        3     0.00000
    -25.295        3     0.00000
    -25.145        3     0.00000
    -24.995        3     0.00000
    -24.845        3     0.00000
    -24.695        3     0.00000
    -24.545        3     0.00000
    -24.395        3     0.00000
    -24.245        3     0.00000
    -24.095        3     0.00000
    -23.945        3     0.00000
    -23.795        3     0.00000
    -23.645        3     0.00000
    -23.495        3     0.00000
    -23.345        3     0.00000
    -23.195        3     0.00000
    -23.045        3     0.00000
    -22.895        3     0.00000
    -22.745        3     0.00000
    -22.595        3     0.00000
    -22.445        3     0.00000
    -22.295        3     0.00000
    -22.145        3     0.00000
    -21.995        3     0.00000
    -21.845        3     0.00000
    -21.695        3     0.00000
    -21.545        3     0.00000
    -21.395        3     0.00000
    -21.245        3     0.00000
    -21.095        3     0.00000
    -20.945        3     0.00000
    -20.795        3     0.00000
    -20.645        3     0.00000
    -20.495        3     0.00000
    -20.345        3     0.00000
    -20.195        3     0.00000
    -20.045        3     0.00000
    -19.895        3     0.00000
    -19.745        3     0.00000
    -19.595        3     0.00000
    -19.445        3     0.00000
    -19.295        3     0.00000
    -19.145        3     0.00000
    -18.995        3     0.00000
    -18.845        3     0.00000
    -18.695        3     0.00000
    -18.545        3     0.00000
    -18.395        3     0.00000
    -18.245        3     0.00000
    -18.095        3     0.00000
    -17.945        3     0.00000
    -17.795        3     0.00000
    -17.645        3     0.00000
    -17.495        3     0.00000
    -17.345        3     0.00000
    -17.195        3     0.00000
    -17.045        3     0.00000
    -16.895        3     0.00000
    -16.745        3     0.00000
    -16.595        3     0.00000
    -16.445        3     0.00000
    -16.295        3    -0.00030
    -16.145        3    -0.00212
    -15.995        3    -0.00760
    -15.845        3    -0.01731
    -15.695        3    -0.03185
    -15.545        3    -0.04990
    -15.395        3    -0.07214
    -15.245        3    -0.10485
    -15.095        3    -0.16475
    -14.945        3    -0.26397
    -14.795        3    -0.40514
    -14.645        3    -0.59422
    -14.495        3    -0.82089
    -14.345        3    -1.08012
    -14.195        3    -1.38053
    -14.045        3    -1.71419
    -13.895        3    -2.07659
    -13.745        3    -2.46527
    -13.595        3    -2.87302
    -13.445        3    -3.28862
    -13.295        3    -3.71540
    -13.145        3    -4.14291
    -12.995        3    -4.57171
    -12.845        3    -5.00817
    -12.695        3    -5.45235
    -12.545        3    -5.91884
    -12.395        3    -6.40665
    -12.245        3    -6.91313
    -12.095        3    -7.44636
    -11.945        3    -8.00223
    -11.795        3    -8.57720
    -11.645        3    -9.16635
    -11.495        3    -9.77746
    -11.345        3   -10.40824
    -11.195        3   -11.06301
    -11.045        3   -11.72029
    -10.895        3   -12.39878
    -10.745        3   -13.08805
    -10.595        3   -13.79008
    -10.445        3   -14.51122
    -10.295        3   -15.24432
    -10.145        3   -16.00055
    -9.9950        3   -16.79089
    -9.8450        3   -17.62246
    -9.6950        3   -18.50664
    -9.5450        3   -19.43963
    -9.3950        3   -20.42744
    -9.2450        3   -21.48352
    -9.0950        3   -22.60484
    -8.9450        3   -23.79171
    -8.7950        3   -25.04440
    -8.6450        3   -26.36158
    -8.4950        3   -27.73657
    -8.3450        3   -29.16303
    -8.1950        3   -30.64048
    -8.0450        3   -32.16706
    -7.8950        3   -33.75371
    -7.7450        3   -35.38316
    -7.5950        3   -37.05436
    -7.4450        3   -38.77837
    -7.2950        3   -40.56017
    -7.1450        3   -42.39296
    -6.9950        3   -44.27637
    -6.8450        3   -46.21060
    -6.6950        3   -48.19418
    -6.5450        3   -50.21984
    -6.3950        3   -52.28804
    -6.2450        3   -54.38391
    -6.0950        3   -56.50124
    -5.9450        3   -58.63095
    -5.7950        3   -60.76732
    -5.6450        3   -62.90048
    -5.4950        3   -65.03167
    -5.3450        3   -67.16087
    -5.1950        3   -69.28155
    -5.0450        3   -71.39963
    -4.8950        3   -73.51158
    -4.7450        3   -75.64055
    -4.5950        3   -77.79785
    -4.4450        3   -79.98851
    -4.2950        3   -82.21873
    -4.1450        3   -84.50083
    -3.9950        3   -86.84681
    -3.8450        3   -89.24965
    -3.6950        3   -91.72890
    -3.5450        3   -94.29160
    -3.3950        3   -96.95086
    -3.2450        3   -99.72684
    -3.0950        3  -102.63009
    -2.9450        3  -105.67692
    -2.7950        3  -108.88942
    -2.6450        3  -112.31802
    -2.4950        3  -115.99791
    -2.3450        3  -119.98441
    -2.1950        3  -124.36604
    -2.0450        3  -129.24276
    -1.8950        3  -134.75424
    -1.7450        3  -141.01784
    -1.5950        3  -148.13858
    -1.4450        3  -156.16455
    -1.2950        3  -165.07377
    -1.1450        3  -174.79793
   -0.99500        3  -185.20117
   -0.84500        3  -196.15845
   -0.69500        3  -207.64507
   -0.54500        3  -219.85897
   -0.39500        3  -233.62829
   -0.25300        3  -244.10158
   -0.21500        3  -244.81729
   -0.20900        3  -245.54365
   -0.20300        3  -246.28013
   -0.19700        3  -247.02731
   -0.19100        3  -247.78694
   -0.18500        3  -248.55928
   -0.17900        3  -249.34516
   -0.17300        3  -250.14582
   -0.16700        3  -250.96031
   -0.16100        3  -251.79158
   -0.15500        3  -252.64042
   -0.14900        3  -253.50784
   -0.14300        3  -254.39451
   -0.13700        3  -255.30342
   -0.13100        3  -256.23528
   -0.12500        3  -257.19242
   -0.11900        3  -258.17757
   -0.11300        3  -259.19185
   -0.10700        3  -260.23929
   -0.10100        3  -261.32314
   -0.95000E-01    3  -262.44706
   -0.89000E-01    3  -263.61749
   -0.83000E-01    3  -264.84081
   -0.77000E-01    3  -266.12363
   -0.71000E-01    3  -267.47637
   -0.65000E-01    3  -268.91063
   -0.59000E-01    3  -270.44201
   -0.53000E-01    3  -272.09351
   -0.47000E-01    3  -273.89718
   -0.41000E-01    3  -275.89919
   -0.35000E-01    3  -278.17603
   -0.29000E-01    3  -280.84946
   -0.23000E-01    3  -284.12786
   -0.19700E-01    3  -284.49504
   -0.19100E-01    3  -284.87145
   -0.18500E-01    3  -285.25744
   -0.17900E-01    3  -285.65367
   -0.17300E-01    3  -286.06055
   -0.16700E-01    3  -286.47879
   -0.16100E-01    3  -286.90906
   -0.15500E-01    3  -287.35235
   -0.14900E-01    3  -287.80936
   -0.14300E-01    3  -288.28146
   -0.13700E-01    3  -288.76975
   -0.13100E-01    3  -289.27585
   -0.12500E-01    3  -289.80203
   -0.11900E-01    3  -290.35076
   -0.11300E-01    3  -290.92394
   -0.10700E-01    3  -291.52340
   -0.10100E-01    3  -292.15013
   -0.95000E-02    3  -292.80547
   -0.89000E-02    3  -293.49030
   -0.83000E-02    3  -294.20539
   -0.77000E-02    3  -294.95189
   -0.71000E-02    3  -295.73138
   -0.65000E-02    3  -296.54338
   -0.59000E-02    3  -297.38561
   -0.53000E-02    3  -298.25505
   -0.47000E-02    3  -299.14733
   -0.41000E-02    3  -300.05549
   -0.35000E-02    3  -300.96500
   -0.29000E-02    3  -301.84279
   -0.23000E-02    3  -302.64001
   -0.17000E-02    3  -303.30329
   -0.11000E-02    3  -303.77512
   -0.50000E-03    3  -304.00029
    0.10000E-03    3  -303.95482
    0.70000E-03    3  -303.64309
    0.13000E-02    3  -303.10088
    0.19000E-02    3  -302.38708
    0.25000E-02    3  -301.55768
    0.31000E-02    3  -300.66485
    0.37000E-02    3  -299.75437
    0.43000E-02    3  -298.85190
    0.49000E-02    3  -297.96806
    0.55000E-02    3  -297.10851
    0.61000E-02    3  -296.27703
    0.67000E-02    3  -295.47644
    0.73000E-02    3  -294.70866
    0.79000E-02    3  -293.97321
    0.85000E-02    3  -293.26879
    0.91000E-02    3  -292.59458
    0.97000E-02    3  -291.94973
    0.10300E-01    3  -291.33295
    0.10900E-01    3  -290.74334
    0.11500E-01    3  -290.17938
    0.12100E-01    3  -289.63923
    0.12700E-01    3  -289.12086
    0.13300E-01    3  -288.62184
    0.13900E-01    3  -288.14016
    0.14500E-01    3  -287.67430
    0.15100E-01    3  -287.22297
    0.15700E-01    3  -286.78527
    0.16300E-01    3  -286.36039
    0.16900E-01    3  -285.94722
    0.17500E-01    3  -285.54531
    0.18100E-01    3  -285.15402
    0.18700E-01    3  -284.77267
    0.19300E-01    3  -284.40083
    0.20200E-01    3  -283.03890
    0.25000E-01    3  -280.01123
    0.31000E-01    3  -277.51827
    0.37000E-01    3  -275.38183
    0.43000E-01    3  -273.50202
    0.49000E-01    3  -271.81660
    0.55000E-01    3  -270.28425
    0.61000E-01    3  -268.87849
    0.67000E-01    3  -267.57887
    0.73000E-01    3  -266.36948
    0.79000E-01    3  -265.23927
    0.85000E-01    3  -264.17631
    0.91000E-01    3  -263.17393
    0.97000E-01    3  -262.22460
    0.10300        3  -261.32315
    0.10900        3  -260.46407
    0.11500        3  -259.64401
    0.12100        3  -258.85877
    0.12700        3  -258.10576
    0.13300        3  -257.38164
    0.13900        3  -256.68443
    0.14500        3  -256.01259
    0.15100        3  -255.36372
    0.15700        3  -254.73688
    0.16300        3  -254.13017
    0.16900        3  -253.54276
    0.17500        3  -252.97346
    0.18100        3  -252.42129
    0.18700        3  -251.88524
    0.19300        3  -251.36479
    0.19900        3  -250.85917
    0.20500        3  -250.36816
    0.21100        3  -249.89027
    0.21700        3  -249.42544
    0.29500        3  -240.33895
    0.44500        3  -234.56433
    0.59500        3  -230.14533
    0.74500        3  -226.42919
    0.89500        3  -223.14038
     1.0450        3  -220.13484
     1.1950        3  -217.33171
     1.3450        3  -214.67980
     1.4950        3  -212.15151
     1.6450        3  -209.72434
     1.7950        3  -207.38076
     1.9450        3  -205.11126
     2.0950        3  -202.90471
     2.2450        3  -200.75784
     2.3950        3  -198.66346
     2.5450        3  -196.61320
     2.6950        3  -194.60257
     2.8450        3  -192.62368
     2.9950        3  -190.67165
     3.1450        3  -188.74569
     3.2950        3  -186.83612
     3.4450        3  -184.94132
     3.5950        3  -183.06128
     3.7450        3  -181.19275
     3.8950        3  -179.33613
     4.0450        3  -177.49462
     4.1950        3  -175.66564
     4.3450        3  -173.85036
     4.4950        3  -172.05239
     4.6450        3  -170.26639
     4.7950        3  -168.50070
     4.9450        3  -166.75365
     5.0950        3  -165.02591
     5.2450        3  -163.32146
     5.3950        3  -161.64239
     5.5450        3  -159.98606
     5.6950        3  -158.35742
     5.8450        3  -156.76412
     5.9950        3  -155.20170
     6.1450        3  -153.66424
     6.2950        3  -152.17003
     6.4450        3  -150.71193
     6.5950        3  -149.29534
     6.7450        3  -147.92320
     6.8950        3  -146.61476
     7.0450        3  -145.36001
     7.1950        3  -144.16701
     7.3450        3  -143.03844
     7.4950        3  -141.95926
     7.6450        3  -140.96064
     7.7950        3  -140.02929
     7.9450        3  -139.17244
     8.0950        3  -138.39545
     8.2450        3  -137.68668
     8.3950        3  -137.03858
     8.5450        3  -136.44402
     8.6950        3  -135.91015
     8.8450        3  -135.42047
     8.9950        3  -134.97166
     9.1450        3  -134.56949
     9.2950        3  -134.19984
     9.4450        3  -133.86205
     9.5950        3  -133.54646
     9.7450        3  -133.24942
     9.8950        3  -132.96805
     10.045        3  -132.70999
     10.195        3  -132.45584
     10.345        3  -132.21618
     10.495        3  -131.98388
     10.645        3  -131.75862
     10.795        3  -131.54168
     10.945        3  -131.33126
     11.095        3  -131.12663
     11.245        3  -130.92550
     11.395        3  -130.72764
     11.545        3  -130.53443
     11.695        3  -130.34316
     11.845        3  -130.15601
     11.995        3  -129.97100
     12.145        3  -129.78843
     12.295        3  -129.60884
     12.445        3  -129.43139
     12.595        3  -129.25692
     12.745        3  -129.08342
     12.895        3  -128.91280
     13.045        3  -128.74458
     13.195        3  -128.57775
     13.345        3  -128.41305
     13.495        3  -128.24966
     13.645        3  -128.08913
     13.795        3  -127.92970
     13.945        3  -127.77188
     14.095        3  -127.61583
     14.245        3  -127.46238
     14.395        3  -127.30947
     14.545        3  -127.15775
     14.695        3  -127.00786
     14.845        3  -126.85940
     14.995        3  -126.71231
     15.145        3  -126.56766
     15.295        3  -126.42309
     15.445        3  -126.28088
     15.595        3  -126.14023
     15.745        3  -126.00074
     15.895        3  -125.86303
     16.045        3  -125.72554
     16.195        3  -125.58977
     16.345        3  -125.45596
     16.495        3  -125.32234
     16.645        3  -125.18999
     16.795        3  -125.05935
     16.945        3  -124.92862
     17.095        3  -124.80067
     17.245        3  -124.67396
     17.395        3  -124.54781
     17.545        3  -124.42296
     17.695        3  -124.29884
     17.845        3  -124.17493
     17.995        3  -124.05295
     18.145        3  -123.93167
     18.295        3  -123.81166
     18.445        3  -123.69216
     18.595        3  -123.57364
     18.745        3  -123.45639
     18.895        3  -123.34007
     19.045        3  -123.22434
     19.195        3  -123.10894
     19.345        3  -122.99470
     19.495        3  -122.88156
     19.645        3  -122.77056
     19.795        3  -122.66012
     19.945        3  -122.54921
     20.095        3  -122.43998
     21.836        3  -119.11749
     30.068        3  -114.19544
     42.097        3  -109.29520
     58.937        3  -104.44613
     82.515        3   -99.65940
     115.53        3   -94.95088
     161.74        3   -90.32063
     226.45        3   -85.78320
     317.04        3   -81.32896
     443.87        3   -76.96149
     621.44        3   -72.69338
     870.05        3   -68.52726
     1218.1        3   -64.44391
     1705.4        3   -60.46082
     2387.7        3   -56.58214
     3342.9        3   -52.81056
     4680.2        3   -49.14004
     6552.5        3   -45.57061
     9173.8        3   -42.10432
     12844.        3   -38.74276
     17982.        3   -35.48502
     25176.        3   -32.33411
     35247.        3   -29.29441
     49348.        3   -26.37224
     69090.        3   -23.57468
     96729.        3   -20.90196
    0.13543E+06    3   -18.34922
    0.18960E+06    3   -15.91363
    0.26545E+06    3   -13.59440
    0.37165E+06    3   -11.38515
    0.52033E+06    3    -9.28273
    0.72849E+06    3    -7.28242
    0.10199E+07    3    -5.38009
    0.14279E+07    3    -3.56962
    0.19992E+07    3    -1.84706
    0.27990E+07    3    -0.21046
    0.39187E+07    3     1.34689
    0.54864E+07    3     2.82632
    0.76812E+07    3     4.23293
    0.10754E+08    3     5.56953
    0.15056E+08    3     6.84116
    0.21080E+08    3     8.05001
    0.29513E+08    3     9.19604
    0.41319E+08    3    10.27693
    0.57849E+08    3    11.28556
    0.80991E+08    3    12.21918
    0.11339E+09    3    13.08541
    0.15875E+09    3    13.89226
    0.22226E+09    3    14.64676
    0.31118E+09    3    15.35037
    0.43567E+09    3    16.00855
    0.60996E+09    3    16.61189
    0.85398E+09    3    17.15742
    0.11956E+10    3    17.65670
    0.16739E+10    3    18.11465
    0.23436E+10    3    18.53465
    0.32811E+10    3    18.92055
    0.45937E+10    3    19.27572
    0.64315E+10    3    19.60108
    0.90044E+10    3    19.90019
    0.12607E+11    3    20.17578
    0.17650E+11    3    20.42926
    0.24711E+11    3    20.66221
    0.34596E+11    3    20.87698
    0.48437E+11    3    21.07425
    0.67814E+11    3    21.25572
    0.10000E+12    3    23.32160
