    -29.945        1     0.00000
    -29.795        1     0.00000
    -29.645        1     0.00000
    -29.495        1     0.00000
    -29.345        1     0.00000
    -29.195        1     0.00000
    -29.045        1     0.00000
    -28.895        1     0.00000
    -28.745        1     0.00000
    -28.595        1     0.00000
    -28.445        1     0.00000
    -28.295        1     0.00000
    -28.145        1     0.00000
    -27.995        1     0.00000
    -27.845        1     0.00000
    -27.695        1     0.00000
    -27.545        1     0.00000
    -27.395        1     0.00000
    -27.245        1     0.00000
    -27.095        1     0.00000
    -26.945        1     0.00000
    -26.795        1     0.00000
    -26.645        1     0.00000
    -26.495        1     0.00000
    -26.345        1     0.00000
    -26.195        1     0.00000
    -26.045        1     0.00000
    -25.895        1     0.00000
    -25.745        1     0.00000
    -25.595        1     0.00000
    -25.445        1     0.00000
    -25.295        1     0.00000
    -25.145        1     0.00000
    -24.995        1     0.00000
    -24.845        1     0.00000
    -24.695        1     0.00000
    -24.545        1     0.00000
    -24.395        1     0.00000
    -24.245        1     0.00000
    -24.095        1     0.00000
    -23.945        1     0.00000
    -23.795        1     0.00000
    -23.645        1     0.00000
    -23.495        1     0.00000
    -23.345        1     0.00000
    -23.195        1     0.00000
    -23.045        1     0.00000
    -22.895        1     0.00000
    -22.745        1     0.00000
    -22.595        1     0.00000
    -22.445        1     0.00000
    -22.295        1     0.00000
    -22.145        1     0.00000
    -21.995        1     0.00000
    -21.845        1     0.00000
    -21.695        1     0.00000
    -21.545        1     0.00000
    -21.395        1     0.00000
    -21.245        1     0.00000
    -21.095        1     0.00000
    -20.945        1     0.00000
    -20.795        1     0.00000
    -20.645        1     0.00000
    -20.495        1     0.00000
    -20.345        1     0.00000
    -20.195        1     0.00000
    -20.045        1     0.00000
    -19.895        1     0.00000
    -19.745        1     0.00000
    -19.595        1     0.00000
    -19.445        1     0.00000
    -19.295        1     0.00000
    -19.145        1     0.00000
    -18.995        1     0.00000
    -18.845        1     0.00000
    -18.695        1     0.00000
    -18.545        1     0.00000
    -18.395        1     0.00000
    -18.245        1     0.00000
    -18.095        1     0.00000
    -17.945        1     0.00000
    -17.795        1     0.00000
    -17.645        1     0.00000
    -17.495        1     0.00000
    -17.345        1     0.00000
    -17.195        1     0.00000
    -17.045        1     0.00000
    -16.895        1     0.00000
    -16.745        1     0.00000
    -16.595        1     0.00000
    -16.445        1     0.00000
    -16.295        1     0.00000
    -16.145        1     0.00000
    -15.995        1     0.00000
    -15.845        1     0.00000
    -15.695        1     0.00000
    -15.545        1     0.00000
    -15.395        1     0.00000
    -15.245        1     0.00000
    -15.095        1     0.00000
    -14.945        1     0.00000
    -14.795        1     0.00000
    -14.645        1     0.00000
    -14.495        1     0.00000
    -14.345        1     0.00000
    -14.195        1     0.00000
    -14.045        1     0.00000
    -13.895        1     0.00000
    -13.745        1     0.00000
    -13.595        1     0.00000
    -13.445        1     0.00000
    -13.295        1     0.00000
    -13.145        1     0.00000
    -12.995        1     0.00000
    -12.845        1     0.00000
    -12.695        1     0.00000
    -12.545        1     0.00000
    -12.395        1     0.00000
    -12.245        1     0.00000
    -12.095        1     0.00000
    -11.945        1     0.00000
    -11.795        1     0.00000
    -11.645        1    -0.00061
    -11.495        1    -0.00524
    -11.345        1    -0.01175
    -11.195        1    -0.01904
    -11.045        1    -0.02736
    -10.895        1    -0.03573
    -10.745        1    -0.04417
    -10.595        1    -0.05263
    -10.445        1    -0.06131
    -10.295        1    -0.07115
    -10.145        1    -0.08062
    -9.9950        1    -0.09126
    -9.8450        1    -0.10317
    -9.6950        1    -0.12071
    -9.5450        1    -0.14167
    -9.3950        1    -0.16504
    -9.2450        1    -0.18922
    -9.0950        1    -0.21648
    -8.9450        1    -0.24370
    -8.7950        1    -0.27591
    -8.6450        1    -0.31155
    -8.4950        1    -0.35158
    -8.3450        1    -0.39526
    -8.1950        1    -0.44735
    -8.0450        1    -0.51494
    -7.8950        1    -0.58706
    -7.7450        1    -0.66809
    -7.5950        1    -0.76119
    -7.4450        1    -0.86616
    -7.2950        1    -0.98008
    -7.1450        1    -1.10282
    -6.9950        1    -1.23630
    -6.8450        1    -1.38229
    -6.6950        1    -1.53316
    -6.5450        1    -1.69245
    -6.3950        1    -1.86203
    -6.2450        1    -2.03992
    -6.0950        1    -2.22899
    -5.9450        1    -2.42525
    -5.7950        1    -2.62699
    -5.6450        1    -2.83789
    -5.4950        1    -3.05622
    -5.3450        1    -3.28631
    -5.1950        1    -3.52864
    -5.0450        1    -3.79046
    -4.8950        1    -4.06829
    -4.7450        1    -4.36201
    -4.5950        1    -4.67507
    -4.4450        1    -5.00452
    -4.2950        1    -5.36174
    -4.1450        1    -5.74654
    -3.9950        1    -6.15646
    -3.8450        1    -6.59805
    -3.6950        1    -7.06563
    -3.5450        1    -7.56131
    -3.3950        1    -8.08232
    -3.2450        1    -8.62439
    -3.0950        1    -9.19728
    -2.9450        1    -9.80713
    -2.7950        1   -10.46351
    -2.6450        1   -11.16506
    -2.4950        1   -11.91641
    -2.3450        1   -12.73361
    -2.1950        1   -13.63108
    -2.0450        1   -14.61822
    -1.8950        1   -15.71213
    -1.7450        1   -16.94438
    -1.5950        1   -18.35331
    -1.4450        1   -20.01621
    -1.2950        1   -22.08310
    -1.1450        1   -24.74999
   -0.99500        1   -28.21262
   -0.84500        1   -33.15073
   -0.69500        1   -41.36579
   -0.54500        1   -56.54609
   -0.39500        1   -86.45676
   -0.25300        1  -112.14382
   -0.21500        1  -113.18852
   -0.20900        1  -114.16210
   -0.20300        1  -115.06677
   -0.19700        1  -115.90675
   -0.19100        1  -116.68798
   -0.18500        1  -117.39686
   -0.17900        1  -118.03031
   -0.17300        1  -118.60629
   -0.16700        1  -119.13122
   -0.16100        1  -119.61035
   -0.15500        1  -120.04778
   -0.14900        1  -120.44850
   -0.14300        1  -120.81496
   -0.13700        1  -121.14965
   -0.13100        1  -121.45497
   -0.12500        1  -121.73313
   -0.11900        1  -121.98611
   -0.11300        1  -122.21581
   -0.10700        1  -122.42378
   -0.10100        1  -122.61181
   -0.95000E-01    1  -122.78109
   -0.89000E-01    1  -122.93303
   -0.83000E-01    1  -123.06866
   -0.77000E-01    1  -123.18959
   -0.71000E-01    1  -123.29633
   -0.65000E-01    1  -123.39014
   -0.59000E-01    1  -123.47190
   -0.53000E-01    1  -123.54227
   -0.47000E-01    1  -123.60226
   -0.41000E-01    1  -123.65255
   -0.35000E-01    1  -123.69376
   -0.29000E-01    1  -123.72670
   -0.23000E-01    1  -123.75189
   -0.19700E-01    1  -123.75401
   -0.19100E-01    1  -123.75605
   -0.18500E-01    1  -123.75802
   -0.17900E-01    1  -123.75993
   -0.17300E-01    1  -123.76177
   -0.16700E-01    1  -123.76353
   -0.16100E-01    1  -123.76523
   -0.15500E-01    1  -123.76685
   -0.14900E-01    1  -123.76841
   -0.14300E-01    1  -123.76990
   -0.13700E-01    1  -123.77133
   -0.13100E-01    1  -123.77268
   -0.12500E-01    1  -123.77397
   -0.11900E-01    1  -123.77520
   -0.11300E-01    1  -123.77636
   -0.10700E-01    1  -123.77745
   -0.10100E-01    1  -123.77849
   -0.95000E-02    1  -123.77946
   -0.89000E-02    1  -123.78036
   -0.83000E-02    1  -123.78120
   -0.77000E-02    1  -123.78198
   -0.71000E-02    1  -123.78269
   -0.65000E-02    1  -123.78335
   -0.59000E-02    1  -123.78394
   -0.53000E-02    1  -123.78448
   -0.47000E-02    1  -123.78495
   -0.41000E-02    1  -123.78536
   -0.35000E-02    1  -123.78572
   -0.29000E-02    1  -123.78601
   -0.23000E-02    1  -123.78625
   -0.17000E-02    1  -123.78643
   -0.11000E-02    1  -123.78655
   -0.50000E-03    1  -123.78661
    0.10000E-03    1  -123.78661
    0.70000E-03    1  -123.78656
    0.13000E-02    1  -123.78645
    0.19000E-02    1  -123.78629
    0.25000E-02    1  -123.78607
    0.31000E-02    1  -123.78579
    0.37000E-02    1  -123.78546
    0.43000E-02    1  -123.78508
    0.49000E-02    1  -123.78464
    0.55000E-02    1  -123.78415
    0.61000E-02    1  -123.78361
    0.67000E-02    1  -123.78302
    0.73000E-02    1  -123.78237
    0.79000E-02    1  -123.78168
    0.85000E-02    1  -123.78092
    0.91000E-02    1  -123.78011
    0.97000E-02    1  -123.77927
    0.10300E-01    1  -123.77837
    0.10900E-01    1  -123.77742
    0.11500E-01    1  -123.77642
    0.12100E-01    1  -123.77536
    0.12700E-01    1  -123.77427
    0.13300E-01    1  -123.77312
    0.13900E-01    1  -123.77193
    0.14500E-01    1  -123.77068
    0.15100E-01    1  -123.76940
    0.15700E-01    1  -123.76806
    0.16300E-01    1  -123.76667
    0.16900E-01    1  -123.76524
    0.17500E-01    1  -123.76376
    0.18100E-01    1  -123.76223
    0.18700E-01    1  -123.76067
    0.19300E-01    1  -123.75905
    0.20200E-01    1  -123.75234
    0.25000E-01    1  -123.73206
    0.31000E-01    1  -123.70771
    0.37000E-01    1  -123.67960
    0.43000E-01    1  -123.64797
    0.49000E-01    1  -123.61316
    0.55000E-01    1  -123.57527
    0.61000E-01    1  -123.53470
    0.67000E-01    1  -123.49147
    0.73000E-01    1  -123.44596
    0.79000E-01    1  -123.39809
    0.85000E-01    1  -123.34821
    0.91000E-01    1  -123.29642
    0.97000E-01    1  -123.24277
    0.10300        1  -123.18743
    0.10900        1  -123.13080
    0.11500        1  -123.07240
    0.12100        1  -123.01284
    0.12700        1  -122.95186
    0.13300        1  -122.88983
    0.13900        1  -122.82683
    0.14500        1  -122.76282
    0.15100        1  -122.69807
    0.15700        1  -122.63234
    0.16300        1  -122.56591
    0.16900        1  -122.49881
    0.17500        1  -122.43108
    0.18100        1  -122.36265
    0.18700        1  -122.29370
    0.19300        1  -122.22429
    0.19900        1  -122.15435
    0.20500        1  -122.08383
    0.21100        1  -122.01317
    0.21700        1  -121.94216
    0.29500        1  -120.09049
    0.44500        1  -118.44398
    0.59500        1  -117.02032
    0.74500        1  -115.77434
    0.89500        1  -114.66386
     1.0450        1  -113.65660
     1.1950        1  -112.73791
     1.3450        1  -111.89342
     1.4950        1  -111.11071
     1.6450        1  -110.38081
     1.7950        1  -109.69715
     1.9450        1  -109.05318
     2.0950        1  -108.44292
     2.2450        1  -107.86286
     2.3950        1  -107.31046
     2.5450        1  -106.78273
     2.6950        1  -106.27375
     2.8450        1  -105.78640
     2.9950        1  -105.31903
     3.1450        1  -104.88016
     3.2950        1  -104.46294
     3.4450        1  -104.06617
     3.5950        1  -103.68421
     3.7450        1  -103.31659
     3.8950        1  -102.96278
     4.0450        1  -102.62008
     4.1950        1  -102.28828
     4.3450        1  -101.96645
     4.4950        1  -101.65355
     4.6450        1  -101.34951
     4.7950        1  -101.05428
     4.9450        1  -100.76600
     5.0950        1  -100.48481
     5.2450        1  -100.21018
     5.3950        1   -99.94122
     5.5450        1   -99.67906
     5.6950        1   -99.42274
     5.8450        1   -99.17261
     5.9950        1   -98.92838
     6.1450        1   -98.68727
     6.2950        1   -98.45127
     6.4450        1   -98.22017
     6.5950        1   -97.99230
     6.7450        1   -97.76984
     6.8950        1   -97.55153
     7.0450        1   -97.33835
     7.1950        1   -97.12887
     7.3450        1   -96.92415
     7.4950        1   -96.72201
     7.6450        1   -96.52420
     7.7950        1   -96.32940
     7.9450        1   -96.14232
     8.0950        1   -95.95682
     8.2450        1   -95.77554
     8.3950        1   -95.59487
     8.5450        1   -95.41986
     8.6950        1   -95.24619
     8.8450        1   -95.07698
     8.9950        1   -94.91220
     9.1450        1   -94.74946
     9.2950        1   -94.58969
     9.4450        1   -94.43061
     9.5950        1   -94.27167
     9.7450        1   -94.11713
     9.8950        1   -93.96513
     10.045        1   -93.81475
     10.195        1   -93.66392
     10.345        1   -93.51587
     10.495        1   -93.36910
     10.645        1   -93.22153
     10.795        1   -93.07714
     10.945        1   -92.93442
     11.095        1   -92.79721
     11.245        1   -92.65850
     11.395        1   -92.52199
     11.545        1   -92.38494
     11.695        1   -92.25226
     11.845        1   -92.12371
     11.995        1   -91.99693
     12.145        1   -91.87062
     12.295        1   -91.74675
     12.445        1   -91.62283
     12.595        1   -91.50697
     12.745        1   -91.39382
     12.895        1   -91.28173
     13.045        1   -91.17331
     13.195        1   -91.06915
     13.345        1   -90.96430
     13.495        1   -90.86367
     13.645        1   -90.76796
     13.795        1   -90.67348
     13.945        1   -90.58125
     14.095        1   -90.49221
     14.245        1   -90.40481
     14.395        1   -90.31815
     14.545        1   -90.23125
     14.695        1   -90.14888
     14.845        1   -90.06835
     14.995        1   -89.98769
     15.145        1   -89.91205
     15.295        1   -89.83392
     15.445        1   -89.75987
     15.595        1   -89.68642
     15.745        1   -89.61556
     15.895        1   -89.54552
     16.045        1   -89.47473
     16.195        1   -89.40609
     16.345        1   -89.33972
     16.495        1   -89.27138
     16.645        1   -89.20578
     16.795        1   -89.14452
     16.945        1   -89.08165
     17.095        1   -89.01912
     17.245        1   -88.95679
     17.395        1   -88.90120
     17.545        1   -88.84264
     17.695        1   -88.78672
     17.845        1   -88.72811
     17.995        1   -88.67216
     18.145        1   -88.61625
     18.295        1   -88.56558
     18.445        1   -88.51448
     18.595        1   -88.46404
     18.745        1   -88.41538
     18.895        1   -88.36821
     19.045        1   -88.31921
     19.195        1   -88.27273
     19.345        1   -88.22937
     19.495        1   -88.18522
     19.645        1   -88.14494
     19.795        1   -88.10521
     19.945        1   -88.06911
     20.095        1   -88.02960
     20.245        1   -87.99300
     20.395        1   -87.95679
     20.545        1   -87.92159
     20.695        1   -87.88637
     20.845        1   -87.85212
     20.995        1   -87.82071
     21.145        1   -87.79082
     21.295        1   -87.75982
     21.445        1   -87.73043
     21.595        1   -87.70311
     21.745        1   -87.67498
     21.895        1   -87.64871
     22.045        1   -87.62192
     22.195        1   -87.59808
     22.345        1   -87.57361
     22.495        1   -87.55022
     22.645        1   -87.52934
     22.795        1   -87.50476
     22.945        1   -87.48522
     23.095        1   -87.46946
     23.245        1   -87.45103
     23.395        1   -87.43173
     23.545        1   -87.41398
     23.695        1   -87.39684
     23.845        1   -87.37999
     23.995        1   -87.36494
     24.145        1   -87.35056
     24.295        1   -87.33329
     24.445        1   -87.31829
     24.595        1   -87.30221
     24.745        1   -87.28738
     24.895        1   -87.27343
     25.045        1   -87.25936
     25.195        1   -87.24630
     25.345        1   -87.23134
     25.495        1   -87.21661
     25.645        1   -87.20202
     25.795        1   -87.18764
     25.945        1   -87.17433
     26.095        1   -87.16016
     26.245        1   -87.14696
     26.395        1   -87.13394
     26.545        1   -87.12072
     26.695        1   -87.10749
     26.845        1   -87.09340
     26.995        1   -87.07993
     27.145        1   -87.06688
     27.295        1   -87.05473
     27.445        1   -87.04059
     27.595        1   -87.02835
     27.745        1   -87.01489
     27.895        1   -87.00279
     28.045        1   -86.99156
     28.195        1   -86.97884
     28.345        1   -86.96679
     28.495        1   -86.95329
     28.645        1   -86.94201
     28.795        1   -86.92990
     28.945        1   -86.92002
     29.095        1   -86.90801
     29.245        1   -86.89764
     29.395        1   -86.88736
     29.545        1   -86.87603
     29.695        1   -86.86581
     29.845        1   -86.85641
     29.995        1   -86.84672
     30.145        1   -86.83829
     30.295        1   -86.82878
     30.445        1   -86.82009
     30.595        1   -86.81128
     30.745        1   -86.80312
     30.895        1   -86.79406
     31.045        1   -86.78425
     31.195        1   -86.77611
     31.345        1   -86.76836
     31.495        1   -86.76102
     31.645        1   -86.75411
     31.795        1   -86.74632
     31.945        1   -86.73855
     32.095        1   -86.73128
     32.245        1   -86.72317
     32.395        1   -86.71565
     32.545        1   -86.70923
     32.695        1   -86.70384
     32.845        1   -86.69859
     32.995        1   -86.69279
     33.145        1   -86.68750
     33.295        1   -86.68093
     33.445        1   -86.67565
     33.595        1   -86.66999
     33.745        1   -86.66518
     33.895        1   -86.65989
     34.045        1   -86.65466
     34.195        1   -86.64871
     34.345        1   -86.64421
     34.495        1   -86.63960
     34.645        1   -86.63494
     34.795        1   -86.62975
     34.945        1   -86.62528
     35.095        1   -86.62079
     35.245        1   -86.61619
     35.395        1   -86.61164
     35.545        1   -86.60724
     35.695        1   -86.60284
     35.845        1   -86.59799
     35.995        1   -86.59347
     36.145        1   -86.58910
     36.295        1   -86.58470
     36.445        1   -86.58020
     36.595        1   -86.57592
     36.745        1   -86.57168
     36.895        1   -86.56743
     37.045        1   -86.56317
     37.195        1   -86.55877
     37.345        1   -86.55394
     37.495        1   -86.54964
     37.645        1   -86.54541
     37.795        1   -86.54119
     37.945        1   -86.53711
     38.095        1   -86.53293
     38.245        1   -86.52882
     38.395        1   -86.52476
     38.545        1   -86.52071
     38.695        1   -86.51663
     38.845        1   -86.51254
     38.995        1   -86.50853
     39.145        1   -86.50444
     39.295        1   -86.50037
     39.445        1   -86.49640
     39.595        1   -86.49243
     39.745        1   -86.48853
     39.895        1   -86.48455
     40.045        1   -86.48061
     40.195        1   -86.47680
     40.345        1   -86.47293
     40.495        1   -86.46906
     40.645        1   -86.46527
     40.795        1   -86.46155
     40.945        1   -86.45782
     41.095        1   -86.45401
     41.245        1   -86.45029
     41.395        1   -86.44658
     41.545        1   -86.44291
     41.695        1   -86.43939
     41.845        1   -86.43575
     41.995        1   -86.43207
     42.145        1   -86.42840
     42.295        1   -86.42484
     42.445        1   -86.42110
     42.595        1   -86.41752
     42.745        1   -86.41393
     42.895        1   -86.41045
     43.045        1   -86.40690
     43.195        1   -86.40342
     43.345        1   -86.39983
     43.495        1   -86.39643
     43.645        1   -86.39300
     43.795        1   -86.38960
     43.945        1   -86.38621
     44.095        1   -86.38283
     44.245        1   -86.37943
     44.395        1   -86.37602
     44.545        1   -86.37248
     44.695        1   -86.36918
     44.845        1   -86.36582
     44.995        1   -86.36251
     45.145        1   -86.35913
     45.295        1   -86.35580
     45.445        1   -86.35253
     45.595        1   -86.34926
     45.745        1   -86.34589
     45.895        1   -86.34270
     46.045        1   -86.33946
     46.195        1   -86.33614
     46.345        1   -86.33284
     46.495        1   -86.32960
     46.645        1   -86.32642
     46.795        1   -86.32315
     46.945        1   -86.31992
     47.095        1   -86.31689
     47.245        1   -86.31382
     47.395        1   -86.31083
     47.545        1   -86.30775
     47.695        1   -86.30461
     47.845        1   -86.30156
     47.995        1   -86.29852
     48.145        1   -86.29546
     48.295        1   -86.29243
     48.445        1   -86.28943
     48.595        1   -86.28628
     48.745        1   -86.28334
     48.895        1   -86.28038
     49.045        1   -86.27736
     49.195        1   -86.27448
     49.345        1   -86.27146
     49.495        1   -86.26854
     49.645        1   -86.26562
     49.795        1   -86.26282
     49.945        1   -86.25984
     50.095        1   -86.25700
     50.245        1   -86.25406
     50.395        1   -86.25118
     50.545        1   -86.24832
     50.695        1   -86.24546
     50.845        1   -86.24263
     50.995        1   -86.23979
     51.145        1   -86.23695
     51.295        1   -86.23409
     51.445        1   -86.23126
     51.595        1   -86.22847
     51.745        1   -86.22562
     51.895        1   -86.22282
     52.045        1   -86.22011
     52.195        1   -86.21737
     52.345        1   -86.21471
     52.495        1   -86.21199
     52.645        1   -86.20922
     52.795        1   -86.20640
     52.945        1   -86.20364
     53.095        1   -86.20094
     53.245        1   -86.19813
     53.395        1   -86.19541
     53.545        1   -86.19279
     53.695        1   -86.19007
     53.845        1   -86.18740
     53.995        1   -86.18470
     54.145        1   -86.18204
     54.295        1   -86.17946
     54.445        1   -86.17676
     54.595        1   -86.17416
     54.745        1   -86.17153
     54.895        1   -86.16881
     55.045        1   -86.16629
     55.195        1   -86.16371
     55.345        1   -86.16113
     55.495        1   -86.15848
     55.645        1   -86.15583
     55.795        1   -86.15323
     55.945        1   -86.15069
     56.095        1   -86.14810
     56.245        1   -86.14554
     56.395        1   -86.14298
     56.545        1   -86.14044
     56.695        1   -86.13797
     56.845        1   -86.13546
     56.995        1   -86.13302
     57.145        1   -86.13048
     57.295        1   -86.12806
     57.445        1   -86.12551
     57.595        1   -86.12301
     57.745        1   -86.12061
     57.895        1   -86.11821
     58.045        1   -86.11581
     58.195        1   -86.11337
     58.345        1   -86.11098
     58.495        1   -86.10851
     58.645        1   -86.10607
     58.795        1   -86.10368
     58.945        1   -86.10131
     59.095        1   -86.09900
     59.245        1   -86.09658
     59.395        1   -86.09429
     59.545        1   -86.09209
     59.695        1   -86.08977
     59.845        1   -86.08747
     59.995        1   -86.08511
     60.145        1   -86.08275
     70.939        1   -85.78991
     97.698        1   -85.50967
     134.55        1   -85.24516
     185.30        1   -84.99211
     255.20        1   -84.74755
     351.46        1   -84.50993
     484.04        1   -84.27923
     666.62        1   -84.05414
     918.07        1   -83.83456
     1264.4        1   -83.62063
     1741.3        1   -83.41309
     2398.1        1   -83.21050
     3302.7        1   -83.01343
     4548.5        1   -82.82178
     6264.3        1   -82.63478
     8627.2        1   -82.45323
     11881.        1   -82.27622
     16363.        1   -82.10420
     22535.        1   -81.93642
     31036.        1   -81.77313
     42743.        1   -81.61384
     58866.        1   -81.45904
     81070.        1   -81.30800
    0.11165E+06    1   -81.16121
    0.15377E+06    1   -81.01863
    0.21177E+06    1   -80.88059
    0.29165E+06    1   -80.74786
    0.40166E+06    1   -80.62058
    0.55317E+06    1   -80.49945
    0.76182E+06    1   -80.38303
    0.10492E+07    1   -80.27168
    0.14449E+07    1   -80.16560
    0.19900E+07    1   -80.06452
    0.27406E+07    1   -79.96805
    0.37744E+07    1   -79.87609
    0.51981E+07    1   -79.78811
    0.71589E+07    1   -79.70445
    0.98593E+07    1   -79.62449
    0.13578E+08    1   -79.54848
    0.18700E+08    1   -79.47629
    0.25754E+08    1   -79.40751
    0.35468E+08    1   -79.34162
    0.48847E+08    1   -79.27884
    0.67273E+08    1   -79.21915
    0.92648E+08    1   -79.16219
    0.12760E+09    1   -79.10795
    0.17573E+09    1   -79.05651
    0.24201E+09    1   -79.00755
    0.33330E+09    1   -78.96164
    0.45902E+09    1   -78.91890
    0.63217E+09    1   -78.87912
    0.87062E+09    1   -78.84200
    0.11990E+10    1   -78.80733
    0.16513E+10    1   -78.77490
    0.22742E+10    1   -78.74454
    0.31320E+10    1   -78.71622
    0.43134E+10    1   -78.68985
    0.59405E+10    1   -78.66597
    0.81813E+10    1   -78.64412
    0.11267E+11    1   -78.62384
    0.15517E+11    1   -78.60522
    0.21371E+11    1   -78.58816
    0.29432E+11    1   -78.57243
    0.40534E+11    1   -78.55786
    0.55823E+11    1   -78.54429
    0.10000E+12    1   -78.38219
    -149.95        2     0.00000
    -149.79        2     0.00000
    -149.65        2     0.00000
    -149.49        2     0.00000
    -149.34        2     0.00000
    -149.20        2     0.00000
    -149.04        2     0.00000
    -148.90        2     0.00000
    -148.74        2     0.00000
    -148.59        2     0.00000
    -148.45        2     0.00000
    -148.29        2     0.00000
    -148.15        2     0.00000
    -147.99        2     0.00000
    -147.84        2     0.00000
    -147.70        2     0.00000
    -147.54        2     0.00000
    -147.40        2     0.00000
    -147.24        2     0.00000
    -147.09        2     0.00000
    -146.95        2     0.00000
    -146.79        2     0.00000
    -146.65        2     0.00000
    -146.49        2     0.00000
    -146.34        2     0.00000
    -146.20        2     0.00000
    -146.04        2     0.00000
    -145.90        2     0.00000
    -145.74        2     0.00000
    -145.59        2     0.00000
    -145.45        2     0.00000
    -145.29        2     0.00000
    -145.15        2     0.00000
    -144.99        2     0.00000
    -144.84        2     0.00000
    -144.70        2     0.00000
    -144.54        2     0.00000
    -144.40        2     0.00000
    -144.24        2     0.00000
    -144.09        2     0.00000
    -143.95        2     0.00000
    -143.79        2     0.00000
    -143.65        2     0.00000
    -143.49        2     0.00000
    -143.34        2     0.00000
    -143.20        2     0.00000
    -143.04        2     0.00000
    -142.90        2     0.00000
    -142.74        2     0.00000
    -142.59        2     0.00000
    -142.45        2     0.00000
    -142.29        2     0.00000
    -142.15        2     0.00000
    -141.99        2     0.00000
    -141.84        2     0.00000
    -141.70        2     0.00000
    -141.54        2     0.00000
    -141.40        2     0.00000
    -141.24        2     0.00000
    -141.09        2     0.00000
    -140.95        2     0.00000
    -140.79        2     0.00000
    -140.65        2     0.00000
    -140.49        2     0.00000
    -140.34        2     0.00000
    -140.20        2     0.00000
    -140.04        2     0.00000
    -139.90        2     0.00000
    -139.74        2     0.00000
    -139.59        2     0.00000
    -139.45        2     0.00000
    -139.29        2     0.00000
    -139.15        2     0.00000
    -138.99        2     0.00000
    -138.84        2     0.00000
    -138.70        2     0.00000
    -138.54        2     0.00000
    -138.40        2     0.00000
    -138.24        2     0.00000
    -138.09        2     0.00000
    -137.95        2     0.00000
    -137.79        2     0.00000
    -137.65        2     0.00000
    -137.49        2     0.00000
    -137.34        2     0.00000
    -137.20        2     0.00000
    -137.04        2     0.00000
    -136.90        2     0.00000
    -136.74        2     0.00000
    -136.59        2     0.00000
    -136.45        2     0.00000
    -136.29        2     0.00000
    -136.15        2     0.00000
    -135.99        2     0.00000
    -135.84        2     0.00000
    -135.70        2     0.00000
    -135.54        2     0.00000
    -135.40        2     0.00000
    -135.24        2     0.00000
    -135.09        2     0.00000
    -134.95        2     0.00000
    -134.79        2     0.00000
    -134.65        2     0.00000
    -134.49        2     0.00000
    -134.34        2     0.00000
    -134.20        2     0.00000
    -134.04        2     0.00000
    -133.90        2     0.00000
    -133.74        2     0.00000
    -133.59        2     0.00000
    -133.45        2     0.00000
    -133.29        2     0.00000
    -133.15        2     0.00000
    -132.99        2     0.00000
    -132.84        2     0.00000
    -132.70        2     0.00000
    -132.54        2     0.00000
    -132.40        2     0.00000
    -132.24        2     0.00000
    -132.09        2     0.00000
    -131.95        2     0.00000
    -131.79        2     0.00000
    -131.65        2     0.00000
    -131.49        2     0.00000
    -131.34        2     0.00000
    -131.20        2     0.00000
    -131.04        2     0.00000
    -130.90        2     0.00000
    -130.74        2     0.00000
    -130.59        2     0.00000
    -130.45        2     0.00000
    -130.29        2     0.00000
    -130.15        2     0.00000
    -129.99        2     0.00000
    -129.84        2     0.00000
    -129.70        2     0.00000
    -129.54        2     0.00000
    -129.40        2     0.00000
    -129.24        2     0.00000
    -129.09        2     0.00000
    -128.95        2     0.00000
    -128.79        2     0.00000
    -128.65        2     0.00000
    -128.49        2     0.00000
    -128.34        2     0.00000
    -128.20        2     0.00000
    -128.04        2     0.00000
    -127.89        2     0.00000
    -127.75        2     0.00000
    -127.60        2     0.00000
    -127.44        2     0.00000
    -127.30        2     0.00000
    -127.14        2     0.00000
    -127.00        2     0.00000
    -126.85        2     0.00000
    -126.69        2     0.00000
    -126.55        2     0.00000
    -126.39        2     0.00000
    -126.25        2     0.00000
    -126.10        2     0.00000
    -125.94        2     0.00000
    -125.80        2     0.00000
    -125.64        2     0.00000
    -125.50        2     0.00000
    -125.35        2     0.00000
    -125.19        2     0.00000
    -125.05        2     0.00000
    -124.89        2     0.00000
    -124.75        2     0.00000
    -124.60        2     0.00000
    -124.44        2     0.00000
    -124.30        2     0.00000
    -124.14        2     0.00000
    -124.00        2     0.00000
    -123.85        2     0.00000
    -123.69        2     0.00000
    -123.55        2     0.00000
    -123.39        2     0.00000
    -123.25        2     0.00000
    -123.10        2     0.00000
    -122.94        2     0.00000
    -122.80        2     0.00000
    -122.64        2     0.00000
    -122.50        2     0.00000
    -122.35        2     0.00000
    -122.19        2     0.00000
    -122.05        2     0.00000
    -121.89        2     0.00000
    -121.75        2     0.00000
    -121.60        2     0.00000
    -121.44        2     0.00000
    -121.30        2     0.00000
    -121.14        2     0.00000
    -121.00        2     0.00000
    -120.85        2     0.00000
    -120.69        2     0.00000
    -120.55        2     0.00000
    -120.39        2     0.00000
    -120.25        2     0.00000
    -120.10        2     0.00000
    -119.94        2     0.00000
    -119.80        2     0.00000
    -119.64        2     0.00000
    -119.50        2     0.00000
    -119.35        2     0.00000
    -119.19        2     0.00000
    -119.05        2     0.00000
    -118.89        2     0.00000
    -118.75        2     0.00000
    -118.60        2     0.00000
    -118.44        2     0.00000
    -118.30        2     0.00000
    -118.14        2     0.00000
    -118.00        2     0.00000
    -117.85        2     0.00000
    -117.69        2     0.00000
    -117.55        2     0.00000
    -117.39        2     0.00000
    -117.25        2     0.00000
    -117.10        2     0.00000
    -116.94        2     0.00000
    -116.80        2     0.00000
    -116.64        2     0.00000
    -116.50        2     0.00000
    -116.35        2     0.00000
    -116.19        2     0.00000
    -116.05        2     0.00000
    -115.89        2     0.00000
    -115.75        2     0.00000
    -115.60        2     0.00000
    -115.44        2     0.00000
    -115.30        2     0.00000
    -115.14        2     0.00000
    -115.00        2     0.00000
    -114.85        2     0.00000
    -114.69        2     0.00000
    -114.55        2     0.00000
    -114.39        2     0.00000
    -114.25        2     0.00000
    -114.10        2     0.00000
    -113.94        2     0.00000
    -113.80        2     0.00000
    -113.64        2     0.00000
    -113.50        2     0.00000
    -113.35        2     0.00000
    -113.19        2     0.00000
    -113.05        2     0.00000
    -112.89        2     0.00000
    -112.75        2     0.00000
    -112.60        2     0.00000
    -112.44        2     0.00000
    -112.30        2     0.00000
    -112.14        2     0.00000
    -112.00        2     0.00000
    -111.85        2     0.00000
    -111.69        2     0.00000
    -111.55        2     0.00000
    -111.39        2     0.00000
    -111.25        2     0.00000
    -111.10        2     0.00000
    -110.94        2     0.00000
    -110.80        2     0.00000
    -110.64        2     0.00000
    -110.50        2     0.00000
    -110.35        2     0.00000
    -110.19        2     0.00000
    -110.05        2     0.00000
    -109.89        2     0.00000
    -109.75        2     0.00000
    -109.60        2     0.00000
    -109.44        2     0.00000
    -109.30        2     0.00000
    -109.14        2     0.00000
    -109.00        2     0.00000
    -108.85        2     0.00000
    -108.69        2     0.00000
    -108.55        2     0.00000
    -108.39        2     0.00000
    -108.25        2     0.00000
    -108.10        2     0.00000
    -107.94        2     0.00000
    -107.80        2     0.00000
    -107.64        2     0.00000
    -107.50        2     0.00000
    -107.35        2     0.00000
    -107.19        2     0.00000
    -107.05        2     0.00000
    -106.89        2     0.00000
    -106.75        2     0.00000
    -106.60        2     0.00000
    -106.44        2     0.00000
    -106.30        2     0.00000
    -106.14        2     0.00000
    -106.00        2     0.00000
    -105.85        2     0.00000
    -105.69        2     0.00000
    -105.55        2     0.00000
    -105.39        2     0.00000
    -105.25        2     0.00000
    -105.10        2     0.00000
    -104.94        2     0.00000
    -104.80        2     0.00000
    -104.64        2     0.00000
    -104.50        2     0.00000
    -104.35        2     0.00000
    -104.19        2     0.00000
    -104.05        2     0.00000
    -103.89        2     0.00000
    -103.75        2     0.00000
    -103.60        2     0.00000
    -103.44        2     0.00000
    -103.30        2     0.00000
    -103.14        2     0.00000
    -103.00        2     0.00000
    -102.85        2     0.00000
    -102.69        2     0.00000
    -102.55        2     0.00000
    -102.39        2     0.00000
    -102.25        2     0.00000
    -102.10        2     0.00000
    -101.94        2     0.00000
    -101.80        2     0.00000
    -101.64        2     0.00000
    -101.50        2     0.00000
    -101.35        2     0.00000
    -101.19        2     0.00000
    -101.05        2     0.00000
    -100.89        2     0.00000
    -100.75        2     0.00000
    -100.60        2     0.00000
    -100.44        2     0.00000
    -100.30        2     0.00000
    -100.14        2     0.00000
    -99.995        2     0.00000
    -99.845        2     0.00000
    -99.695        2     0.00000
    -99.545        2     0.00000
    -99.395        2     0.00000
    -99.245        2     0.00000
    -99.095        2     0.00000
    -98.945        2     0.00000
    -98.795        2     0.00000
    -98.645        2     0.00000
    -98.495        2     0.00000
    -98.345        2     0.00000
    -98.195        2     0.00000
    -98.045        2     0.00000
    -97.895        2     0.00000
    -97.745        2     0.00000
    -97.595        2     0.00000
    -97.445        2     0.00000
    -97.295        2     0.00000
    -97.145        2     0.00000
    -96.995        2     0.00000
    -96.845        2     0.00000
    -96.695        2     0.00000
    -96.545        2     0.00000
    -96.395        2     0.00000
    -96.245        2     0.00000
    -96.095        2     0.00000
    -95.945        2     0.00000
    -95.795        2     0.00000
    -95.645        2     0.00000
    -95.495        2     0.00000
    -95.345        2     0.00000
    -95.195        2     0.00000
    -95.045        2     0.00000
    -94.895        2     0.00000
    -94.745        2     0.00000
    -94.595        2     0.00000
    -94.445        2     0.00000
    -94.295        2     0.00000
    -94.145        2     0.00000
    -93.995        2     0.00000
    -93.845        2     0.00000
    -93.695        2     0.00000
    -93.545        2     0.00000
    -93.395        2     0.00000
    -93.245        2     0.00000
    -93.095        2     0.00000
    -92.945        2     0.00000
    -92.795        2     0.00000
    -92.645        2     0.00000
    -92.495        2     0.00000
    -92.345        2     0.00000
    -92.195        2     0.00000
    -92.045        2     0.00000
    -91.895        2     0.00000
    -91.745        2     0.00000
    -91.595        2     0.00000
    -91.445        2     0.00000
    -91.295        2     0.00000
    -91.145        2     0.00000
    -90.995        2     0.00000
    -90.845        2     0.00000
    -90.695        2     0.00000
    -90.545        2     0.00000
    -90.395        2     0.00000
    -90.245        2     0.00000
    -90.095        2     0.00000
    -89.945        2     0.00000
    -89.795        2     0.00000
    -89.645        2     0.00000
    -89.495        2     0.00000
    -89.345        2     0.00000
    -89.195        2     0.00000
    -89.045        2     0.00000
    -88.895        2     0.00000
    -88.745        2     0.00000
    -88.595        2     0.00000
    -88.445        2     0.00000
    -88.295        2     0.00000
    -88.145        2     0.00000
    -87.995        2     0.00000
    -87.845        2     0.00000
    -87.695        2     0.00000
    -87.545        2     0.00000
    -87.395        2     0.00000
    -87.245        2     0.00000
    -87.095        2     0.00000
    -86.945        2     0.00000
    -86.795        2     0.00000
    -86.645        2     0.00000
    -86.495        2     0.00000
    -86.345        2     0.00000
    -86.195        2     0.00000
    -86.045        2     0.00000
    -85.895        2     0.00000
    -85.745        2     0.00000
    -85.595        2     0.00000
    -85.445        2     0.00000
    -85.295        2     0.00000
    -85.145        2     0.00000
    -84.995        2     0.00000
    -84.845        2     0.00000
    -84.695        2     0.00000
    -84.545        2     0.00000
    -84.395        2     0.00000
    -84.245        2     0.00000
    -84.095        2     0.00000
    -83.945        2     0.00000
    -83.795        2     0.00000
    -83.645        2     0.00000
    -83.495        2     0.00000
    -83.345        2     0.00000
    -83.195        2     0.00000
    -83.045        2     0.00000
    -82.895        2     0.00000
    -82.745        2     0.00000
    -82.595        2     0.00000
    -82.445        2     0.00000
    -82.295        2     0.00000
    -82.145        2     0.00000
    -81.995        2     0.00000
    -81.845        2     0.00000
    -81.695        2     0.00000
    -81.545        2     0.00000
    -81.395        2     0.00000
    -81.245        2     0.00000
    -81.095        2     0.00000
    -80.945        2     0.00000
    -80.795        2     0.00000
    -80.645        2     0.00000
    -80.495        2     0.00000
    -80.345        2     0.00000
    -80.195        2     0.00000
    -80.045        2     0.00000
    -79.895        2     0.00000
    -79.745        2     0.00000
    -79.595        2     0.00000
    -79.445        2     0.00000
    -79.295        2     0.00000
    -79.145        2     0.00000
    -78.995        2     0.00000
    -78.845        2     0.00000
    -78.695        2     0.00000
    -78.545        2     0.00000
    -78.395        2     0.00000
    -78.245        2     0.00000
    -78.095        2     0.00000
    -77.945        2     0.00000
    -77.795        2     0.00000
    -77.645        2     0.00000
    -77.495        2     0.00000
    -77.345        2     0.00000
    -77.195        2     0.00000
    -77.045        2     0.00000
    -76.895        2     0.00000
    -76.745        2     0.00000
    -76.595        2     0.00000
    -76.445        2     0.00000
    -76.295        2     0.00000
    -76.145        2     0.00000
    -75.995        2     0.00000
    -75.845        2     0.00000
    -75.695        2     0.00000
    -75.545        2     0.00000
    -75.395        2     0.00000
    -75.245        2     0.00000
    -75.095        2     0.00000
    -74.945        2     0.00000
    -74.795        2     0.00000
    -74.645        2     0.00000
    -74.495        2     0.00000
    -74.345        2     0.00000
    -74.195        2     0.00000
    -74.045        2     0.00000
    -73.895        2     0.00000
    -73.745        2     0.00000
    -73.595        2     0.00000
    -73.445        2     0.00000
    -73.295        2     0.00000
    -73.145        2     0.00000
    -72.995        2     0.00000
    -72.845        2     0.00000
    -72.695        2     0.00000
    -72.545        2     0.00000
    -72.395        2     0.00000
    -72.245        2     0.00000
    -72.095        2     0.00000
    -71.945        2     0.00000
    -71.795        2     0.00000
    -71.645        2     0.00000
    -71.495        2     0.00000
    -71.345        2     0.00000
    -71.195        2     0.00000
    -71.045        2     0.00000
    -70.895        2     0.00000
    -70.745        2     0.00000
    -70.595        2     0.00000
    -70.445        2     0.00000
    -70.295        2     0.00000
    -70.145        2     0.00000
    -69.995        2     0.00000
    -69.845        2     0.00000
    -69.695        2     0.00000
    -69.545        2     0.00000
    -69.395        2     0.00000
    -69.245        2     0.00000
    -69.095        2     0.00000
    -68.945        2     0.00000
    -68.795        2     0.00000
    -68.645        2     0.00000
    -68.495        2     0.00000
    -68.345        2     0.00000
    -68.195        2     0.00000
    -68.045        2     0.00000
    -67.895        2     0.00000
    -67.745        2     0.00000
    -67.595        2     0.00000
    -67.445        2     0.00000
    -67.295        2     0.00000
    -67.145        2     0.00000
    -66.995        2     0.00000
    -66.845        2    -0.51106
    -66.695        2    -1.93314
    -66.545        2    -3.76460
    -66.395        2    -5.71882
    -66.245        2    -7.69898
    -66.095        2    -9.63002
    -65.945        2   -11.44292
    -65.795        2   -13.14268
    -65.645        2   -14.68588
    -65.495        2   -16.09240
    -65.345        2   -17.31308
    -65.195        2   -18.42434
    -65.045        2   -19.36368
    -64.895        2   -20.19123
    -64.745        2   -20.90805
    -64.595        2   -21.51492
    -64.445        2   -22.04388
    -64.295        2   -22.49778
    -64.145        2   -22.89210
    -63.995        2   -23.21660
    -63.845        2   -23.49684
    -63.695        2   -23.74005
    -63.545        2   -23.93559
    -63.395        2   -24.09215
    -63.245        2   -24.23457
    -63.095        2   -24.35269
    -62.945        2   -24.45397
    -62.795        2   -24.54281
    -62.645        2   -24.61461
    -62.495        2   -24.67576
    -62.345        2   -24.72955
    -62.195        2   -24.77052
    -62.045        2   -24.80530
    -61.895        2   -24.83809
    -61.745        2   -24.86326
    -61.595        2   -24.88977
    -61.445        2   -24.90991
    -61.295        2   -24.92665
    -61.145        2   -24.94423
    -60.995        2   -24.95675
    -60.845        2   -24.96976
    -60.695        2   -24.97903
    -60.545        2   -24.98719
    -60.395        2   -24.99473
    -60.245        2   -25.00229
    -60.095        2   -25.01367
    -59.945        2   -25.02600
    -59.795        2   -25.03676
    -59.645        2   -25.05040
    -59.495        2   -25.06355
    -59.345        2   -25.07846
    -59.195        2   -25.09079
    -59.045        2   -25.10692
    -58.895        2   -25.12378
    -58.745        2   -25.14337
    -58.595        2   -25.16227
    -58.445        2   -25.18698
    -58.295        2   -25.21078
    -58.145        2   -25.28133
    -57.995        2   -25.39432
    -57.845        2   -25.54903
    -57.695        2   -25.72424
    -57.545        2   -25.92649
    -57.395        2   -26.16618
    -57.245        2   -26.43958
    -57.095        2   -26.77554
    -56.945        2   -27.16484
    -56.795        2   -27.63937
    -56.645        2   -28.21008
    -56.495        2   -28.89004
    -56.345        2   -29.67053
    -56.195        2   -30.60895
    -56.045        2   -31.67520
    -55.895        2   -32.78908
    -55.745        2   -33.91452
    -55.595        2   -35.04362
    -55.445        2   -36.14091
    -55.295        2   -37.23778
    -55.145        2   -38.30992
    -54.995        2   -39.35348
    -54.845        2   -40.34913
    -54.695        2   -41.31413
    -54.545        2   -42.25684
    -54.395        2   -43.15446
    -54.245        2   -44.00135
    -54.095        2   -44.82863
    -53.945        2   -45.59516
    -53.795        2   -46.33788
    -53.645        2   -47.04223
    -53.495        2   -47.70162
    -53.345        2   -48.33242
    -53.195        2   -48.92475
    -53.045        2   -49.49173
    -52.895        2   -50.03172
    -52.745        2   -50.54449
    -52.595        2   -51.01821
    -52.445        2   -51.47794
    -52.295        2   -51.90900
    -52.145        2   -52.33275
    -51.995        2   -52.72837
    -51.845        2   -53.10494
    -51.695        2   -53.45687
    -51.545        2   -53.80426
    -51.395        2   -54.13510
    -51.245        2   -54.44891
    -51.095        2   -54.75915
    -50.945        2   -55.06233
    -50.795        2   -55.34634
    -50.645        2   -55.62024
    -50.495        2   -55.89793
    -50.345        2   -56.15803
    -50.195        2   -56.41457
    -50.045        2   -56.66434
    -49.895        2   -56.90432
    -49.745        2   -57.14092
    -49.595        2   -57.37791
    -49.445        2   -57.61208
    -49.295        2   -57.83595
    -49.145        2   -58.05404
    -48.995        2   -58.27420
    -48.845        2   -58.49516
    -48.695        2   -58.71203
    -48.545        2   -58.92980
    -48.395        2   -59.15313
    -48.245        2   -59.37088
    -48.095        2   -59.59499
    -47.945        2   -59.80506
    -47.795        2   -60.01130
    -47.645        2   -60.23096
    -47.495        2   -60.44116
    -47.345        2   -60.64913
    -47.195        2   -60.85811
    -47.045        2   -61.06523
    -46.895        2   -61.27468
    -46.745        2   -61.47741
    -46.595        2   -61.67840
    -46.445        2   -61.87676
    -46.295        2   -62.07775
    -46.145        2   -62.26749
    -45.995        2   -62.46157
    -45.845        2   -62.65259
    -45.695        2   -62.84648
    -45.545        2   -63.02943
    -45.395        2   -63.21922
    -45.245        2   -63.38838
    -45.095        2   -63.56691
    -44.945        2   -63.73633
    -44.795        2   -63.90869
    -44.645        2   -64.07775
    -44.495        2   -64.23289
    -44.345        2   -64.38469
    -44.195        2   -64.53772
    -44.045        2   -64.68154
    -43.895        2   -64.82574
    -43.745        2   -64.96741
    -43.595        2   -65.10745
    -43.445        2   -65.24063
    -43.295        2   -65.37002
    -43.145        2   -65.49897
    -42.995        2   -65.62384
    -42.845        2   -65.74181
    -42.695        2   -65.86304
    -42.545        2   -65.97899
    -42.395        2   -66.09408
    -42.245        2   -66.21001
    -42.095        2   -66.32590
    -41.945        2   -66.43289
    -41.795        2   -66.53898
    -41.645        2   -66.64398
    -41.495        2   -66.74839
    -41.345        2   -66.85202
    -41.195        2   -66.95118
    -41.045        2   -67.05054
    -40.895        2   -67.15416
    -40.745        2   -67.25028
    -40.595        2   -67.34463
    -40.445        2   -67.43744
    -40.295        2   -67.53026
    -40.145        2   -67.61953
    -39.995        2   -67.71139
    -39.845        2   -67.80154
    -39.695        2   -67.88649
    -39.545        2   -67.96880
    -39.395        2   -68.05132
    -39.245        2   -68.12975
    -39.095        2   -68.21516
    -38.945        2   -68.30025
    -38.795        2   -68.37811
    -38.645        2   -68.46369
    -38.495        2   -68.54762
    -38.345        2   -68.63028
    -38.195        2   -68.71409
    -38.045        2   -68.79664
    -37.895        2   -68.87955
    -37.745        2   -68.96068
    -37.595        2   -69.04335
    -37.445        2   -69.12408
    -37.295        2   -69.20523
    -37.145        2   -69.28512
    -36.995        2   -69.36266
    -36.845        2   -69.44513
    -36.695        2   -69.52480
    -36.545        2   -69.60857
    -36.395        2   -69.69148
    -36.245        2   -69.77503
    -36.095        2   -69.85984
    -35.945        2   -69.94729
    -35.795        2   -70.02994
    -35.645        2   -70.11661
    -35.495        2   -70.20128
    -35.345        2   -70.29204
    -35.195        2   -70.37911
    -35.045        2   -70.46756
    -34.895        2   -70.55641
    -34.745        2   -70.64595
    -34.595        2   -70.73495
    -34.445        2   -70.82451
    -34.295        2   -70.91315
    -34.145        2   -71.00425
    -33.995        2   -71.09419
    -33.845        2   -71.18059
    -33.695        2   -71.26645
    -33.545        2   -71.34854
    -33.395        2   -71.43155
    -33.245        2   -71.51717
    -33.095        2   -71.60030
    -32.945        2   -71.67915
    -32.795        2   -71.76223
    -32.645        2   -71.84448
    -32.495        2   -71.92428
    -32.345        2   -71.99894
    -32.195        2   -72.07422
    -32.045        2   -72.14869
    -31.895        2   -72.22664
    -31.745        2   -72.29896
    -31.595        2   -72.37390
    -31.445        2   -72.44670
    -31.295        2   -72.52286
    -31.145        2   -72.59865
    -30.995        2   -72.66809
    -30.845        2   -72.73993
    -30.695        2   -72.80779
    -30.545        2   -72.87252
    -30.395        2   -72.94069
    -30.245        2   -73.00534
    -30.095        2   -73.06847
    -29.945        2   -73.13340
    -29.795        2   -73.19423
    -29.645        2   -73.25459
    -29.495        2   -73.31426
    -29.345        2   -73.37315
    -29.195        2   -73.43204
    -29.045        2   -73.49112
    -28.895        2   -73.54967
    -28.745        2   -73.60540
    -28.595        2   -73.66016
    -28.445        2   -73.71616
    -28.295        2   -73.76894
    -28.145        2   -73.82054
    -27.995        2   -73.87450
    -27.845        2   -73.92239
    -27.695        2   -73.97725
    -27.545        2   -74.02672
    -27.395        2   -74.07442
    -27.245        2   -74.11949
    -27.095        2   -74.16870
    -26.945        2   -74.21717
    -26.795        2   -74.26644
    -26.645        2   -74.30856
    -26.495        2   -74.35690
    -26.345        2   -74.40070
    -26.195        2   -74.44559
    -26.045        2   -74.49105
    -25.895        2   -74.53412
    -25.745        2   -74.58073
    -25.595        2   -74.62436
    -25.445        2   -74.67135
    -25.295        2   -74.71514
    -25.145        2   -74.75908
    -24.995        2   -74.80046
    -24.845        2   -74.84477
    -24.695        2   -74.88624
    -24.545        2   -74.92890
    -24.395        2   -74.96859
    -24.245        2   -75.00991
    -24.095        2   -75.05053
    -23.945        2   -75.09160
    -23.795        2   -75.13160
    -23.645        2   -75.17389
    -23.495        2   -75.21380
    -23.345        2   -75.25584
    -23.195        2   -75.29886
    -23.045        2   -75.33921
    -22.895        2   -75.38186
    -22.745        2   -75.42281
    -22.595        2   -75.46493
    -22.445        2   -75.50869
    -22.295        2   -75.55124
    -22.145        2   -75.59614
    -21.995        2   -75.63803
    -21.845        2   -75.68246
    -21.695        2   -75.72674
    -21.545        2   -75.76907
    -21.395        2   -75.81913
    -21.245        2   -75.86425
    -21.095        2   -75.90823
    -20.945        2   -75.95680
    -20.795        2   -76.00499
    -20.645        2   -76.05486
    -20.495        2   -76.10328
    -20.345        2   -76.15638
    -20.195        2   -76.20555
    -20.045        2   -76.25463
    -19.895        2   -76.30644
    -19.745        2   -76.36337
    -19.595        2   -76.41395
    -19.445        2   -76.46635
    -19.295        2   -76.52068
    -19.145        2   -76.57502
    -18.995        2   -76.63208
    -18.845        2   -76.68935
    -18.695        2   -76.74461
    -18.545        2   -76.80104
    -18.395        2   -76.85653
    -18.245        2   -76.91383
    -18.095        2   -76.97358
    -17.945        2   -77.03696
    -17.795        2   -77.09619
    -17.645        2   -77.15553
    -17.495        2   -77.21579
    -17.345        2   -77.27738
    -17.195        2   -77.34106
    -17.045        2   -77.40169
    -16.895        2   -77.46650
    -16.745        2   -77.53267
    -16.595        2   -77.59993
    -16.445        2   -77.66419
    -16.295        2   -77.72973
    -16.145        2   -77.80160
    -15.995        2   -77.86823
    -15.845        2   -77.93674
    -15.695        2   -78.00679
    -15.545        2   -78.07969
    -15.395        2   -78.15113
    -15.245        2   -78.22675
    -15.095        2   -78.30091
    -14.945        2   -78.37854
    -14.795        2   -78.45551
    -14.645        2   -78.52999
    -14.495        2   -78.60969
    -14.345        2   -78.68751
    -14.195        2   -78.77205
    -14.045        2   -78.85771
    -13.895        2   -78.94170
    -13.745        2   -79.02707
    -13.595        2   -79.11640
    -13.445        2   -79.20113
    -13.295        2   -79.29161
    -13.145        2   -79.38366
    -12.995        2   -79.47766
    -12.845        2   -79.57341
    -12.695        2   -79.67138
    -12.545        2   -79.77576
    -12.395        2   -79.87676
    -12.245        2   -79.98433
    -12.095        2   -80.09162
    -11.945        2   -80.20147
    -11.795        2   -80.31371
    -11.645        2   -80.43092
    -11.495        2   -80.55242
    -11.345        2   -80.67357
    -11.195        2   -80.79704
    -11.045        2   -80.92349
    -10.895        2   -81.05083
    -10.745        2   -81.18134
    -10.595        2   -81.31100
    -10.445        2   -81.44465
    -10.295        2   -81.58248
    -10.145        2   -81.72462
    -9.9950        2   -81.86441
    -9.8450        2   -82.00910
    -9.6950        2   -82.15491
    -9.5450        2   -82.30514
    -9.3950        2   -82.45665
    -9.2450        2   -82.60821
    -9.0950        2   -82.76413
    -8.9450        2   -82.92438
    -8.7950        2   -83.08853
    -8.6450        2   -83.25197
    -8.4950        2   -83.41794
    -8.3450        2   -83.58891
    -8.1950        2   -83.76379
    -8.0450        2   -83.94234
    -7.8950        2   -84.12264
    -7.7450        2   -84.30792
    -7.5950        2   -84.49464
    -7.4450        2   -84.68468
    -7.2950        2   -84.88109
    -7.1450        2   -85.08082
    -6.9950        2   -85.28456
    -6.8450        2   -85.49326
    -6.6950        2   -85.70797
    -6.5450        2   -85.92500
    -6.3950        2   -86.14441
    -6.2450        2   -86.37301
    -6.0950        2   -86.60609
    -5.9450        2   -86.84450
    -5.7950        2   -87.09131
    -5.6450        2   -87.34091
    -5.4950        2   -87.59941
    -5.3450        2   -87.86429
    -5.1950        2   -88.13786
    -5.0450        2   -88.42056
    -4.8950        2   -88.71309
    -4.7450        2   -89.01515
    -4.5950        2   -89.32968
    -4.4450        2   -89.65250
    -4.2950        2   -89.98722
    -4.1450        2   -90.33371
    -3.9950        2   -90.69494
    -3.8450        2   -91.06807
    -3.6950        2   -91.46034
    -3.5450        2   -91.87210
    -3.3950        2   -92.30344
    -3.2450        2   -92.74980
    -3.0950        2   -93.21156
    -2.9450        2   -93.69350
    -2.7950        2   -94.19729
    -2.6450        2   -94.72066
    -2.4950        2   -95.26910
    -2.3450        2   -95.84462
    -2.1950        2   -96.45288
    -2.0450        2   -97.09428
    -1.8950        2   -97.77277
    -1.7450        2   -98.49105
    -1.5950        2   -99.25883
    -1.4450        2  -100.08087
    -1.2950        2  -100.96783
    -1.1450        2  -101.92885
   -0.99500        2  -102.98536
   -0.84500        2  -104.15900
   -0.69500        2  -105.48350
   -0.54500        2  -106.99782
   -0.39500        2  -108.75260
   -0.25300        2  -109.93627
   -0.21500        2  -110.00775
   -0.20900        2  -110.07890
   -0.20300        2  -110.14990
   -0.19700        2  -110.22001
   -0.19100        2  -110.28982
   -0.18500        2  -110.35891
   -0.17900        2  -110.42747
   -0.17300        2  -110.49543
   -0.16700        2  -110.56277
   -0.16100        2  -110.62934
   -0.15500        2  -110.69507
   -0.14900        2  -110.75988
   -0.14300        2  -110.82355
   -0.13700        2  -110.88629
   -0.13100        2  -110.94793
   -0.12500        2  -111.00846
   -0.11900        2  -111.06768
   -0.11300        2  -111.12562
   -0.10700        2  -111.18210
   -0.10100        2  -111.23689
   -0.95000E-01    2  -111.28998
   -0.89000E-01    2  -111.34122
   -0.83000E-01    2  -111.39059
   -0.77000E-01    2  -111.43790
   -0.71000E-01    2  -111.48276
   -0.65000E-01    2  -111.52527
   -0.59000E-01    2  -111.56506
   -0.53000E-01    2  -111.60202
   -0.47000E-01    2  -111.63593
   -0.41000E-01    2  -111.66653
   -0.35000E-01    2  -111.69355
   -0.29000E-01    2  -111.71676
   -0.23000E-01    2  -111.73580
   -0.19700E-01    2  -111.73746
   -0.19100E-01    2  -111.73909
   -0.18500E-01    2  -111.74067
   -0.17900E-01    2  -111.74220
   -0.17300E-01    2  -111.74368
   -0.16700E-01    2  -111.74511
   -0.16100E-01    2  -111.74650
   -0.15500E-01    2  -111.74785
   -0.14900E-01    2  -111.74915
   -0.14300E-01    2  -111.75040
   -0.13700E-01    2  -111.75161
   -0.13100E-01    2  -111.75277
   -0.12500E-01    2  -111.75387
   -0.11900E-01    2  -111.75493
   -0.11300E-01    2  -111.75593
   -0.10700E-01    2  -111.75689
   -0.10100E-01    2  -111.75780
   -0.95000E-02    2  -111.75866
   -0.89000E-02    2  -111.75947
   -0.83000E-02    2  -111.76023
   -0.77000E-02    2  -111.76094
   -0.71000E-02    2  -111.76159
   -0.65000E-02    2  -111.76220
   -0.59000E-02    2  -111.76275
   -0.53000E-02    2  -111.76325
   -0.47000E-02    2  -111.76369
   -0.41000E-02    2  -111.76409
   -0.35000E-02    2  -111.76442
   -0.29000E-02    2  -111.76470
   -0.23000E-02    2  -111.76493
   -0.17000E-02    2  -111.76511
   -0.11000E-02    2  -111.76522
   -0.50000E-03    2  -111.76528
    0.10000E-03    2  -111.76529
    0.70000E-03    2  -111.76524
    0.13000E-02    2  -111.76513
    0.19000E-02    2  -111.76496
    0.25000E-02    2  -111.76473
    0.31000E-02    2  -111.76445
    0.37000E-02    2  -111.76411
    0.43000E-02    2  -111.76372
    0.49000E-02    2  -111.76325
    0.55000E-02    2  -111.76273
    0.61000E-02    2  -111.76214
    0.67000E-02    2  -111.76149
    0.73000E-02    2  -111.76079
    0.79000E-02    2  -111.76002
    0.85000E-02    2  -111.75919
    0.91000E-02    2  -111.75830
    0.97000E-02    2  -111.75734
    0.10300E-01    2  -111.75632
    0.10900E-01    2  -111.75523
    0.11500E-01    2  -111.75409
    0.12100E-01    2  -111.75287
    0.12700E-01    2  -111.75158
    0.13300E-01    2  -111.75023
    0.13900E-01    2  -111.74881
    0.14500E-01    2  -111.74732
    0.15100E-01    2  -111.74578
    0.15700E-01    2  -111.74416
    0.16300E-01    2  -111.74247
    0.16900E-01    2  -111.74072
    0.17500E-01    2  -111.73891
    0.18100E-01    2  -111.73703
    0.18700E-01    2  -111.73507
    0.19300E-01    2  -111.73302
    0.20200E-01    2  -111.72443
    0.25000E-01    2  -111.69698
    0.31000E-01    2  -111.66169
    0.37000E-01    2  -111.61786
    0.43000E-01    2  -111.56487
    0.49000E-01    2  -111.50213
    0.55000E-01    2  -111.42865
    0.61000E-01    2  -111.34385
    0.67000E-01    2  -111.24666
    0.73000E-01    2  -111.13630
    0.79000E-01    2  -111.01158
    0.85000E-01    2  -110.87169
    0.91000E-01    2  -110.71544
    0.97000E-01    2  -110.54147
    0.10300        2  -110.34895
    0.10900        2  -110.13572
    0.11500        2  -109.90071
    0.12100        2  -109.64203
    0.12700        2  -109.35794
    0.13300        2  -109.04621
    0.13900        2  -108.70481
    0.14500        2  -108.33092
    0.15100        2  -107.92150
    0.15700        2  -107.47264
    0.16300        2  -106.98078
    0.16900        2  -106.44053
    0.17500        2  -105.84660
    0.18100        2  -105.19117
    0.18700        2  -104.45609
    0.19300        2  -103.65408
    0.19900        2  -102.79050
    0.20500        2  -101.86154
    0.21100        2  -100.86532
    0.21700        2   -99.79692
    0.29500        2   -60.68723
    0.44500        2   -36.82097
    0.59500        2   -24.29337
    0.74500        2   -17.36549
    0.89500        2   -13.03573
     1.0450        2    -9.89115
     1.1950        2    -7.46316
     1.3450        2    -5.60446
     1.4950        2    -4.09367
     1.6450        2    -2.81865
     1.7950        2    -1.71614
     1.9450        2    -0.74980
     2.0950        2     0.11034
     2.2450        2     0.88043
     2.3950        2     1.57645
     2.5450        2     2.21130
     2.6950        2     2.79293
     2.8450        2     3.33201
     2.9950        2     3.83148
     3.1450        2     4.29486
     3.2950        2     4.72591
     3.4450        2     5.12429
     3.5950        2     5.49384
     3.7450        2     5.83827
     3.8950        2     6.15897
     4.0450        2     6.45974
     4.1950        2     6.74407
     4.3450        2     7.00870
     4.4950        2     7.25570
     4.6450        2     7.48711
     4.7950        2     7.70213
     4.9450        2     7.90019
     5.0950        2     8.08200
     5.2450        2     8.25146
     5.3950        2     8.40585
     5.5450        2     8.54429
     5.6950        2     8.67481
     5.8450        2     8.79206
     5.9950        2     8.90037
     6.1450        2     8.99399
     6.2950        2     9.08287
     6.4450        2     9.16382
     6.5950        2     9.23637
     6.7450        2     9.29740
     6.8950        2     9.35472
     7.0450        2     9.40589
     7.1950        2     9.45266
     7.3450        2     9.49443
     7.4950        2     9.53270
     7.6450        2     9.56627
     7.7950        2     9.59237
     7.9450        2     9.61783
     8.0950        2     9.63906
     8.2450        2     9.65702
     8.3950        2     9.67397
     8.5450        2     9.68796
     8.6950        2     9.70101
     8.8450        2     9.71243
     8.9950        2     9.72396
     9.1450        2     9.73319
     9.2950        2     9.74058
     9.4450        2     9.74493
     9.5950        2     9.74997
     9.7450        2     9.75398
     9.8950        2     9.75817
     10.045        2     9.76223
     10.195        2     9.76546
     10.345        2     9.76839
     10.495        2     9.77254
     10.645        2     9.77602
     10.795        2     9.77941
     10.945        2     9.78183
     11.095        2     9.78454
     11.245        2     9.78736
     11.395        2     9.78928
     11.545        2     9.79087
     11.695        2     9.79290
     11.845        2     9.79551
     11.995        2     9.79716
     12.145        2     9.79808
     12.295        2     9.79991
     12.445        2     9.80115
     12.595        2     9.80280
     12.745        2     9.80444
     12.895        2     9.80661
     13.045        2     9.80778
     13.195        2     9.80929
     13.345        2     9.81089
     13.495        2     9.81257
     13.645        2     9.81444
     13.795        2     9.81640
     13.945        2     9.81828
     14.095        2     9.82043
     14.245        2     9.82159
     14.395        2     9.82283
     14.545        2     9.82448
     14.695        2     9.82527
     14.845        2     9.82632
     14.995        2     9.82750
     15.145        2     9.82859
     15.295        2     9.82970
     15.445        2     9.83034
     15.595        2     9.83111
     15.745        2     9.83229
     15.895        2     9.83351
     16.045        2     9.83448
     16.195        2     9.83544
     16.345        2     9.83605
     16.495        2     9.83765
     16.645        2     9.83831
     16.795        2     9.83964
     16.945        2     9.84077
     17.095        2     9.84209
     17.245        2     9.84241
     17.395        2     9.84287
     17.545        2     9.84435
     17.695        2     9.84504
     17.845        2     9.84585
     17.995        2     9.84639
     18.145        2     9.84758
     18.295        2     9.84867
     18.445        2     9.84901
     18.595        2     9.84994
     18.745        2     9.85042
     18.895        2     9.85138
     19.045        2     9.85187
     19.195        2     9.85258
     19.345        2     9.85320
     19.495        2     9.85387
     19.645        2     9.85498
     19.795        2     9.85571
     19.945        2     9.85646
     20.095        2     9.85689
     21.836        2     9.87654
     30.068        2     9.89677
     42.097        2     9.91259
     58.937        2     9.92127
     82.515        2     9.92793
     115.53        2     9.93539
     161.74        2     9.93672
     226.45        2     9.93752
     317.04        2     9.93547
     443.87        2     9.93252
     621.44        2     9.92986
     870.05        2     9.92634
     1218.1        2     9.92428
     1705.4        2     9.91901
     2387.7        2     9.91554
     3342.9        2     9.91387
     4680.2        2     9.90913
     6552.5        2     9.90478
     9173.8        2     9.89915
     12844.        2     9.89462
     17982.        2     9.88918
     25176.        2     9.88207
     35247.        2     9.87277
     49348.        2     9.86547
     69090.        2     9.86026
     96729.        2     9.85361
    0.13543E+06    2     9.84631
    0.18960E+06    2     9.83886
    0.26545E+06    2     9.82939
    0.37165E+06    2     9.82122
    0.52033E+06    2     9.81240
    0.72849E+06    2     9.80392
    0.10199E+07    2     9.79536
    0.14279E+07    2     9.78851
    0.19992E+07    2     9.78178
    0.27990E+07    2     9.77533
    0.39187E+07    2     9.76725
    0.54864E+07    2     9.76098
    0.76812E+07    2     9.75316
    0.10754E+08    2     9.74571
    0.15056E+08    2     9.73896
    0.21080E+08    2     9.73321
    0.29513E+08    2     9.72604
    0.41319E+08    2     9.71943
    0.57849E+08    2     9.71464
    0.80991E+08    2     9.70850
    0.11339E+09    2     9.70352
    0.15875E+09    2     9.69916
    0.22226E+09    2     9.69531
    0.31118E+09    2     9.68985
    0.43567E+09    2     9.68599
    0.60996E+09    2     9.68268
    0.85398E+09    2     9.67981
    0.11956E+10    2     9.67776
    0.16739E+10    2     9.67531
    0.23436E+10    2     9.67268
    0.32811E+10    2     9.67062
    0.45937E+10    2     9.66900
    0.64315E+10    2     9.66726
    0.90044E+10    2     9.66584
    0.12607E+11    2     9.66454
    0.17650E+11    2     9.66279
    0.24711E+11    2     9.66146
    0.34596E+11    2     9.65970
    0.48437E+11    2     9.65881
    0.67814E+11    2     9.65751
    0.10000E+12    2     9.64648
    -29.945        3     0.00000
    -29.795        3     0.00000
    -29.645        3     0.00000
    -29.495        3     0.00000
    -29.345        3     0.00000
    -29.195        3     0.00000
    -29.045        3     0.00000
    -28.895        3     0.00000
    -28.745        3     0.00000
    -28.595        3     0.00000
    -28.445        3     0.00000
    -28.295        3     0.00000
    -28.145        3     0.00000
    -27.995        3     0.00000
    -27.845        3     0.00000
    -27.695        3     0.00000
    -27.545        3     0.00000
    -27.395        3     0.00000
    -27.245        3     0.00000
    -27.095        3     0.00000
    -26.945        3     0.00000
    -26.795        3     0.00000
    -26.645        3     0.00000
    -26.495        3     0.00000
    -26.345        3     0.00000
    -26.195        3     0.00000
    -26.045        3     0.00000
    -25.895        3     0.00000
    -25.745        3     0.00000
    -25.595        3     0.00000
    -25.445        3     0.00000
    -25.295        3     0.00000
    -25.145        3     0.00000
    -24.995        3     0.00000
    -24.845        3     0.00000
    -24.695        3     0.00000
    -24.545        3     0.00000
    -24.395        3     0.00000
    -24.245        3     0.00000
    -24.095        3     0.00000
    -23.945        3     0.00000
    -23.795        3     0.00000
    -23.645        3     0.00000
    -23.495        3     0.00000
    -23.345        3     0.00000
    -23.195        3     0.00000
    -23.045        3     0.00000
    -22.895        3     0.00000
    -22.745        3     0.00000
    -22.595        3     0.00000
    -22.445        3     0.00000
    -22.295        3     0.00000
    -22.145        3     0.00000
    -21.995        3     0.00000
    -21.845        3     0.00000
    -21.695        3     0.00000
    -21.545        3     0.00000
    -21.395        3     0.00000
    -21.245        3     0.00000
    -21.095        3     0.00000
    -20.945        3     0.00000
    -20.795        3     0.00000
    -20.645        3     0.00000
    -20.495        3     0.00000
    -20.345        3     0.00000
    -20.195        3     0.00000
    -20.045        3     0.00000
    -19.895        3     0.00000
    -19.745        3     0.00000
    -19.595        3     0.00000
    -19.445        3     0.00000
    -19.295        3     0.00000
    -19.145        3     0.00000
    -18.995        3     0.00000
    -18.845        3     0.00000
    -18.695        3     0.00000
    -18.545        3     0.00000
    -18.395        3     0.00000
    -18.245        3     0.00000
    -18.095        3     0.00000
    -17.945        3     0.00000
    -17.795        3     0.00000
    -17.645        3     0.00000
    -17.495        3     0.00000
    -17.345        3     0.00000
    -17.195        3     0.00000
    -17.045        3     0.00000
    -16.895        3     0.00000
    -16.745        3     0.00000
    -16.595        3     0.00000
    -16.445        3     0.00000
    -16.295        3     0.00000
    -16.145        3    -0.00005
    -15.995        3    -0.00045
    -15.845        3    -0.00390
    -15.695        3    -0.01995
    -15.545        3    -0.06923
    -15.395        3    -0.16689
    -15.245        3    -0.32033
    -15.095        3    -0.52529
    -14.945        3    -0.78676
    -14.795        3    -1.08943
    -14.645        3    -1.43021
    -14.495        3    -1.79885
    -14.345        3    -2.18840
    -14.195        3    -2.60205
    -14.045        3    -3.03110
    -13.895        3    -3.46543
    -13.745        3    -3.91738
    -13.595        3    -4.37287
    -13.445        3    -4.83172
    -13.295        3    -5.29076
    -13.145        3    -5.76564
    -12.995        3    -6.28802
    -12.845        3    -6.87308
    -12.695        3    -7.51441
    -12.545        3    -8.22458
    -12.395        3    -8.96741
    -12.245        3    -9.75165
    -12.095        3   -10.57594
    -11.945        3   -11.43890
    -11.795        3   -12.33924
    -11.645        3   -13.25828
    -11.495        3   -14.20270
    -11.345        3   -15.15933
    -11.195        3   -16.14088
    -11.045        3   -17.12295
    -10.895        3   -18.10240
    -10.745        3   -19.08287
    -10.595        3   -20.06792
    -10.445        3   -21.04986
    -10.295        3   -22.04342
    -10.145        3   -23.04774
    -9.9950        3   -24.07080
    -9.8450        3   -25.12670
    -9.6950        3   -26.22399
    -9.5450        3   -27.36090
    -9.3950        3   -28.56010
    -9.2450        3   -29.82041
    -9.0950        3   -31.14823
    -8.9450        3   -32.54780
    -8.7950        3   -34.01337
    -8.6450        3   -35.53768
    -8.4950        3   -37.12384
    -8.3450        3   -38.76449
    -8.1950        3   -40.45710
    -8.0450        3   -42.20976
    -7.8950        3   -44.02680
    -7.7450        3   -45.89294
    -7.5950        3   -47.81561
    -7.4450        3   -49.79453
    -7.2950        3   -51.83192
    -7.1450        3   -53.92001
    -6.9950        3   -56.02008
    -6.8450        3   -58.16190
    -6.6950        3   -60.33639
    -6.5450        3   -62.53564
    -6.3950        3   -64.74474
    -6.2450        3   -66.97985
    -6.0950        3   -69.22069
    -5.9450        3   -71.47162
    -5.7950        3   -73.74419
    -5.6450        3   -76.01097
    -5.4950        3   -78.28246
    -5.3450        3   -80.55548
    -5.1950        3   -82.83440
    -5.0450        3   -85.13278
    -4.8950        3   -87.46484
    -4.7450        3   -89.81893
    -4.5950        3   -92.21608
    -4.4450        3   -94.64674
    -4.2950        3   -97.11896
    -4.1450        3   -99.65202
    -3.9950        3  -102.24566
    -3.8450        3  -104.90494
    -3.6950        3  -107.64492
    -3.5450        3  -110.47459
    -3.3950        3  -113.40454
    -3.2450        3  -116.43596
    -3.0950        3  -119.57434
    -2.9450        3  -122.85162
    -2.7950        3  -126.28683
    -2.6450        3  -129.93919
    -2.4950        3  -133.86491
    -2.3450        3  -138.15695
    -2.1950        3  -142.89963
    -2.0450        3  -148.18443
    -1.8950        3  -154.12275
    -1.7450        3  -160.81454
    -1.5950        3  -168.33256
    -1.4450        3  -176.70769
    -1.2950        3  -185.93107
    -1.1450        3  -195.88997
   -0.99500        3  -206.48269
   -0.84500        3  -217.59781
   -0.69500        3  -229.22982
   -0.54500        3  -241.62234
   -0.39500        3  -255.57251
   -0.25300        3  -266.07107
   -0.21500        3  -266.78243
   -0.20900        3  -267.50307
   -0.20300        3  -268.23360
   -0.19700        3  -268.97467
   -0.19100        3  -269.72606
   -0.18500        3  -270.48924
   -0.17900        3  -271.26477
   -0.17300        3  -272.05281
   -0.16700        3  -272.85376
   -0.16100        3  -273.66937
   -0.15500        3  -274.50088
   -0.14900        3  -275.34865
   -0.14300        3  -276.21402
   -0.13700        3  -277.09755
   -0.13100        3  -278.00180
   -0.12500        3  -278.92881
   -0.11900        3  -279.87958
   -0.11300        3  -280.85683
   -0.10700        3  -281.86320
   -0.10100        3  -282.90176
   -0.95000E-01    3  -283.97714
   -0.89000E-01    3  -285.09412
   -0.83000E-01    3  -286.25782
   -0.77000E-01    3  -287.47542
   -0.71000E-01    3  -288.75583
   -0.65000E-01    3  -290.11050
   -0.59000E-01    3  -291.55408
   -0.53000E-01    3  -293.10716
   -0.47000E-01    3  -294.79783
   -0.41000E-01    3  -296.67345
   -0.35000E-01    3  -298.80523
   -0.29000E-01    3  -301.30213
   -0.23000E-01    3  -304.35122
   -0.19700E-01    3  -304.69438
   -0.19100E-01    3  -305.04677
   -0.18500E-01    3  -305.40976
   -0.17900E-01    3  -305.78359
   -0.17300E-01    3  -306.16930
   -0.16700E-01    3  -306.56778
   -0.16100E-01    3  -306.97972
   -0.15500E-01    3  -307.40666
   -0.14900E-01    3  -307.84984
   -0.14300E-01    3  -308.31092
   -0.13700E-01    3  -308.79171
   -0.13100E-01    3  -309.29497
   -0.12500E-01    3  -309.82304
   -0.11900E-01    3  -310.37849
   -0.11300E-01    3  -310.96309
   -0.10700E-01    3  -311.57863
   -0.10100E-01    3  -312.22672
   -0.95000E-02    3  -312.90907
   -0.89000E-02    3  -313.62751
   -0.83000E-02    3  -314.38398
   -0.77000E-02    3  -315.17969
   -0.71000E-02    3  -316.01350
   -0.65000E-02    3  -316.88435
   -0.59000E-02    3  -317.78712
   -0.53000E-02    3  -318.71442
   -0.47000E-02    3  -319.65826
   -0.41000E-02    3  -320.60939
   -0.35000E-02    3  -321.55636
   -0.29000E-02    3  -322.46241
   -0.23000E-02    3  -323.27498
   -0.17000E-02    3  -323.93143
   -0.11000E-02    3  -324.37980
   -0.50000E-03    3  -324.58952
    0.10000E-03    3  -324.54728
    0.70000E-03    3  -324.25577
    0.13000E-02    3  -323.73376
    0.19000E-02    3  -323.01859
    0.25000E-02    3  -322.16869
    0.31000E-02    3  -321.24351
    0.37000E-02    3  -320.29343
    0.43000E-02    3  -319.34538
    0.49000E-02    3  -318.40743
    0.55000E-02    3  -317.48841
    0.61000E-02    3  -316.59608
    0.67000E-02    3  -315.73825
    0.73000E-02    3  -314.91846
    0.79000E-02    3  -314.13777
    0.85000E-02    3  -313.39688
    0.91000E-02    3  -312.69342
    0.97000E-02    3  -312.02565
    0.10300E-01    3  -311.39126
    0.10900E-01    3  -310.78837
    0.11500E-01    3  -310.21560
    0.12100E-01    3  -309.67113
    0.12700E-01    3  -309.15329
    0.13300E-01    3  -308.65924
    0.13900E-01    3  -308.18664
    0.14500E-01    3  -307.73281
    0.15100E-01    3  -307.29613
    0.15700E-01    3  -306.87517
    0.16300E-01    3  -306.46850
    0.16900E-01    3  -306.07516
    0.17500E-01    3  -305.69424
    0.18100E-01    3  -305.32471
    0.18700E-01    3  -304.96630
    0.19300E-01    3  -304.61789
    0.20200E-01    3  -303.34790
    0.25000E-01    3  -300.53110
    0.31000E-01    3  -298.19857
    0.37000E-01    3  -296.19800
    0.43000E-01    3  -294.44005
    0.49000E-01    3  -292.86355
    0.55000E-01    3  -291.43067
    0.61000E-01    3  -290.11387
    0.67000E-01    3  -288.89497
    0.73000E-01    3  -287.75793
    0.79000E-01    3  -286.69103
    0.85000E-01    3  -285.68402
    0.91000E-01    3  -284.73008
    0.97000E-01    3  -283.82233
    0.10300        3  -282.95622
    0.10900        3  -282.12709
    0.11500        3  -281.33108
    0.12100        3  -280.56575
    0.12700        3  -279.82833
    0.13300        3  -279.11696
    0.13900        3  -278.42963
    0.14500        3  -277.76494
    0.15100        3  -277.12167
    0.15700        3  -276.49713
    0.16300        3  -275.89181
    0.16900        3  -275.30338
    0.17500        3  -274.73159
    0.18100        3  -274.17422
    0.18700        3  -273.63197
    0.19300        3  -273.10385
    0.19900        3  -272.58904
    0.20500        3  -272.08711
    0.21100        3  -271.59776
    0.21700        3  -271.11982
    0.29500        3  -261.54455
    0.44500        3  -255.40319
    0.59500        3  -250.84439
    0.74500        3  -247.13614
    0.89500        3  -243.91782
     1.0450        3  -241.01164
     1.1950        3  -238.32317
     1.3450        3  -235.80291
     1.4950        3  -233.41662
     1.6450        3  -231.14371
     1.7950        3  -228.96286
     1.9450        3  -226.86116
     2.0950        3  -224.82784
     2.2450        3  -222.85313
     2.3950        3  -220.93228
     2.5450        3  -219.04837
     2.6950        3  -217.20624
     2.8450        3  -215.39831
     2.9950        3  -213.62487
     3.1450        3  -211.88088
     3.2950        3  -210.15942
     3.4450        3  -208.45895
     3.5950        3  -206.78613
     3.7450        3  -205.13283
     3.8950        3  -203.50055
     4.0450        3  -201.89214
     4.1950        3  -200.30168
     4.3450        3  -198.73545
     4.4950        3  -197.19004
     4.6450        3  -195.65464
     4.7950        3  -194.14294
     4.9450        3  -192.64809
     5.0950        3  -191.18360
     5.2450        3  -189.73677
     5.3950        3  -188.32310
     5.5450        3  -186.95301
     5.6950        3  -185.62627
     5.8450        3  -184.33720
     5.9950        3  -183.09259
     6.1450        3  -181.89139
     6.2950        3  -180.76052
     6.4450        3  -179.69028
     6.5950        3  -178.66819
     6.7450        3  -177.72661
     6.8950        3  -176.84642
     7.0450        3  -176.03365
     7.1950        3  -175.28529
     7.3450        3  -174.59647
     7.4950        3  -173.97407
     7.6450        3  -173.40983
     7.7950        3  -172.89422
     7.9450        3  -172.42553
     8.0950        3  -171.99228
     8.2450        3  -171.59635
     8.3950        3  -171.22716
     8.5450        3  -170.88289
     8.6950        3  -170.56346
     8.8450        3  -170.26487
     8.9950        3  -169.97596
     9.1450        3  -169.69971
     9.2950        3  -169.43283
     9.4450        3  -169.17973
     9.5950        3  -168.93238
     9.7450        3  -168.69215
     9.8950        3  -168.45758
     10.045        3  -168.22799
     10.195        3  -168.00341
     10.345        3  -167.78326
     10.495        3  -167.56788
     10.645        3  -167.35625
     10.795        3  -167.14813
     10.945        3  -166.94388
     11.095        3  -166.74070
     11.245        3  -166.54394
     11.395        3  -166.34896
     11.545        3  -166.15642
     11.695        3  -165.96626
     11.845        3  -165.77765
     11.995        3  -165.59133
     12.145        3  -165.40808
     12.295        3  -165.22797
     12.445        3  -165.04934
     12.595        3  -164.87293
     12.745        3  -164.69798
     12.895        3  -164.52495
     13.045        3  -164.35458
     13.195        3  -164.18502
     13.345        3  -164.01828
     13.495        3  -163.85367
     13.645        3  -163.68904
     13.795        3  -163.52698
     13.945        3  -163.36710
     14.095        3  -163.21063
     14.245        3  -163.05385
     14.395        3  -162.90018
     14.545        3  -162.74788
     14.695        3  -162.59625
     14.845        3  -162.44664
     14.995        3  -162.29813
     15.145        3  -162.15144
     15.295        3  -162.00553
     15.445        3  -161.86081
     15.595        3  -161.71849
     15.745        3  -161.57572
     15.895        3  -161.43561
     16.045        3  -161.29708
     16.195        3  -161.15862
     16.345        3  -161.02205
     16.495        3  -160.88743
     16.645        3  -160.75286
     16.795        3  -160.62014
     16.945        3  -160.48782
     17.095        3  -160.35686
     17.245        3  -160.22774
     17.395        3  -160.09982
     17.545        3  -159.97215
     17.695        3  -159.84528
     17.845        3  -159.72073
     17.995        3  -159.59723
     18.145        3  -159.47517
     18.295        3  -159.35257
     18.445        3  -159.23207
     18.595        3  -159.11212
     18.745        3  -158.99334
     18.895        3  -158.87532
     19.045        3  -158.75759
     19.195        3  -158.64137
     19.345        3  -158.52572
     19.495        3  -158.41059
     19.645        3  -158.29742
     19.795        3  -158.18546
     19.945        3  -158.07362
     20.095        3  -157.96207
     21.836        3  -154.57690
     30.068        3  -149.55877
     42.097        3  -144.55071
     58.937        3  -139.58439
     82.515        3  -134.65102
     115.53        3  -129.78170
     161.74        3  -124.98247
     226.45        3  -120.26561
     317.04        3  -115.64349
     443.87        3  -111.11308
     621.44        3  -106.68266
     870.05        3  -102.35088
     1218.1        3   -98.12775
     1705.4        3   -94.00852
     2387.7        3   -89.99911
     3342.9        3   -86.08872
     4680.2        3   -82.27918
     6552.5        3   -78.56995
     9173.8        3   -74.95962
     12844.        3   -71.44798
     17982.        3   -68.03563
     25176.        3   -64.73811
     35247.        3   -61.56201
     49348.        3   -58.51444
     69090.        3   -55.59666
     96729.        3   -52.80893
    0.13543E+06    3   -50.14704
    0.18960E+06    3   -47.60987
    0.26545E+06    3   -45.19207
    0.37165E+06    3   -42.88854
    0.52033E+06    3   -40.69715
    0.72849E+06    3   -38.61089
    0.10199E+07    3   -36.62579
    0.14279E+07    3   -34.73832
    0.19992E+07    3   -32.94434
    0.27990E+07    3   -31.23686
    0.39187E+07    3   -29.61119
    0.54864E+07    3   -28.06698
    0.76812E+07    3   -26.59956
    0.10754E+08    3   -25.20399
    0.15056E+08    3   -23.87853
    0.21080E+08    3   -22.61989
    0.29513E+08    3   -21.42468
    0.41319E+08    3   -20.29681
    0.57849E+08    3   -19.24331
    0.80991E+08    3   -18.26917
    0.11339E+09    3   -17.36417
    0.15875E+09    3   -16.52030
    0.22226E+09    3   -15.73520
    0.31118E+09    3   -14.99998
    0.43567E+09    3   -14.31371
    0.60996E+09    3   -13.68577
    0.85398E+09    3   -13.11566
    0.11956E+10    3   -12.59529
    0.16739E+10    3   -12.11771
    0.23436E+10    3   -11.67900
    0.32811E+10    3   -11.27604
    0.45937E+10    3   -10.90626
    0.64315E+10    3   -10.56633
    0.90044E+10    3   -10.25333
    0.12607E+11    3    -9.96528
    0.17650E+11    3    -9.70145
    0.24711E+11    3    -9.45768
    0.34596E+11    3    -9.23437
    0.48437E+11    3    -9.02889
    0.67814E+11    3    -8.83969
    0.10000E+12    3    -6.68415
