    -159.95         0.00000
    -159.79         0.00000
    -159.65         0.00000
    -159.49         0.00000
    -159.34         0.00000
    -159.20         0.00000
    -159.04         0.00000
    -158.90         0.00000
    -158.74         0.00000
    -158.59         0.00000
    -158.45         0.00000
    -158.29         0.00000
    -158.15         0.00000
    -157.99         0.00000
    -157.84         0.00000
    -157.70         0.00000
    -157.54         0.00000
    -157.40         0.00000
    -157.24         0.00000
    -157.09         0.00000
    -156.95         0.00000
    -156.79         0.00000
    -156.65         0.00000
    -156.49         0.00000
    -156.34         0.00000
    -156.20         0.00000
    -156.04         0.00000
    -155.90         0.00000
    -155.74         0.00000
    -155.59         0.00000
    -155.45         0.00000
    -155.29         0.00000
    -155.15         0.00000
    -154.99         0.00000
    -154.84         0.00000
    -154.70         0.00000
    -154.54         0.00000
    -154.40         0.00000
    -154.24         0.00000
    -154.09         0.00000
    -153.95         0.00000
    -153.79         0.00000
    -153.65         0.00000
    -153.49         0.00000
    -153.34         0.00000
    -153.20         0.00000
    -153.04         0.00000
    -152.90         0.00000
    -152.74         0.00000
    -152.59         0.00000
    -152.45         0.00000
    -152.29         0.00000
    -152.15         0.00000
    -151.99         0.00000
    -151.84         0.00000
    -151.70         0.00000
    -151.54         0.00000
    -151.40         0.00000
    -151.24         0.00000
    -151.09         0.00000
    -150.95         0.00000
    -150.79         0.00000
    -150.65         0.00000
    -150.49         0.00000
    -150.34         0.00000
    -150.20         0.00000
    -150.04         0.00000
    -149.90         0.00000
    -149.74         0.00000
    -149.59         0.00000
    -149.45         0.00000
    -149.29         0.00000
    -149.15         0.00000
    -148.99         0.00000
    -148.84         0.00000
    -148.70         0.00000
    -148.54         0.00000
    -148.40         0.00000
    -148.24         0.00000
    -148.09         0.00000
    -147.95         0.00000
    -147.79         0.00000
    -147.65         0.00000
    -147.49         0.00000
    -147.34         0.00000
    -147.20         0.00000
    -147.04         0.00000
    -146.90         0.00000
    -146.74         0.00000
    -146.59         0.00000
    -146.45         0.00000
    -146.29         0.00000
    -146.15         0.00000
    -145.99         0.00000
    -145.84         0.00000
    -145.70         0.00000
    -145.54         0.00000
    -145.40         0.00000
    -145.24         0.00000
    -145.09         0.00000
    -144.95         0.00000
    -144.79         0.00000
    -144.65         0.00000
    -144.49         0.00000
    -144.34         0.00000
    -144.20         0.00000
    -144.04         0.00000
    -143.90         0.00000
    -143.74         0.00000
    -143.59         0.00000
    -143.45         0.00000
    -143.29         0.00000
    -143.15         0.00000
    -142.99         0.00000
    -142.84         0.00000
    -142.70         0.00000
    -142.54         0.00000
    -142.40         0.00000
    -142.24         0.00000
    -142.09         0.00000
    -141.95         0.00000
    -141.79         0.00000
    -141.65         0.00000
    -141.49         0.00000
    -141.34         0.00000
    -141.20         0.00000
    -141.04         0.00000
    -140.90         0.00000
    -140.74         0.00000
    -140.59         0.00000
    -140.45         0.00000
    -140.29         0.00000
    -140.15         0.00000
    -139.99         0.00000
    -139.84         0.00000
    -139.70         0.00000
    -139.54         0.00000
    -139.40         0.00000
    -139.24         0.00000
    -139.09         0.00000
    -138.95         0.00000
    -138.79         0.00000
    -138.65         0.00000
    -138.49         0.00000
    -138.34         0.00000
    -138.20         0.00000
    -138.04         0.00000
    -137.90         0.00000
    -137.74         0.00000
    -137.59         0.00000
    -137.45         0.00000
    -137.29         0.00000
    -137.15         0.00000
    -136.99         0.00000
    -136.84         0.00000
    -136.70         0.00000
    -136.54         0.00000
    -136.40         0.00000
    -136.24         0.00000
    -136.09         0.00000
    -135.95         0.00000
    -135.79         0.00000
    -135.65         0.00000
    -135.49         0.00000
    -135.34         0.00000
    -135.20         0.00000
    -135.04         0.00000
    -134.90         0.00000
    -134.74         0.00000
    -134.59         0.00000
    -134.45         0.00000
    -134.29         0.00000
    -134.15         0.00000
    -133.99         0.00000
    -133.84         0.00000
    -133.70         0.00000
    -133.54         0.00000
    -133.40         0.00000
    -133.24         0.00000
    -133.09         0.00000
    -132.95         0.00000
    -132.79         0.00000
    -132.65         0.00000
    -132.49         0.00000
    -132.34         0.00000
    -132.20         0.00000
    -132.04         0.00000
    -131.90         0.00000
    -131.74         0.00000
    -131.59         0.00000
    -131.45         0.00000
    -131.29         0.00000
    -131.15         0.00000
    -130.99         0.00000
    -130.84         0.00000
    -130.70         0.00000
    -130.54         0.00000
    -130.40         0.00000
    -130.24         0.00000
    -130.09         0.00000
    -129.95         0.00000
    -129.79         0.00000
    -129.65         0.00000
    -129.49         0.00000
    -129.34         0.00000
    -129.20         0.00000
    -129.04         0.00000
    -128.90         0.00000
    -128.74         0.00000
    -128.59         0.00000
    -128.45         0.00000
    -128.29         0.00000
    -128.15         0.00000
    -127.99         0.00000
    -127.85         0.00000
    -127.69         0.00000
    -127.55         0.00000
    -127.39         0.00000
    -127.25         0.00000
    -127.10         0.00000
    -126.94         0.00000
    -126.80         0.00000
    -126.64         0.00000
    -126.50         0.00000
    -126.35         0.00000
    -126.19         0.00000
    -126.05         0.00000
    -125.89         0.00000
    -125.75         0.00000
    -125.60         0.00000
    -125.44         0.00000
    -125.30         0.00000
    -125.14         0.00000
    -125.00         0.00000
    -124.85         0.00000
    -124.69         0.00000
    -124.55         0.00000
    -124.39         0.00000
    -124.25         0.00000
    -124.10         0.00000
    -123.94         0.00000
    -123.80         0.00000
    -123.64         0.00000
    -123.50         0.00000
    -123.35         0.00000
    -123.19         0.00000
    -123.05         0.00000
    -122.89         0.00000
    -122.75         0.00000
    -122.60         0.00000
    -122.44         0.00000
    -122.30         0.00000
    -122.14         0.00000
    -122.00         0.00000
    -121.85         0.00000
    -121.69         0.00000
    -121.55         0.00000
    -121.39         0.00000
    -121.25         0.00000
    -121.10         0.00000
    -120.94         0.00000
    -120.80         0.00000
    -120.64         0.00000
    -120.50         0.00000
    -120.35         0.00000
    -120.19         0.00000
    -120.05         0.00000
    -119.89         0.00000
    -119.75         0.00000
    -119.60         0.00000
    -119.44         0.00000
    -119.30         0.00000
    -119.14         0.00000
    -119.00         0.00000
    -118.85         0.00000
    -118.69         0.00000
    -118.55         0.00000
    -118.39         0.00000
    -118.25         0.00000
    -118.10         0.00000
    -117.94         0.00000
    -117.80         0.00000
    -117.64         0.00000
    -117.50         0.00000
    -117.35         0.00000
    -117.19         0.00000
    -117.05         0.00000
    -116.89         0.00000
    -116.75         0.00000
    -116.60         0.00000
    -116.44         0.00000
    -116.30         0.00000
    -116.14         0.00000
    -116.00         0.00000
    -115.85         0.00000
    -115.69         0.00000
    -115.55         0.00000
    -115.39         0.00000
    -115.25         0.00000
    -115.10         0.00000
    -114.94         0.00000
    -114.80         0.00000
    -114.64         0.00000
    -114.50         0.00000
    -114.35         0.00000
    -114.19         0.00000
    -114.05         0.00000
    -113.89         0.00000
    -113.75         0.00000
    -113.60         0.00000
    -113.44         0.00000
    -113.30         0.00000
    -113.14         0.00000
    -113.00         0.00000
    -112.85         0.00000
    -112.69         0.00000
    -112.55         0.00000
    -112.39         0.00000
    -112.25         0.00000
    -112.10         0.00000
    -111.94         0.00000
    -111.80         0.00000
    -111.64         0.00000
    -111.50         0.00000
    -111.35         0.00000
    -111.19         0.00000
    -111.05         0.00000
    -110.89         0.00000
    -110.75         0.00000
    -110.60         0.00000
    -110.44         0.00000
    -110.30         0.00000
    -110.14         0.00000
    -110.00         0.00000
    -109.85         0.00000
    -109.69         0.00000
    -109.55         0.00000
    -109.39         0.00000
    -109.25         0.00000
    -109.10         0.00000
    -108.94         0.00000
    -108.80         0.00000
    -108.64         0.00000
    -108.50         0.00000
    -108.35         0.00000
    -108.19         0.00000
    -108.05         0.00000
    -107.89         0.00000
    -107.75         0.00000
    -107.60         0.00000
    -107.44         0.00000
    -107.30         0.00000
    -107.14         0.00000
    -107.00         0.00000
    -106.85         0.00000
    -106.69         0.00000
    -106.55         0.00000
    -106.39         0.00000
    -106.25         0.00000
    -106.10         0.00000
    -105.94         0.00000
    -105.80         0.00000
    -105.64         0.00000
    -105.50         0.00000
    -105.35         0.00000
    -105.19         0.00000
    -105.05         0.00000
    -104.89         0.00000
    -104.75         0.00000
    -104.60         0.00000
    -104.44         0.00000
    -104.30         0.00000
    -104.14         0.00000
    -104.00         0.00000
    -103.85         0.00000
    -103.69         0.00000
    -103.55         0.00000
    -103.39         0.00000
    -103.25         0.00000
    -103.10         0.00000
    -102.94         0.00000
    -102.80         0.00000
    -102.64         0.00000
    -102.50         0.00000
    -102.35         0.00000
    -102.19         0.00000
    -102.05         0.00000
    -101.89         0.00000
    -101.75         0.00000
    -101.60         0.00000
    -101.44         0.00000
    -101.30         0.00000
    -101.14         0.00000
    -101.00         0.00000
    -100.85         0.00000
    -100.69         0.00000
    -100.55         0.00000
    -100.39         0.00000
    -100.25         0.00000
    -100.10         0.00000
    -99.945         0.00000
    -99.795         0.00000
    -99.645         0.00000
    -99.495         0.00000
    -99.345         0.00000
    -99.195         0.00000
    -99.045         0.00000
    -98.895         0.00000
    -98.745         0.00000
    -98.595         0.00000
    -98.445         0.00000
    -98.295         0.00000
    -98.145         0.00000
    -97.995         0.00000
    -97.845         0.00000
    -97.695         0.00000
    -97.545         0.00000
    -97.395         0.00000
    -97.245         0.00000
    -97.095         0.00000
    -96.945         0.00000
    -96.795         0.00000
    -96.645         0.00000
    -96.495         0.00000
    -96.345         0.00000
    -96.195         0.00000
    -96.045         0.00000
    -95.895         0.00000
    -95.745         0.00000
    -95.595         0.00000
    -95.445         0.00000
    -95.295         0.00000
    -95.145         0.00000
    -94.995         0.00000
    -94.845         0.00000
    -94.695         0.00000
    -94.545         0.00000
    -94.395         0.00000
    -94.245         0.00000
    -94.095         0.00000
    -93.945         0.00000
    -93.795         0.00000
    -93.645         0.00000
    -93.495         0.00000
    -93.345         0.00000
    -93.195         0.00000
    -93.045         0.00000
    -92.895         0.00000
    -92.745         0.00000
    -92.595         0.00000
    -92.445         0.00000
    -92.295         0.00000
    -92.145         0.00000
    -91.995         0.00000
    -91.845         0.00000
    -91.695         0.00000
    -91.545         0.00000
    -91.395         0.00000
    -91.245         0.00000
    -91.095         0.00000
    -90.945         0.00000
    -90.795         0.00000
    -90.645         0.00000
    -90.495         0.00000
    -90.345         0.00000
    -90.195         0.00000
    -90.045         0.00000
    -89.895         0.00000
    -89.745         0.00000
    -89.595         0.00000
    -89.445         0.00000
    -89.295         0.00000
    -89.145         0.00000
    -88.995         0.00000
    -88.845         0.00000
    -88.695         0.00000
    -88.545         0.00000
    -88.395         0.00000
    -88.245         0.00000
    -88.095         0.00000
    -87.945         0.00000
    -87.795         0.00000
    -87.645         0.00000
    -87.495         0.00000
    -87.345         0.00000
    -87.195         0.00000
    -87.045         0.00000
    -86.895         0.00000
    -86.745         0.00000
    -86.595         0.00000
    -86.445         0.00000
    -86.295         0.00000
    -86.145         0.00000
    -85.995         0.00000
    -85.845         0.00000
    -85.695         0.00000
    -85.545         0.00000
    -85.395         0.00000
    -85.245         0.00000
    -85.095         0.00000
    -84.945         0.00000
    -84.795         0.00000
    -84.645         0.00000
    -84.495         0.00000
    -84.345         0.00000
    -84.195         0.00000
    -84.045         0.00000
    -83.895         0.00000
    -83.745         0.00000
    -83.595         0.00000
    -83.445         0.00000
    -83.295         0.00000
    -83.145         0.00000
    -82.995         0.00000
    -82.845         0.00000
    -82.695         0.00000
    -82.545         0.00000
    -82.395         0.00000
    -82.245         0.00000
    -82.095         0.00000
    -81.945         0.00000
    -81.795         0.00000
    -81.645         0.00000
    -81.495         0.00000
    -81.345         0.00000
    -81.195         0.00000
    -81.045         0.00000
    -80.895         0.00000
    -80.745         0.00000
    -80.595         0.00000
    -80.445         0.00000
    -80.295         0.00000
    -80.145         0.00000
    -79.995         0.00000
    -79.845         0.00000
    -79.695         0.00000
    -79.545         0.00000
    -79.395         0.00000
    -79.245         0.00000
    -79.095         0.00000
    -78.945         0.00000
    -78.795         0.00000
    -78.645         0.00000
    -78.495         0.00000
    -78.345         0.00000
    -78.195         0.00000
    -78.045         0.00000
    -77.895         0.00000
    -77.745         0.00000
    -77.595         0.00000
    -77.445         0.00000
    -77.295         0.00000
    -77.145         0.00000
    -76.995         0.00000
    -76.845         0.00000
    -76.695         0.00000
    -76.545         0.00000
    -76.395         0.00000
    -76.245         0.00000
    -76.095         0.00000
    -75.945         0.00000
    -75.795         0.00000
    -75.645         0.00000
    -75.495         0.00000
    -75.345         0.00000
    -75.195         0.00000
    -75.045         0.00000
    -74.895         0.00000
    -74.745         0.00000
    -74.595         0.00000
    -74.445         0.00000
    -74.295         0.00000
    -74.145         0.00000
    -73.995         0.00000
    -73.845         0.00000
    -73.695         0.00000
    -73.545         0.00000
    -73.395         0.00000
    -73.245         0.00000
    -73.095         0.00000
    -72.945         0.00000
    -72.795         0.00000
    -72.645         0.00000
    -72.495         0.00000
    -72.345         0.00000
    -72.195         0.00000
    -72.045         0.00000
    -71.895         0.00000
    -71.745         0.00000
    -71.595         0.00000
    -71.445         0.00000
    -71.295         0.00000
    -71.145         0.00000
    -70.995         0.00000
    -70.845         0.00000
    -70.695         0.00000
    -70.545         0.00000
    -70.395         0.00000
    -70.245         0.00000
    -70.095         0.00000
    -69.945         0.00000
    -69.795         0.00000
    -69.645         0.00000
    -69.495         0.00000
    -69.345         0.00000
    -69.195         0.00000
    -69.045         0.00000
    -68.895         0.00000
    -68.745         0.00000
    -68.595         0.00000
    -68.445         0.00000
    -68.295         0.00000
    -68.145         0.00000
    -67.995         0.00000
    -67.845         0.00000
    -67.695         0.00000
    -67.545         0.00000
    -67.395         0.00000
    -67.245         0.00000
    -67.095         0.00000
    -66.945         0.00000
    -66.795         0.00000
    -66.645         0.00000
    -66.495         0.00000
    -66.345         0.00000
    -66.195         0.00000
    -66.045         0.00000
    -65.895         0.00000
    -65.745         0.00000
    -65.595         0.00000
    -65.445         0.00000
    -65.295         0.00000
    -65.145         0.00000
    -64.995         0.00000
    -64.845         0.00000
    -64.695         0.00000
    -64.545         0.00000
    -64.395         0.00000
    -64.245         0.00000
    -64.095         0.00000
    -63.945         0.00000
    -63.795         0.00000
    -63.645         0.00000
    -63.495         0.00000
    -63.345         0.00000
    -63.195         0.00000
    -63.045         0.00000
    -62.895         0.00000
    -62.745         0.00000
    -62.595         0.00000
    -62.445         0.00000
    -62.295         0.00000
    -62.145         0.00000
    -61.995         0.00000
    -61.845         0.00000
    -61.695         0.00000
    -61.545         0.00000
    -61.395         0.00000
    -61.245         0.00000
    -61.095         0.00000
    -60.945         0.00000
    -60.795         0.00000
    -60.645         0.00000
    -60.495         0.00000
    -60.345         0.00000
    -60.195         0.00000
    -60.045         0.00000
    -59.895         0.00000
    -59.745         0.00000
    -59.595         0.00000
    -59.445         0.00000
    -59.295         0.00000
    -59.145         0.00000
    -58.995         0.00000
    -58.845         0.00000
    -58.695         0.00000
    -58.545         0.00000
    -58.395         0.00000
    -58.245         0.00000
    -58.095         0.00000
    -57.945         0.00000
    -57.795         0.00000
    -57.645         0.00000
    -57.495         0.00000
    -57.345         0.00000
    -57.195         0.00000
    -57.045         0.00000
    -56.895         0.00000
    -56.745         0.00000
    -56.595         0.00000
    -56.445         0.00000
    -56.295         0.00000
    -56.145         0.00000
    -55.995         0.00000
    -55.845         0.00000
    -55.695         0.00000
    -55.545         0.00000
    -55.395         0.00000
    -55.245         0.00000
    -55.095         0.00000
    -54.945         0.00000
    -54.795         0.00000
    -54.645         0.00000
    -54.495         0.00000
    -54.345         0.00000
    -54.195         0.00000
    -54.045         0.00000
    -53.895         0.00000
    -53.745         0.00000
    -53.595         0.00000
    -53.445         0.00000
    -53.295         0.00000
    -53.145         0.00000
    -52.995         0.00000
    -52.845         0.00000
    -52.695         0.00000
    -52.545         0.00000
    -52.395         0.00000
    -52.245         0.00000
    -52.095         0.00000
    -51.945         0.00000
    -51.795         0.00000
    -51.645         0.00000
    -51.495         0.00000
    -51.345         0.00000
    -51.195         0.00000
    -51.045         0.00000
    -50.895         0.00000
    -50.745         0.00000
    -50.595         0.00000
    -50.445         0.00000
    -50.295         0.00000
    -50.145         0.00000
    -49.995         0.00000
    -49.845         0.00000
    -49.695         0.00000
    -49.545         0.00000
    -49.395         0.00000
    -49.245         0.00000
    -49.095         0.00000
    -48.945         0.00000
    -48.795         0.00000
    -48.645         0.00000
    -48.495         0.00000
    -48.345         0.00000
    -48.195         0.00000
    -48.045         0.00000
    -47.895         0.00000
    -47.745         0.00000
    -47.595         0.00000
    -47.445         0.00000
    -47.295         0.00000
    -47.145         0.00000
    -46.995         0.00000
    -46.845         0.00000
    -46.695         0.00000
    -46.545         0.00000
    -46.395         0.00000
    -46.245         0.00000
    -46.095         0.00000
    -45.945         0.00000
    -45.795         0.00000
    -45.645         0.00000
    -45.495         0.00000
    -45.345         0.00000
    -45.195         0.00000
    -45.045         0.00000
    -44.895         0.00000
    -44.745         0.00000
    -44.595         0.00000
    -44.445         0.00000
    -44.295         0.00000
    -44.145         0.00000
    -43.995         0.00000
    -43.845         0.00000
    -43.695         0.00000
    -43.545         0.00000
    -43.395         0.00000
    -43.245         0.00000
    -43.095         0.00000
    -42.945         0.00000
    -42.795         0.00000
    -42.645         0.00000
    -42.495         0.00000
    -42.345         0.00000
    -42.195         0.00000
    -42.045         0.00000
    -41.895         0.00000
    -41.745         0.00000
    -41.595         0.00000
    -41.445         0.00000
    -41.295         0.00000
    -41.145         0.00000
    -40.995         0.00000
    -40.845         0.00000
    -40.695         0.00000
    -40.545         0.00000
    -40.395         0.00000
    -40.245         0.00000
    -40.095         0.00000
    -39.945         0.00000
    -39.795         0.00000
    -39.645         0.00000
    -39.495         0.00000
    -39.345         0.00000
    -39.195         0.00000
    -39.045         0.00000
    -38.895         0.00000
    -38.745         0.00000
    -38.595         0.00000
    -38.445         0.00000
    -38.295         0.00000
    -38.145         0.00000
    -37.995         0.00000
    -37.845         0.00000
    -37.695         0.00000
    -37.545         0.00000
    -37.395         0.00000
    -37.245         0.00000
    -37.095         0.00000
    -36.945         0.00000
    -36.795         0.00000
    -36.645         0.00000
    -36.495         0.00000
    -36.345         0.00000
    -36.195         0.00000
    -36.045         0.00000
    -35.895         0.00000
    -35.745         0.00000
    -35.595         0.00000
    -35.445         0.00000
    -35.295         0.00000
    -35.145         0.00000
    -34.995         0.00000
    -34.845         0.00000
    -34.695         0.00000
    -34.545         0.00000
    -34.395         0.00000
    -34.245         0.00000
    -34.095         0.00000
    -33.945         0.00000
    -33.795         0.00000
    -33.645         0.00000
    -33.495         0.00000
    -33.345         0.00000
    -33.195         0.00000
    -33.045         0.00000
    -32.895         0.00000
    -32.745         0.00000
    -32.595         0.00000
    -32.445         0.00000
    -32.295         0.00000
    -32.145         0.00000
    -31.995         0.00000
    -31.845         0.00000
    -31.695         0.00000
    -31.545         0.00000
    -31.395         0.00000
    -31.245         0.00000
    -31.095         0.00000
    -30.945         0.00000
    -30.795         0.00000
    -30.645         0.00000
    -30.495         0.00000
    -30.345         0.00000
    -30.195         0.00000
    -30.045         0.00000
    -29.895         0.00000
    -29.745         0.00000
    -29.595         0.00000
    -29.445         0.00000
    -29.295         0.00000
    -29.145         0.00000
    -28.995         0.00000
    -28.845         0.00000
    -28.695         0.00000
    -28.545         0.00000
    -28.395         0.00000
    -28.245         0.00000
    -28.095         0.00000
    -27.945         0.00000
    -27.795         0.00000
    -27.645         0.00000
    -27.495         0.00000
    -27.345         0.00000
    -27.195         0.00000
    -27.045         0.00000
    -26.895         0.00000
    -26.745         0.00000
    -26.595         0.00000
    -26.445         0.00000
    -26.295         0.00000
    -26.145         0.00000
    -25.995         0.00000
    -25.845         0.00000
    -25.695         0.00000
    -25.545         0.00000
    -25.395         0.00000
    -25.245         0.00000
    -25.095         0.00000
    -24.945         0.00000
    -24.795         0.00000
    -24.645         0.00000
    -24.495         0.00000
    -24.345         0.00000
    -24.195         0.00000
    -24.045         0.00000
    -23.895         0.00000
    -23.745         0.00000
    -23.595         0.00000
    -23.445         0.00000
    -23.295         0.00000
    -23.145         0.00000
    -22.995         0.00000
    -22.845         0.00000
    -22.695         0.00000
    -22.545         0.00000
    -22.395         0.00000
    -22.245         0.00000
    -22.095         0.00000
    -21.945         0.00000
    -21.795         0.00000
    -21.645         0.00000
    -21.495         0.00000
    -21.345         0.00000
    -21.195         0.00000
    -21.045         0.00000
    -20.895         0.00000
    -20.745         0.00000
    -20.595         0.00000
    -20.445         0.00000
    -20.295         0.00000
    -20.145         0.00000
    -19.995         0.00000
    -19.845         0.00000
    -19.695         0.00000
    -19.545         0.00000
    -19.395         0.00000
    -19.245         0.00000
    -19.095         0.00000
    -18.945         0.00000
    -18.795         0.00000
    -18.645         0.00000
    -18.495         0.00000
    -18.345         0.00000
    -18.195         0.00000
    -18.045         0.00000
    -17.895         0.00000
    -17.745         0.00000
    -17.595         0.00000
    -17.445         0.00000
    -17.295         0.00000
    -17.145         0.00000
    -16.995         0.00000
    -16.845         0.00000
    -16.695         0.00000
    -16.545         0.00000
    -16.395         0.00000
    -16.245         0.00000
    -16.095         0.00000
    -15.945        -0.00224
    -15.795        -0.01113
    -15.645        -0.04539
    -15.495        -0.11351
    -15.345        -0.22384
    -15.195        -0.37813
    -15.045        -0.57830
    -14.895        -0.80557
    -14.745        -1.05479
    -14.595        -1.38659
    -14.445        -1.72517
    -14.295        -2.08429
    -14.145        -2.43942
    -13.995        -2.83372
    -13.845        -3.24178
    -13.695        -3.66322
    -13.545        -4.14744
    -13.395        -4.64214
    -13.245        -5.16028
    -13.095        -5.72607
    -12.945        -6.22812
    -12.795        -6.79093
    -12.645        -7.29441
    -12.495        -7.75222
    -12.345        -8.23766
    -12.195        -8.72643
    -12.045        -9.19946
    -11.895        -9.64154
    -11.745       -10.06835
    -11.595       -10.50404
    -11.445       -10.94015
    -11.295       -11.39021
    -11.145       -11.88237
    -10.995       -12.43291
    -10.845       -12.92813
    -10.695       -13.43353
    -10.545       -13.95755
    -10.395       -14.46270
    -10.245       -14.95243
    -10.095       -15.43399
    -9.9450       -15.90698
    -9.7950       -16.34176
    -9.6450       -16.77461
    -9.4950       -17.21700
    -9.3450       -17.67869
    -9.1950       -18.15381
    -9.0450       -18.62016
    -8.8950       -19.11611
    -8.7450       -19.67995
    -8.5950       -20.28976
    -8.4450       -20.95394
    -8.2950       -21.65974
    -8.1450       -22.38793
    -7.9950       -23.16409
    -7.8450       -23.97528
    -7.6950       -24.83644
    -7.5450       -25.71187
    -7.3950       -26.57420
    -7.2450       -27.49825
    -7.0950       -28.40944
    -6.9450       -29.35935
    -6.7950       -30.29119
    -6.6450       -31.25447
    -6.4950       -32.25113
    -6.3450       -33.22913
    -6.1950       -34.29482
    -6.0450       -35.32631
    -5.8950       -36.35104
    -5.7450       -37.43296
    -5.5950       -38.53759
    -5.4450       -39.64673
    -5.2950       -40.78855
    -5.1450       -41.92726
    -4.9950       -43.17349
    -4.8450       -44.39230
    -4.6950       -45.65105
    -4.5450       -46.89104
    -4.3950       -48.15717
    -4.2450       -49.46971
    -4.0950       -50.77290
    -3.9450       -52.07388
    -3.7950       -53.44704
    -3.6450       -54.90668
    -3.4950       -56.41009
    -3.3450       -57.95992
    -3.1950       -59.56399
    -3.0450       -61.25801
    -2.8950       -63.04104
    -2.7450       -64.87759
    -2.5950       -66.86052
    -2.4450       -68.91055
    -2.2950       -71.14655
    -2.1450       -73.55034
    -1.9950       -76.15301
    -1.8450       -79.09686
    -1.6950       -82.45101
    -1.5450       -86.38117
    -1.3950       -90.98461
    -1.2450       -96.25004
    -1.0950      -102.06622
   -0.94500      -108.32984
   -0.79500      -114.92566
   -0.64500      -121.84729
   -0.49500      -129.34844
   -0.34500      -138.32143
   -0.22700      -141.91036
   -0.21300      -142.36849
   -0.20700      -142.82965
   -0.20100      -143.30605
   -0.19500      -143.78524
   -0.18900      -144.27876
   -0.18300      -144.78087
   -0.17700      -145.29184
   -0.17100      -145.81402
   -0.16500      -146.34895
   -0.15900      -146.89107
   -0.15300      -147.44785
   -0.14700      -148.02200
   -0.14100      -148.61124
   -0.13500      -149.21548
   -0.12900      -149.83753
   -0.12300      -150.47816
   -0.11700      -151.14020
   -0.11100      -151.82562
   -0.10500      -152.53728
   -0.99000E-01  -153.28023
   -0.93000E-01  -154.05584
   -0.87000E-01  -154.86645
   -0.81000E-01  -155.72171
   -0.75000E-01  -156.61944
   -0.69000E-01  -157.57679
   -0.63000E-01  -158.60307
   -0.57000E-01  -159.70694
   -0.51000E-01  -160.90857
   -0.45000E-01  -162.22613
   -0.39000E-01  -163.69876
   -0.33000E-01  -165.37361
   -0.27000E-01  -167.33062
   -0.21300E-01  -168.89695
   -0.19500E-01  -169.14690
   -0.18900E-01  -169.40264
   -0.18300E-01  -169.66599
   -0.17700E-01  -169.93678
   -0.17100E-01  -170.21416
   -0.16500E-01  -170.49927
   -0.15900E-01  -170.79453
   -0.15300E-01  -171.09875
   -0.14700E-01  -171.41275
   -0.14100E-01  -171.73762
   -0.13500E-01  -172.07542
   -0.12900E-01  -172.42552
   -0.12300E-01  -172.78979
   -0.11700E-01  -173.16977
   -0.11100E-01  -173.56776
   -0.10500E-01  -173.98514
   -0.99000E-02  -174.42644
   -0.93000E-02  -174.89268
   -0.87000E-02  -175.38628
   -0.81000E-02  -175.91528
   -0.75000E-02  -176.48485
   -0.69000E-02  -177.09904
   -0.63000E-02  -177.76384
   -0.57000E-02  -178.48227
   -0.51000E-02  -179.25658
   -0.45000E-02  -180.08591
   -0.39000E-02  -180.96686
   -0.33000E-02  -181.89061
   -0.27000E-02  -182.83992
   -0.21000E-02  -183.76770
   -0.15000E-02  -184.58031
   -0.90000E-03  -185.22580
   -0.30000E-03  -185.65937
    0.30000E-03  -185.67872
    0.90000E-03  -185.18981
    0.15000E-02  -184.38377
    0.21000E-02  -183.45709
    0.27000E-02  -182.50900
    0.33000E-02  -181.58487
    0.39000E-02  -180.70425
    0.45000E-02  -179.87634
    0.51000E-02  -179.10400
    0.57000E-02  -178.38682
    0.63000E-02  -177.72381
    0.69000E-02  -177.11205
    0.75000E-02  -176.54572
    0.81000E-02  -176.01996
    0.87000E-02  -175.52784
    0.93000E-02  -175.06460
    0.99000E-02  -174.62623
    0.10500E-01  -174.21023
    0.11100E-01  -173.81407
    0.11700E-01  -173.43531
    0.12300E-01  -173.07399
    0.12900E-01  -172.72608
    0.13500E-01  -172.39114
    0.14100E-01  -172.06800
    0.14700E-01  -171.75534
    0.15300E-01  -171.45346
    0.15900E-01  -171.16079
    0.16500E-01  -170.87590
    0.17100E-01  -170.60052
    0.17700E-01  -170.33198
    0.18300E-01  -170.07110
    0.18900E-01  -169.81602
    0.19500E-01  -169.56840
    0.21300E-01  -168.01777
    0.27000E-01  -166.08411
    0.33000E-01  -164.44218
    0.39000E-01  -163.01553
    0.45000E-01  -161.75016
    0.51000E-01  -160.61375
    0.57000E-01  -159.58751
    0.63000E-01  -158.64728
    0.69000E-01  -157.78916
    0.75000E-01  -156.99602
    0.81000E-01  -156.26046
    0.87000E-01  -155.57529
    0.93000E-01  -154.93249
    0.99000E-01  -154.32794
    0.10500      -153.75871
    0.11100      -153.22153
    0.11700      -152.70924
    0.12300      -152.22194
    0.12900      -151.76232
    0.13500      -151.31531
    0.14100      -150.88896
    0.14700      -150.48062
    0.15300      -150.08702
    0.15900      -149.71441
    0.16500      -149.35499
    0.17100      -149.00680
    0.17700      -148.66700
    0.18300      -148.34186
    0.18900      -148.02905
    0.19500      -147.72668
    0.20100      -147.43551
    0.20700      -147.15502
    0.21300      -146.88372
    0.22700      -144.89841
    0.34500      -140.88697
    0.49500      -138.23316
    0.64500      -136.15940
    0.79500      -134.40177
    0.94500      -132.85951
     1.0950      -131.48341
     1.2450      -130.21586
     1.3950      -129.05559
     1.5450      -127.97811
     1.6950      -126.99206
     1.8450      -126.08741
     1.9950      -125.25000
     2.1450      -124.46868
     2.2950      -123.73890
     2.4450      -123.06650
     2.5950      -122.46619
     2.7450      -121.87386
     2.8950      -121.36510
     3.0450      -120.87246
     3.1950      -120.44160
     3.3450      -120.02402
     3.4950      -119.66717
     3.6450      -119.32186
     3.7950      -118.99366
     3.9450      -118.68619
     4.0950      -118.41926
     4.2450      -118.14859
     4.3950      -117.90051
     4.5450      -117.66953
     4.6950      -117.42639
     4.8450      -117.21293
     4.9950      -116.99597
     5.1450      -116.79397
     5.2950      -116.59113
     5.4450      -116.39623
     5.5950      -116.21565
     5.7450      -116.04185
     5.8950      -115.86673
     6.0450      -115.69490
     6.1950      -115.53609
     6.3450      -115.37413
     6.4950      -115.21854
     6.6450      -115.07314
     6.7950      -114.92847
     6.9450      -114.78476
     7.0950      -114.64036
     7.2450      -114.50527
     7.3950      -114.36950
     7.5450      -114.23156
     7.6950      -114.10417
     7.8450      -113.97058
     7.9950      -113.84650
     8.1450      -113.71787
     8.2950      -113.59667
     8.4450      -113.48289
     8.5950      -113.36413
     8.7450      -113.25522
     8.8950      -113.14268
     9.0450      -113.02873
     9.1950      -112.92218
     9.3450      -112.81760
     9.4950      -112.71077
     9.6450      -112.60319
     9.7950      -112.49072
     9.9450      -112.38935
     10.095      -112.29059
     10.245      -112.19250
     10.395      -112.09390
     10.545      -111.99448
     10.695      -111.89461
     10.845      -111.80185
     10.995      -111.71148
     11.145      -111.62326
     11.295      -111.53197
     11.445      -111.44846
     11.595      -111.36104
     11.745      -111.27433
     11.895      -111.18776
     12.045      -111.10240
     12.195      -111.02379
     12.345      -110.94170
     12.495      -110.85504
     12.645      -110.77598
     12.795      -110.69974
     12.945      -110.62314
     13.095      -110.54607
     13.245      -110.47202
     13.395      -110.39705
     13.545      -110.32303
     13.695      -110.24915
     13.845      -110.17399
     13.995      -110.09954
     14.145      -110.02839
     14.295      -109.95551
     14.445      -109.88315
     14.595      -109.81378
     14.745      -109.74555
     14.895      -109.67733
     15.045      -109.60900
     15.195      -109.54649
     15.345      -109.48035
     15.495      -109.41275
     15.645      -109.34856
     15.795      -109.28563
     15.945      -109.22427
     16.095      -109.16008
     16.245      -109.09973
     16.395      -109.03547
     16.545      -108.96985
     16.695      -108.90888
     16.845      -108.84846
     16.995      -108.78752
     17.145      -108.72766
     17.295      -108.66551
     17.445      -108.60605
     17.595      -108.54835
     17.745      -108.48717
     17.895      -108.43111
     18.045      -108.37701
     18.195      -108.32184
     18.345      -108.26841
     18.495      -108.21503
     18.645      -108.16191
     18.795      -108.10916
     18.945      -108.05490
     19.095      -108.00257
     19.245      -107.94876
     19.395      -107.89537
     19.545      -107.84389
     19.695      -107.79499
     19.845      -107.73882
     19.995      -107.68969
     20.145      -107.63553
     20.295      -107.58641
     20.445      -107.53671
     20.595      -107.48890
     20.745      -107.43989
     20.895      -107.39053
     21.045      -107.34412
     21.195      -107.29780
     21.345      -107.25239
     21.495      -107.20669
     21.645      -107.16164
     21.795      -107.11634
     21.945      -107.06945
     22.095      -107.02485
     22.245      -106.97649
     22.395      -106.93402
     22.545      -106.89016
     22.695      -106.84514
     22.845      -106.80241
     22.995      -106.76010
     23.145      -106.71756
     23.295      -106.67123
     23.445      -106.62867
     23.595      -106.58702
     23.745      -106.54704
     23.895      -106.50536
     24.045      -106.46347
     24.195      -106.41994
     24.345      -106.37818
     24.495      -106.33477
     24.645      -106.29463
     24.795      -106.25623
     24.945      -106.21281
     25.095      -106.17377
     25.245      -106.13556
     25.395      -106.09430
     25.545      -106.05298
     25.695      -106.01426
     25.845      -105.97526
     25.995      -105.93458
     26.145      -105.89797
     26.295      -105.85932
     26.445      -105.82231
     26.595      -105.78505
     26.745      -105.74548
     26.895      -105.70780
     27.045      -105.67007
     27.195      -105.63345
     27.345      -105.59665
     27.495      -105.56052
     27.645      -105.52563
     27.795      -105.48765
     27.945      -105.45084
     28.095      -105.41695
     28.245      -105.38009
     28.395      -105.34735
     28.545      -105.31216
     28.695      -105.27684
     28.845      -105.24345
     28.995      -105.20887
     29.145      -105.17705
     29.295      -105.14292
     29.445      -105.10618
     29.595      -105.07473
     29.745      -105.04216
     29.895      -105.00753
     30.045      -104.97364
     30.195      -104.93950
     30.345      -104.90760
     30.495      -104.87423
     30.645      -104.84304
     30.795      -104.80990
     30.945      -104.77718
     31.095      -104.74618
     31.245      -104.71276
     31.395      -104.68029
     31.545      -104.65008
     31.695      -104.61874
     31.845      -104.58741
     31.995      -104.55154
     32.145      -104.52052
     32.295      -104.48983
     32.445      -104.45957
     32.595      -104.42805
     32.745      -104.39773
     32.895      -104.36752
     33.045      -104.33860
     33.195      -104.30853
     33.345      -104.27991
     33.495      -104.24860
     33.645      -104.21939
     33.795      -104.18910
     33.945      -104.16056
     34.095      -104.13267
     34.245      -104.10335
     34.395      -104.07586
     34.545      -104.04690
     34.695      -104.01904
     34.845      -103.99016
     34.995      -103.96152
     35.145      -103.93305
     35.295      -103.90568
     35.445      -103.87751
     35.595      -103.84998
     35.745      -103.82342
     35.895      -103.79356
     36.045      -103.76647
     36.195      -103.73617
     36.345      -103.70658
     36.495      -103.67877
     36.645      -103.65094
     36.795      -103.62205
     36.945      -103.59496
     37.095      -103.56952
     37.245      -103.53980
     37.395      -103.51238
     37.545      -103.48612
     37.695      -103.46131
     37.845      -103.43421
     37.995      -103.40665
     38.145      -103.37996
     38.295      -103.35350
     38.445      -103.32798
     38.595      -103.29996
     38.745      -103.27433
     38.895      -103.24949
     39.045      -103.22503
     39.195      -103.20057
     39.345      -103.17595
     39.495      -103.14947
     39.645      -103.12322
     39.795      -103.10067
     39.945      -103.07428
     40.095      -103.05010
     40.245      -103.02524
     40.395      -103.00082
     40.545      -102.97532
     40.695      -102.95140
     40.845      -102.92636
     40.995      -102.90247
     41.145      -102.87831
     41.295      -102.85559
     41.445      -102.83113
     41.595      -102.80702
     41.745      -102.78112
     41.895      -102.75852
     42.045      -102.73462
     42.195      -102.71194
     42.345      -102.69005
     42.495      -102.66497
     42.645      -102.64205
     42.795      -102.61632
     42.945      -102.59325
     43.095      -102.56901
     43.245      -102.54446
     43.395      -102.51983
     43.545      -102.49552
     43.695      -102.47370
     43.845      -102.45047
     43.995      -102.42982
     44.145      -102.40741
     44.295      -102.38307
     44.445      -102.36082
     44.595      -102.33885
     44.745      -102.31440
     44.895      -102.29248
     45.045      -102.27162
     45.195      -102.25091
     45.345      -102.22821
     45.495      -102.20620
     45.645      -102.18324
     45.795      -102.16103
     45.945      -102.13965
     46.095      -102.11666
     46.245      -102.09525
     46.395      -102.07477
     46.545      -102.05459
     46.695      -102.03096
     46.845      -102.01040
     46.995      -101.98938
     47.145      -101.96859
     47.295      -101.94914
     47.445      -101.93017
     47.595      -101.91157
     47.745      -101.89214
     47.895      -101.87167
     48.045      -101.85031
     48.195      -101.82925
     48.345      -101.80856
     48.495      -101.78917
     48.645      -101.76984
     48.795      -101.74864
     48.945      -101.73004
     49.095      -101.71069
     49.245      -101.69054
     49.395      -101.66997
     49.545      -101.65044
     49.695      -101.63099
     49.845      -101.61006
     49.995      -101.59030
     50.145      -101.57077
     50.295      -101.55194
     50.445      -101.53126
     50.595      -101.51368
     50.745      -101.49307
     50.895      -101.47381
     51.045      -101.45452
     51.195      -101.43638
     51.345      -101.41705
     51.495      -101.39749
     51.645      -101.37966
     51.795      -101.36226
     51.945      -101.34393
     52.095      -101.32566
     52.245      -101.30766
     52.395      -101.28774
     52.545      -101.26977
     52.695      -101.25210
     52.845      -101.23411
     52.995      -101.21657
     53.145      -101.19843
     53.295      -101.17886
     53.445      -101.15972
     53.595      -101.14154
     53.745      -101.12370
     53.895      -101.10582
     54.045      -101.08851
     54.195      -101.07156
     54.345      -101.05482
     54.495      -101.03663
     54.645      -101.01751
     54.795      -100.99947
     54.945      -100.98120
     55.095      -100.96315
     59.433       -99.55690
     80.646       -97.46285
     111.21       -95.40776
     153.36       -93.41173
     211.49       -91.44074
     291.64       -89.52843
     402.18       -87.65918
     554.60       -85.82498
     764.80       -84.04417
     1054.7       -82.30036
     1454.4       -80.61454
     2005.6       -78.98191
     2765.8       -77.37163
     3814.0       -75.81090
     5259.5       -74.29060
     7252.9       -72.81228
     10002.       -71.36044
     13793.       -69.95380
     19020.       -68.59114
     26229.       -67.27273
     36170.       -65.99569
     49878.       -64.76884
     68782.       -63.59368
     94851.       -62.46548
    0.13080E+06   -61.38872
    0.18038E+06   -60.35667
    0.24874E+06   -59.36435
    0.34301E+06   -58.42018
    0.47302E+06   -57.52766
    0.65229E+06   -56.67141
    0.89952E+06   -55.85042
    0.12404E+07   -55.07546
    0.17106E+07   -54.33043
    0.23589E+07   -53.61909
    0.32529E+07   -52.94485
    0.44858E+07   -52.29967
    0.61860E+07   -51.68228
    0.85305E+07   -51.10115
    0.11764E+08   -50.54646
    0.16222E+08   -50.01870
    0.22370E+08   -49.51472
    0.30849E+08   -49.03300
    0.42541E+08   -48.58232
    0.58664E+08   -48.16193
    0.80898E+08   -47.76832
    0.11156E+09   -47.40458
    0.15384E+09   -47.06157
    0.21215E+09   -46.74495
    0.29255E+09   -46.44720
    0.40343E+09   -46.16574
    0.55633E+09   -45.90484
    0.76719E+09   -45.66318
    0.10580E+10   -45.44635
    0.14589E+10   -45.24310
    0.20119E+10   -45.05679
    0.27744E+10   -44.88381
    0.38259E+10   -44.72786
    0.52760E+10   -44.58501
    0.72756E+10   -44.45017
    0.10033E+11   -44.32875
    0.13836E+11   -44.21478
    0.19079E+11   -44.11078
    0.26311E+11   -44.01340
    0.36283E+11   -43.92412
    0.50034E+11   -43.84048
    0.68997E+11   -43.76350
    0.10000E+12   -42.84847
