    -159.95         0.00000
    -159.79         0.00000
    -159.65         0.00000
    -159.49         0.00000
    -159.34         0.00000
    -159.20         0.00000
    -159.04         0.00000
    -158.90         0.00000
    -158.74         0.00000
    -158.59         0.00000
    -158.45         0.00000
    -158.29         0.00000
    -158.15         0.00000
    -157.99         0.00000
    -157.84         0.00000
    -157.70         0.00000
    -157.54         0.00000
    -157.40         0.00000
    -157.24         0.00000
    -157.09         0.00000
    -156.95         0.00000
    -156.79         0.00000
    -156.65         0.00000
    -156.49         0.00000
    -156.34         0.00000
    -156.20         0.00000
    -156.04         0.00000
    -155.90         0.00000
    -155.74         0.00000
    -155.59         0.00000
    -155.45         0.00000
    -155.29         0.00000
    -155.15         0.00000
    -154.99         0.00000
    -154.84         0.00000
    -154.70         0.00000
    -154.54         0.00000
    -154.40         0.00000
    -154.24         0.00000
    -154.09         0.00000
    -153.95         0.00000
    -153.79         0.00000
    -153.65         0.00000
    -153.49         0.00000
    -153.34         0.00000
    -153.20         0.00000
    -153.04         0.00000
    -152.90         0.00000
    -152.74         0.00000
    -152.59         0.00000
    -152.45         0.00000
    -152.29         0.00000
    -152.15         0.00000
    -151.99         0.00000
    -151.84         0.00000
    -151.70         0.00000
    -151.54         0.00000
    -151.40         0.00000
    -151.24         0.00000
    -151.09         0.00000
    -150.95         0.00000
    -150.79         0.00000
    -150.65         0.00000
    -150.49         0.00000
    -150.34         0.00000
    -150.20         0.00000
    -150.04         0.00000
    -149.90         0.00000
    -149.74         0.00000
    -149.59         0.00000
    -149.45         0.00000
    -149.29         0.00000
    -149.15         0.00000
    -148.99         0.00000
    -148.84         0.00000
    -148.70         0.00000
    -148.54         0.00000
    -148.40         0.00000
    -148.24         0.00000
    -148.09         0.00000
    -147.95         0.00000
    -147.79         0.00000
    -147.65         0.00000
    -147.49         0.00000
    -147.34         0.00000
    -147.20         0.00000
    -147.04         0.00000
    -146.90         0.00000
    -146.74         0.00000
    -146.59         0.00000
    -146.45         0.00000
    -146.29         0.00000
    -146.15         0.00000
    -145.99         0.00000
    -145.84         0.00000
    -145.70         0.00000
    -145.54         0.00000
    -145.40         0.00000
    -145.24         0.00000
    -145.09         0.00000
    -144.95         0.00000
    -144.79         0.00000
    -144.65         0.00000
    -144.49         0.00000
    -144.34         0.00000
    -144.20         0.00000
    -144.04         0.00000
    -143.90         0.00000
    -143.74         0.00000
    -143.59         0.00000
    -143.45         0.00000
    -143.29         0.00000
    -143.15         0.00000
    -142.99         0.00000
    -142.84         0.00000
    -142.70         0.00000
    -142.54         0.00000
    -142.40         0.00000
    -142.24         0.00000
    -142.09         0.00000
    -141.95         0.00000
    -141.79         0.00000
    -141.65         0.00000
    -141.49         0.00000
    -141.34         0.00000
    -141.20         0.00000
    -141.04         0.00000
    -140.90         0.00000
    -140.74         0.00000
    -140.59         0.00000
    -140.45         0.00000
    -140.29         0.00000
    -140.15         0.00000
    -139.99         0.00000
    -139.84         0.00000
    -139.70         0.00000
    -139.54         0.00000
    -139.40         0.00000
    -139.24         0.00000
    -139.09         0.00000
    -138.95         0.00000
    -138.79         0.00000
    -138.65         0.00000
    -138.49         0.00000
    -138.34         0.00000
    -138.20         0.00000
    -138.04         0.00000
    -137.90         0.00000
    -137.74         0.00000
    -137.59         0.00000
    -137.45         0.00000
    -137.29         0.00000
    -137.15         0.00000
    -136.99         0.00000
    -136.84         0.00000
    -136.70         0.00000
    -136.54         0.00000
    -136.40         0.00000
    -136.24         0.00000
    -136.09         0.00000
    -135.95         0.00000
    -135.79         0.00000
    -135.65         0.00000
    -135.49         0.00000
    -135.34         0.00000
    -135.20         0.00000
    -135.04         0.00000
    -134.90         0.00000
    -134.74         0.00000
    -134.59         0.00000
    -134.45         0.00000
    -134.29         0.00000
    -134.15         0.00000
    -133.99         0.00000
    -133.84         0.00000
    -133.70         0.00000
    -133.54         0.00000
    -133.40         0.00000
    -133.24         0.00000
    -133.09         0.00000
    -132.95         0.00000
    -132.79         0.00000
    -132.65         0.00000
    -132.49         0.00000
    -132.34         0.00000
    -132.20         0.00000
    -132.04         0.00000
    -131.90         0.00000
    -131.74         0.00000
    -131.59         0.00000
    -131.45         0.00000
    -131.29         0.00000
    -131.15         0.00000
    -130.99         0.00000
    -130.84         0.00000
    -130.70         0.00000
    -130.54         0.00000
    -130.40         0.00000
    -130.24         0.00000
    -130.09         0.00000
    -129.95         0.00000
    -129.79         0.00000
    -129.65         0.00000
    -129.49         0.00000
    -129.34         0.00000
    -129.20         0.00000
    -129.04         0.00000
    -128.90         0.00000
    -128.74         0.00000
    -128.59         0.00000
    -128.45         0.00000
    -128.29         0.00000
    -128.15         0.00000
    -127.99         0.00000
    -127.85         0.00000
    -127.69         0.00000
    -127.55         0.00000
    -127.39         0.00000
    -127.25         0.00000
    -127.10         0.00000
    -126.94         0.00000
    -126.80         0.00000
    -126.64         0.00000
    -126.50         0.00000
    -126.35         0.00000
    -126.19         0.00000
    -126.05         0.00000
    -125.89         0.00000
    -125.75         0.00000
    -125.60         0.00000
    -125.44         0.00000
    -125.30         0.00000
    -125.14         0.00000
    -125.00         0.00000
    -124.85         0.00000
    -124.69         0.00000
    -124.55         0.00000
    -124.39         0.00000
    -124.25         0.00000
    -124.10         0.00000
    -123.94         0.00000
    -123.80         0.00000
    -123.64         0.00000
    -123.50         0.00000
    -123.35         0.00000
    -123.19         0.00000
    -123.05         0.00000
    -122.89         0.00000
    -122.75         0.00000
    -122.60         0.00000
    -122.44         0.00000
    -122.30         0.00000
    -122.14         0.00000
    -122.00         0.00000
    -121.85         0.00000
    -121.69         0.00000
    -121.55         0.00000
    -121.39         0.00000
    -121.25         0.00000
    -121.10         0.00000
    -120.94         0.00000
    -120.80         0.00000
    -120.64         0.00000
    -120.50         0.00000
    -120.35         0.00000
    -120.19         0.00000
    -120.05         0.00000
    -119.89         0.00000
    -119.75         0.00000
    -119.60         0.00000
    -119.44         0.00000
    -119.30         0.00000
    -119.14         0.00000
    -119.00         0.00000
    -118.85         0.00000
    -118.69         0.00000
    -118.55         0.00000
    -118.39         0.00000
    -118.25         0.00000
    -118.10         0.00000
    -117.94         0.00000
    -117.80         0.00000
    -117.64         0.00000
    -117.50         0.00000
    -117.35         0.00000
    -117.19         0.00000
    -117.05         0.00000
    -116.89         0.00000
    -116.75         0.00000
    -116.60         0.00000
    -116.44         0.00000
    -116.30         0.00000
    -116.14         0.00000
    -116.00         0.00000
    -115.85         0.00000
    -115.69         0.00000
    -115.55         0.00000
    -115.39         0.00000
    -115.25         0.00000
    -115.10         0.00000
    -114.94         0.00000
    -114.80         0.00000
    -114.64         0.00000
    -114.50         0.00000
    -114.35         0.00000
    -114.19         0.00000
    -114.05         0.00000
    -113.89         0.00000
    -113.75         0.00000
    -113.60         0.00000
    -113.44         0.00000
    -113.30         0.00000
    -113.14         0.00000
    -113.00         0.00000
    -112.85         0.00000
    -112.69         0.00000
    -112.55         0.00000
    -112.39         0.00000
    -112.25         0.00000
    -112.10         0.00000
    -111.94         0.00000
    -111.80         0.00000
    -111.64         0.00000
    -111.50         0.00000
    -111.35         0.00000
    -111.19         0.00000
    -111.05         0.00000
    -110.89         0.00000
    -110.75         0.00000
    -110.60         0.00000
    -110.44         0.00000
    -110.30         0.00000
    -110.14         0.00000
    -110.00         0.00000
    -109.85         0.00000
    -109.69         0.00000
    -109.55         0.00000
    -109.39         0.00000
    -109.25         0.00000
    -109.10         0.00000
    -108.94         0.00000
    -108.80         0.00000
    -108.64         0.00000
    -108.50         0.00000
    -108.35         0.00000
    -108.19         0.00000
    -108.05         0.00000
    -107.89         0.00000
    -107.75         0.00000
    -107.60         0.00000
    -107.44         0.00000
    -107.30         0.00000
    -107.14         0.00000
    -107.00         0.00000
    -106.85         0.00000
    -106.69         0.00000
    -106.55         0.00000
    -106.39         0.00000
    -106.25         0.00000
    -106.10         0.00000
    -105.94         0.00000
    -105.80         0.00000
    -105.64         0.00000
    -105.50         0.00000
    -105.35         0.00000
    -105.19         0.00000
    -105.05         0.00000
    -104.89         0.00000
    -104.75         0.00000
    -104.60         0.00000
    -104.44         0.00000
    -104.30         0.00000
    -104.14         0.00000
    -104.00         0.00000
    -103.85         0.00000
    -103.69         0.00000
    -103.55         0.00000
    -103.39         0.00000
    -103.25         0.00000
    -103.10         0.00000
    -102.94         0.00000
    -102.80         0.00000
    -102.64         0.00000
    -102.50         0.00000
    -102.35         0.00000
    -102.19         0.00000
    -102.05         0.00000
    -101.89         0.00000
    -101.75         0.00000
    -101.60         0.00000
    -101.44         0.00000
    -101.30         0.00000
    -101.14         0.00000
    -101.00         0.00000
    -100.85         0.00000
    -100.69         0.00000
    -100.55         0.00000
    -100.39         0.00000
    -100.25         0.00000
    -100.10         0.00000
    -99.945         0.00000
    -99.795         0.00000
    -99.645         0.00000
    -99.495         0.00000
    -99.345         0.00000
    -99.195         0.00000
    -99.045         0.00000
    -98.895         0.00000
    -98.745         0.00000
    -98.595         0.00000
    -98.445         0.00000
    -98.295         0.00000
    -98.145         0.00000
    -97.995         0.00000
    -97.845         0.00000
    -97.695         0.00000
    -97.545         0.00000
    -97.395         0.00000
    -97.245         0.00000
    -97.095         0.00000
    -96.945         0.00000
    -96.795         0.00000
    -96.645         0.00000
    -96.495         0.00000
    -96.345         0.00000
    -96.195         0.00000
    -96.045         0.00000
    -95.895         0.00000
    -95.745         0.00000
    -95.595         0.00000
    -95.445         0.00000
    -95.295         0.00000
    -95.145         0.00000
    -94.995         0.00000
    -94.845         0.00000
    -94.695         0.00000
    -94.545         0.00000
    -94.395         0.00000
    -94.245         0.00000
    -94.095         0.00000
    -93.945         0.00000
    -93.795         0.00000
    -93.645         0.00000
    -93.495         0.00000
    -93.345         0.00000
    -93.195         0.00000
    -93.045         0.00000
    -92.895         0.00000
    -92.745         0.00000
    -92.595         0.00000
    -92.445         0.00000
    -92.295         0.00000
    -92.145         0.00000
    -91.995         0.00000
    -91.845         0.00000
    -91.695         0.00000
    -91.545         0.00000
    -91.395         0.00000
    -91.245         0.00000
    -91.095         0.00000
    -90.945         0.00000
    -90.795         0.00000
    -90.645         0.00000
    -90.495         0.00000
    -90.345         0.00000
    -90.195         0.00000
    -90.045         0.00000
    -89.895         0.00000
    -89.745         0.00000
    -89.595         0.00000
    -89.445         0.00000
    -89.295         0.00000
    -89.145         0.00000
    -88.995         0.00000
    -88.845         0.00000
    -88.695         0.00000
    -88.545         0.00000
    -88.395         0.00000
    -88.245         0.00000
    -88.095         0.00000
    -87.945         0.00000
    -87.795         0.00000
    -87.645         0.00000
    -87.495         0.00000
    -87.345         0.00000
    -87.195         0.00000
    -87.045         0.00000
    -86.895         0.00000
    -86.745         0.00000
    -86.595         0.00000
    -86.445         0.00000
    -86.295         0.00000
    -86.145         0.00000
    -85.995         0.00000
    -85.845         0.00000
    -85.695         0.00000
    -85.545         0.00000
    -85.395         0.00000
    -85.245         0.00000
    -85.095         0.00000
    -84.945         0.00000
    -84.795         0.00000
    -84.645         0.00000
    -84.495         0.00000
    -84.345         0.00000
    -84.195         0.00000
    -84.045         0.00000
    -83.895         0.00000
    -83.745         0.00000
    -83.595         0.00000
    -83.445         0.00000
    -83.295         0.00000
    -83.145         0.00000
    -82.995         0.00000
    -82.845         0.00000
    -82.695         0.00000
    -82.545         0.00000
    -82.395         0.00000
    -82.245         0.00000
    -82.095         0.00000
    -81.945         0.00000
    -81.795         0.00000
    -81.645         0.00000
    -81.495         0.00000
    -81.345         0.00000
    -81.195         0.00000
    -81.045         0.00000
    -80.895         0.00000
    -80.745         0.00000
    -80.595         0.00000
    -80.445         0.00000
    -80.295         0.00000
    -80.145         0.00000
    -79.995         0.00000
    -79.845         0.00000
    -79.695         0.00000
    -79.545         0.00000
    -79.395         0.00000
    -79.245         0.00000
    -79.095         0.00000
    -78.945         0.00000
    -78.795         0.00000
    -78.645         0.00000
    -78.495         0.00000
    -78.345         0.00000
    -78.195         0.00000
    -78.045         0.00000
    -77.895         0.00000
    -77.745         0.00000
    -77.595         0.00000
    -77.445         0.00000
    -77.295         0.00000
    -77.145         0.00000
    -76.995         0.00000
    -76.845         0.00000
    -76.695         0.00000
    -76.545         0.00000
    -76.395         0.00000
    -76.245         0.00000
    -76.095         0.00000
    -75.945         0.00000
    -75.795         0.00000
    -75.645         0.00000
    -75.495         0.00000
    -75.345         0.00000
    -75.195         0.00000
    -75.045         0.00000
    -74.895         0.00000
    -74.745         0.00000
    -74.595         0.00000
    -74.445         0.00000
    -74.295         0.00000
    -74.145         0.00000
    -73.995         0.00000
    -73.845         0.00000
    -73.695         0.00000
    -73.545         0.00000
    -73.395         0.00000
    -73.245         0.00000
    -73.095         0.00000
    -72.945         0.00000
    -72.795         0.00000
    -72.645         0.00000
    -72.495         0.00000
    -72.345         0.00000
    -72.195         0.00000
    -72.045         0.00000
    -71.895         0.00000
    -71.745         0.00000
    -71.595         0.00000
    -71.445         0.00000
    -71.295         0.00000
    -71.145         0.00000
    -70.995         0.00000
    -70.845         0.00000
    -70.695         0.00000
    -70.545         0.00000
    -70.395         0.00000
    -70.245         0.00000
    -70.095         0.00000
    -69.945         0.00000
    -69.795         0.00000
    -69.645         0.00000
    -69.495         0.00000
    -69.345         0.00000
    -69.195         0.00000
    -69.045         0.00000
    -68.895         0.00000
    -68.745         0.00000
    -68.595         0.00000
    -68.445         0.00000
    -68.295         0.00000
    -68.145         0.00000
    -67.995         0.00000
    -67.845         0.00000
    -67.695         0.00000
    -67.545         0.00000
    -67.395         0.00000
    -67.245         0.00000
    -67.095         0.00000
    -66.945         0.00000
    -66.795         0.00000
    -66.645         0.00000
    -66.495         0.00000
    -66.345         0.00000
    -66.195         0.00000
    -66.045         0.00000
    -65.895         0.00000
    -65.745         0.00000
    -65.595         0.00000
    -65.445         0.00000
    -65.295         0.00000
    -65.145         0.00000
    -64.995         0.00000
    -64.845         0.00000
    -64.695         0.00000
    -64.545         0.00000
    -64.395         0.00000
    -64.245         0.00000
    -64.095         0.00000
    -63.945         0.00000
    -63.795         0.00000
    -63.645         0.00000
    -63.495         0.00000
    -63.345         0.00000
    -63.195         0.00000
    -63.045         0.00000
    -62.895         0.00000
    -62.745         0.00000
    -62.595         0.00000
    -62.445         0.00000
    -62.295         0.00000
    -62.145         0.00000
    -61.995         0.00000
    -61.845         0.00000
    -61.695         0.00000
    -61.545         0.00000
    -61.395         0.00000
    -61.245         0.00000
    -61.095         0.00000
    -60.945         0.00000
    -60.795         0.00000
    -60.645         0.00000
    -60.495         0.00000
    -60.345         0.00000
    -60.195         0.00000
    -60.045         0.00000
    -59.895         0.00000
    -59.745         0.00000
    -59.595         0.00000
    -59.445         0.00000
    -59.295         0.00000
    -59.145         0.00000
    -58.995         0.00000
    -58.845         0.00000
    -58.695         0.00000
    -58.545         0.00000
    -58.395         0.00000
    -58.245         0.00000
    -58.095         0.00000
    -57.945         0.00000
    -57.795         0.00000
    -57.645         0.00000
    -57.495         0.00000
    -57.345         0.00000
    -57.195         0.00000
    -57.045         0.00000
    -56.895         0.00000
    -56.745         0.00000
    -56.595         0.00000
    -56.445         0.00000
    -56.295         0.00000
    -56.145         0.00000
    -55.995         0.00000
    -55.845         0.00000
    -55.695         0.00000
    -55.545         0.00000
    -55.395         0.00000
    -55.245         0.00000
    -55.095         0.00000
    -54.945         0.00000
    -54.795         0.00000
    -54.645         0.00000
    -54.495         0.00000
    -54.345         0.00000
    -54.195         0.00000
    -54.045         0.00000
    -53.895         0.00000
    -53.745         0.00000
    -53.595         0.00000
    -53.445         0.00000
    -53.295         0.00000
    -53.145         0.00000
    -52.995         0.00000
    -52.845         0.00000
    -52.695         0.00000
    -52.545         0.00000
    -52.395         0.00000
    -52.245         0.00000
    -52.095         0.00000
    -51.945         0.00000
    -51.795         0.00000
    -51.645         0.00000
    -51.495         0.00000
    -51.345         0.00000
    -51.195         0.00000
    -51.045         0.00000
    -50.895         0.00000
    -50.745         0.00000
    -50.595         0.00000
    -50.445         0.00000
    -50.295         0.00000
    -50.145         0.00000
    -49.995         0.00000
    -49.845         0.00000
    -49.695         0.00000
    -49.545         0.00000
    -49.395         0.00000
    -49.245         0.00000
    -49.095         0.00000
    -48.945         0.00000
    -48.795         0.00000
    -48.645         0.00000
    -48.495         0.00000
    -48.345         0.00000
    -48.195         0.00000
    -48.045         0.00000
    -47.895         0.00000
    -47.745         0.00000
    -47.595         0.00000
    -47.445         0.00000
    -47.295         0.00000
    -47.145         0.00000
    -46.995         0.00000
    -46.845         0.00000
    -46.695         0.00000
    -46.545         0.00000
    -46.395         0.00000
    -46.245         0.00000
    -46.095         0.00000
    -45.945         0.00000
    -45.795         0.00000
    -45.645         0.00000
    -45.495         0.00000
    -45.345         0.00000
    -45.195         0.00000
    -45.045         0.00000
    -44.895         0.00000
    -44.745         0.00000
    -44.595         0.00000
    -44.445         0.00000
    -44.295         0.00000
    -44.145         0.00000
    -43.995         0.00000
    -43.845         0.00000
    -43.695         0.00000
    -43.545         0.00000
    -43.395         0.00000
    -43.245         0.00000
    -43.095         0.00000
    -42.945         0.00000
    -42.795         0.00000
    -42.645         0.00000
    -42.495         0.00000
    -42.345         0.00000
    -42.195         0.00000
    -42.045         0.00000
    -41.895         0.00000
    -41.745         0.00000
    -41.595         0.00000
    -41.445         0.00000
    -41.295         0.00000
    -41.145         0.00000
    -40.995         0.00000
    -40.845         0.00000
    -40.695         0.00000
    -40.545         0.00000
    -40.395         0.00000
    -40.245         0.00000
    -40.095         0.00000
    -39.945         0.00000
    -39.795         0.00000
    -39.645         0.00000
    -39.495         0.00000
    -39.345         0.00000
    -39.195         0.00000
    -39.045         0.00000
    -38.895         0.00000
    -38.745         0.00000
    -38.595         0.00000
    -38.445         0.00000
    -38.295         0.00000
    -38.145         0.00000
    -37.995         0.00000
    -37.845         0.00000
    -37.695         0.00000
    -37.545         0.00000
    -37.395         0.00000
    -37.245         0.00000
    -37.095         0.00000
    -36.945         0.00000
    -36.795         0.00000
    -36.645         0.00000
    -36.495         0.00000
    -36.345         0.00000
    -36.195         0.00000
    -36.045         0.00000
    -35.895         0.00000
    -35.745         0.00000
    -35.595         0.00000
    -35.445         0.00000
    -35.295         0.00000
    -35.145         0.00000
    -34.995         0.00000
    -34.845         0.00000
    -34.695         0.00000
    -34.545         0.00000
    -34.395         0.00000
    -34.245         0.00000
    -34.095         0.00000
    -33.945         0.00000
    -33.795         0.00000
    -33.645         0.00000
    -33.495         0.00000
    -33.345         0.00000
    -33.195         0.00000
    -33.045         0.00000
    -32.895         0.00000
    -32.745         0.00000
    -32.595         0.00000
    -32.445         0.00000
    -32.295         0.00000
    -32.145         0.00000
    -31.995         0.00000
    -31.845         0.00000
    -31.695         0.00000
    -31.545         0.00000
    -31.395         0.00000
    -31.245         0.00000
    -31.095         0.00000
    -30.945         0.00000
    -30.795         0.00000
    -30.645         0.00000
    -30.495         0.00000
    -30.345         0.00000
    -30.195         0.00000
    -30.045         0.00000
    -29.895         0.00000
    -29.745         0.00000
    -29.595         0.00000
    -29.445         0.00000
    -29.295         0.00000
    -29.145         0.00000
    -28.995         0.00000
    -28.845         0.00000
    -28.695         0.00000
    -28.545         0.00000
    -28.395         0.00000
    -28.245         0.00000
    -28.095         0.00000
    -27.945         0.00000
    -27.795         0.00000
    -27.645         0.00000
    -27.495         0.00000
    -27.345         0.00000
    -27.195         0.00000
    -27.045         0.00000
    -26.895         0.00000
    -26.745         0.00000
    -26.595         0.00000
    -26.445         0.00000
    -26.295         0.00000
    -26.145         0.00000
    -25.995         0.00000
    -25.845         0.00000
    -25.695         0.00000
    -25.545         0.00000
    -25.395         0.00000
    -25.245         0.00000
    -25.095         0.00000
    -24.945         0.00000
    -24.795         0.00000
    -24.645         0.00000
    -24.495         0.00000
    -24.345         0.00000
    -24.195         0.00000
    -24.045         0.00000
    -23.895         0.00000
    -23.745         0.00000
    -23.595         0.00000
    -23.445         0.00000
    -23.295         0.00000
    -23.145         0.00000
    -22.995         0.00000
    -22.845         0.00000
    -22.695         0.00000
    -22.545         0.00000
    -22.395         0.00000
    -22.245         0.00000
    -22.095         0.00000
    -21.945         0.00000
    -21.795         0.00000
    -21.645         0.00000
    -21.495         0.00000
    -21.345         0.00000
    -21.195         0.00000
    -21.045         0.00000
    -20.895         0.00000
    -20.745         0.00000
    -20.595         0.00000
    -20.445         0.00000
    -20.295         0.00000
    -20.145         0.00000
    -19.995         0.00000
    -19.845         0.00000
    -19.695         0.00000
    -19.545         0.00000
    -19.395         0.00000
    -19.245         0.00000
    -19.095         0.00000
    -18.945         0.00000
    -18.795         0.00000
    -18.645         0.00000
    -18.495         0.00000
    -18.345         0.00000
    -18.195         0.00000
    -18.045         0.00000
    -17.895         0.00000
    -17.745         0.00000
    -17.595         0.00000
    -17.445         0.00000
    -17.295         0.00000
    -17.145         0.00000
    -16.995         0.00000
    -16.845         0.00000
    -16.695         0.00000
    -16.545         0.00000
    -16.395         0.00000
    -16.245         0.00000
    -16.095         0.00000
    -15.945         0.00000
    -15.795         0.00000
    -15.645         0.00000
    -15.495         0.00000
    -15.345         0.00000
    -15.195         0.00000
    -15.045         0.00000
    -14.895         0.00000
    -14.745         0.00000
    -14.595         0.00000
    -14.445         0.00000
    -14.295         0.00000
    -14.145         0.00000
    -13.995         0.00000
    -13.845         0.00000
    -13.695         0.00000
    -13.545        -0.00300
    -13.395        -0.02884
    -13.245        -0.06695
    -13.095        -0.12864
    -12.945        -0.22808
    -12.795        -0.36851
    -12.645        -0.54689
    -12.495        -0.74928
    -12.345        -0.97614
    -12.195        -1.23758
    -12.045        -1.53692
    -11.895        -1.80993
    -11.745        -2.08398
    -11.595        -2.36602
    -11.445        -2.64125
    -11.295        -2.95174
    -11.145        -3.23064
    -10.995        -3.49832
    -10.845        -3.76467
    -10.695        -3.99646
    -10.545        -4.20829
    -10.395        -4.40986
    -10.245        -4.63781
    -10.095        -4.85465
    -9.9450        -5.05321
    -9.7950        -5.23895
    -9.6450        -5.43694
    -9.4950        -5.61480
    -9.3450        -5.82899
    -9.1950        -6.01459
    -9.0450        -6.24253
    -8.8950        -6.49542
    -8.7450        -6.78460
    -8.5950        -7.08876
    -8.4450        -7.41783
    -8.2950        -7.80348
    -8.1450        -8.17654
    -7.9950        -8.57566
    -7.8450        -8.98397
    -7.6950        -9.43693
    -7.5450        -9.88273
    -7.3950       -10.36880
    -7.2450       -10.85502
    -7.0950       -11.32902
    -6.9450       -11.88108
    -6.7950       -12.39742
    -6.6450       -12.95831
    -6.4950       -13.52189
    -6.3450       -14.09765
    -6.1950       -14.72940
    -6.0450       -15.34701
    -5.8950       -15.98062
    -5.7450       -16.61825
    -5.5950       -17.27518
    -5.4450       -17.93140
    -5.2950       -18.57835
    -5.1450       -19.23318
    -4.9950       -19.91473
    -4.8450       -20.61979
    -4.6950       -21.32205
    -4.5450       -22.00775
    -4.3950       -22.70594
    -4.2450       -23.43058
    -4.0950       -24.16039
    -3.9450       -24.90530
    -3.7950       -25.68251
    -3.6450       -26.49394
    -3.4950       -27.33933
    -3.3450       -28.20638
    -3.1950       -29.10559
    -3.0450       -30.02884
    -2.8950       -31.00388
    -2.7450       -32.03803
    -2.5950       -33.13960
    -2.4450       -34.29800
    -2.2950       -35.55187
    -2.1450       -36.93438
    -1.9950       -38.48550
    -1.8450       -40.29196
    -1.6950       -42.38182
    -1.5450       -44.87362
    -1.3950       -47.79187
    -1.2450       -51.06617
    -1.0950       -54.71509
   -0.94500       -58.62831
   -0.79500       -62.79466
   -0.64500       -67.19726
   -0.49500       -72.11615
   -0.34500       -78.16382
   -0.22700       -80.60992
   -0.21300       -80.91722
   -0.20700       -81.23737
   -0.20100       -81.56404
   -0.19500       -81.89275
   -0.18900       -82.22935
   -0.18300       -82.57274
   -0.17700       -82.92426
   -0.17100       -83.28621
   -0.16500       -83.65331
   -0.15900       -84.02642
   -0.15300       -84.41247
   -0.14700       -84.80416
   -0.14100       -85.20918
   -0.13500       -85.62794
   -0.12900       -86.05869
   -0.12300       -86.50441
   -0.11700       -86.96788
   -0.11100       -87.44366
   -0.10500       -87.93937
   -0.99000E-01   -88.45526
   -0.93000E-01   -88.99658
   -0.87000E-01   -89.56428
   -0.81000E-01   -90.16125
   -0.75000E-01   -90.79679
   -0.69000E-01   -91.47206
   -0.63000E-01   -92.19668
   -0.57000E-01   -92.98194
   -0.51000E-01   -93.84049
   -0.45000E-01   -94.79750
   -0.39000E-01   -95.88501
   -0.33000E-01   -97.15573
   -0.27000E-01   -98.70066
   -0.21300E-01   -99.98737
   -0.19500E-01  -100.19834
   -0.18900E-01  -100.41591
   -0.18300E-01  -100.63966
   -0.17700E-01  -100.87181
   -0.17100E-01  -101.11249
   -0.16500E-01  -101.36215
   -0.15900E-01  -101.62224
   -0.15300E-01  -101.89338
   -0.14700E-01  -102.17642
   -0.14100E-01  -102.47296
   -0.13500E-01  -102.78423
   -0.12900E-01  -103.11242
   -0.12300E-01  -103.46040
   -0.11700E-01  -103.82888
   -0.11100E-01  -104.22044
   -0.10500E-01  -104.63592
   -0.99000E-02  -105.07725
   -0.93000E-02  -105.54918
   -0.87000E-02  -106.05490
   -0.81000E-02  -106.59725
   -0.75000E-02  -107.17900
   -0.69000E-02  -107.80261
   -0.63000E-02  -108.47245
   -0.57000E-02  -109.19268
   -0.51000E-02  -109.96907
   -0.45000E-02  -110.80779
   -0.39000E-02  -111.71403
   -0.33000E-02  -112.68772
   -0.27000E-02  -113.71168
   -0.21000E-02  -114.72971
   -0.15000E-02  -115.61590
   -0.90000E-03  -116.22513
   -0.30000E-03  -116.46288
    0.30000E-03  -116.29036
    0.90000E-03  -115.72487
    0.15000E-02  -114.85541
    0.21000E-02  -113.83846
    0.27000E-02  -112.81532
    0.33000E-02  -111.84327
    0.39000E-02  -110.93955
    0.45000E-02  -110.10316
    0.51000E-02  -109.32764
    0.57000E-02  -108.60845
    0.63000E-02  -107.93961
    0.69000E-02  -107.31687
    0.75000E-02  -106.73604
    0.81000E-02  -106.19430
    0.87000E-02  -105.68980
    0.93000E-02  -105.21869
    0.99000E-02  -104.77704
    0.10500E-01  -104.36255
    0.11100E-01  -103.97312
    0.11700E-01  -103.60591
    0.12300E-01  -103.25908
    0.12900E-01  -102.93128
    0.13500E-01  -102.62122
    0.14100E-01  -102.32567
    0.14700E-01  -102.04388
    0.15300E-01  -101.77425
    0.15900E-01  -101.51497
    0.16500E-01  -101.26576
    0.17100E-01  -101.02710
    0.17700E-01  -100.79673
    0.18300E-01  -100.57375
    0.18900E-01  -100.35708
    0.19500E-01  -100.14724
    0.21300E-01   -98.87061
    0.27000E-01   -97.34713
    0.33000E-01   -96.09934
    0.39000E-01   -95.03955
    0.45000E-01   -94.11827
    0.51000E-01   -93.29823
    0.57000E-01   -92.56074
    0.63000E-01   -91.88900
    0.69000E-01   -91.27369
    0.75000E-01   -90.70493
    0.81000E-01   -90.17440
    0.87000E-01   -89.67699
    0.93000E-01   -89.20996
    0.99000E-01   -88.76784
    0.10500       -88.35111
    0.11100       -87.95586
    0.11700       -87.57703
    0.12300       -87.21597
    0.12900       -86.86570
    0.13500       -86.53549
    0.14100       -86.21602
    0.14700       -85.90996
    0.15300       -85.61387
    0.15900       -85.32907
    0.16500       -85.05087
    0.17100       -84.78624
    0.17700       -84.52619
    0.18300       -84.27738
    0.18900       -84.03599
    0.19500       -83.80183
    0.20100       -83.57532
    0.20700       -83.35665
    0.21300       -83.14216
    0.22700       -81.56149
    0.34500       -78.23676
    0.49500       -76.11545
    0.64500       -74.54499
    0.79500       -73.28214
    0.94500       -72.21369
     1.0950       -71.27749
     1.2450       -70.42805
     1.3950       -69.66403
     1.5450       -68.95929
     1.6950       -68.30412
     1.8450       -67.70123
     1.9950       -67.14449
     2.1450       -66.62866
     2.2950       -66.16230
     2.4450       -65.74415
     2.5950       -65.37368
     2.7450       -65.02033
     2.8950       -64.70157
     3.0450       -64.40044
     3.1950       -64.13585
     3.3450       -63.88470
     3.4950       -63.64956
     3.6450       -63.43696
     3.7950       -63.22397
     3.9450       -63.05708
     4.0950       -62.89226
     4.2450       -62.73251
     4.3950       -62.57018
     4.5450       -62.42457
     4.6950       -62.28945
     4.8450       -62.16394
     4.9950       -62.03451
     5.1450       -61.92257
     5.2950       -61.81237
     5.4450       -61.70348
     5.5950       -61.60204
     5.7450       -61.50391
     5.8950       -61.40849
     6.0450       -61.31134
     6.1950       -61.21834
     6.3450       -61.12928
     6.4950       -61.04348
     6.6450       -60.96016
     6.7950       -60.87783
     6.9450       -60.79666
     7.0950       -60.71669
     7.2450       -60.63702
     7.3950       -60.55868
     7.5450       -60.48310
     7.6950       -60.40917
     7.8450       -60.33629
     7.9950       -60.26587
     8.1450       -60.19615
     8.2950       -60.12849
     8.4450       -60.06071
     8.5950       -59.99682
     8.7450       -59.93197
     8.8950       -59.87064
     9.0450       -59.80829
     9.1950       -59.74863
     9.3450       -59.68895
     9.4950       -59.63089
     9.6450       -59.57252
     9.7950       -59.51267
     9.9450       -59.45585
     10.095       -59.39997
     10.245       -59.34281
     10.395       -59.28866
     10.545       -59.23571
     10.695       -59.18397
     10.845       -59.13122
     10.995       -59.08052
     11.145       -59.02811
     11.295       -58.97888
     11.445       -58.93089
     11.595       -58.88250
     11.745       -58.83494
     11.895       -58.78902
     12.045       -58.74471
     12.195       -58.69737
     12.345       -58.65155
     12.495       -58.60626
     12.645       -58.56099
     12.795       -58.51580
     12.945       -58.47194
     13.095       -58.42871
     13.245       -58.38646
     13.395       -58.34463
     13.545       -58.30404
     13.695       -58.26331
     13.845       -58.22313
     13.995       -58.18280
     14.145       -58.14299
     14.295       -58.10315
     14.445       -58.06497
     14.595       -58.02536
     14.745       -57.98841
     14.895       -57.94885
     15.045       -57.91090
     15.195       -57.87304
     15.345       -57.83414
     15.495       -57.79690
     15.645       -57.76049
     15.795       -57.72403
     15.945       -57.68890
     16.095       -57.65438
     16.245       -57.61894
     16.395       -57.58419
     16.545       -57.54986
     16.695       -57.51629
     16.845       -57.48294
     16.995       -57.44976
     17.145       -57.41761
     17.295       -57.38465
     17.445       -57.35280
     17.595       -57.31982
     17.745       -57.28758
     17.895       -57.25607
     18.045       -57.22553
     18.195       -57.19523
     18.345       -57.16420
     18.495       -57.13384
     18.645       -57.10353
     18.795       -57.07364
     18.945       -57.04466
     19.095       -57.01493
     19.245       -56.98617
     19.395       -56.95749
     19.545       -56.92882
     19.695       -56.90051
     19.845       -56.87295
     19.995       -56.84326
     20.145       -56.81544
     20.295       -56.78869
     20.445       -56.76114
     20.595       -56.73411
     20.745       -56.70706
     20.895       -56.68129
     21.045       -56.65415
     21.195       -56.62845
     21.345       -56.60202
     21.495       -56.57666
     21.645       -56.55050
     21.795       -56.52543
     21.945       -56.50062
     22.095       -56.47485
     22.245       -56.44948
     22.395       -56.42394
     22.545       -56.39930
     22.695       -56.37426
     22.845       -56.34985
     22.995       -56.32464
     23.145       -56.29873
     23.295       -56.27450
     23.445       -56.25079
     23.595       -56.22695
     23.745       -56.20348
     23.895       -56.17978
     24.045       -56.15714
     24.195       -56.13492
     24.345       -56.11118
     24.495       -56.08800
     24.645       -56.06542
     24.795       -56.04299
     24.945       -56.02012
     25.095       -55.99863
     25.245       -55.97604
     25.395       -55.95397
     25.545       -55.93221
     25.695       -55.90999
     25.845       -55.88965
     25.995       -55.86776
     26.145       -55.84597
     26.295       -55.82496
     26.445       -55.80321
     26.595       -55.78271
     26.745       -55.76154
     26.895       -55.74002
     27.045       -55.71890
     27.195       -55.69893
     27.345       -55.67897
     27.495       -55.65869
     27.645       -55.63760
     27.795       -55.61753
     27.945       -55.59822
     28.095       -55.57810
     28.245       -55.55764
     28.395       -55.53821
     28.545       -55.51802
     28.695       -55.49837
     28.845       -55.47810
     28.995       -55.45850
     29.145       -55.43957
     29.295       -55.42001
     29.445       -55.40129
     29.595       -55.38215
     29.745       -55.36350
     29.895       -55.34398
     30.045       -55.32554
     30.195       -55.30702
     30.345       -55.28801
     30.495       -55.26964
     30.645       -55.25132
     30.795       -55.23309
     30.945       -55.21514
     31.095       -55.19605
     31.245       -55.17763
     31.395       -55.16029
     31.545       -55.14244
     31.695       -55.12471
     31.845       -55.10719
     31.995       -55.08960
     32.145       -55.07221
     32.295       -55.05427
     32.445       -55.03659
     32.595       -55.01996
     32.745       -55.00300
     32.895       -54.98559
     33.045       -54.96806
     33.195       -54.95124
     33.345       -54.93468
     33.495       -54.91732
     33.645       -54.90119
     33.795       -54.88418
     33.945       -54.86765
     34.095       -54.85171
     34.245       -54.83627
     34.395       -54.82003
     34.545       -54.80445
     34.695       -54.78868
     34.845       -54.77267
     34.995       -54.75708
     35.145       -54.74147
     35.295       -54.72581
     35.445       -54.71046
     35.595       -54.69479
     35.745       -54.67905
     35.895       -54.66325
     36.045       -54.64745
     36.195       -54.63197
     36.345       -54.61705
     36.495       -54.60200
     36.645       -54.58723
     36.795       -54.57187
     36.945       -54.55651
     37.095       -54.54192
     37.245       -54.52677
     37.395       -54.51180
     37.545       -54.49688
     37.695       -54.48186
     37.845       -54.46679
     37.995       -54.45239
     38.145       -54.43809
     38.295       -54.42362
     38.445       -54.40881
     38.595       -54.39443
     38.745       -54.37990
     38.895       -54.36549
     39.045       -54.35154
     39.195       -54.33727
     39.345       -54.32294
     39.495       -54.30865
     39.645       -54.29430
     39.795       -54.28042
     39.945       -54.26690
     40.095       -54.25328
     40.245       -54.23992
     40.395       -54.22614
     40.545       -54.21265
     40.695       -54.19895
     40.845       -54.18509
     40.995       -54.17133
     41.145       -54.15833
     41.295       -54.14468
     41.445       -54.13157
     41.595       -54.11762
     41.745       -54.10420
     41.895       -54.09111
     42.045       -54.07790
     42.195       -54.06530
     42.345       -54.05272
     42.495       -54.03954
     42.645       -54.02660
     42.795       -54.01293
     42.945       -54.00019
     43.095       -53.98786
     43.245       -53.97510
     43.395       -53.96245
     43.545       -53.94984
     43.695       -53.93714
     43.845       -53.92419
     43.995       -53.91235
     44.145       -53.89970
     44.295       -53.88702
     44.445       -53.87455
     44.595       -53.86226
     44.745       -53.84987
     44.895       -53.83807
     45.045       -53.82579
     45.195       -53.81399
     45.345       -53.80247
     45.495       -53.79021
     45.645       -53.77843
     45.795       -53.76662
     45.945       -53.75464
     46.095       -53.74316
     46.245       -53.73224
     46.395       -53.72029
     46.545       -53.70828
     46.695       -53.69623
     46.845       -53.68437
     46.995       -53.67297
     47.145       -53.66112
     47.295       -53.64931
     47.445       -53.63803
     47.595       -53.62636
     47.745       -53.61472
     47.895       -53.60297
     48.045       -53.59112
     48.195       -53.57979
     48.345       -53.56854
     48.495       -53.55755
     48.645       -53.54670
     48.795       -53.53537
     48.945       -53.52372
     49.095       -53.51232
     49.245       -53.50106
     49.395       -53.48973
     49.545       -53.47876
     49.695       -53.46736
     49.845       -53.45661
     49.995       -53.44604
     50.145       -53.43504
     50.295       -53.42319
     50.445       -53.41226
     50.595       -53.40133
     50.745       -53.39046
     50.895       -53.37921
     51.045       -53.36875
     51.195       -53.35816
     51.345       -53.34785
     51.495       -53.33669
     51.645       -53.32624
     51.795       -53.31605
     51.945       -53.30536
     52.095       -53.29496
     52.245       -53.28414
     52.395       -53.27357
     52.545       -53.26286
     52.695       -53.25302
     52.845       -53.24242
     52.995       -53.23247
     53.145       -53.22199
     53.295       -53.21167
     53.445       -53.20119
     53.595       -53.19107
     53.745       -53.18120
     53.895       -53.17110
     54.045       -53.16125
     54.195       -53.15066
     54.345       -53.14068
     54.495       -53.13082
     54.645       -53.12054
     54.795       -53.11118
     54.945       -53.10099
     55.095       -53.09150
     59.433       -52.30752
     80.646       -51.16055
     111.21       -50.03469
     153.36       -48.92730
     211.49       -47.85008
     291.64       -46.79528
     402.18       -45.76585
     554.60       -44.76663
     764.80       -43.79216
     1054.7       -42.84098
     1454.4       -41.91650
     2005.6       -41.01857
     2765.8       -40.14845
     3814.0       -39.29757
     5259.5       -38.47201
     7252.9       -37.66978
     10002.       -36.88436
     13793.       -36.12324
     19020.       -35.38299
     26229.       -34.66797
     36170.       -33.97629
     49878.       -33.31059
     68782.       -32.67332
     94851.       -32.06487
    0.13080E+06   -31.48174
    0.18038E+06   -30.92252
    0.24874E+06   -30.38913
    0.34301E+06   -29.87891
    0.47302E+06   -29.39310
    0.65229E+06   -28.93053
    0.89952E+06   -28.48924
    0.12404E+07   -28.06887
    0.17106E+07   -27.66592
    0.23589E+07   -27.28277
    0.32529E+07   -26.91871
    0.44858E+07   -26.57136
    0.61860E+07   -26.24200
    0.85305E+07   -25.92749
    0.11764E+08   -25.62655
    0.16222E+08   -25.34009
    0.22370E+08   -25.06873
    0.30849E+08   -24.80744
    0.42541E+08   -24.56068
    0.58664E+08   -24.33290
    0.80898E+08   -24.11932
    0.11156E+09   -23.92176
    0.15384E+09   -23.73694
    0.21215E+09   -23.56366
    0.29255E+09   -23.40006
    0.40343E+09   -23.24684
    0.55633E+09   -23.10447
    0.76719E+09   -22.97628
    0.10580E+10   -22.85806
    0.14589E+10   -22.74900
    0.20119E+10   -22.64898
    0.27744E+10   -22.55732
    0.38259E+10   -22.47234
    0.52760E+10   -22.39384
    0.72756E+10   -22.32222
    0.10033E+11   -22.25426
    0.13836E+11   -22.19249
    0.19079E+11   -22.13577
    0.26311E+11   -22.08367
    0.36283E+11   -22.03532
    0.50034E+11   -21.99054
    0.68997E+11   -21.94952
    0.10000E+12   -21.45470
